0.9998623853148108
0.9998621258813342
0.9998608379583218
0.9998586170482264
0.9998555619064851
0.9998517679998077
0.9998473311795112
0.9998423391440827
0.9998368702415411
0.9998309939901531
0.9998247643688125
0.9998182150632376
0.9998113685812787
0.9998042052672239
0.9997967003233156
0.999788805221861
0.9997804437951736
0.9997715369768961
0.9997619818104364
0.9997516710583019
0.9997405025076466
0.9997283713440834
0.99971517667732
0.999700854084978
0.9996853535522742
0.9996686443950545
0.9996507352123374
0.9996316594259774
0.9996114990679311
0.9995903516700676
0.9995683714282301
0.9995457308760427
0.9995226935820414
0.9994994640396242
0.9994763529443029
0.9994536553189833
0.9994317074465296
0.999410829531895
0.9993913590071465
0.9993735907522981
0.9993578194753001
0.9993442487216273
0.99933304184725
0.999324285823803
0.9993180047739496
0.9993141349377376
0.9993125432739661
0.9993130472033408
0.9993153839201834
0.9993192710254108
0.9993244391217186
0.9993305457956138
0.9993373193321997
0.9993444841959995
0.9993517580015654
0.9993588831867309
0.9993656985433378
0.9993720657720689
0.999377870941823
0.9993830800388305
0.9993877053111098
0.9993918098027256
0.9993954542713731
0.9993988389229888
0.999402081619116
0.9994054790294492
0.9994092178945001
0.9994135652432202
0.9994187371899179
0.9994249777918968
0.9994324882659069
0.9994414184718973
0.9994519679598222
0.9994641658849859
0.9994780176787326
0.9994935071700493
0.9995105341191536
0.9995289261713468
0.9995484565825609
0.9995689514398507
0.9995901019292734
0.9996116506928393
0.9996333216839821
0.9996548338102805
0.9996760035476739
0.9996965186526535
0.9997162716823507
0.9997350873446649
0.9997527724730156
0.9997692258024763
0.9997843288583069
0.9997980607808578
0.9998103466416879
0.9998211775349537
0.9998305474296665
0.9998384822528086
0.9998449625395811
0.9998500524044319
0.9998538219330283
0.999856269596609
0.9998576233328875
0.9998577930642693
0.9998569118084794
0.9998550561133386
0.9998523174761095
0.9998487205679969
0.999844390657124
0.9998393589099309
0.9998337344606756
0.9998275379103513
0.9998208377686723
0.9998136358016173
0.9998060292065731
0.9997979387521861
0.9997894220755903
0.9997803625284423
0.9997708123025283
0.9997606098938995
0.999749798085256
0.9997382803465965
0.9997260046501408
0.9997128619346717
0.9996988287321265
0.9996838669173281
0.9996679551931204
0.9996510612933264
0.9996332172594851
0.9996145310895287
0.9995950153877324
0.9995747893365509
0.999553975568632
0.9995327554814186
0.9995113584041088
0.9994898020473455
0.999468482412998
0.999447615640509
0.9994274509380082
0.999408178034093
0.9993901281197308
0.9993735078658088
0.9993585554866453
0.9993453213446064
0.9993339782608763
0.9993245856080363
0.9993171538806338
0.999311637757638
0.9993080073066637
0.9993061265540826
0.9993058149896497
0.9993069103133488
0.9993091322118984
0.9993124277231024
0.9993164705939259
0.999321188568693
0.9993261444002686
0.9993314305644159
0.9993368063348944
0.9993422399609331
0.9993476233360674
0.9993529935399854
0.9993582517739452
0.9993634385596771
0.9993686429885292
0.9993739840523439
0.999379548395468
0.99938550814641
0.9993920292602927
0.9993991754561536
0.999407096652466
0.999415910700088
0.999425731688699
0.9994367089456787
0.9994488359894704
0.9994621284191691
0.9994766286131472
0.9994922484645363
0.9995088480960557
0.9995263848792064
0.9995447257358828
0.999563646098201
0.9995829505280861
0.9996025161235678
0.9996221360468388
0.9996416029173694
0.9996608566068276
0.9996795403793716
0.9996975086215172
0.9997148375005438
0.999731306658087
0.9997467293151309
0.9997610655758354
0.9997743056943387
0.9997864281801702
0.9997973223616868
0.9998070095432902
0.9998155082045408
0.9998227565014592
0.9998287991031074
0.9998335921467728
0.9998371564699043
0.9998396135240016
0.9998408747636625
0.9998410427816103
0.9998401485899961
0.9998383507107433
0.9998354460764348
0.9998316790338108
0.9998269567707434
0.9998213471334723
0.9998149307670485
0.9998077765159195
0.9997998719111201
0.9997912297558973
0.999781862913674
0.9997717748426753
0.9997610270139644
0.9997495729207293
0.999737515999633
0.9997247734709948
0.9997114110906029
0.9996973341208253
0.9996826643971609
0.9996673402620572
0.9996513379580934
0.9996346509043131
0.9996174708251526
0.999599717817847
0.9995815411646918
0.9995629030412607
0.999543881384581
0.999524710902527
0.9995054472306855
0.9994862467728481
0.9994671323137472
0.9994483993378486
0.9994300589185233
0.999412379960471
0.9993955111257036
0.9993794905048623
0.999364530014215
0.9993507053935007
0.9993381549649285
0.9993269304706306
0.9993168985047369
0.9993083791118719
0.9993011555740943
0.9992953794820661
0.9992908764267484
0.9992875472725464
0.99928549676938
0.9992845394255481
0.999284484881104
0.9992853725156008
0.9992871073035738
0.999289548488624
0.999292671953981
0.9992963562580219
0.9993006476067829
0.9993053550063742
0.9993107082345101
0.9993163807991499
0.9993225743559001
0.9993293340158587
0.9993366367687688
0.9993444713040288
0.9993530337200338
0.9993621578608296
0.999371968722232
0.9993826188625413
0.999393950417143
0.999406037756178
0.9994189980295382
0.999432675063109
0.9994470946224137
0.9994622212444171
0.999478036529809
0.9994944453281942
0.9995113859887003
0.9995286314610353
0.9995461853996228
0.9995640131254013
0.9995818369048859
0.9995997278845394
0.9996174484814914
0.9996348755624532
0.9996518716607966
0.9996684594752686
0.9996843846744674
0.9996997328898628
0.9997142209132909
0.9997278957648167
0.9997407006650453
0.9997525580759227
0.999763478957684
0.9997733672839886
0.9997822030658619
0.9997899572445366
0.9997966317913363
0.9998020847221737
0.999806490560962
0.999809774946709
0.9998118806607643
0.9998128952051399
0.9998128116004117
0.9998115378588676
0.9998092065183876
0.9998058114834124
0.9998013666410419
0.9997958624156607
0.9997892958083663
0.9997817810319495
0.9997732837967866
0.9997638897324707
0.9997536273788082
0.9997424524648566
0.9997304903995212
0.9997178489011889
0.9997044782659836
0.9996904744731634
0.9996757950181357
0.9996604885440152
0.9996446639508468
0.999628341401568
0.9996115435078284
0.9995943637789512
0.9995769064675111
0.9995591347230216
0.9995411616714466
0.9995230138466343
0.9995049514582476
0.9994867862461749
0.9994687136516905
0.9994508813254049
0.999433389654079
0.9994162781713608
0.999399740656607
0.9993835782042753
0.9993680754332614
0.9993532945704493
0.9993394178033688
0.999326366863445
0.999314267841713
0.9993030678074516
0.9992928921019392
0.999283751010553
0.9992756537973275
0.9992685226832806
0.9992625333207852
0.9992575589493335
0.9992536012196764
0.9992506743417677
0.999248701545839
0.9992477738372891
0.9992477778007381
0.9992487416340992
0.9992505083119027
0.9992531195414411
0.9992566209291266
0.9992610472606837
0.9992662273306516
0.9992721189715278
0.9992789263083353
0.999286472570321
0.9992948193757811
0.9993039104360697
0.9993137285304646
0.9993243036227847
0.999335545288045
0.9993475406370844
0.9993602218606292
0.9993734259481757
0.9993873478878195
0.9994018876360269
0.9994168625573535
0.9994323405046404
0.9994483508792763
0.9994646516558691
0.9994810984103627
0.9994978882001361
0.9995147485113431
0.9995318228069277
0.9995488409607699
0.9995657109335445
0.999582304904177
0.9995988039018096
0.9996149108884335
0.9996305911201534
0.9996458125944158
0.999660432881275
0.9996744474068523
0.9996877996624993
0.9997002739856111
0.9997118718622049
0.9997226667245106
0.9997325594224712
0.9997414544753657
0.9997493869339876
0.9997563405246884
0.999762098064262
0.9997667641342002
0.9997702054430436
0.9997726057403156
0.9997738264261109
0.9997739606388784
0.9997728377128868
0.999770457101413
0.9997670861272888
0.9997625963814556
0.9997570237127439
0.9997502912725649
0.9997425793522756
0.9997337468252357
0.9997239909486307
0.9997132384848059
0.9997015144106517
0.9996890101229013
0.9996757094786791
0.9996617456141672
0.9996470823426452
0.9996317059042371
0.9996157649800796
0.9995994220188583
0.9995825682382865
0.999565483906159
0.9995479683097114
0.9995302137343756
0.9995123182877449
0.9994943647255075
0.9994764168717628
0.9994585363501616
0.9994407401059496
0.9994231873555658
0.9994059274108993
0.9993889181623122
0.9993723818199965
0.9993563182124255
0.9993408310435793
0.999325982172094
0.9993117044022183
0.9992980720153071
0.9992852675401567
0.9992732162304503
0.9992620227952732
0.9992517201529301
0.9992423629368844
0.9992338109444054
0.999226204558535
0.9992196891251602
0.9992140484747588
0.9992094730266614
0.9992058926271562
0.9992032519157472
0.9992015528906458
0.9992009797694708
0.9992013910830233
0.9992027214238902
0.9992049578109771
0.9992081702150921
0.9992124155545982
0.9992175043872452
0.9992234799417657
0.9992303636615546
0.9992381370380202
0.9992466267518397
0.999255933364096
0.9992660933385202
0.9992770029320962
0.9992886581525835
0.9993010255446394
0.999314112030887
0.999327746848249
0.9993418314599793
0.9993563496239981
0.9993714569673575
0.9993869587405874
0.9994028220540377
0.9994189728129595
0.9994353360737732
0.9994519222133857
0.9994685920461843
0.9994852432907086
0.9995019806899782
0.9995184628865132
0.99953478496507
0.9995510181493656
0.9995666910091489
0.9995819638622969
0.9995968645548996
0.9996113187918236
0.9996250090504002
0.9996381281511606
0.9996504185694043
0.9996619249182861
0.9996725874364746
0.9996824025895729
0.9996913177767285
0.9996991966518448
0.9997058729197146
0.9997115294234592
0.9997162091944991
