0.9999996267885268
0.9999991321099341
0.9999983559374858
0.9999982833944322
0.9999989728450541
0.9999996180355645
0.9999993015058928
0.9999984825442474
0.9999982631133797
0.9999988665723251
0.9999995802953663
0.9999993962344657
0.9999985656589788
0.9999982184671493
0.9999987185224106
0.9999994885206623
0.9999994921190585
0.9999986908048982
0.9999981646570016
0.9999984775040897
0.9999992785644606
0.9999995879547076
0.9999989450695025
0.9999982149327472
0.999998231969708
0.9999989484952287
0.999999578381286
0.9999992763846137
0.9999984470608841
0.9999981341222152
0.9999986410093733
0.9999994345058197
0.9999995088965001
0.9999987410914384
0.9999981838360816
0.9999984670396251
0.9999992755991044
0.9999996004073339
0.9999989521557954
0.9999982661393597
0.9999983888672457
0.9999991622502253
0.9999996217098114
0.9999990765592227
0.999998318698854
0.9999983111986435
0.9999990298471761
0.9999996018021948
0.9999991912357623
0.99999836980624
0.9999981809137958
0.9999987866856446
0.9999994980652194
0.9999993500499775
0.9999985167268552
0.9999980745931369
0.9999984648621504
0.9999992712714919
0.9999995113293596
0.9999988275694925
0.9999981363462799
0.9999982184380466
0.9999989665474589
0.9999995410094418
0.999999152087849
0.9999983333418757
0.9999981178054504
0.9999987056023872
0.9999994472669386
0.999999340820249
0.9999985212427781
0.9999981093529199
0.9999985534802082
0.9999993477029104
0.999999430419162
0.9999986549202698
0.9999981188503294
0.9999984426421714
0.999999243492589
0.9999994737289597
0.9999987609327508
0.9999981041816886
0.9999982683935774
0.9999990369625632
0.9999994642516074
0.9999989067378615
0.9999981217734666
0.999998044406265
0.9999987130694675
0.9999993776162324
0.9999991391305018
0.9999983042172058
0.9999979286832621
0.9999983785099459
0.9999991826929855
0.9999993416744669
0.9999986104768653
0.9999979723739176
0.9999981419998935
0.9999989173081328
0.9999993792959005
0.9999988494994383
0.9999980713967783
0.9999980068923919
0.9999986955220062
0.9999993241721334
0.9999989900284838
0.9999981664523464
0.9999979437492721
0.9999985425918202
0.9999992574663081
0.9999990847220814
0.9999982492229735
0.9999978742543462
0.99999834548608
0.9999991145944265
0.9999991416025994
0.9999983421721134
0.9999977849346879
0.9999980629980082
0.9999988493389802
0.9999991727929626
0.9999985374861825
0.9999977956225887
0.999997798958941
0.9999985085636905
0.9999991307311465
0.9999988126214354
0.9999979765807204
0.999997675357798
0.9999981923177262
0.9999989675886883
0.9999989881763086
0.9999981917486339
0.999997647450558
0.9999979459349134
0.9999987392662912
0.9999990214138719
0.9999983390051818
0.9999976550759964
0.9999977820287604
0.9999985543531987
0.9999990057263173
0.9999984559304129
0.9999976849032581
0.9999976545846437
0.9999983517783851
0.9999989407640256
0.9999985567004157
0.9999977150529292
0.9999974782247562
0.999998047291917
0.9999987677368769
0.9999986468138645
0.9999978099322919
0.9999973356506704
0.9999976996065795
0.9999984976267788
0.999998734921736
0.99999803837029
0.9999973430176249
0.9999974334258285
0.9999981809933407
0.999998719172752
0.9999982806132625
0.9999974620341803
0.999997268780658
0.9999978717541371
0.9999985801568917
0.9999984140005663
0.9999975793821024
0.9999971873837086
0.9999976419893797
0.9999984206387555
0.9999984710007476
0.999997688645766
0.9999971359348666
0.9999974365261037
0.9999982286679253
0.9999984789792995
0.9999977813856238
0.9999970824119039
0.9999971966191771
0.9999979489004512
0.9999984106107624
0.9999978797198418
0.9999970724454633
0.9999969553416114
0.9999976097305234
0.9999982876566289
0.9999980645553423
0.9999972205865804
0.9999968334450562
0.9999972781862222
0.9999980660415977
0.9999981813876453
0.9999974231263254
0.9999967867844912
0.9999969780571175
0.9999977506703972
0.9999981460675154
0.9999975644160574
0.9999967897784852
0.9999967502962616
0.9999974427296998
0.9999980454047064
0.9999976738266246
0.99999683721221
0.9999966116770986
0.9999972063381966
0.9999979108604092
0.9999977494834723
0.9999969066365322
0.9999965006842387
0.9999969327340968
0.9999977110002469
0.9999977996392633
0.9999970085796585
0.9999964027849246
0.9999966338401519
0.9999974176000644
0.999997769436766
0.9999971629920753
0.9999964056428242
0.999996388126723
0.9999970907843292
0.9999977009315107
0.9999973591242028
0.9999965302424418
0.9999962488038953
0.9999967817705058
0.9999975215859832
0.9999974892505235
0.9999966653603597
0.9999961501080884
0.9999964733786445
0.9999972589670948
0.9999974875754651
0.9999967780416459
0.9999960934217276
0.999996236721237
0.9999969884721456
0.9999974358930089
0.9999968805680881
0.9999960974040882
0.9999960254816872
0.9999967087923163
0.9999973172785026
0.9999969703086976
0.9999961134181319
0.9999958343945953
0.99999636490934
0.9999970977029675
0.9999970180286628
0.9999962030779656
0.9999957085158724
0.9999960473848388
0.9999968307754987
0.99999707449523
0.9999963616601151
0.9999956638620977
0.9999957564828879
0.9999965048100624
0.9999970176430549
0.9999965314537991
0.9999957132522548
0.9999955507996571
0.9999961816920894
0.9999968657634282
0.9999966489576269
0.9999957947123135
0.9999954077954296
0.9999958732442257
0.9999966301773386
0.9999966638424453
0.9999958660587692
0.9999953205714064
0.9999956076182117
0.9999963903638521
0.9999966742810903
0.9999959950304499
0.999995283616654
0.9999953721714858
0.9999961083355791
0.9999966047057084
0.9999961181105911
0.9999952827242317
0.9999951178752045
0.9999957402731323
0.9999964257369287
0.9999962162927294
0.9999953644817501
0.999994960324998
0.999995406960468
0.9999961882611962
0.9999962783626034
0.9999954985750323
0.9999948991849837
0.9999951192149412
0.9999958963806777
0.9999962654297495
0.9999956354076603
0.9999948817584813
0.9999948809856151
0.9999955953960579
0.999996160083622
0.9999957478349853
0.9999949141738391
0.9999946820864464
0.9999952654416083
0.999995977740658
0.9999958228942937
0.9999949847133874
0.9999945506425855
0.99999496858861
0.9999957401508334
0.9999958465685909
0.9999950806196872
0.9999944672576928
0.9999946697409887
0.9999954447065131
0.9999958222910719
0.9999952127382554
0.9999944454588857
0.9999944111999751
0.9999951004273995
0.9999956962937092
0.9999953339923022
0.9999944796848236
0.9999942065366838
0.9999947629485381
0.999995501952553
0.9999954399863148
0.9999946201573298
0.9999941232655435
0.9999944778693927
0.9999952638020346
0.9999954658278488
0.999994767415702
0.9999941063148708
0.9999942518584902
0.9999950070124545
0.9999954451731347
0.9999948961632631
0.9999940926808241
0.9999940055679141
0.9999946632398748
0.9999952850887779
0.9999949837340124
0.9999941214718787
0.9999938335438586
0.9999943676014542
0.9999951183086941
0.9999950598797238
0.9999942329779865
0.9999937146478282
0.9999940534961727
0.999994847955203
0.9999950648750127
0.9999943672326086
0.9999936687144554
0.9999937851214108
0.999994542010683
0.9999950266547218
0.9999945109983321
0.9999937085284799
0.9999935785170732
0.9999942110897765
0.9999948533037587
0.9999946111207639
0.99999373570448
0.9999933816288954
0.9999938540535759
0.9999946220661394
0.9999946404243921
0.9999938287089895
0.9999932632840409
0.9999935492166064
0.9999943367072435
0.9999946315302676
0.9999939700456494
0.99999325070879
0.9999933061331727
0.9999940261091291
0.9999945295753748
0.999994053633612
0.9999932203601613
0.9999930455356085
0.9999936735120292
0.9999943596342208
0.9999941524112858
0.9999933134453
0.9999929086268079
0.9999933549702176
0.9999941260900704
0.9999942068084264
0.9999934072974349
0.9999928104881098
0.9999930371915293
0.9999938250067905
0.9999941531824056
0.9999935449272295
0.9999928010150436
0.9999928175411342
0.9999935312269809
0.9999940940495389
0.9999936838389871
0.9999928395028569
0.9999926187404589
0.9999932039214482
0.9999939283153574
0.9999937668744775
0.9999929140290507
0.9999924922567374
0.9999929123988435
0.9999936847881514
0.9999938164665811
0.9999930467789988
0.999992411509482
0.9999926068860258
0.9999933830451719
0.9999937792753322
0.9999931815282389
0.9999924172800161
0.9999923923129217
0.9999930706221272
0.9999936604368344
0.999993275563559
0.9999924157538393
0.9999921428740053
0.9999927083945991
0.9999934160217564
0.9999933249910687
0.999992487813087
0.9999920002087521
0.9999923629136349
0.9999931605784683
0.9999933417411557
0.9999926046574352
0.9999919666038748
0.999992117654981
0.99999287153651
0.9999933128759171
0.9999927704629035
0.999991977666278
0.9999918977549425
0.9999925439504715
0.9999931752064027
0.9999928615553856
0.9999919961863912
0.9999916978284408
0.9999921971194344
0.9999929482237326
0.9999929354112498
0.9999921096225798
0.9999916030544819
0.999991929982451
0.9999927168698541
0.9999929559820527
0.9999922508360753
0.9999915427503508
0.9999916526357658
0.9999924081322731
0.9999929009746436
0.9999924167877562
0.9999916157538277
0.9999914934455282
0.9999921438190126
0.9999928023297856
0.9999925735228353
0.9999917273531469
0.999991371296493
0.9999918666313845
0.9999925995796126
0.9999926039730773
0.9999918021141244
0.9999912367395776
0.9999915211719052
0.9999923114313498
0.9999926079779324
0.9999919292967678
0.9999911998024366
0.9999912570686691
0.9999919920852703
0.9999925043837439
0.9999920401993371
0.9999912070730297
0.9999910213543939
0.9999916307392225
0.9999923118983649
0.999992092679625
0.9999912493344887
0.9999908643791476
0.9999913099926044
0.999992090761182
0.9999921607271226
0.9999913709638288
0.9999907973144132
0.9999910314573708
0.999991790484918
