0.9999998750018855
0.999999501818674
0.9999994872763703
0.9999998718303607
0.9999995199137572
0.9999994600091306
0.9999998647038315
0.9999995504955245
0.9999994324817503
0.9999998519930245
0.999999588812133
0.9999994119638886
0.9999998355825956
0.9999996261877924
0.9999994012882102
0.9999998203953215
0.9999996540624698
0.999999398692493
0.9999998110645489
0.9999996684530292
0.9999994004631066
0.999999809099606
0.9999996702138986
0.9999994037626354
0.9999998129682834
0.9999996645599385
0.9999994065063269
0.9999998171981412
0.9999996566651871
0.9999994044283923
0.9999998156669015
0.9999996516551538
0.9999993946723001
0.9999998039256525
0.9999996552990172
0.9999993784160051
0.9999997817551061
0.9999996710211956
0.9999993624188485
0.9999997516776417
0.9999996996978506
0.9999993541464429
0.999999717883662
0.9999997342342271
0.9999993556425499
0.9999996838954542
0.9999997618735809
0.9999993593001726
0.9999996514666576
0.9999997751302159
0.9999993605578276
0.9999996281612618
0.9999997772300546
0.9999993598033553
0.9999996164993873
0.9999997711920542
0.9999993560371403
0.9999996163012793
0.9999997658224773
0.9999993536565875
0.9999996203771431
0.9999997595657646
0.9999993459401171
0.9999996137063084
0.9999997490358287
0.9999993307900903
0.9999995910548315
0.999999737980986
0.9999993126945215
0.9999995510476218
0.9999997334409125
0.9999993038720111
0.9999995075688707
0.9999997404582622
0.9999993125583646
0.9999994665598301
0.9999997512207984
0.9999993323065878
0.999999429151799
0.99999975242281
0.9999993459358395
0.9999993909265473
0.9999997410181334
0.9999993504110839
0.9999993589354585
0.9999997200360269
0.9999993412537787
0.9999993361583516
0.9999997055430749
0.9999993326561627
0.9999993304908481
0.9999996976549773
0.9999993231527491
0.999999326845522
0.9999996913347049
0.9999993118864512
0.9999993160909623
0.9999996772621406
0.9999992945572143
0.9999992816349657
0.9999996442771996
0.9999992706208235
0.9999992341093293
0.9999996125948587
0.9999992585250034
0.9999991844557218
0.9999995847239621
0.9999992710708246
0.9999991492641249
0.999999565514396
0.999999295029391
0.9999991192002637
0.9999995346967596
0.9999993083080643
0.9999990855476122
0.9999994937837431
0.9999993034935819
0.999999051014966
0.9999994535130731
0.9999992851498444
0.9999990169501953
0.9999994194109335
0.9999992648447008
0.9999989979186968
0.9999994024864602
0.9999992491407627
0.9999989829505453
0.9999993873242675
0.9999992299567967
0.9999989593748277
0.9999993605648282
0.9999992063114397
0.9999989199751648
0.9999993162858968
0.9999991736220984
0.9999988709813448
0.9999992536009662
0.999999152456757
0.9999988259249138
0.9999992020569338
0.9999991523101096
0.999998800327446
0.9999991575016414
0.9999991622201553
0.9999987802546592
0.9999991062490349
0.9999991609547029
0.9999987595685447
0.9999990565081182
0.9999991466460025
0.9999987228404845
0.9999989894634989
0.9999991117708631
0.9999986945156266
0.9999989564779973
0.9999990870533956
0.9999986664072307
0.9999989249267203
0.9999990631375326
0.9999986383977822
0.9999988988147965
0.9999990401311346
0.999998613060756
0.9999988587564251
0.9999989917572436
0.9999985592357262
0.9999987881781011
0.9999989421557433
0.9999985066299807
0.9999987180131519
0.9999989059491521
0.999998467974545
0.999998649293718
0.9999988780772741
0.9999984367200518
0.9999985793155801
0.9999988510273293
0.9999984258783435
0.9999985200083189
0.9999988253445588
0.9999984031910786
0.9999984521606589
0.9999987753684104
0.9999983602956604
0.9999983791347249
0.9999987125859797
0.9999983120425835
0.999998323902076
0.9999986723340257
0.9999982843212774
0.9999982811190827
0.9999986409763172
0.999998255765058
0.9999982484919147
0.99999860724969
0.9999982208620476
0.9999981996788452
0.9999985633456482
0.9999981850107711
0.9999981499519325
0.9999985123481084
0.9999981455578483
0.999998079698872
0.9999984608222656
0.9999981099265896
0.9999980134976059
0.9999984091164874
0.9999980906709788
0.9999979529923653
0.9999983580839674
0.9999980780394045
0.9999979033985268
0.9999983124102221
0.999998066897214
0.9999978580861512
0.9999982547303192
0.9999980265996176
0.9999977991367384
0.9999981953824126
0.9999979905766473
0.9999977376105254
0.9999981300173377
0.9999979462632673
0.999997676295755
0.9999980681698613
0.9999978928609013
0.999997611325833
0.99999800415247
0.999997855072378
0.9999975709634489
0.9999979615056214
0.9999978116649453
0.9999975175457128
0.9999979019853871
0.9999977729632626
0.9999974419826126
0.9999978145193941
0.9999977286303736
0.9999973845168288
0.9999977537216104
0.9999976962833604
0.9999973291742301
0.9999976720445816
0.9999976482409432
0.9999972649141745
0.9999975963427975
0.9999976252845473
0.9999972213068399
0.9999975214120806
0.9999975859028644
0.9999971597500911
0.9999974404937859
0.9999975284737092
0.9999970926620892
0.9999973639638046
0.9999974629243036
0.9999970272758891
0.9999972875162585
0.9999974139266086
0.9999969862413034
0.9999972250819479
0.9999973743213108
0.9999969339420485
0.9999971672767852
0.999997318451219
0.9999968807247295
0.9999970842519004
0.9999972566817269
0.9999968186898519
0.9999970099360157
0.9999972097420019
0.9999967645788052
0.9999969255603495
0.999997160261002
0.9999967140870712
0.9999968501615315
0.9999970868909357
0.9999966557398028
0.9999967637095198
0.9999970498035285
0.9999966260347629
0.9999966885496578
0.9999969915452945
0.9999965799287623
0.9999966270848604
0.9999969524005883
0.9999965309068491
0.9999965545855246
0.9999968895431748
0.9999964840325962
0.9999964757961621
0.9999968104959743
0.9999964193768821
0.9999963914115747
0.999996737468041
0.9999963629256682
0.9999963312029928
0.9999967107909814
0.9999963291807493
0.999996269843732
0.9999966526729208
0.9999962984448588
0.9999962118178246
0.9999965862319717
0.9999962455911983
0.9999961326343321
0.9999965378131866
0.999996227123798
0.9999960811978644
0.9999964820516478
0.9999961796337384
0.9999959910029388
0.9999963938607265
0.9999961283930837
0.9999959296573967
0.9999963277980006
0.9999960766535628
0.9999958524903523
0.9999962461625492
0.9999960130276896
0.9999957679976994
0.9999961711830265
0.9999959527385939
0.9999956842267347
0.9999960798220399
0.9999959049459528
0.9999956252695342
0.9999960160722049
0.9999958638856737
0.9999955735120846
0.999995959052056
0.9999958169172625
0.9999955007399394
0.999995892434692
0.9999957866853985
0.9999954613949181
0.9999958334316318
0.9999957684317741
0.9999954099164158
0.9999957803009735
0.9999957421245403
0.9999953772756666
0.9999957101564536
0.9999956910119541
0.9999953107543468
0.9999956249919438
0.9999956504083691
0.9999952557760075
0.9999955805986808
0.9999956310793039
0.9999952180646161
0.9999955120518901
0.9999955735390872
0.9999951292082884
0.9999954043036344
0.999995510832175
0.9999950891814933
0.999995341878886
0.9999954493204709
0.9999950091361473
0.9999952366037302
0.9999953805704805
0.9999949525013434
0.9999951710843531
0.9999953193933308
0.9999948699047297
0.999995072741614
0.9999952704622179
0.9999948238938586
0.9999950095181207
0.9999952176422551
0.9999947701283699
0.9999949205960578
0.9999951664416099
0.9999947313818468
0.9999948506334909
0.999995107994887
0.9999946631625748
0.9999947546565607
0.9999950346876332
0.9999946124153604
0.9999947029655045
0.9999950091181158
0.9999945833668403
0.9999946248913321
0.9999949417271025
0.9999945302953241
0.9999945706922977
0.9999948961474944
0.9999945066260594
0.9999945184535899
0.9999948693006135
0.999994481490399
0.9999944577405705
0.9999947995956175
0.9999944039585145
0.9999943518903921
0.9999947105605472
0.9999943513201819
0.9999942852632643
0.999994657998402
0.9999943234534548
0.9999942135640929
0.9999946050238603
0.9999942905367406
0.9999941733924199
0.9999945337871305
0.9999942322416359
0.9999940872670416
0.9999944820738754
0.9999941775032071
0.9999939929566399
0.9999943923240995
0.9999941287636226
0.9999939281055447
0.9999943288810427
0.9999940825550047
0.9999938730767729
0.9999942812138578
0.9999940696209478
0.9999938459803832
0.9999942415366462
0.9999940283487633
0.999993772370939
0.9999941596702813
0.9999939726110949
0.9999936765879949
0.9999940634865708
0.9999939069419099
0.9999935893231369
0.9999939767822037
0.9999938625094669
0.9999935435048997
0.9999939232971322
0.9999938288420575
0.9999934743012496
0.9999938358154911
0.999993775203387
0.999993411771509
0.999993763061083
0.9999937275893681
0.9999933408092382
0.9999936882773656
0.9999936728037874
0.9999932944679238
0.999993625415232
0.9999936285788888
0.9999932461986022
0.9999935410784221
0.9999935887536172
0.9999931703652649
0.9999934670939595
0.9999935435666079
0.9999931271725142
0.9999933879804388
0.9999934946785073
0.9999930491471527
0.9999933024661126
0.9999934132994673
0.9999929670550982
0.9999931996820054
0.9999933577844966
0.9999929059025248
0.999993125376486
0.9999932946830412
0.9999928596463218
0.999993063353315
0.9999932671365037
0.9999928329754015
0.9999930246952938
0.9999932346077338
0.9999928020303415
0.9999929440296095
0.9999931722475063
0.9999927408979832
0.9999928622791251
0.999993106303937
0.9999926670660192
0.9999927549708557
0.999993062399311
0.9999926361960958
0.9999927218091255
0.9999930161405071
0.9999925950336117
0.999992671236109
0.9999929928746241
0.999992582821119
0.9999925946777044
0.9999929195924154
0.9999925093461026
0.999992515716877
0.9999928597073394
0.9999924889119948
0.9999924782776232
0.9999928598763167
0.9999924667313513
0.999992425706604
0.9999927858319646
0.9999924038434788
0.9999923375353617
