0.9999999352602493
0.9999996745191561
0.999999925917502
0.9999997092265451
0.9999998973471781
0.9999997529279062
0.9999998550325203
0.9999997991214349
0.9999997923726399
0.999999836020414
0.9999997037186815
0.9999998568963797
0.9999996153767163
0.9999998598381481
0.9999995818823835
0.9999998426533055
0.9999996168928571
0.9999997814169922
0.9999996633964938
0.9999996541664739
0.9999996582453713
0.9999995101349919
0.9999996360523075
0.9999994037351554
0.9999996188017725
0.9999993440547534
0.99999959236916
0.9999992976891551
0.9999995043227935
0.9999992242332947
0.999999331700366
0.9999991486450244
0.9999991501936418
0.999999112199344
0.9999989926380843
0.9999991120257422
0.9999988544867205
0.9999990565648744
0.999998734066683
0.9999989400948606
0.9999986205313064
0.9999987529562187
0.999998513925259
0.9999985774506178
0.999998469547282
0.9999984053153558
0.9999984179710776
0.9999982225667381
0.9999983169140835
0.9999980098913352
0.9999981808324111
0.9999978544463118
0.9999980449970807
0.9999977162737171
0.9999978511488771
0.9999976240829459
0.9999976491293394
0.9999975363762451
0.9999974103645914
0.999997448258214
0.9999971984918771
0.9999973139582611
0.9999969817170297
0.9999971741994303
0.9999968401986602
0.9999970582097483
0.9999967633656606
0.9999968669262999
0.9999966345299132
0.9999966351011708
0.999996562094922
0.9999964045731715
0.9999964668783856
0.9999962091716219
0.9999963767359324
0.9999960243949146
0.9999962419146803
0.9999958917661255
0.9999960431695489
0.9999957767733606
0.9999958228288767
0.9999956552506928
0.9999955539860561
0.999995486961871
0.9999953220823279
0.9999953896909622
0.9999950984511964
0.9999952654445192
0.9999949240942188
0.9999951211712179
0.9999947666766563
0.9999949499659241
0.9999946740349279
0.999994712681977
0.9999945760210699
0.9999944490871816
0.9999944221443828
0.9999942208456974
0.9999943090088859
0.9999940131762085
0.9999941648681947
0.9999938135891773
0.9999939785922057
0.999993669162247
0.9999937907250664
0.9999935791439009
0.9999935900103452
0.9999934504385258
0.9999933691799981
0.999993394699142
0.9999931162026789
0.9999932578417735
0.9999929552627884
0.9999931632343069
0.9999927833582085
0.99999296536695
0.9999926666584337
0.9999927801723046
0.9999925743102329
0.9999925766621582
0.9999925200658228
0.999992395127562
0.99999240480264
0.9999921276536367
0.9999922958131587
0.9999919845186015
0.9999921335704965
0.9999917904001884
0.9999919623636703
0.9999916573497347
0.9999917176868233
0.9999915737492001
0.9999915231642547
0.9999914492721339
0.9999912531352535
0.9999913002180254
0.9999910064416639
0.999991126838462
0.9999907403152025
0.9999909511255837
0.9999906217448918
0.9999907906584479
0.9999905417181512
0.9999905805118936
0.9999904414563398
0.9999903162162781
0.9999902934271917
0.9999900709896266
0.9999901570687658
0.9999898574476493
0.9999900607323718
0.9999897275953279
0.9999898687269094
0.999989530858766
0.9999896734785656
0.9999893917787385
0.9999893993496214
0.9999892987352488
0.9999891449231099
0.9999892271763179
0.9999890318747431
0.9999891872161063
0.9999888449983991
0.9999890560508289
0.9999887600892171
0.9999889427858408
0.9999886300875998
0.9999887303878103
0.9999885778644386
0.9999885754209402
0.9999884771901809
0.9999882951092941
0.9999882955702293
0.9999880245135433
0.9999881630909749
0.9999878111309239
0.9999880243343172
0.9999876379850652
0.9999878310538294
0.999987531293497
0.9999875948893151
0.9999874402803359
0.9999873728514576
0.9999872993271788
0.9999871433613985
0.9999871965681066
0.9999869213433505
0.9999871062660862
0.999986742804979
0.9999869385444956
0.9999866261265034
0.999986816348013
0.9999865436994957
0.9999865815885932
0.9999864394495671
0.999986350319923
0.9999862905179943
0.9999861357953541
0.9999862199045543
0.9999858462415924
0.9999860468881463
0.9999857343190869
0.9999858928773384
0.9999855248815986
0.9999856407802555
0.9999854213845929
0.9999854549558567
0.9999853359701939
0.9999852158984168
0.9999852522008927
0.9999849715298147
0.9999850643819903
0.9999847175697942
0.9999848861313871
0.9999845636327379
0.9999847413823026
0.9999845018828984
0.9999846623177512
0.999984478911448
0.9999844941122272
0.9999844261425489
0.9999842961107448
0.9999843493535491
0.9999840753533356
0.999984227982015
0.9999839107672558
0.9999840634717954
0.9999837472722647
0.9999839047817042
0.9999837046297804
0.999983776216778
0.9999836103720754
0.9999835528008023
0.9999835246145106
0.999983345090462
0.9999834285954569
0.9999830957592681
0.9999832979871646
0.9999829285684202
0.9999830862411221
0.9999827584139673
0.9999829508075946
0.9999826296930915
0.9999827145611109
0.9999826471198526
0.9999825319640354
0.9999824847836816
0.9999822574345442
0.9999824013919741
0.9999820888452519
0.9999822677052922
0.9999819635438473
0.9999821015878051
0.9999817379565525
0.9999819182577673
0.9999817129688027
0.9999817165983522
0.9999815886071378
0.999981495337212
0.9999814807816981
0.9999811479475409
0.9999812653543096
0.9999808694573185
0.9999809953451633
0.9999806750921807
0.9999809280735006
0.9999806790595248
0.9999807715808032
0.9999805225067471
0.9999804782027485
0.9999804435991388
0.9999803050716272
0.9999803211893474
0.9999800184083268
0.9999800779101604
0.9999797292885982
0.9999799456076075
0.9999796211880158
0.9999797582368117
0.9999794338086665
0.9999795079529556
0.9999792872444198
0.9999792422717915
0.9999792125036256
0.9999789540144188
0.9999790504217856
0.9999786979736383
0.9999788987004659
0.9999785860900313
0.9999788096614927
0.9999784580420781
0.9999785860165143
0.9999782764301529
0.9999783096178878
0.9999781062282667
0.9999780004634903
0.9999780564879658
0.9999777689230962
0.9999778760497594
0.9999776171391678
0.9999777235260652
0.9999773997824424
0.9999775533792652
0.9999771753772981
0.9999773355299344
0.9999770121392768
0.9999770378382117
0.9999768806292301
0.9999767196316622
0.9999768276704407
0.9999765374644823
0.9999766419337767
0.9999763160043815
0.9999764616130928
0.9999761550095483
0.9999764075431095
0.999976118217316
0.999976279580834
0.9999760654419144
0.9999760446322473
0.999975981222849
0.999975876098281
0.9999758684372366
0.9999756176372683
0.999975744309515
0.9999753169197506
0.9999754998446434
0.999975161726854
0.9999753361092732
0.9999750478589626
0.9999750793596461
0.9999749184902026
0.9999748359803085
0.9999747547620274
0.9999746496462931
0.99997467339234
0.9999742992334176
0.9999745396668214
0.999974212111451
0.9999744312229086
0.9999741229096787
0.9999742646212775
0.9999740365790339
0.9999740258358361
0.9999738050441731
0.9999736879198994
0.9999737718026415
0.9999735905611847
0.9999736604622798
0.9999733947934237
0.9999735233299621
0.9999732173020336
0.9999734124123228
0.9999731125074983
0.999973254965215
0.9999729353543704
0.9999729225286776
0.999972790603553
0.9999727193498729
0.9999727256594976
0.9999724779416017
0.9999725861636036
0.9999722758175066
0.999972370037445
0.9999720494730607
0.9999722780591773
0.9999719517126122
0.9999720443618884
0.999971793925877
0.9999718951427649
0.999971794244101
0.9999716466199788
0.9999716960724525
0.9999714269139518
0.9999717067035679
0.9999713134973517
0.9999714811781213
0.9999711027672267
0.9999712631366446
0.9999710187718077
0.9999711144117016
0.9999709064764445
0.9999708885124502
0.9999707656263873
0.9999706117157052
0.9999706935315369
0.9999704171506436
0.9999705613662754
0.9999702046500121
0.9999703672002314
0.9999701222940209
0.999970307515003
0.9999700618997756
0.9999700879699207
0.9999699647283765
0.9999699144395976
0.9999698623690618
0.9999697193219367
0.9999699078865223
0.9999696119817943
0.9999698176853834
0.9999695038532587
0.9999697581531888
0.9999694141841591
0.9999695231607161
0.9999692935535318
0.9999692633518378
0.9999690565071422
0.999968957866194
0.9999690310881804
0.9999688181991385
0.9999688686713916
0.9999685303891345
0.9999687353452867
0.9999684383885286
0.9999685516505882
0.9999682344983322
0.9999683541688825
0.9999680934933269
0.9999680447908073
0.9999679584995556
0.999967870812427
0.9999679010516108
0.9999676949182073
0.9999678502368533
0.9999675448007019
0.9999677999272665
0.9999674598680655
0.9999676201126011
0.9999673491899607
0.9999674149696708
0.9999671785175711
0.9999671225290944
0.9999671295618102
0.9999669267578922
0.9999671555231884
0.9999669075179966
0.99996708753172
0.99996675334005
0.9999669469700617
0.999966616199239
0.9999666647411558
0.9999664371041994
0.9999665417171882
0.9999664280905481
0.999966387916431
0.9999663284575625
0.999966074948022
0.999966101886738
0.9999658120973831
0.9999659630754745
0.9999655983740077
0.9999658497676209
0.9999655273700266
0.9999656841000223
0.9999654662611134
0.9999655154571854
0.9999654135595993
0.9999653402767467
0.9999653446169579
0.9999649895514533
0.9999650548067163
0.9999647839214298
0.9999649642771434
0.9999646087306288
0.9999647133784747
0.9999644102161812
0.9999646192529674
0.9999644159788623
0.9999644990484206
0.9999644290788648
0.9999642736663928
0.999964389689916
0.9999641105684418
0.9999642155578589
0.9999638051529699
0.9999640032157735
0.9999636419995083
0.9999638079269814
0.9999634509912073
0.9999635108304821
0.999963377698427
0.9999632901201998
0.9999631656428838
0.9999630582560344
0.999963112685039
0.9999628211422582
0.9999629669591195
0.9999625843727489
0.9999627361007161
0.9999622951924879
0.9999623432790924
0.9999620180894945
0.9999620302265934
0.9999618137613099
0.9999616388008252
0.9999616852038645
0.9999615527643184
0.9999616777254551
0.999961335779147
