0.9999998836036506
0.999999531109875
0.9999995690047995
0.9999998832346837
0.9999994948133891
0.999999640029873
0.9999998593292436
0.9999994495900586
0.9999996951979107
0.9999998060752706
0.9999993913281902
0.9999996835117774
0.9999997376792895
0.9999993291629035
0.9999996439511722
0.999999718331228
0.9999993164625948
0.9999996196086861
0.9999996875503576
0.9999992575061163
0.9999995400581484
0.9999995504982029
0.9999991366462583
0.9999994684446254
0.9999994235896921
0.9999990833669935
0.9999994591902928
0.9999992979369184
0.9999990002229586
0.9999993657286113
0.9999990940799484
0.9999988217311316
0.9999991724539657
0.9999988850211231
0.9999986656370743
0.9999990448379362
0.9999987629439363
0.9999985456668385
0.9999989034804936
0.9999985820283298
0.9999983844526104
0.9999987183382307
0.999998344646782
0.9999981917841678
0.9999985176610275
0.9999981288433174
0.9999980711779312
0.9999983346966991
0.9999978770522663
0.9999978867843522
0.9999980887299921
0.9999976188147048
0.9999976779888949
0.9999978576641384
0.9999973830796455
0.99999747771129
0.9999976396656487
0.9999971669090562
0.9999973032759436
0.9999974176633303
0.9999969491522107
0.9999970882664043
0.9999971769403698
0.9999967125946622
0.9999969318577832
0.9999969429986593
0.9999964741247822
0.9999967233344694
0.9999967080587725
0.9999962641445455
0.9999965416991964
0.9999964645851148
0.999996025897624
0.9999963101932049
0.9999961718020914
0.9999957837181155
0.9999961131908969
0.9999959116431533
0.999995547087875
0.9999958541896822
0.9999956383260941
0.9999953547269409
0.9999956775569891
0.999995410979283
0.9999951531950412
0.999995489179016
0.9999951763866423
0.9999949603604245
0.9999952942386148
0.9999949203571346
0.9999947491720284
0.9999950711485298
0.9999946564762873
0.9999945379111542
0.9999948077256617
0.9999943964354914
0.9999943022337878
0.9999945725708564
0.9999941669923557
0.9999941402227436
0.9999943780102521
0.9999939110414395
0.9999939221970133
0.9999941340331973
0.9999936424157257
0.999993739715346
0.9999938783306066
0.9999933799981904
0.9999934457605258
0.9999935832245372
0.9999931114589113
0.9999932665992276
0.9999933360812598
0.9999928574736937
0.9999930685516184
0.9999931220374519
0.9999926476598076
0.9999929455803752
0.9999929160449713
0.9999924879994887
0.9999927830406536
0.9999927120858727
0.9999922878222613
0.9999925949834921
0.9999924513127845
0.999992021433451
0.9999923141908876
0.9999921540148332
0.9999917537863401
0.9999920687153785
0.9999917958648565
0.9999914887990597
0.9999918429737802
0.99999156998731
0.9999912986453346
0.9999916403270988
0.9999912738858311
0.9999910408604974
0.9999913701078315
0.9999910186177002
0.9999908590485045
0.9999911785326308
0.9999907964667563
0.9999906929941376
0.9999910341497303
0.9999906090586966
0.999990525958463
0.9999908170132861
0.9999903413262398
0.9999902891264154
0.9999905117859518
0.9999900906543654
0.9999900685198323
0.999990231611017
0.9999897396079378
0.9999897825436587
0.999989953632926
0.9999894546245163
0.9999896270175358
0.9999897246875181
0.9999892728564305
0.999989457385261
0.9999895031757886
0.9999889963796161
0.9999891697508797
0.9999891498881933
0.9999886841958225
0.9999889180312371
0.9999888886959695
0.9999883826148261
0.9999886389745379
0.9999885785728598
0.9999881549093305
0.9999885291879141
0.9999884349578468
0.9999880630989391
0.9999883828114916
0.9999882390474663
0.9999878507260157
0.999988184713157
0.9999879674903296
0.9999876478980428
0.9999880026487719
0.9999877511042263
0.9999874835503003
0.9999877916718637
0.9999874706518238
0.9999871945814428
0.9999875549000264
0.9999872264151423
0.9999870789534248
0.9999873368449392
0.9999869344907178
0.9999868403061744
0.9999871072150258
0.9999866979880468
0.999986656132851
0.99998691020652
0.9999864669143712
0.9999864479919017
0.9999866130993751
0.9999861209285067
0.9999861250845083
0.999986319953668
0.9999858505167647
0.9999858960104427
0.9999860122968427
0.9999855198304951
0.9999857088189851
0.9999858053822639
0.9999852558258994
0.9999853756833242
0.999985487411803
0.9999850295299666
0.9999852070637962
0.999985198090108
0.9999847057454057
0.999984932745246
0.9999848473143528
0.999984361564631
0.9999846731193459
0.9999845871261621
0.9999841763405523
0.9999844058970799
0.9999842563416569
0.9999838174108671
0.9999841595033828
0.9999839439636039
0.9999836119948089
0.9999839901281465
0.9999837010507762
0.9999833639198433
0.9999837701209315
0.9999835450405669
0.9999832592048093
0.9999835933607154
0.9999832854300633
0.999983121097331
0.9999834843299559
0.9999831294045565
0.9999830112872962
0.9999833215151799
0.9999829196939568
0.9999827780988295
0.9999831231655105
0.9999826955852197
0.9999826696850578
0.9999829045261998
0.9999823686037514
0.9999822881251237
0.9999825035499202
0.999982060150652
0.9999821224355795
0.9999823928332647
0.9999819175395492
0.9999820013187153
0.9999820913642731
0.9999816496681884
0.9999817570700285
0.9999818523963078
0.999981389634381
0.9999815330088123
0.9999815929056758
0.9999810719725514
0.9999813050017866
0.9999813224544463
0.9999808494547557
0.9999811058299231
0.9999811017967696
0.9999806606232602
0.9999809218887658
0.9999808647279504
0.9999804324435357
0.9999807605035547
0.9999806319270925
0.9999802237728295
0.9999805357597122
0.9999802989177871
0.9999799485280028
0.9999802881722524
0.9999800392370989
0.9999797356130785
0.9999800635074703
0.9999798139375009
0.9999795685470008
0.9999799227018183
0.9999795382077209
0.9999793422563888
0.9999796208241656
0.9999793114911945
0.9999792328161616
0.9999795906602227
0.9999791733245715
0.9999790357284417
0.9999793672920327
0.9999790040059426
0.9999789105117454
0.9999791390609277
0.9999786529068065
0.9999786418081876
0.9999789307927271
0.9999785240319201
0.9999785563152598
0.9999787438588135
0.9999782777337072
0.9999783482218868
0.999978473814549
0.9999780312815095
0.9999781241751453
0.9999783041555649
0.9999778665768305
0.9999780374228787
0.9999780167481883
0.9999775009386177
0.9999777413056812
0.9999777534836523
0.9999772800542845
0.9999775488962354
0.9999775104839185
0.9999770926679693
0.9999773489890608
0.9999772841297434
0.9999768896657655
0.9999771570140582
0.9999770668727143
0.9999766877005507
0.9999770176862673
0.9999768094291008
0.9999764522589473
0.9999767308354676
0.9999764249511648
0.9999760091681639
0.9999762997600954
0.9999760321310682
0.9999756954645158
0.9999759777551331
0.9999756481333296
0.9999753754063084
0.999975651380183
0.9999752556399443
0.99997499661503
0.9999752573359076
0.9999749166128179
0.9999748416442958
0.9999751394726527
0.9999746411820791
0.9999745288266583
0.9999748350933767
0.9999743444080329
0.9999743484934231
0.9999746458471991
0.9999741240913289
0.9999742752647535
0.9999743919248586
0.9999739666148321
0.9999740251420838
0.9999741582178322
0.999973637304013
0.9999737612012003
0.9999738440535971
0.9999733145849892
0.9999734596348495
0.9999735839152623
0.9999730186447555
0.9999732543507015
0.999973375088133
0.9999728991881193
0.9999731739182162
0.9999731883866886
0.9999727167656669
0.999973020736247
0.9999729568262169
0.9999725385009901
0.9999729055191987
0.9999728277070459
0.99997244726046
0.9999727415720469
0.9999725656774097
0.9999721519303202
0.9999725884349522
0.9999723199246899
0.9999720614766585
0.9999724584588429
0.9999721039935067
0.9999717625726579
0.9999720064148507
0.9999716133518324
0.9999713388430091
0.9999716449505321
0.9999712210085628
0.9999710176782092
0.9999713443396812
0.9999709565343017
0.9999708089076983
0.9999709725588543
0.9999705629376057
0.999970562128236
0.9999709040620559
0.9999704671382573
0.9999704208649289
0.9999706618510021
0.999970222336098
0.9999702104955817
0.9999703444478539
0.9999698739152665
0.9999699709880401
0.9999701201132429
0.9999696887561491
0.9999697451165227
0.9999698356174527
0.9999692943219926
0.9999694588541114
0.9999695638636749
0.9999690198102689
0.999969167541408
0.9999691189168206
0.9999686780207628
0.9999689494426448
0.9999689794615415
0.9999685582999536
0.9999689165713938
0.9999687664170999
0.9999683406817483
0.999968650858775
0.9999685320493751
0.9999681359422532
0.9999684830489017
0.9999682975576044
0.9999679623734592
0.9999683753793925
0.999968059709568
0.9999677647537728
0.9999681160972038
0.9999677895397205
0.9999673952468895
0.9999676732305253
0.9999672804429376
0.9999669679650551
0.9999672674802226
0.9999668213490958
0.9999666882038388
0.9999669997531666
0.9999665257490188
0.9999664271577116
0.999966717866482
0.9999662694166974
0.999966101290104
0.9999663807122755
0.9999659910400086
0.9999660153923177
0.9999662663468508
0.9999657703349063
0.9999657649786018
0.9999659916709833
0.9999655042257765
0.9999655567557442
0.9999656954676112
0.999965204429749
0.9999653221782129
0.9999654535205118
0.9999649398155228
0.9999650538605765
0.9999650405391938
0.9999645974460597
0.9999648346274214
0.9999648494185964
0.9999643703876498
0.9999646839037534
0.9999646505117962
0.9999642472223619
0.9999644969863907
0.999964415302851
0.9999639999498667
0.9999643352867764
0.9999641674534813
0.9999637343050805
0.9999640326083361
0.999963857080165
0.9999635107291674
0.9999637692625422
0.9999634714364602
0.9999631482159795
0.9999634134025293
0.9999631053169621
0.9999628462812807
0.9999632071858671
0.9999629356415081
0.9999627092808296
0.9999630548642865
0.9999627743239486
0.9999625685874529
0.9999628408681562
0.9999624494819338
0.9999622860158521
0.999962572920488
0.9999621002313888
0.9999621059406939
0.9999623675950206
0.9999619073766143
0.9999618360729575
