0.9999962207059409
0.9999957519140862
0.9999943325944329
0.9999922196555219
0.9999898334024874
0.9999876882649592
0.9999862484907528
0.9999857887263438
0.9999863166461511
0.9999875969598266
0.9999892788112167
0.9999909835614804
0.999992395700675
0.9999932958772615
0.9999935603408251
0.999993159764485
0.9999921164495272
0.9999905332639502
0.9999885652301381
0.9999864943041457
0.9999846376996845
0.9999833652467974
0.9999830146230839
0.9999837695986653
0.9999856174173186
0.9999882486312057
0.9999911632523539
0.9999937790474798
0.9999956033264275
0.9999962926890185
0.999995770757846
0.9999941012814683
0.9999914963993038
0.9999882355422115
0.9999846397115014
0.9999810437554699
0.9999778643753628
0.9999754426448303
0.9999741684208444
0.9999742997592599
0.9999759504449353
0.9999789191769072
0.9999828774019196
0.9999872517971621
0.9999913024012945
0.9999944050279218
0.999996060998626
0.9999960494541147
0.999994406584211
0.9999913393436648
0.9999872609251166
0.9999826981991401
0.9999782111560608
0.9999743668814358
0.9999715889906879
0.9999703195499037
0.9999707266727984
0.9999727869631944
0.9999762682839239
0.9999806243222619
0.9999852672780907
0.999989533404229
0.9999928349831957
0.9999946861934587
0.999994899989492
0.9999934013268763
0.9999904541129927
0.9999864445027354
0.9999818900127528
0.9999773590797902
0.9999735295586373
0.9999708938581121
0.9999698215572826
0.9999705140379093
0.9999728416547752
0.9999764812210649
0.9999808708673436
0.9999853633588119
0.9999892776275613
0.999992147225806
0.9999934916703892
0.9999932548102136
0.999991456517287
0.9999882984739151
0.9999842164477828
0.999979727248516
0.9999754228013202
0.9999719114267729
0.9999696638804618
0.9999690851654616
0.9999702723326861
0.9999730096632371
0.9999768459327655
0.9999812699440384
0.9999855639330061
0.999989117312094
0.9999914511605338
0.9999922521244473
0.9999914199287294
0.9999891405659227
0.9999856245038377
0.9999813996286159
0.9999769336935559
0.9999728809266069
0.999969784091952
0.9999681100723049
0.9999681444247954
0.9999698429044775
0.999972970543092
0.9999770965776823
0.9999815533237747
0.9999856499837525
0.9999887672452168
0.9999905972598475
0.9999908364667817
0.9999895118826637
0.9999867654527643
0.9999829854248624
0.9999785659951139
0.9999741384321063
0.9999703374498935
0.9999676934737907
0.9999665687587205
0.9999671839097373
0.9999694665270373
0.9999730073852584
0.9999772803522607
0.999981631259415
0.9999854604418552
0.9999881627097565
0.9999894216721209
0.9999890884751487
0.9999872966496918
0.9999841424675971
0.9999800683757105
0.9999755837830168
0.9999713491576385
0.9999678847998753
0.9999657046905197
0.9999651571540121
0.9999663266104155
0.9999690554350921
0.9999728935993196
0.9999772375176177
0.9999815502414824
0.9999850462238559
0.99998730775475
0.9999880750613805
0.9999873024529563
0.9999849727970367
0.9999814789101386
0.999977208921348
0.9999727760118183
0.9999687007797143
0.9999656246642106
0.9999640091692192
0.9999639408568146
0.9999656431250262
0.9999687736475484
0.9999728937893151
0.9999773113882869
0.9999814505401982
0.9999845347734498
0.999986352460846
0.9999865272013162
0.9999851850746799
0.9999824466718586
0.9999786593564307
0.9999743296708233
0.9999699544497052
0.9999662077261214
0.9999635349199346
0.9999623723060076
0.9999629924893779
0.9999652789192728
0.9999688008905728
0.9999731142009111
0.9999774971612414
0.9999813363638705
0.999984078753484
0.9999853908119337
0.9999850944957768
0.9999832627830793
0.9999801639482779
0.9999761179074238
0.9999717110927916
0.9999674348119743
0.9999640033179531
0.9999618312491823
0.9999612648343991
0.9999624395785447
0.999965196033909
0.9999690630941226
0.9999734395384702
0.9999777156668227
0.9999812575914439
0.9999835480004052
0.9999842582932545
0.9999834171192465
0.9999811556839323
0.9999776844760844
0.9999734431418744
0.9999689847521027
0.9999649616147785
0.9999619044310932
0.9999602227923821
0.999960259951127
0.9999620097441161
0.999965144680332
0.9999692232508482
0.9999736214694943
0.9999777364738278
0.9999808999319617
0.9999827067516867
0.9999828827465623
0.9999815643387189
0.9999787914953948
0.9999749468074245
0.9999705750620691
0.9999661248057322
0.9999623324263037
0.9999596800065154
0.9999586042665408
0.999959182050459
0.9999613790569538
0.999964872384408
0.9999691645469194
0.9999735391677322
0.9999773932590132
0.9999801412632804
0.9999814475841553
0.9999811258955172
0.9999792239098899
0.9999760962593223
0.9999720589665075
0.9999675559852104
0.9999633356344156
0.9999598628485709
0.9999576342260238
0.9999570620162094
0.9999581867451581
0.9999609031819784
0.9999646725411016
0.9999691233058163
0.9999733943752953
0.9999769043425051
0.9999792685941888
0.9999799787700753
0.9999792051743315
0.9999768460815991
0.9999733450160496
0.9999691367826903
0.9999646905553262
0.9999606623233177
0.9999575021070134
0.9999558595572395
0.9999558490212457
0.9999575240111368
0.9999607041091441
0.9999648061075762
0.9999691967684488
0.999973317456951
0.9999764457929696
0.9999782332439351
0.9999785408102185
0.9999771990989144
0.999974462169625
0.9999706280613323
0.9999662157829157
0.999961844073291
0.9999580989964718
0.9999554374426579
0.9999541859768872
0.9999547590226514
0.9999570194119621
0.9999605320895805
0.9999647782164383
0.9999691119125581
0.9999729165105848
0.9999756487378748
0.9999769487532376
0.9999766989868711
0.9999748887792991
0.9999717274198943
0.9999677172799749
0.9999632721512829
0.9999590663097407
0.9999555770146373
0.9999534689566382
0.9999528725764207
0.9999540929319396
0.9999567403028702
0.999960563591984
0.99996498520652
0.9999692834062218
0.9999728476695798
0.9999751280327279
0.999975977717145
0.9999751255644758
0.9999728069052647
0.9999692712532702
0.9999649709425378
0.9999605093270694
0.9999563910786768
0.9999533359674855
0.9999516317326854
0.9999517002511181
0.9999533781801337
0.9999565419489037
0.9999606483002628
0.9999650440487571
0.9999691131264953
0.99997228924766
0.9999740218299966
0.9999742579749593
0.9999728740811356
0.9999700679338535
0.9999663046914422
0.9999619272117702
0.9999575620554164
0.9999537936050609
0.9999510729460787
0.9999499695651237
0.9999505282036651
0.9999528413924581
0.9999564326801357
0.9999606868841706
0.9999651114177062
0.9999689527380539
0.9999716796133288
0.999972898366946
0.9999726244929085
0.9999706106138119
0.9999674156894665
0.9999632612645047
0.999958805263163
0.9999545529396444
0.9999510440208461
0.9999488261427293
0.9999483390926551
0.9999495400804308
0.9999522231026092
0.9999560863260615
0.9999604940581264
0.9999647898041886
0.9999682847149918
0.9999705556637651
0.9999713610660328
0.999970506312662
0.99996822575798
0.9999646558901993
0.9999603931331197
0.9999558783394854
0.9999518736312173
0.9999487881760335
0.9999471747598899
0.9999471143186955
0.9999487611185625
0.9999519083778019
0.9999560231072342
0.9999604598120333
0.9999645701244689
0.9999676905710989
0.9999694926019339
0.9999696972925192
0.9999683210251878
0.9999655216890817
0.9999617136917123
0.9999572535791555
0.9999528724719815
0.9999491296305854
0.9999464040933239
0.9999452158538698
0.9999457593841843
0.9999479777781315
0.9999515184641679
0.9999558445416871
0.9999602375173676
0.999963999096464
0.9999667174058205
0.9999679878550326
0.999967661421419
0.9999658146620501
0.9999626757784696
0.9999586622166224
0.9999542116484424
0.999949920418452
0.9999465157572104
0.9999442670408031
0.9999437371322727
0.9999448270357059
0.9999475277498412
0.9999513308029864
0.9999558487765051
0.9999601937803074
0.999963749179773
0.9999660071786685
0.9999667532918113
0.9999658955836643
0.9999635695184886
0.9999600598047707
0.9999557966505941
0.9999513191440387
0.999947315761214
0.999944199689574
0.9999425832951716
0.9999426257126787
0.9999443626612863
0.9999475334484597
0.9999515985642208
0.9999559543172758
0.9999601571138196
0.9999632595779503
0.9999650360808532
0.9999652665110949
0.999963902666221
0.9999611161177485
0.9999573384968996
0.9999529723117523
0.9999485025446475
0.9999447333369101
0.9999420155965865
0.9999409215038709
0.9999413882556938
0.9999436163914105
0.9999471010305025
0.9999513855336941
0.999955728478652
0.9999595137647758
0.9999622578978478
0.9999635554685524
0.9999633913994639
0.9999615335741014
0.999958387273633
0.9999544099645136
0.9999500241619953
0.9999456764088585
0.9999422253493215
0.9999399447100881
0.999939381469178
0.9999405498351994
0.9999432145874415
0.9999470858074536
0.9999515027023774
0.9999557410345105
0.9999592812327948
0.9999615650472281
0.9999623186641738
0.9999614498792686
0.9999591573136775
0.9999555629054213
0.9999512735844958
0.9999467187192627
0.9999427080237911
0.9999395587809567
0.999937868529908
0.9999378749469826
0.999939503205903
0.9999426378402363
0.999946666458502
0.999951014546992
0.9999550848397847
0.99995813380816
0.9999598437971791
0.9999600035374769
0.9999585282635653
0.9999557464221464
0.9999518338336167
0.9999474766311295
0.9999429958914371
0.999939301311961
0.9999366541611814
0.9999354775350667
0.9999361364643065
0.9999383077637056
0.9999418618507824
0.9999461772453939
0.9999505089515277
0.9999543220491391
0.9999570429875817
0.9999583471979347
0.9999580806159177
0.9999561661324103
0.9999530529937477
0.9999489885993375
0.999944457228998
0.9999401823254588
0.9999366859694883
0.9999345595207796
0.9999339196438087
0.999935136049657
0.999937815441131
0.9999416777048912
0.9999460067236352
0.9999502674111229
0.999953726908362
0.9999560474903557
0.9999568010229326
0.9999560921628037
0.9999537967223722
