0.9999999266773375
0.9999996457481134
0.9999998730099259
0.9999997486288249
0.9999997424227196
0.9999998734780126
0.9999996362072106
0.9999999247106826
0.9999996485385554
0.9999998577794549
0.9999997660867269
0.9999997210769056
0.9999998881106362
0.9999996307833078
0.999999923118383
0.9999996607527186
0.9999998485453163
0.9999997759976721
0.9999997214381084
0.9999998866740771
0.9999996368312128
0.9999999242093431
0.9999996520614064
0.999999868880815
0.9999997482802349
0.9999997545849425
0.9999998602179064
0.9999996539249647
0.9999999214618224
0.9999996342454486
0.999999892441413
0.9999997097638536
0.9999997807035707
0.9999998273712595
0.9999996564920629
0.999999906406442
0.9999996153922666
0.9999998845173464
0.9999996916650745
0.9999997649152177
0.999999822412583
0.9999996376424397
0.999999903045039
0.9999996128027945
0.9999998686232542
0.9999997066350075
0.9999997415165237
0.9999998333614064
0.9999996235146763
0.9999998962204703
0.9999996077946927
0.9999998521636783
0.9999996920079325
0.9999997323223129
0.9999998062706432
0.9999996190198799
0.9999998745119623
0.9999995876629563
0.9999998577668789
0.9999996528673657
0.9999997610906032
0.9999997654062273
0.9999996383554296
0.9999998524065385
0.9999995726040144
0.9999998542486446
0.9999996053695813
0.9999997582255844
0.9999997136290515
0.9999996155832815
0.9999998113812041
0.9999995318955054
0.9999998178911715
0.9999995738559065
0.9999997198841317
0.9999997008524752
0.9999995819537638
0.9999998037005634
0.9999995177685325
0.9999998007114386
0.9999995758977583
0.9999996894333772
0.9999996908872195
0.9999995484270309
0.9999997708712693
0.9999994807325813
0.9999997568861236
0.9999995219102897
0.9999996573382584
0.9999996281388587
0.9999995305395833
0.9999997218154038
0.9999994555318739
0.999999742815234
0.9999994776626502
0.999999667312939
0.9999995702998448
0.9999995315389171
0.9999996674649857
0.999999417114934
0.9999996902018187
0.9999994031075833
0.9999996167345054
0.9999994885633025
0.9999994687490598
0.9999995976389638
0.9999993558214155
0.9999996423901264
0.9999993638040703
0.9999995698531738
0.9999994720736688
0.9999994284040082
0.9999995833912452
0.9999993209959369
0.9999996015158776
0.9999993237575173
0.9999995064687409
0.9999994093217857
0.9999993567002544
0.999999501096288
0.9999992489423162
0.999999524666902
0.9999992398008943
0.9999994515094182
0.9999993237784204
0.999999326288469
0.9999994283100596
0.9999992142294394
0.9999994782873545
0.9999991825840406
0.9999994302610326
0.9999992446835544
0.9999992919986695
0.9999993344862637
0.9999991410019561
0.999999378603829
0.9999990770565316
0.9999993345956422
0.9999991400469279
0.9999991985376954
0.9999992543462041
0.9999990577128259
0.9999993160218832
0.9999990234228509
0.9999992758661831
0.9999991000870081
0.9999991351628511
0.9999992040672383
0.9999989889449742
0.9999992391982314
0.9999989382958973
0.9999991726275279
0.9999989860769117
0.9999990300042484
0.9999990853068396
0.9999988984091956
0.9999991432542991
0.9999988528952145
0.9999991205272221
0.9999989120707208
0.999999010294032
0.9999990093358099
0.9999988675848671
0.9999990756288148
0.9999987842405231
0.9999990603701597
0.9999988051696327
0.999998928763319
0.9999988810609612
0.9999987526325869
0.9999989503962877
0.9999986589773616
0.9999989366260071
0.9999986922787211
0.9999988287424373
0.9999988007597743
0.9999986697722104
0.9999988770662294
0.9999985806619837
0.9999988595404811
0.9999986155392883
0.9999987302112975
0.9999987054768614
0.9999985691801598
0.999998773762949
0.9999984776526815
0.9999987503309815
0.9999984992092394
0.9999986293775226
0.9999985768268108
0.9999984702753494
0.9999986531644196
0.9999983811122137
0.999998651914234
0.9999983721548794
0.9999985477556687
0.9999984464719479
0.9999983808834197
0.9999985304869539
0.9999982753662108
0.9999985495682768
0.9999982671399387
0.9999984652912518
0.9999983424951497
0.9999983007659279
0.9999984365562097
0.9999981736568431
0.9999984487477642
0.9999981684910805
0.9999983671825184
0.9999982544713335
0.9999982077582544
0.9999983523221875
0.9999980758256923
0.9999983478351888
0.9999980555359682
0.9999982511250007
0.9999981253012845
0.9999980833041635
0.9999982098500148
0.9999979495115132
0.9999982239288405
0.9999979273950441
0.9999981295240566
0.9999979841429729
0.9999979843499521
0.999998076782292
0.9999978553550107
0.9999981166134079
0.9999978160984356
0.999998047177261
0.9999978629430302
0.9999978919403975
0.999997947959228
0.9999977337810781
0.9999979822026375
0.9999976770263705
0.9999979138298931
0.9999977236206704
0.9999977775410291
0.9999978290922267
0.9999976306155882
0.9999978775643271
0.9999975725163056
0.9999978051696203
0.9999976055984099
0.9999976492876654
0.9999977075405627
0.9999974982703891
0.9999977379914082
0.9999974293618793
0.9999976724284106
0.9999974745702737
0.9999975323054415
0.9999975557294967
0.9999973721399608
0.9999976017462026
0.9999972857574799
0.9999975445218708
0.9999973191193576
0.9999973991887504
0.9999974014371537
0.9999972436746892
0.9999974576419595
0.9999971496907517
0.9999974015898039
0.9999971636584553
0.9999972723665884
0.9999972471263519
0.9999971027588455
0.9999973082621562
0.9999969970814554
0.9999972715610563
0.9999970274123742
0.9999971407345324
0.9999971048658209
0.9999969637045434
0.9999971609236074
0.9999968731152534
0.9999971453271878
0.9999968826806922
0.9999970154390668
0.9999969806190792
0.9999968509324105
0.9999970346684215
0.9999967534302915
0.9999970210421495
0.9999967573336298
0.9999968986815426
0.9999968330403707
0.9999967340728441
0.9999969031737544
0.9999966229482731
0.9999968951240269
0.9999966134103039
0.9999967754224478
0.9999966825979325
0.9999966157102854
0.9999967570284499
0.9999964749725886
0.9999967582906466
0.9999964665961484
0.9999966488991384
0.9999965402567529
0.9999964965727519
0.9999966333621998
0.9999963696952546
0.9999966302495388
0.9999963302137731
0.9999965254063152
0.9999964114652482
0.9999963607741202
0.9999964974519713
0.99999623989714
0.9999965111930833
0.9999961984637828
0.9999964033403569
0.9999962715963999
0.9999962431936086
0.9999963594152391
0.9999961246046684
0.9999963873750797
0.9999960888096714
0.9999963045691523
0.9999961525130346
0.9999961373805436
0.9999962283280656
0.9999960042688534
0.9999962526333663
0.9999959380712912
0.9999961554445924
0.9999959931437248
0.999996015349006
0.9999960816028076
0.9999958571201457
0.9999961159609327
0.9999958167201014
0.9999960629834996
0.9999958721339912
0.9999959037504208
0.9999959493116134
0.9999957368210407
0.9999959784726717
0.9999956494931378
0.9999958906813147
0.9999957018271981
0.9999957490865193
0.9999958034306309
0.9999956108765917
0.9999958525062195
0.9999955504876054
0.9999957963668928
0.9999955888891834
0.9999956601066792
0.9999956857718655
0.999995512164084
0.9999957451611885
0.9999954370932669
0.9999956877703862
0.9999954659098297
0.9999955461123853
0.9999955366825628
0.9999953480746303
0.9999955473163477
0.9999952503356764
0.9999955278395648
0.9999952961792098
0.9999953911800534
0.9999953701725549
0.9999952187381564
0.9999954314229813
0.9999951208885532
0.9999953766041495
0.9999951354496351
0.9999952474123792
0.9999952308578545
0.9999950982202953
0.9999952819200314
0.9999949758586909
0.999995251135859
0.999995001803586
0.9999951385290693
0.999995077433561
0.9999949624314736
0.9999951538695587
0.9999948603381612
0.9999951187821988
0.9999948660027798
0.9999949871761481
0.999994926897759
0.9999948265641719
0.9999950128156875
0.9999947309566082
0.999995008783276
0.9999947448833898
0.9999949013196444
0.9999948195339469
0.9999947253966833
0.9999948810070893
0.999994611948582
0.9999948793352736
0.9999945902170612
0.9999947782783188
0.9999946766274541
0.9999946009023288
0.9999947391992469
0.9999944578581783
0.9999947274778207
0.9999944106417228
0.9999946136911381
0.9999944780305439
0.9999944278582806
0.9999945643117725
0.9999943039503134
0.9999945906598091
0.999994297823789
0.9999945034438302
0.9999943639917006
0.9999943095453884
0.9999944089115396
0.9999941651684127
0.9999944316011199
0.9999941466125003
0.999994362925714
0.9999942036179289
0.9999941919599046
0.999994283628632
0.9999940546463825
0.9999942903056656
0.999993989100431
0.9999942212970986
0.9999940679676258
0.9999940830590215
0.9999941605415351
0.9999939468907287
0.9999942063531635
0.9999938920734049
0.9999941278409933
0.9999939245494948
0.9999939742470059
0.999994017812639
0.9999938075099185
0.9999940571071257
0.9999937544653685
0.9999939920467891
0.9999937988968992
0.9999938718010869
0.9999939220116767
0.9999937124783754
0.9999939431295418
0.999993625020406
0.9999938710014837
0.9999936586451479
0.9999937264543128
0.9999937478191321
0.9999935792393697
0.9999937858281179
0.9999934939868774
0.9999937578725567
0.9999935331133172
0.9999935960667031
0.999993627368407
0.9999934332408174
0.9999936485971517
0.9999933330160254
0.9999935925534357
0.9999933562006045
0.9999934506489851
0.999993437450973
0.9999932853020018
0.9999934885975876
0.9999931782435463
0.9999934374425911
0.9999931945083889
0.9999933134789502
0.9999932725960028
0.9999931487093922
0.9999933299678747
0.9999930258847264
0.9999933007207326
0.9999930460731214
0.9999931805373758
0.9999931280665643
0.9999930138825757
0.9999932088748905
0.9999929197763978
0.9999931860335519
0.9999929235590066
0.9999930761172571
0.9999930064309533
0.9999929000177274
0.9999930716201715
0.9999927670114889
0.9999930080883701
0.9999927149802202
0.9999928750263477
0.9999928102931526
0.9999927197334186
0.9999929002996673
0.9999926052845334
