0.9999995799376358
0.9999990910415881
0.9999982542335422
0.9999979739840267
0.9999986283861191
0.9999994784791242
0.9999994437160212
0.9999986427811589
0.9999980167542059
0.9999982823879312
0.9999991966445951
0.999999589526713
0.9999989997106262
0.9999981754777136
0.9999980088767746
0.9999987455634903
0.9999995159739367
0.9999993526991036
0.9999985142189224
0.999997907765206
0.9999981745093157
0.9999990849344645
0.9999995531154954
0.9999990550318812
0.9999982010659849
0.9999978436004148
0.999998399376476
0.9999993094010794
0.9999994960238984
0.9999988077274018
0.9999980326080004
0.9999979622286832
0.9999987538613191
0.9999995119024052
0.9999993215992093
0.9999984896350135
0.9999979414148811
0.9999983064917609
0.9999992332424261
0.9999995522257512
0.9999989141898806
0.9999981236119472
0.9999980553827779
0.9999988598416372
0.9999995509206491
0.9999992499454162
0.9999983905039772
0.9999979251927049
0.9999983954605578
0.9999992977154757
0.9999994851824339
0.9999987792079137
0.9999979960848536
0.9999979336485251
0.9999987237314394
0.9999994602369594
0.999999262667057
0.9999984254743804
0.9999978228420836
0.9999980809434941
0.9999989962424168
0.9999995023527775
0.9999990366736975
0.9999981859593244
0.9999978211654943
0.9999983790542479
0.9999992806428931
0.9999994224021732
0.9999986986691567
0.9999979598480789
0.9999979998367223
0.9999988554307553
0.9999994817551814
0.99999910356777
0.9999982499715633
0.9999978719346878
0.9999984428587034
0.9999993172680054
0.9999993663649227
0.9999985862055795
0.9999978860913138
0.9999980224112358
0.9999988982847401
0.9999994225860038
0.9999989533267293
0.9999980855817341
0.9999977082352203
0.9999982556378125
0.9999991450957942
0.9999992872392239
0.9999985697043627
0.999997795161844
0.9999977340354673
0.9999985233801523
0.9999992829071571
0.9999991097075052
0.9999982810035785
0.9999976726224716
0.9999979325395781
0.999998843492646
0.9999993056279072
0.9999987831446615
0.9999979422285804
0.9999976698957261
0.9999983303551598
0.9999991611498604
0.9999991067806335
0.9999982980444688
0.9999976697301498
0.9999979279549892
0.9999988390054687
0.9999992400476333
0.9999986595579295
0.9999978212811192
0.9999976207098294
0.999998326009209
0.999999105582542
0.9999989675522584
0.9999981274021903
0.999997492108139
0.9999977223932937
0.9999986215255576
0.9999991000363078
0.9999986109709582
0.999997750415213
0.9999973899802158
0.9999979441305846
0.9999988415217935
0.9999989945620655
0.9999982800229166
0.9999975014439296
0.9999974520335573
0.9999982477280807
0.9999989598619944
0.9999987111906671
0.9999978545183023
0.9999973215092105
0.9999977047597173
0.9999986226235165
0.9999989083437038
0.9999982565831599
0.9999974575340337
0.9999973824196657
0.9999981741209547
0.9999988697559289
0.9999985836086207
0.999997725148689
0.9999972197152329
0.9999976503145402
0.9999985463386158
0.9999987705275957
0.9999980838470659
0.9999972716936154
0.9999971535543664
0.999997915035442
0.9999986592878328
0.9999984734282854
0.9999976356721113
0.9999970233171565
0.999997275564973
0.9999981813740306
0.999998661236808
0.9999981575591552
0.9999973022512234
0.9999969623365588
0.9999975424878963
0.999998419425291
0.9999984936314743
0.9999977267779953
0.9999969940628572
0.9999970595333825
0.9999979233076896
0.9999985086448927
0.999998106835201
0.9999972477647482
0.9999968634469252
0.9999974238967649
0.9999982982491289
0.9999983735990694
0.9999975963149875
0.9999968681122671
0.9999969573220497
0.9999978040178332
0.9999983715790707
0.9999979411766359
0.9999970638309077
0.999996636476744
0.9999971370295796
0.9999980268293625
0.9999981931656629
0.9999974803285057
0.999996697974706
0.9999966301872966
0.9999974199378808
0.9999981527465579
0.9999979433257008
0.9999970932080474
0.999996505714335
0.9999968044511957
0.999997715047984
0.9999981158644635
0.9999975448237233
0.9999966954752951
0.9999964547155779
0.9999971374107794
0.9999979386400782
0.9999978399785167
0.9999970098639466
0.9999963709658288
0.9999966190316659
0.9999975155993659
0.9999979224751369
0.999997353730575
0.9999965115554441
0.9999962582927377
0.9999969343222745
0.9999977319788482
0.9999976511531854
0.9999968214118982
0.9999961434249561
0.999996323272718
0.9999972066567075
0.9999977139987227
0.9999972345754011
0.999996360755786
0.9999959869438484
0.9999965432525785
0.9999974267010058
0.9999975484565388
0.9999968098530491
0.9999960443040428
0.9999960203430993
0.9999968358383393
0.9999974993179516
0.9999971826270241
0.9999963219701061
0.9999958160792876
0.999996239398111
0.9999971438169193
0.9999973895973335
0.9999967073222317
0.9999959153768518
0.9999958337735604
0.999996612700229
0.9999973114825361
0.9999970549520656
0.9999961816593255
0.9999956514941482
0.9999960399766955
0.9999969472422462
0.9999972342299717
0.9999965837610012
0.9999957660305298
0.9999956075744889
0.999996340923544
0.9999971044695172
0.9999969559076676
0.9999961083318579
0.9999954786671976
0.9999957337551335
0.999996635643264
0.9999970874560775
0.9999965548840005
0.9999956945661858
0.9999953753771522
0.9999959897950446
0.9999968424773883
0.9999968668003862
0.9999960843585676
0.9999953872793014
0.9999954778738793
0.9999963424117707
0.9999968859552508
0.9999964514176807
0.9999955699728185
0.9999951768037468
0.9999957379269401
0.9999966050368297
0.9999966744573461
0.9999959175455592
0.9999951801415997
0.9999952211736529
0.999996046035121
0.9999966288502412
0.9999962543717272
0.9999953690899976
0.9999949063766534
0.9999953853639757
0.999996280340321
0.9999964698638666
0.9999957648923583
0.9999949711895106
0.9999948981126462
0.9999956649808202
0.9999963962016218
0.9999961490150853
0.9999952899642617
0.9999947170033404
0.9999950580317993
0.9999959607318584
0.999996308900371
0.9999956929361616
0.9999948495915476
0.9999946314143017
0.9999953240313845
0.9999961069811062
0.9999959893497115
0.9999951501301363
0.9999945074521076
0.999994736993089
0.9999956300584213
0.9999960622821116
0.9999954882943523
0.9999946261954428
0.9999943497314472
0.999995004570711
0.9999958367194333
0.9999957915039549
0.9999949708096664
0.9999942780210025
0.9999944317908522
0.9999953063859416
0.9999958226114505
0.9999953380862595
0.9999944488352474
0.9999940502183036
0.99999458911022
0.999995463352965
0.9999955598359658
0.9999948092183965
0.9999940386577574
0.9999940489332653
0.9999948725780834
0.999995525213251
0.9999951632413846
0.9999942740508969
0.9999937780427002
0.9999942002765329
0.9999951064567772
0.999995330425955
0.9999946452856157
0.9999938267122106
0.9999937549584343
0.9999945319904076
0.9999952255202688
0.9999949769245287
0.999994107453655
0.9999935408423271
0.9999939050329172
0.9999948105324857
0.999995107025986
0.9999944787010193
0.9999936529104285
0.9999934785389761
0.9999941826361481
0.9999949434225114
0.9999947914836764
0.9999939363041637
0.9999932969263612
0.9999935495253673
0.999994452247955
0.9999948718453239
0.9999943278987201
0.9999934609965057
0.9999931723116086
0.9999937945511117
0.9999946326544965
0.9999946218024222
0.9999937958210271
0.9999930873744672
0.9999932016531962
0.9999940659366118
0.999994624388691
0.9999941892786421
0.9999933056627088
0.9999929189088542
0.9999934420039864
0.9999943135545333
0.9999943971007185
0.9999936425456389
0.99999286971599
0.9999928827445766
0.9999937374024743
0.9999943555778089
0.9999939854118675
0.9999931152788801
0.99999263630536
0.9999930975316632
0.999994006568853
0.9999941910285726
0.9999934990810169
0.9999926958809845
0.9999926139768464
0.9999933880357988
0.9999941002264936
0.9999938665277204
0.9999929944972934
0.9999924374130408
0.9999927960608206
0.99999371421165
0.9999940485852057
0.999993426541048
0.9999925825263509
0.9999923997767849
0.9999931125746526
0.9999938753459541
0.9999937305221291
0.9999928911295909
0.9999922793219839
0.9999925480141896
0.9999934287402171
0.9999938516376169
0.9999932984404015
0.9999924441106349
0.9999921493885702
0.9999927676445013
0.9999935874062879
0.9999935571016358
0.9999927513233381
0.9999920671161523
0.999992203341
0.9999930686254425
0.9999936049294154
0.9999931602996754
0.9999922608097386
0.9999918847805259
0.9999924259302373
0.99999329774735
0.999993384846366
0.9999926342334519
0.9999919011351609
0.9999919163226995
0.9999927628049508
0.9999933988223161
0.999993026041665
0.9999921591459063
0.9999916772853045
0.9999921282104116
0.9999930017407291
0.9999932048915599
0.9999924923324474
0.9999916730892845
0.9999915944481403
0.9999923700267241
0.9999930860500966
0.999992810015567
0.9999919481345123
0.9999913921484955
0.999991743729147
0.9999926304140075
0.9999929455139908
0.9999923157489986
0.9999914890945527
0.9999913165709767
0.999992028520496
0.999992805627085
0.9999926794586784
0.9999918383600341
0.9999912181129571
0.9999914525902786
0.9999923423466767
0.9999927692249504
0.9999922238522146
0.9999913764477201
0.9999910842213918
0.9999916997530975
0.9999925330398988
0.9999925260650258
0.99999169954033
0.9999910170222382
0.9999911458617071
0.9999920246274381
0.9999925594211406
0.9999921147251987
0.9999912341431318
0.999990854044737
0.9999913987134351
0.9999922704940799
0.9999923672586519
0.9999915874500044
0.9999908141113207
0.9999908372211108
0.9999916825564635
0.9999923027261699
0.9999919384723691
0.9999910830955054
0.9999905818431926
0.9999910555606937
0.9999919313009201
0.9999921331422771
0.9999914354432361
0.999990637745869
0.9999905638517578
0.9999913379868732
0.9999920494624293
0.9999918142825679
0.9999909456187596
0.9999903749830262
0.9999907036655803
0.9999916265092659
