0.9999998856591732
0.9999995482564584
0.9999995397607891
0.9999998818714054
0.9999995286347336
0.999999550637567
0.999999878417254
0.9999995179449117
0.9999995573090822
0.9999998764701818
0.9999995124661936
0.999999566118202
0.9999998748907416
0.9999995067821946
0.9999995826774307
0.999999871033114
0.999999496178761
0.9999996106013558
0.9999998613612712
0.9999994798067622
0.9999996512588919
0.9999998426326958
0.9999994603750567
0.9999997002990254
0.999999813234169
0.9999994441907706
0.9999997504089615
0.9999997757763204
0.9999994341426527
0.9999997915011102
0.9999997346033076
0.9999994290204719
0.9999998169803516
0.9999996955241359
0.999999424885029
0.9999998278032012
0.999999664779456
0.9999994213189317
0.9999998323385039
0.9999996455017
0.9999994195981329
0.9999998342740927
0.9999996353663767
0.9999994221287923
0.9999998377611736
0.9999996266157828
0.9999994275011773
0.9999998399964839
0.9999996074179628
0.9999994346553204
0.99999984178074
0.9999995775342436
0.9999994494113529
0.9999998419575351
0.999999539002332
0.9999994767096294
0.9999998388967216
0.9999994991107468
0.9999995180619655
0.9999998303619636
0.999999461194425
0.9999995625985473
0.9999998099844045
0.9999994237070938
0.9999995965752465
0.9999997770361786
0.9999993871447388
0.999999613434538
0.9999997394434358
0.9999993535421566
0.9999996163786589
0.9999997105501099
0.9999993332349261
0.9999996192525927
0.9999996948543582
0.9999993247854703
0.9999996258718501
0.9999996843851257
0.9999993192045055
0.999999632479604
0.999999665619412
0.9999993068365634
0.999999634272557
0.9999996268774803
0.9999992825436461
0.9999996368607982
0.9999995767727283
0.9999992643234196
0.9999996479753933
0.9999995245426607
0.9999992633369662
0.9999996682671142
0.9999994740730613
0.9999992750061204
0.9999996792807607
0.9999994219315423
0.9999992864129121
0.999999675010478
0.9999993660671957
0.9999992894201686
0.99999965015864
0.9999993089109572
0.9999992788345042
0.9999996165482822
0.9999992569448516
0.9999992625042762
0.9999995899814257
0.9999992272340343
0.9999992637256697
0.999999578450512
0.9999992101704188
0.9999992659139657
0.9999995612297745
0.9999991816337228
0.9999992602773645
0.9999995272029724
0.999999137254015
0.9999992552688551
0.999999481194063
0.9999990846437832
0.9999992565770521
0.9999994279917929
0.9999990399325551
0.9999992760162568
0.9999993821396386
0.999999008840248
0.9999993115295497
0.9999993361875416
0.9999989867349182
0.9999993279769591
0.9999992777842667
0.9999989531063852
0.9999993203257783
0.9999992058732048
0.9999989083623861
0.9999992929869627
0.9999991328896677
0.9999988634946494
0.9999992613711449
0.9999990792714653
0.9999988435511517
0.999999247988826
0.9999990446238481
0.9999988315597028
0.9999992411428171
0.9999990131367221
0.9999988161600291
0.999999219272742
0.9999989587811065
0.9999987869751098
0.9999991762148202
0.9999988841877101
0.9999987620716883
0.9999991381341806
0.9999988165396231
0.9999987529410906
0.9999991031744992
0.9999987546403657
0.999998772989854
0.9999990779346497
0.9999986985227304
0.9999987835476494
0.9999990346158865
0.9999986421651907
0.999998785944181
0.9999989740591878
0.9999985700243446
0.9999987643771292
0.999998894124264
0.9999984965864631
0.9999987289947917
0.9999988253440778
0.9999984362318155
0.9999987077281968
0.9999987809631592
0.9999984077451582
0.9999986954409453
0.9999987385555044
0.9999983696615533
0.9999986771725291
0.9999986885391225
0.9999983247863243
0.9999986562282239
0.9999986121105865
0.9999982631494305
0.9999986193907858
0.9999985220692515
0.9999982069006889
0.999998597480048
0.9999984507618592
0.9999981819220137
0.99999858310358
0.9999983771840952
0.9999981630972479
0.9999985671943864
0.999998307464952
0.9999981428986734
0.9999985334624687
0.9999982263098529
0.9999981086185402
0.9999984641843034
0.9999981233528344
0.9999980571107596
0.9999983990370354
0.9999980496200072
0.9999980385609593
0.9999983604844893
0.9999979866900125
0.9999980092246495
0.999998317741309
0.9999979387101815
0.9999979923601451
0.9999982732219206
0.9999978796814569
0.9999979723194753
0.9999982110643147
0.9999978202177194
0.9999979469089956
0.999998144049771
0.9999977308521009
0.9999979146742104
0.9999980739120428
0.9999976855885316
0.9999979261515812
0.9999980102613757
0.9999976295833127
0.9999979137369676
0.99999794154795
0.9999975749386085
0.999997905084476
0.999997866591424
0.9999975239997281
0.9999978831923481
0.9999977800442997
0.9999974625875756
0.999997830395816
0.9999976759599157
0.999997395434104
0.9999977822762108
0.9999976090548379
0.9999973618159947
0.9999977569765655
0.9999975534046028
0.9999973395774376
0.9999977391482505
0.9999974959019156
0.9999973166473287
0.9999977040282365
0.9999974245869938
0.9999972628547621
0.9999976438742462
0.9999973283909206
0.9999972273207832
0.9999976030826222
0.9999972743340662
0.9999972145433648
0.9999975423051883
0.9999971713836557
0.9999971692814037
0.9999974682994771
0.9999970810722443
0.999997154100099
0.9999974060921175
0.9999969938774554
0.9999971142145146
0.9999973240991673
0.9999969287421635
0.9999970999126268
0.9999972586923236
0.9999968531031218
0.9999970699336793
0.9999971796121011
0.9999967875274068
0.9999970430982583
0.9999971095612129
0.9999967186236617
0.9999969944858557
0.9999970207631212
0.9999966506568718
0.9999969686308599
0.9999969591472065
0.9999966114973123
0.9999969441975642
0.9999968814209704
0.9999965513658414
0.9999969263798504
0.9999968061062895
0.9999964939715918
0.9999968818031721
0.9999967261763932
0.9999964426166852
0.9999968331813935
0.9999966093589512
0.9999963976257698
0.9999967792545917
0.9999965204434159
0.9999963515067327
0.9999967190513253
0.9999964024981937
0.9999962663766607
0.999996639522921
0.9999963174895926
0.9999962337426235
0.9999965798070816
0.9999962284044819
0.9999961962868628
0.9999965208697891
0.9999961520088534
0.9999961758657233
0.9999964699485352
0.9999960790034377
0.9999961358959756
0.9999963910064954
0.9999959951642757
0.9999960949397797
0.999996334734785
0.9999959436845611
0.9999961029613409
0.9999962674501358
0.9999958683408107
0.9999960574457017
0.9999961628783135
0.9999957603544185
0.999996002636982
0.9999960958364966
0.999995706422307
0.9999960037914173
0.9999960221645596
0.9999956603954336
0.9999959767541289
0.9999959556717182
0.9999956081077154
0.9999959502493578
0.9999958525258366
0.9999955262671396
0.9999958947373405
0.9999957582940131
0.9999954564813262
0.9999958423548069
0.9999956595228576
0.99999539717167
0.9999957877815983
0.9999955627182122
0.9999953199893462
0.9999957252225126
0.9999954819186017
0.9999952829512014
0.9999956796965895
0.9999953902160603
0.9999952382332654
0.9999956160510437
0.9999953034744452
0.9999952067910426
0.9999955588035071
0.9999952119316617
0.9999951688933852
0.9999954782331223
0.9999951103644827
0.9999951271217568
0.9999954364581236
0.9999950622282737
0.9999951156533443
0.9999953569251471
0.9999949408310956
0.9999950657741458
0.9999952767287469
0.9999948742787445
0.9999950308474994
0.999995197629176
0.9999947870474838
0.9999949863949433
0.9999951024131689
0.9999947019695508
0.9999949542362393
0.9999950347892583
0.9999946420011722
0.9999949409862542
0.999994953140737
0.9999945926546266
0.9999949252866991
0.9999949060384065
0.9999945603656627
0.9999948926301054
0.9999948136456815
0.999994474609123
0.9999948346493289
0.9999947258843517
0.9999944214308446
0.9999948104318616
0.999994643151355
0.9999943725749595
0.9999947540909601
0.9999945387002048
0.9999943088213784
0.9999947017895007
0.9999944479656847
0.9999942675383166
0.999994668849075
0.999994383764331
0.999994237480984
0.9999946185598559
0.9999942957503971
0.9999942068625747
0.9999945559778054
0.999994211240904
0.9999941820985567
0.999994518235585
0.9999941262659588
0.9999941343088955
0.9999944337133428
0.9999940220858354
0.9999940935038107
0.9999943683255669
0.9999939656634622
0.9999940820918088
0.9999943120905525
0.9999939141542066
0.999994058695192
0.9999942328646783
0.9999938298831675
0.9999940157337367
0.9999941430349248
0.9999937281951544
0.9999939479699189
0.9999940194270879
0.9999936130835461
0.9999938992508888
0.9999939122044171
0.9999935215664613
0.9999938282171812
0.9999937980714639
0.9999934465225531
0.999993808427893
0.9999937505856069
0.999993432713425
0.9999937881074118
0.9999936489853042
0.9999933486532853
0.9999937349580372
0.9999935699734239
0.9999933109711018
0.9999936865250988
0.9999934748812231
0.9999932276074968
0.9999936032163681
0.999993349479278
0.9999931590545839
0.9999935322629477
0.9999932323085438
0.9999930852411404
0.9999934591609184
0.9999931542118901
0.9999930737988411
0.9999934327540189
0.9999930900766456
0.9999930464170602
0.9999933689172434
0.9999929856782395
0.999993004613617
0.9999932933236984
0.9999929190559368
0.9999929825019922
0.9999932376730273
0.9999928425965935
0.9999929468120977
0.9999931613050945
0.9999927598387025
0.9999929101233722
0.9999930820594117
0.9999926775269917
0.9999928699293197
0.9999930072629585
0.9999926055963335
0.9999928514199213
0.9999929227310063
0.9999925365971731
0.9999928153718358
0.9999928455722839
0.9999924638764786
0.999992776862693
0.9999927347438451
0.9999923843058179
0.9999927261367312
0.9999926414046432
0.9999922986559722
0.9999926777397177
0.9999925833742429
0.9999922865382339
0.9999926555720119
0.9999924709166618
0.9999922022411658
0.9999925946972201
0.9999923735540859
0.9999921598511743
0.9999925441304771
0.999992291425216
0.9999920913033384
0.9999924799406026
0.9999922027682675
0.9999920417580427
