0.9999997846217943
0.9999993709160947
0.999998875309339
0.9999992750657561
0.9999997619385841
0.9999994279579498
0.999998880386921
0.9999991599178083
0.9999997408823296
0.9999995124346338
0.9999989345617617
0.9999991384890827
0.9999997151084988
0.9999994643588225
0.9999989057491663
0.9999992041538378
0.9999997163965115
0.9999993556035993
0.9999988274451163
0.9999991925547962
0.999999609097227
0.9999991686013279
0.9999986227254778
0.9999989840727196
0.9999994567489547
0.9999991057668765
0.9999985442318097
0.9999988159373989
0.99999933187287
0.9999990312580657
0.9999984125432048
0.9999986004117094
0.9999991076523477
0.9999988003201219
0.9999982057434034
0.999998465532262
0.9999989409003253
0.9999985629374258
0.9999979874829628
0.9999982706033544
0.999998690719048
0.9999982604653945
0.99999765137266
0.9999979634348253
0.9999984154880269
0.9999980405920992
0.9999974419813039
0.9999977001960819
0.9999981774408309
0.9999978243996149
0.9999971980580552
0.9999974058587389
0.999997868979067
0.9999974863409999
0.999996848159999
0.9999971097774369
0.9999975537979401
0.9999971556429855
0.9999965374818496
0.9999967986841283
0.9999972394676576
0.9999968186685031
0.9999961806609512
0.999996417164448
0.9999968255218916
0.9999964353977456
0.9999958125636658
0.9999960490982244
0.9999965104432887
0.999996141144979
0.9999955354000498
0.9999957918853608
0.999996247965447
0.999995863210589
0.9999952579103867
0.9999954696328743
0.9999959130536787
0.9999954907826265
0.9999948514302102
0.9999951142259196
0.999995590388918
0.9999951857727902
0.9999945571902492
0.9999948078989358
0.999995241729757
0.9999948169334134
0.9999941838978238
0.9999944418147445
0.9999948795048966
0.9999945045731955
0.9999938969304576
0.9999941381385764
0.9999946153078089
0.9999942488289385
0.9999936147118695
0.9999938489196057
0.9999943068811109
0.9999938866469134
0.9999932680854587
0.9999935293453159
0.9999939578875544
0.9999935725886541
0.9999929666717576
0.9999932272795694
0.9999936653442901
0.9999932877587426
0.9999926718839494
0.9999929056536093
0.9999933490113025
0.9999929562234853
0.9999923610433795
0.9999925838672048
0.9999930248064268
0.9999926420586135
0.9999920458830333
0.9999923202388415
0.9999927733055018
0.9999924444288911
0.9999918068047599
0.9999920228773306
0.999992480749282
0.9999921013496283
0.9999914652468542
0.9999917096692585
0.9999921217762223
0.9999917661090677
0.9999911778693387
0.9999914314620771
0.9999918330475007
0.9999914458207037
0.9999908253940951
0.9999910975438376
0.9999915470477407
0.9999911722307687
0.9999905619758538
0.9999908353302145
0.9999912849930535
0.9999909099380584
0.9999902969967986
0.9999905351522835
0.9999909891628156
0.9999905858713698
0.9999899595778907
0.9999901997652374
0.9999906648448846
0.9999902621742209
0.9999896650214987
0.9999899774333955
0.9999904071424909
0.9999900461286042
0.9999894333807717
0.9999896707699265
0.9999901584652127
0.999989794857296
0.9999891457145875
0.9999894259471194
0.9999898502207929
0.9999894551004015
0.9999888091095699
0.9999890931412034
0.9999895617708604
0.9999891408067231
0.9999884713503175
0.9999887291987417
0.999989172062987
0.9999887369889442
0.9999880944075723
0.9999883407703805
0.9999887393144216
0.9999883175795895
0.9999877107351525
0.9999879543088871
0.9999884331871054
0.9999880072431958
0.9999873962364098
0.9999876441475873
0.9999880840498122
0.9999876914361011
0.9999870459758361
0.9999873322667279
0.9999877379421234
0.9999873487473638
0.9999866880424277
0.9999869130143421
0.999987375901741
0.9999870278422373
0.9999864192002801
0.9999866882659609
0.9999870888576817
0.9999867194745133
0.9999860824310538
0.9999863606013024
0.99998679017869
0.9999863898788461
0.9999857924046004
0.9999860351066824
0.9999864936041751
0.9999861093687102
0.9999855266700034
0.9999857538400088
0.9999862366140028
0.999985817399776
0.9999851763798888
0.9999854202930114
0.9999859274391978
0.999985556943799
0.9999849164587193
0.9999850911714404
0.9999855405593362
0.999985182637945
0.9999844909097689
0.9999847053277084
0.9999851458471198
0.9999847307338665
0.9999841575129164
0.9999844084634787
0.9999848270248515
0.9999843800309658
0.9999837560134678
0.9999839250669126
0.9999843469893762
0.9999840044582553
0.9999833581416139
0.9999835987526785
0.9999840563487633
0.9999836339250104
0.9999830065285233
0.9999832273686832
0.9999836920765359
0.9999832581292137
0.9999826499122423
0.9999828566393318
0.9999833419862674
0.9999829321846216
0.9999823845557578
0.9999827034474154
0.9999831423285449
0.9999828083023352
0.9999821820369224
0.9999825151020911
0.9999829509910343
0.9999825386701628
0.9999819899438738
0.999982215213837
0.9999826653219306
0.9999823101089834
0.9999816929703915
0.9999819177825078
0.9999823399179931
0.9999819629308124
0.999981358626683
0.9999816408574301
0.9999820658764871
0.9999816179177561
0.9999810320063888
0.9999813099235086
0.9999818110933353
0.9999814584447071
0.9999808231968264
0.9999810987067629
0.9999814647795234
0.9999810540929088
0.9999804225866484
0.9999807028548853
0.99998113133844
0.9999807189685698
0.999980108205
0.9999803055200319
0.9999807640271526
0.9999803323888335
0.9999797787297201
0.9999799373649702
0.9999802958383811
0.9999798461894868
0.9999792272544771
0.9999794969915105
0.9999799805910728
0.9999796385364083
0.9999790578016363
0.9999793441041809
0.999979832459089
0.9999795166275973
0.9999789713978542
0.9999792730815158
0.9999797133622038
0.9999792865454978
0.9999787104859158
0.9999789278052112
0.9999793330374044
0.999978908305086
0.9999783036853752
0.9999785345927825
0.999978996510931
0.9999786251646454
0.9999780578597138
0.9999783060748775
0.9999788155570178
0.999978336318672
0.9999777220900566
0.9999779064713942
0.9999784061546091
0.9999780917456677
0.9999774220803157
0.9999776299368772
0.9999780945827812
0.9999776775575225
0.9999770544247875
0.999977259368935
0.9999777534537
0.9999774254976131
0.999976850700402
0.9999771194740517
0.9999775670886978
0.9999771421388746
0.9999764924561103
0.9999766621786175
0.9999770957795624
0.9999765867909098
0.9999760062557231
0.9999762072162552
0.9999765255798407
0.999976120125202
0.9999755544069644
0.9999758101604532
0.9999762428288451
0.999975845482278
0.9999752951078524
0.9999755858672579
0.9999760640730895
0.9999756104410371
0.9999750558057298
0.9999753069446533
0.9999757184193523
0.9999753205580925
0.9999747190901317
0.9999749756019379
0.9999755063126308
0.9999750153509065
0.9999745110889254
0.9999747629686946
0.9999751596051907
0.9999747766919734
0.9999741868006189
0.9999744492089082
0.9999748692714523
0.9999745166003486
0.9999738711910755
0.9999741606899605
0.9999745943200129
0.9999740990548142
0.9999734664275652
0.999973747422792
0.9999741504325638
0.9999737590649932
0.9999731561281272
0.9999733772633123
0.9999738297532866
0.999973442154115
0.9999727776656636
0.9999730158671739
0.9999733956916945
0.9999729630099535
0.9999723709710985
0.9999726412732887
0.9999731323650819
0.9999726936441594
0.9999720140576621
0.9999722912708904
0.9999726474048393
0.9999722326824909
0.999971600688727
0.9999718262380591
0.9999723018108657
0.9999718715620853
0.9999711932852539
0.9999714159939159
0.9999718653142784
0.9999714110984106
0.9999707586838891
0.9999710773034381
0.9999715210898259
0.9999711303106981
0.9999705768270656
0.9999707930584262
0.9999712101117888
0.9999707928311686
0.9999701929515881
0.9999704017029282
0.9999708702949418
0.9999704322742012
0.9999698529233204
0.9999701637091166
0.9999706520823568
0.9999702801844902
0.9999697200836525
0.999969906801347
0.9999702960296113
0.9999698932806484
0.9999692406187917
0.9999694675183066
0.9999698763416918
0.999969350399735
0.9999687605654546
0.9999690378233023
0.999969541354305
0.999969176261743
0.9999685275160404
0.9999687691228079
0.999969163878737
0.9999687256005148
0.9999681541529073
0.9999684134698577
0.9999688773617931
0.9999684799900463
0.99996784145203
0.9999681001658598
0.9999685759969567
0.9999681096277448
0.9999674618338267
0.9999676888252023
0.9999680688734117
0.999967688373888
0.9999671639997928
0.9999673738145769
0.9999677585194172
0.9999672992323767
0.9999666800620614
0.9999668743324374
0.9999673162223356
0.9999669455074082
0.9999663043685391
0.9999666154134981
0.9999670529560015
0.9999667125612343
0.9999661126894018
0.9999664017015868
0.9999669393082962
0.9999664727672127
0.9999657730501436
0.9999660355679564
0.9999665079161408
0.9999660524366351
0.9999654540011749
0.9999657886858372
0.9999661799478078
0.9999657691233347
0.9999650998082915
0.9999653897205316
0.9999657434635704
0.9999652249944926
0.9999646688382031
0.9999649406650405
0.9999653713542507
0.9999649737222946
0.9999644202482498
0.9999646100812184
0.9999650992140523
0.9999647653837003
0.9999641122052081
0.9999642456467059
0.9999646905990927
0.9999642844939519
0.9999636802756653
0.9999639587088841
0.9999643578503425
0.999963991409877
0.9999633419925095
0.9999635545135679
0.9999640370392152
0.9999637166371678
0.9999632067305473
0.9999634585899604
0.9999639210126038
0.9999634651330565
0.9999628093905258
0.9999630447626239
0.9999634587079155
0.9999630591585636
0.9999624208290318
0.9999627106165503
0.9999631779506012
0.9999628081186579
0.9999622360182915
0.9999624861046201
0.999962915594362
0.9999625567943135
0.9999619747079651
0.9999621176727764
0.9999625322853424
0.9999621579035575
0.9999615567339535
0.9999616841126295
0.9999622300013306
0.9999616889004321
0.9999610201470253
0.9999612708074411
0.9999617273447929
0.9999614329642613
0.9999608976514409
0.9999611501848238
