0.9999998885790247
0.9999995343816908
0.9999996030002368
0.9999998774852907
0.9999994864597939
0.9999996854249393
0.9999998351769699
0.9999994586822722
0.9999997703072763
0.9999997632153765
0.9999994610627085
0.9999998391714174
0.9999996762550044
0.9999994921464328
0.9999998782163937
0.9999995928452982
0.9999995403722908
0.9999998864748816
0.9999995259317528
0.9999995928549843
0.9999998729334886
0.9999994794327774
0.9999996432899847
0.9999998480626422
0.9999994509544089
0.9999996918321491
0.9999998167311556
0.9999994368927703
0.9999997404488282
0.999999775681437
0.9999994348620871
0.9999997901909575
0.9999997212862795
0.9999994483453446
0.999999835006721
0.9999996495109595
0.9999994824848607
0.9999998673041675
0.9999995711815947
0.9999995437555618
0.9999998733944836
0.9999995006032399
0.9999996249236249
0.9999998446774255
0.9999994518116208
0.9999997082875289
0.9999997838142921
0.9999994296790763
0.9999997737937334
0.9999997031031912
0.9999994282188682
0.999999811384864
0.9999996212602956
0.9999994413544986
0.9999998277500558
0.9999995528173854
0.9999994685479197
0.9999998350294497
0.9999995008158973
0.999999507538494
0.9999998330727579
0.9999994582930097
0.9999995534142542
0.999999815259476
0.9999994169873819
0.9999996035772996
0.9999997726126647
0.9999993795946245
0.9999996575536624
0.999999705613053
0.9999993625042612
0.9999997163484615
0.9999996224455943
0.9999993761147651
0.9999997650790919
0.9999995311936286
0.9999994224338481
0.9999997875257197
0.9999994463768732
0.9999994850987785
0.9999997689226284
0.9999993713116254
0.999999539783758
0.9999997115301762
0.9999993138203416
0.9999995813187148
0.9999996409964972
0.9999992787718974
0.9999996158276905
0.9999995735646747
0.9999992709684078
0.9999996483796344
0.9999995140104596
0.9999992828175557
0.9999996742948816
0.9999994532042492
0.999999303162222
0.9999996819188288
0.9999993781077551
0.9999993252994154
0.9999996618922591
0.9999992922097988
0.9999993619323311
0.9999996203521156
0.9999992195963114
0.9999994209579214
0.9999995625127747
0.9999991842255822
0.9999994935001746
0.9999994823190762
0.9999991749643729
0.9999995472748548
0.9999993860674461
0.9999991894552877
0.9999995680234488
0.9999992801190883
0.9999992000038411
0.9999995430282357
0.999999177218375
0.9999992183985859
0.9999994976790336
0.9999990980330254
0.999999245157605
0.9999994521524245
0.9999990523208924
0.9999992885801876
0.9999994057385774
0.9999990232400078
0.9999993270747156
0.9999993426689756
0.9999989991955398
0.9999993500989554
0.9999992473265271
0.9999989737752205
0.9999993507259916
0.9999991347366647
0.9999989706250222
0.9999993421657428
0.9999990244169096
0.9999989965994532
0.999999316270731
0.9999989383346799
0.9999990561672998
0.9999992752278597
0.9999988766898953
0.9999991136272331
0.9999991900811546
0.9999988184780622
0.9999991384537824
0.9999990766269744
0.9999987790687923
0.9999991521996316
0.999998967889416
0.9999987547663775
0.9999991279674709
0.9999988519759416
0.9999987480357186
0.9999991122975017
0.99999877815895
0.9999987782788771
0.9999990904239918
0.99999870558492
0.9999988059124958
0.9999990423825235
0.9999986276222397
0.9999988192383259
0.9999989588551638
0.999998565259256
0.9999988490917828
0.9999988569832587
0.9999985062801583
0.9999988547036375
0.999998738622899
0.9999984897323929
0.9999988744496843
0.9999986323191169
0.9999985158933543
0.9999988760300336
0.9999985300385638
0.9999985462791093
0.9999988310087322
0.9999984222315249
0.9999985635800211
0.9999987415386092
0.9999983326124637
0.9999985695000464
0.9999986397659499
0.9999982587423694
0.9999985735419396
0.9999985279977295
0.9999982113124498
0.9999985751969125
0.9999984367932421
0.9999981986810073
0.9999985850147446
0.9999983389789462
0.999998193163746
0.9999985572630072
0.9999982364736516
0.9999981935641975
0.9999985052604397
0.9999981102990384
0.9999981932204028
0.9999984191746102
0.9999980053289371
0.9999982137553983
0.9999983393967249
0.999997944644969
0.9999982458906402
0.9999982273263873
0.999997901113859
0.9999982665176984
0.9999981168244252
0.999997892912592
0.999998267072368
0.9999979983438718
0.9999978934478182
0.9999982428884963
0.9999978873351545
0.999997899948839
0.9999981785423255
0.9999977800685724
0.9999979039197496
0.9999981141476573
0.999997702147277
0.999997918491584
0.9999980160522546
0.9999976310996291
0.9999979333202826
0.9999979242236869
0.9999975741118143
0.999997921720608
0.999997787199571
0.9999975310921182
0.9999978961124621
0.9999976496781274
0.9999974960222588
0.9999978581245008
0.9999975251619706
0.9999975026297291
0.9999978021400843
0.9999974138706926
0.9999975173552492
0.9999977333364077
0.9999973241207982
0.9999975384461224
0.999997623933691
0.9999972419733071
0.9999975520734488
0.99999751770941
0.9999971897533267
0.9999975313218825
0.9999973596114164
0.999997110763101
0.9999974892784539
0.9999972220250727
0.9999970955701276
0.9999974464431317
0.9999971034774927
0.9999971008610223
0.999997397879241
0.9999970034843847
0.9999971051012492
0.9999973211637949
0.9999969004799041
0.9999970952486836
0.9999972097160286
0.9999968159259445
0.9999971106820392
0.999997105223352
0.9999967606094067
0.9999971207746623
0.9999969930448782
0.9999967446732885
0.9999971151468389
0.9999968600271754
0.9999967231115834
0.9999970621064902
0.9999967019941799
0.9999966943640348
0.9999969786534614
0.9999965735331542
0.9999966883013636
0.9999968867246639
0.9999964725219112
0.9999966969374219
0.9999967797583257
0.9999964018918444
0.9999967089531802
0.9999966895536573
0.9999963423135738
0.999996682394556
0.9999965353860227
0.9999963000785936
0.9999966655117698
0.9999964104171383
0.9999962610155809
0.9999966094686475
0.9999962770737932
0.9999962648406666
0.9999965699022549
0.9999961820852623
0.9999962847973197
0.9999965043985047
0.9999960976170907
0.9999963075561588
0.9999964021054029
0.9999960036304579
0.9999963026608083
0.9999962779155174
0.9999959574452632
0.999996303070625
0.9999961515495042
0.999995908765565
0.9999962805379206
0.9999959985007049
0.9999958852537049
0.9999962376126756
0.999995902010486
0.999995902043253
0.9999961909995586
0.9999957766953934
0.9999958909427266
0.999996096383682
0.9999956915336803
0.9999959049432515
0.9999959974809747
0.9999956013672086
0.9999958951428051
0.9999958677524381
0.9999955316981163
0.9999958924756848
0.9999957615368644
0.9999955154969102
0.9999959042108637
0.999995644525203
0.9999955060479638
0.9999958556034926
0.999995528845816
0.9999955112968291
0.9999958149043102
0.9999954250330833
0.9999955522098387
0.9999957656927841
0.9999953433679885
0.9999955506287747
0.9999956297856278
0.9999952253726386
0.9999955390014209
0.9999955064946159
0.99999519239353
0.9999955563373312
0.9999954034612408
0.9999951600566894
0.9999955274621256
0.9999952721819985
0.9999951552325806
0.9999954879798673
0.9999951511891738
0.9999951433436919
0.9999954357398257
0.9999950399947605
0.9999951424222528
0.999995359129403
0.9999949365840131
0.9999951565641959
0.9999952591977687
0.9999948677111844
0.9999951650730539
0.9999951506846276
0.9999948100791668
0.999995163482707
0.99999500919196
0.9999947579460194
0.9999951204386435
0.9999948529122005
0.9999947033553727
0.9999950517019826
0.9999947023125755
0.9999946893611823
0.9999949693209663
0.9999945643732286
0.9999946992999492
0.9999949020460707
0.9999944768383979
0.999994719447725
0.9999948147339979
0.9999944184657239
0.9999947185216033
0.9999946893569224
0.9999943543009494
0.9999947007625367
0.9999945496333082
0.9999943089584821
0.9999946834731218
0.9999944138773115
0.9999942716449906
0.9999946081838987
0.9999942668603489
0.9999942421193084
0.9999945404227005
0.9999941425456732
0.9999942389565034
0.9999944564603684
0.9999940388337054
0.9999942516019178
0.9999943601392395
0.9999939672051407
0.9999942586530055
0.999994238078835
0.9999939042303098
0.9999942680661125
0.9999941376816232
0.9999938790601017
0.9999942536074029
0.999993987038842
0.9999938538325412
0.9999942135985435
0.9999938725188303
0.9999938645043748
0.999994158352689
0.9999937375058036
0.9999938427811353
0.9999940450107441
0.9999936497676142
0.9999938828095233
0.9999939719038182
0.999993580652683
0.9999938902623866
0.9999938734474169
0.9999935281816648
0.9999938881238404
0.9999937225375838
0.999993480232767
0.9999938426347149
0.9999936027237307
0.9999934602084919
0.9999938116093962
0.999993459002268
0.999993438291476
0.9999937552127018
0.9999933475072816
0.9999934531441199
0.9999936508306068
0.9999932416088684
0.9999934412382574
0.9999935211037054
0.9999931301358663
0.9999934264766828
0.9999934036231393
0.9999930479312278
0.9999933832640002
0.9999932434504749
0.9999929962048464
0.9999933700533506
0.9999931249430457
0.9999929884019311
0.9999933395360543
0.9999930011327296
0.999992983454652
0.9999932830134897
0.99999287248348
0.9999929686105402
0.9999931946984061
0.9999927590081185
0.9999929564063662
0.9999930430017753
0.9999926640853287
0.9999929685054793
0.9999929419232557
0.9999926087673261
0.9999929474652327
0.9999927921458094
0.9999925476864988
0.9999929323794735
0.9999926765260971
0.9999925319517229
0.9999928758786353
0.9999925391799819
0.9999925321663621
0.9999928298937666
0.9999924466794733
0.999992568511722
0.9999927867474473
0.9999923513891653
0.9999925737472006
0.9999926845389951
0.999992291663333
0.9999925817913676
0.9999925705697167
0.999992240009437
0.9999926023484015
0.999992458762459
0.9999922096525126
0.9999925937901546
0.9999923256898082
0.9999921899906387
0.9999925530355706
0.9999922120458572
0.9999922203684712
