0.9999991964660304
0.9999987055942732
0.9999975414510958
0.9999965173748042
0.9999964133218397
0.9999973258921263
0.9999985744179146
0.9999992647376005
0.999998911548728
0.9999977140766659
0.99999641183988
0.999995821427114
0.9999962556796012
0.9999973702965941
0.9999984703807757
0.9999989497797682
0.9999985448303924
0.9999974561606111
0.9999962806333874
0.9999957507273509
0.9999962198073756
0.9999974196788379
0.999998568409436
0.9999989383478042
0.9999982957595247
0.9999970266492269
0.9999960140491357
0.9999959669175916
0.9999968497258949
0.9999980119715454
0.9999986151011404
0.9999982658566534
0.9999970967128184
0.9999957510481352
0.9999949932277727
0.9999952446838318
0.9999963111062047
0.9999975279705448
0.999998158942853
0.9999978513002814
0.9999967246131187
0.9999954476643141
0.9999948585695291
0.9999952927611242
0.9999964322926185
0.9999974734922294
0.9999977074920889
0.9999969333062472
0.9999955867731094
0.9999944770566686
0.999994270743869
0.9999950569749109
0.9999962354338802
0.9999970043535774
0.999996909080011
0.9999959090560605
0.9999945754891215
0.999993686998939
0.9999937854708362
0.9999947535369312
0.9999959101906389
0.999996530636748
0.999996173119449
0.9999950176312649
0.9999936684372165
0.9999930339310366
0.9999934168052618
0.9999945154617977
0.9999955576873335
0.9999958371770801
0.9999951538952
0.9999938500840799
0.999992656998339
0.9999923464364772
0.9999930507044386
0.9999942164258918
0.9999950829530029
0.9999950561930679
0.9999941495186458
0.9999928050297759
0.9999918026718523
0.9999917777824829
0.9999927231704011
0.9999938887178802
0.9999945261889542
0.9999942229151918
0.9999930697510536
0.9999917257643288
0.9999910277705423
0.9999913697422012
0.9999924422282802
0.9999935392000592
0.9999939194460903
0.999993300318477
0.9999920052696298
0.9999907935998777
0.9999903425631844
0.9999909492228111
0.999992137396952
0.999993073127008
0.9999931830549341
0.9999922954257994
0.9999909266313025
0.9999899065420603
0.9999898459257202
0.999990747637224
0.9999919025241101
0.9999926391919596
0.9999924540812646
0.9999913727869962
0.9999899956234434
0.9999892304934542
0.9999894667136877
0.999990501005399
0.9999915719615649
0.9999920406102891
0.9999915185020356
0.9999902659725843
0.9999890050975166
0.9999885125653694
0.9999890596513731
0.9999902420067439
0.9999912139540993
0.9999913743827433
0.9999905703409283
0.9999892173855974
0.9999881586764483
0.999988011032907
0.9999887928591749
0.9999900027131621
0.999990755845958
0.9999906342821935
0.9999895611548053
0.9999882288171129
0.9999874043087826
0.9999875609017935
0.9999885357863336
0.9999896692778787
0.9999901685646364
0.9999897238805278
0.9999885124036845
0.9999872038915962
0.9999866307534115
0.9999871419018324
0.9999882683035554
0.9999893354427679
0.9999895597864726
0.9999888338175302
0.9999875100421314
0.9999863513356767
0.9999861134637732
0.9999868598585832
0.9999880460247786
0.9999889119875575
0.9999888239481513
0.9999878013942177
0.9999864229779438
0.999985530865866
0.9999856429458904
0.9999866185053995
0.9999877662880323
0.9999883137806057
0.9999879203881855
0.9999867234943071
0.9999854052976447
0.9999847587974227
0.9999851528867152
0.9999863007401796
0.9999873897475496
0.9999876734603707
0.9999869979787914
0.9999857137274246
0.9999845285264181
0.9999842391267623
0.9999849225385282
0.9999861084263628
0.9999869932698962
0.9999869589206599
0.9999860397471972
0.9999847395777416
0.9999837637374266
0.9999837431429903
0.9999846333019925
0.9999857948678434
0.9999864462287115
0.999986140947094
0.9999849574726412
0.9999836416202065
0.9999829666499156
0.9999832750145529
0.9999843209018817
0.9999853971463792
0.9999857962761668
0.9999851782217573
0.9999838892968674
0.999982663528084
0.9999822390394751
0.9999828521946473
0.9999839543708275
0.999984875068846
0.9999849588318059
0.9999840938386177
0.9999827770759641
0.9999817974827452
0.9999817469798671
0.9999826016153228
0.99998374207889
0.9999844365376532
0.999984193726411
0.9999830693008565
0.9999817192031859
0.9999809707689383
0.9999812336117694
0.9999823657305043
0.9999834769939303
0.9999839425406162
0.9999834555980239
0.9999821976382157
0.9999809216048324
0.9999804589989492
0.9999810104063256
0.9999821332214882
0.9999831058497383
0.9999832762344463
0.9999824428825014
0.9999811374392397
0.9999800717366347
0.9999799681033781
0.999980754158947
0.999981967241814
0.9999828031179446
0.9999826395546105
0.9999816433421438
0.999980286763383
0.9999794904546309
0.9999796270880968
0.9999805430488954
0.9999816636906558
0.9999822459573761
0.9999817393003194
0.9999805454846549
0.9999792859072902
0.9999787367592291
0.9999792608639735
0.9999803692776442
0.9999813692492028
0.9999816637508914
0.9999809420590688
0.9999796772106411
0.9999785056987887
0.9999782609096282
0.9999790034488314
0.9999801846054002
0.9999810271657871
0.9999808996094951
0.9999799199311238
0.999978564938806
0.9999776580639969
0.999977722667939
0.9999787095752436
0.9999797884748188
0.9999803415514931
0.9999800069174629
0.9999788099386324
0.9999774826351198
0.9999768826992811
0.9999772618815395
0.999978404595342
0.9999795117673768
0.9999798526502647
0.999979213360225
0.999977888356171
0.999976663690325
0.9999763751183659
0.9999770499412605
0.9999782562887496
0.9999791318676794
0.9999792163021155
0.9999782950645365
0.9999770291952899
0.9999759949485643
0.9999760257935792
0.9999769771539586
0.9999781200158306
0.9999787835624807
0.9999784881145247
0.9999773352677307
0.9999759683043553
0.999975255757045
0.9999756061001779
0.9999766515771702
0.9999776867493996
0.9999780834846353
0.999977453997564
0.9999761878171347
0.9999749646450982
0.9999745966567335
0.9999752525097634
0.9999764289211293
0.9999773199818837
0.9999773926225606
0.999976506475692
0.999975164522893
0.9999741494939078
0.9999741698792326
0.9999749889635228
0.9999762154220964
0.9999769195939407
0.9999766539547514
0.9999755786411348
0.9999742017136058
0.9999734609052041
0.9999737370489766
0.9999747880975661
0.999975865062969
0.9999763959809996
0.999976014571845
0.9999747064940938
0.9999734466973812
0.9999729677439214
0.9999735167731235
0.9999747264583815
0.9999757072579889
0.9999759083941447
0.9999750952549413
0.9999737176487614
0.9999726697534288
0.9999725254199224
0.9999733383669832
0.99997447190527
0.9999752321214626
0.9999751310479955
0.9999741128508229
0.9999727279190329
0.9999718959836066
0.9999721232977137
0.9999732106723254
0.999974343821671
0.9999749072378271
0.9999744601443846
0.9999732536393124
0.9999719769029992
0.9999714089701379
0.9999719556733629
0.9999730151470188
0.9999740628185858
0.9999742737283793
0.9999735413731763
0.9999722499773342
0.9999710962198771
0.9999708483377298
0.999971533700592
0.9999726917075783
0.9999734761098878
0.9999733920366377
0.9999723264220486
0.9999709074193319
0.9999700668913196
0.9999701886176909
0.9999711338564086
0.9999723693238689
0.9999729351610562
0.9999726296644448
0.999971529882022
0.9999702331733564
0.9999695754672181
0.9999700719298005
0.9999711019489618
0.9999721398695653
0.9999724655079755
0.9999717450630952
0.9999704170019189
0.9999692177400937
0.9999688832596889
0.9999695913001008
0.9999707361854955
0.9999715921632932
0.9999715562892453
0.9999706581918424
0.9999692577453457
0.999968327993297
0.9999683671262408
0.9999692417435101
0.9999703767394063
0.9999709887246263
0.9999706793607885
0.999969563810252
0.9999682317298692
0.9999674749257477
0.999967827071607
0.9999689411463724
0.9999700194041502
0.9999703540960534
0.999969753197341
0.9999684516224635
0.9999672880761451
0.9999668626578854
0.9999674981397138
0.9999686781308039
0.9999695979655737
0.9999696461697964
0.9999687767070954
0.9999673067735626
0.9999662681559712
0.9999661926988052
0.9999670861833778
0.9999682695795437
0.9999690879403821
0.999968778131022
0.9999676900611236
0.9999664124768521
0.9999656913169487
0.9999658686462597
0.999966968035843
0.9999681084753842
0.9999686012318081
0.9999681229750969
0.999966918141892
0.9999656253528008
0.9999652075918799
0.999965726941231
0.9999669087774832
0.9999677742220874
0.9999679918949848
0.9999671166799677
0.9999657044827284
0.9999646296202304
0.9999644074508462
0.9999651946016554
0.9999662932207934
0.9999671212875728
0.9999670410553319
0.9999660582861213
0.9999648463333488
0.9999640618189143
0.9999642109612619
0.9999652948799345
0.9999663666165887
0.9999668193866259
0.9999664239577105
0.9999651780846277
0.9999639206007204
0.9999634670689088
0.9999639517145588
0.9999651095939224
0.9999661117594744
0.9999663981109511
0.999965599104984
0.9999642655308569
0.9999631203725408
0.9999628074221578
0.9999635216694083
0.9999647481001782
0.9999655009837564
0.9999654463336773
0.9999643914013551
0.9999629783081342
0.9999620030776344
0.9999620700705042
0.9999630255394063
0.9999642046180833
0.9999647708328944
0.999964449711747
0.9999633315837553
0.9999620826338602
0.9999615416212386
0.9999619741592595
0.9999630532806068
0.9999640594969462
0.9999643718104447
0.9999636600447839
0.999962355718459
0.9999612252266917
0.999960916817344
0.999961497901791
0.9999626847511893
0.9999635869458633
0.9999635691559565
0.9999626129891938
0.9999612520483522
0.9999602652792962
0.9999602301520192
0.9999611413415375
0.9999622967226548
0.9999630151238644
0.999962722372027
0.9999615679669412
0.9999601697368329
0.999959456892925
0.999959842782441
0.9999609093105215
0.9999619819326052
0.9999623938116092
0.9999618266582367
0.9999605977648773
0.999959523719965
0.9999591872033715
0.9999598403358357
0.9999609898159795
0.9999618923741537
