0.9999998372454817
0.999999437005095
0.9999992537176812
0.9999997637265657
0.9999996541090896
0.9999992315671166
0.9999995881890328
0.999999796864561
0.9999992968585276
0.9999993470544724
0.9999998026156234
0.9999994532212976
0.9999991299240115
0.9999995695857481
0.9999996792043649
0.9999991742987684
0.9999992355522296
0.9999997192932816
0.9999994209530506
0.999999041163622
0.9999994296756687
0.99999954659044
0.9999990130888783
0.9999990903473877
0.9999995153841742
0.9999991183449328
0.9999988846127476
0.9999993497372583
0.9999992304289281
0.9999987202220025
0.9999989452740047
0.9999991831295876
0.999998648248018
0.9999984951317662
0.9999989689137632
0.99999877761877
0.9999983129196393
0.9999985907716379
0.9999988500197817
0.9999983242941761
0.9999981544035126
0.9999985783216928
0.9999983223755508
0.9999978695445005
0.9999981830660138
0.9999983399174064
0.9999978091019566
0.9999978044679844
0.9999982162103078
0.999997825749749
0.9999974370247922
0.9999978229681893
0.9999978305269702
0.999997238909008
0.9999973082581938
0.9999976598798356
0.9999972140659703
0.99999689991584
0.9999972794893194
0.9999972155506723
0.9999966328560188
0.9999967535133517
0.9999970678159747
0.9999965706256576
0.9999963117603996
0.9999967625758118
0.9999965858978537
0.9999960854591848
0.9999963269423081
0.9999965693113048
0.9999959937552103
0.9999958509932826
0.9999962658619228
0.9999959706949458
0.9999954918183891
0.9999957942078194
0.9999959324356901
0.9999953730533444
0.9999953138110367
0.9999957335723931
0.9999953817231457
0.9999949725213162
0.9999953504280947
0.9999954281816263
0.9999948535148792
0.999994844499709
0.999995227825824
0.9999948003113064
0.9999944372116005
0.9999948207940473
0.999994783618957
0.9999942161196227
0.9999943326926881
0.9999946319232695
0.9999941373512575
0.9999938827462893
0.9999943069180492
0.9999941916040392
0.999993623612718
0.999993823997256
0.999994055727011
0.9999935444470365
0.999993367252743
0.9999938246465535
0.9999935706616712
0.9999930993619901
0.9999933445664669
0.9999935389278728
0.9999929601461783
0.9999928714031207
0.9999933409928905
0.999992993782001
0.9999925461337791
0.9999928841354021
0.9999929502262107
0.999992390493808
0.9999923621113926
0.9999927594442497
0.9999923671322309
0.9999919824700655
0.9999924020591502
0.9999924220208573
0.9999918745032386
0.9999919533208147
0.9999922657061052
0.9999918167063444
0.9999915373833117
0.9999919820226943
0.9999918180941956
0.9999912747419291
0.9999914281362074
0.9999917486316365
0.9999912397774019
0.9999909860239256
0.9999914411559782
0.9999912381839146
0.9999907698886771
0.99999097877509
0.9999911841493028
0.9999905923730359
0.9999904568018234
0.9999909202329055
0.999990617673251
0.9999901617326402
0.9999904968657672
0.9999906117649328
0.9999900334462769
0.9999900398958539
0.9999904342238368
0.9999900513165114
0.9999896650166911
0.9999900080921607
0.9999900138461958
0.9999894593864589
0.9999894589084254
0.9999898110408647
0.9999893557746428
0.9999890349368877
0.9999894565475408
0.9999893871871095
0.9999888273609226
0.9999889666953633
0.9999893118444775
0.9999888277376515
0.9999885957690665
0.9999889923246891
0.9999888691109836
0.9999883444494561
0.9999886183175068
0.9999889020211993
0.9999883594564722
0.9999882282073345
0.9999886632191146
0.9999884210515395
0.9999879384661624
0.9999882474882218
0.9999883918729477
0.9999878201922793
0.9999877989076031
0.9999882066617507
0.9999878693703359
0.9999873940649335
0.9999877041254323
0.9999877292937192
0.9999871660708637
0.9999871966373367
0.9999875631917752
0.9999870947637589
0.9999867238206388
0.9999870977613419
0.9999870512972855
0.9999864742291009
0.9999865683210055
0.9999869268292152
0.9999864398287461
0.9999861374228961
0.9999865098086541
0.9999863744730819
0.9999858258311906
0.9999860212816106
0.9999862749016535
0.9999857147327542
0.9999855260749391
0.9999860018847654
0.9999857477764109
0.9999852414808483
0.999985507168954
0.9999856583494265
0.999985046830327
0.999985010415264
0.9999853994825
0.9999851128016525
0.9999846899471269
0.9999849917736363
0.9999850485952927
0.9999845423214043
0.9999845053481476
0.9999849090469046
0.9999845610422574
0.9999842035962679
0.9999845621603506
0.999984529621849
0.9999839718465178
0.9999840720614487
0.9999843311753506
0.9999838601682354
0.9999835516672606
0.999983930870083
0.9999839003266046
0.9999833581798245
0.9999835451882262
0.9999837960093966
0.9999832505995739
0.9999830493544533
0.9999834486630592
0.9999832702860052
0.9999827805287835
0.9999830301611701
0.999983233449085
0.9999826614437107
0.9999825291182458
0.9999829918332248
0.9999827799682878
0.9999823314487839
0.9999826252287851
0.9999827224602615
0.9999821619778301
0.9999821423581958
0.9999825043434284
0.9999821571409631
0.9999817254815623
0.9999821010347306
0.9999821255024265
0.9999815659165672
0.9999816301150275
0.9999819169958708
0.9999814720620732
0.9999811495813451
0.9999815815022317
0.9999815261728578
0.9999809701657794
0.9999811341838347
0.999981494748876
0.9999809691728178
0.9999807456331758
0.9999811842749317
0.9999810244412459
0.9999804810612304
0.9999807696089208
0.9999809774991177
0.9999804677038622
0.9999803360977558
0.999980716784867
0.9999804810254013
0.9999800110958584
0.99998032805257
0.9999805061353193
0.9999799494546182
0.9999798507913257
0.9999802159812694
0.9999798991772095
0.9999795012963297
0.9999798356333549
0.999979920635781
0.999979375969211
0.9999793692268822
0.9999796966972853
0.9999792876354676
0.9999789413345128
0.9999793358837917
0.9999793596244713
0.9999788779763787
0.9999790165759093
0.9999793457267494
0.9999788556775902
0.9999785655918761
0.9999789103754347
0.999978885701378
0.9999783518591541
0.9999785961601456
0.9999788629968973
0.9999783612098284
0.9999781797210328
0.9999787186550105
0.9999784232225017
0.9999779483475041
0.9999781278235718
0.999978280695632
0.999977672701272
0.9999775151516767
0.9999779577674738
0.9999776575474079
0.9999772375511032
0.9999775630452259
0.9999775571052162
0.9999770282025111
0.9999771025019307
0.9999775438145033
0.999977142747142
0.9999766750734617
0.999976994519978
0.9999769965719676
0.9999764289714556
0.9999765736801415
0.999976923149804
0.9999764955548976
0.999976218687023
0.9999766784494751
0.9999765130202866
0.9999760351783236
0.999976179316594
0.9999764541552119
0.9999759147340594
0.9999756749414013
0.9999761385412625
0.9999759171031325
0.9999753353843386
0.9999755657598698
0.9999757052170933
0.9999752248940112
0.999975147313606
0.99997552995289
0.9999752606646156
0.999974824739283
0.9999751142156099
0.999975240090848
0.9999746499553221
0.9999746206783063
0.9999750184364958
0.9999746298646653
0.9999742045273329
0.999974574905829
0.9999746586189996
0.9999741016376313
0.9999741566297597
0.9999746059661239
0.9999741306485276
0.9999738615416466
0.9999742251228648
0.999974140037997
0.9999736046583897
0.9999737105294952
0.9999740141758722
0.9999735476895522
0.9999732914147288
0.9999737905953997
0.9999735975035904
0.9999729936930118
0.9999732573997566
0.999973567728513
0.9999730601827487
0.9999729181489821
0.999973316461433
0.99997304525671
0.9999725571813556
0.9999728411753985
0.9999730060219083
0.9999724255554551
0.9999724057040952
0.9999728958546632
0.9999725828777393
0.9999722190042782
0.9999725479891232
0.9999726453236831
0.9999720475397867
0.9999720923383483
0.9999725209382097
0.9999720607935563
0.9999716941449496
0.9999720633908229
0.9999720170992002
0.9999713978068017
0.9999714631667689
0.9999718475360657
0.9999714056263547
0.9999711356787541
0.9999715647698958
0.9999714190792116
0.999970819892174
0.9999709817598937
0.9999712923992633
0.999970833321033
0.9999705565327868
0.9999711077355617
0.9999707996143367
0.9999703555062192
0.999970607035318
0.999970775097191
0.9999702152799432
0.9999701152202509
0.9999704957870149
0.999970084104358
0.9999696166990075
0.9999699347275851
0.9999699908461436
0.9999693829823769
0.9999693700278298
0.9999698048614476
0.9999693694895689
0.9999689545483763
0.9999693179179165
0.9999693239408961
0.9999687730602537
0.9999688464717761
0.9999692099439752
0.9999687837596956
0.9999684490037756
0.9999687417068939
0.9999686627571046
0.9999681374182564
0.9999683599178832
0.9999687285602853
0.9999682268207725
0.9999679561037489
0.9999685037233179
0.9999683911474535
0.9999678969483543
0.9999682036009871
0.9999684401649336
0.9999677841302512
0.9999677668696153
0.9999682214890517
0.999967896895576
0.9999674844082744
0.999967884489024
0.9999679175978392
0.9999673530722859
0.9999673600120293
0.9999677260401042
0.999967362757821
0.9999670189817782
0.99996742093522
0.9999675237995228
0.9999669850030493
0.9999671427201017
0.9999674601820596
0.9999670651074035
0.9999667782527482
0.9999671777736251
0.9999671357835995
0.9999665607237045
0.9999666273092442
0.9999669712745027
0.9999665278792026
0.9999662537920984
0.9999667054816161
0.9999666136020959
0.9999661349250832
0.9999664140055733
0.9999667073729043
0.9999662018095685
0.9999659542736419
0.9999663508473708
0.9999660757198678
0.9999656162388495
0.9999659006481217
0.9999660986512118
0.9999654556964411
0.9999654340651988
0.9999658978435375
0.9999654876003495
0.9999650221894412
0.9999654534043794
0.9999655569151182
0.9999650126047099
0.9999649970094837
0.9999653893851163
0.999965011434726
0.9999646489785485
0.9999651409862302
0.9999651016443648
0.9999644968750586
0.9999647555396993
0.9999651844973353
0.9999647105822684
0.9999644451420583
0.9999648786464872
0.9999647067661583
0.9999643416272439
0.9999646467140157
