0.9999998013210278
0.9999993750868997
0.9999990058404133
0.9999994572213129
0.9999997875780953
0.9999992916347562
0.9999990058884188
0.9999995097092629
0.9999997694770276
0.9999992382300444
0.9999990216479797
0.9999995589884889
0.999999749617018
0.9999991938436555
0.9999990606542082
0.999999625160555
0.9999997129130366
0.9999991398821076
0.9999991330143283
0.9999997082228096
0.999999637311164
0.9999990783977167
0.9999992443875139
0.9999997793772434
0.9999995149747678
0.9999990358504968
0.9999993833431423
0.9999998045633472
0.9999993686272057
0.9999990307679291
0.9999995121698625
0.9999997735457894
0.9999992340786448
0.9999990515652664
0.9999996001133571
0.9999997127386324
0.9999991354824482
0.9999990776823633
0.999999649341455
0.9999996567552115
0.9999990762593156
0.9999991083529092
0.999999683296541
0.9999996140727659
0.9999990438908772
0.9999991526071476
0.9999997162056756
0.9999995611790967
0.9999990150496757
0.9999992196409753
0.9999997443120556
0.9999994700073116
0.9999989850719752
0.999999319471163
0.9999997574174523
0.9999993434105249
0.9999989831150929
0.9999994508637362
0.9999997354263147
0.9999992064002386
0.9999990249136609
0.9999995771479409
0.9999996606116289
0.9999990793169227
0.9999990851756073
0.9999996496529083
0.9999995450941321
0.9999989772296799
0.9999991342328453
0.9999996707651592
0.9999994347020589
0.9999989117044381
0.9999991756602806
0.999999674809876
0.9999993587192906
0.9999988857759868
0.9999992228887705
0.9999996790730743
0.999999297511647
0.9999988765358436
0.9999992790055902
0.9999996646825511
0.9999992083359561
0.9999988695687237
0.9999993435882167
0.9999996158923661
0.9999990819921036
0.9999988852031854
0.9999994312542798
0.9999995402234954
0.9999989659765685
0.9999989563029323
0.9999995263587323
0.9999994303288064
0.9999988733544702
0.9999990569696647
0.9999995770714151
0.9999992872126255
0.9999988029196338
0.9999991340074289
0.9999995588392326
0.9999991363491215
0.9999987442549877
0.9999991781511394
0.9999995108445814
0.9999990153065237
0.999998719048219
0.9999992178169297
0.9999994762923068
0.9999989426762267
0.9999987269759698
0.9999992639665477
0.9999994381618473
0.9999988702022072
0.9999987422132979
0.9999992986750462
0.9999993478206134
0.9999987627039193
0.9999987617409891
0.9999993262541866
0.9999992229706992
0.9999986575164991
0.9999988293061813
0.9999993577160038
0.9999990846565248
0.9999986033190177
0.999998945472851
0.9999993717418155
0.9999989387289715
0.9999985795514721
0.9999990414852207
0.9999993099445611
0.9999987713262432
0.9999985501440715
0.9999990809115553
0.9999992032370071
0.9999986195390891
0.9999985313296746
0.9999990919843662
0.9999991074432613
0.9999985234090573
0.9999985431748515
0.9999991118261803
0.9999990294019736
0.9999984600219569
0.9999985741708033
0.9999991223415615
0.9999989313715494
0.9999983833389816
0.9999986056029799
0.9999991010863976
0.9999987869914122
0.9999983032198221
0.9999986531599748
0.9999990650824934
0.9999986253933574
0.9999982693126542
0.9999987389829542
0.9999990104644483
0.9999984760325141
0.9999982782998735
0.9999988189575524
0.9999989140998873
0.999998325328897
0.9999982939066743
0.9999988538362022
0.9999987680169204
0.9999981804502533
0.99999828972912
0.9999988271480325
0.9999986082154967
0.9999980728768016
0.9999983139766149
0.9999988118610544
0.9999984968588872
0.9999980074490614
0.9999983436067719
0.999998783221572
0.9999983804341551
0.9999979650812801
0.9999983760526859
0.9999987306301483
0.9999982431018395
0.9999979299544599
0.9999984089852377
0.9999986392129884
0.9999980815452092
0.9999978975737562
0.9999984413811067
0.9999985282598366
0.9999979456346817
0.9999979335967032
0.9999984871629575
0.9999983861721551
0.999997813886711
0.9999979651354202
0.9999984795442709
0.9999982003068864
0.9999976777071798
0.9999979632160773
0.9999984083785182
0.9999980082599772
0.9999975791970371
0.9999979861295507
0.9999983329815499
0.9999978423655531
0.999997530439612
0.9999980040091097
0.9999982473508989
0.9999977022613625
0.999997488988003
0.999998017490456
0.9999981586620542
0.9999975722467749
0.9999974649819514
0.9999980119956096
0.9999980216139605
0.9999974237691704
0.999997433334063
0.999997976733622
0.999997831291599
0.9999972667078552
0.9999974551206106
0.9999979680875766
0.9999976888417621
0.9999971987117992
0.9999975305795881
0.9999979526029373
0.9999975174555984
0.9999971362697362
0.9999975868325408
0.9999978815044177
0.9999973513494449
0.9999970898601074
0.9999976043187508
0.9999977618295273
0.9999971861094368
0.9999970644345563
0.9999976059164063
0.9999976265325569
0.9999970368308697
0.9999970359288777
0.999997600898764
0.9999975044713084
0.9999969151573842
0.9999970298018227
0.9999975708376764
0.9999973495317952
0.9999968025491106
0.9999970586501459
0.9999975342628341
0.9999971981161209
0.9999967362934921
0.9999970967089297
0.9999974783598896
0.9999970173028608
0.9999966667399622
0.9999971215064732
0.9999973850178155
0.9999968416895613
0.9999966314028694
0.9999971627238645
0.9999972616303519
0.999996679306333
0.9999966177813638
0.9999971802623868
0.9999971270108184
0.9999965287862769
0.9999966084108355
0.99999715470411
0.9999969717681139
0.9999964206105096
0.9999966355157008
0.9999971354663026
0.9999968153928932
0.999996321710565
0.9999966447228381
0.9999970642290708
0.9999966411083647
0.9999962278050641
0.9999966466137009
0.9999969732522529
0.9999964627446536
0.9999961601315628
0.9999966631114745
0.9999968607630694
0.9999962913424006
0.9999961079170596
0.9999966513826163
0.9999966998153628
0.9999961165429235
0.9999960985930835
0.9999966518695507
0.9999965611770524
0.9999959755988521
0.9999961178351513
0.9999966358697573
0.9999963750685696
0.9999958562402347
0.9999961352747907
0.9999965761617943
0.9999962006185831
0.9999957714134362
0.9999961618575619
0.9999965293832616
0.9999960604956633
0.9999957237792685
0.9999961920964201
0.9999964265640419
0.9999958725503467
0.9999956627302481
0.9999961877703359
0.999996314634412
0.9999957157220276
0.99999563401445
0.999996196814114
0.9999961695686387
0.9999955830727549
0.9999956152867355
0.999996156848454
0.99999600528204
0.9999954515842397
0.9999956611195268
0.9999961605087797
0.9999958440732697
0.9999953583759789
0.9999956722806879
0.9999960762652018
0.9999956568972828
0.9999952625956926
0.9999956903655091
0.9999959810680334
0.9999954528912245
0.9999951954866575
0.9999957018119859
0.9999958713220826
0.9999952994678692
0.9999951493323453
0.9999956805973155
0.9999957267332903
0.9999951349656704
0.9999951322830705
0.9999956826466151
0.9999955723106673
0.9999949936652253
0.9999951345290559
0.9999956657251136
0.9999954273277459
0.9999948923065831
0.999995151775961
0.999995608293681
0.999995256365013
0.9999948062193249
0.9999951794616772
0.9999955530175063
0.9999950620620354
0.9999947314979151
0.9999951858093556
0.9999954476480577
0.9999948999134936
0.99999467756001
0.9999952209497062
0.999995328616829
0.9999947382387817
0.9999946664383361
0.9999952255211325
0.9999951869706325
0.9999946023762284
0.9999946753914796
0.9999952270272812
0.9999950595903684
0.9999944985901583
0.9999947215766412
0.9999951931620054
0.9999948915245502
0.9999943950555567
0.9999947326485517
0.9999951584969481
0.9999947370981449
0.999994336248879
0.9999947701644331
0.9999950975666183
0.9999946136700182
0.9999943309846419
0.9999948243607715
0.9999950171668031
0.9999944550310285
0.9999942978415568
0.9999948345660362
0.99999488688446
0.9999942818229648
0.9999942613875801
0.9999948140375402
0.9999946960096279
0.9999941177492333
0.999994262442751
0.9999947958581051
0.9999945570180223
0.9999940306755487
0.9999942903374434
0.9999947460401556
0.9999943649229512
0.9999939287581993
0.9999943017693539
0.9999946544220718
0.9999941772961914
0.9999938226206011
0.9999942968322078
0.9999945438763952
0.9999939868573184
0.9999937797761597
0.9999943032107705
0.9999944262700956
0.9999938229770388
0.9999937378528728
0.9999942839892011
0.9999942650139668
0.9999936734681113
0.9999937432813754
0.9999942910406314
0.9999941241316666
0.9999935587271689
0.9999937427163121
0.9999942235993828
0.9999939190755908
0.999993436165811
0.9999937611961256
0.9999941865233278
0.9999937494019743
0.999993337642481
0.9999937522711358
0.9999940627997597
0.9999935627237324
0.9999932598830125
0.9999937757019833
0.9999939477201233
0.9999933620855642
0.9999931941006517
0.9999937539032504
0.9999937907329759
0.9999931928930795
0.9999931937863152
0.9999937433594593
0.9999936465768415
0.9999930711956144
0.9999932054662277
0.9999937118895782
0.999993460898294
0.9999929199939686
0.9999931801440183
0.9999936404061349
0.9999932756482205
0.9999928306470159
0.999993207232829
0.9999935742754188
0.9999931117419344
0.9999927661273259
0.9999932133231083
0.9999934643047371
0.9999929251886057
0.9999927068455196
0.9999932230983496
0.9999933463475079
0.9999927580975736
0.9999926592463232
0.9999932196435966
0.999993183753349
0.999992589831864
0.9999926457038913
0.9999931967884488
0.9999930275398413
0.9999924689296363
0.9999926732345444
0.9999931700804426
0.9999928479809359
0.9999923338222328
0.9999926664412419
0.9999930892391654
0.9999926657867227
0.9999922770377407
0.9999926984347705
0.9999929955898185
0.9999924790587402
0.9999921914276115
0.9999926972406293
0.9999928729770332
0.9999923151480447
0.9999921413599436
0.9999926874877373
0.9999927231487443
0.9999921437125078
0.9999921187931466
0.9999926787004935
0.9999925706640671
0.9999919842850035
0.9999921257705324
0.9999926446821248
0.9999924125951171
0.9999918698914239
0.9999921330297434
