0.0274261810002303
0.0282870240730428
0.029150681828099753
0.03001786923622717
0.030889002305410498
0.03176417493883035
0.03264317803767245
0.033525551932279254
0.03441067295933539
0.03529785221993013
0.03618643820864124
0.037075906752245924
0.037965920880906716
0.038856327999214665
0.03974726504885705
0.040638943694915386
0.041531723452668014
0.042425920324937104
0.043321830389505434
0.044219506182221965
0.04511866486935086
0.04601882299929847
0.046919328290449834
0.04781915665996128
0.04871721976331452
0.04961242981234375
0.050503779817016814
0.05139049686031078
0.05227215934056949
0.053148795104628964
0.054020821757881025
0.05488909050295006
0.05575444743332252
0.05661856354385809
0.05748267290942109
0.05834807216772546
0.05921609849478072
0.06008764376899251
0.06096323602979005
0.061843178822691976
0.06272721759210115
0.06361501788615252
0.06450582632192368
0.06539891023595772
0.06629362516158578
0.06718935759895624
0.06808539919474679
0.06898158623550417
0.06987787199444509
0.07077433673006356
0.07167099299883198
0.07256809033484707
0.07346569783855818
0.07436395383499912
0.07526209174266739
0.07616005222350791
0.0770568572290684
0.0779516918981781
0.07884365343910732
0.07973171909015744
0.08061522465201587
0.0814937042496483
0.08236704471124817
0.08323547109753308
0.08409965190260715
0.08496032864560209
0.08581885727184252
0.08667616828616526
0.08753442502821694
0.08839433894236737
0.08925683747450025
0.09012276736431948
0.09099263489880184
0.09186659061996862
0.09274432596078161
0.09362536583169272
0.0945090340958377
0.09539458173165918
0.09628155352324261
0.09716912761970124
0.0980569272424421
0.09894477569140922
0.09983251248394574
0.10072047632948448
0.1016080956707365
0.10249577510945353
0.10338339511163122
0.10427024996271646
0.10515703849848138
0.10604214434885322
0.10692511836754241
0.10780542517494925
0.1086822545296534
0.10955494283543488
0.11042289050416285
0.11128616112223545
0.11214493399749272
0.11299953531167145
0.11385011295594481
0.11469821555326132
0.11554481787640224
0.11639186366081712
0.11723886399258
0.11808802795088279
0.11893972830909545
0.11979440326428997
0.1206520818736054
0.12151365944008165
0.12237795263348543
0.12324481878800309
0.12411377769588806
0.12498414165430508
0.12585551288155283
0.1267269804542053
0.12759915316015655
0.12847066138603547
0.1293422159889767
0.13021348301072075
0.13108476038208955
0.13195505173508287
0.13282495702631755
0.13369336437131313
0.1345599338305277
0.13542497751419308
0.13628734141689156
0.13714646747044903
0.1380017460967975
0.13885288975525123
0.13970000197615107
0.14054287423136083
0.14138141661253198
0.14221635431680482
0.14304896926508193
0.14387964523655716
0.1447094365497307
0.14554057660427297
0.14637199118537159
0.14720522801487057
0.14804010567667106
0.14887746087762158
0.1497175503616341
0.1505596518207651
0.1514036770355986
0.15224988277959453
0.15309726166049478
0.15394617133289942
0.15479501749483213
0.1556440773175707
0.15649253254032058
0.15734149513319107
0.15818998425453396
0.15903748291729328
0.1598838982195743
0.16072949320138719
0.16157373503148426
0.16241619823740167
0.16325730451311077
0.1640955027531268
0.16493053129400376
0.1657620716844535
0.16659005972852242
0.16741507390434124
0.16823584173124234
0.16905334990682544
0.16986816735510762
0.17068072209812554
0.17149125181896438
0.17230025261221568
0.17310824286836018
0.17391604604726885
0.17472549834724893
0.17553624628040196
0.17634817363670416
0.17716151500308253
0.17797616620447562
0.1787932629457466
0.1796108341932612
0.18042958339910095
0.18124912641173638
0.1820694382503939
0.18288934177229216
0.1837087769473214
0.18452839985109445
0.1853473636408856
0.18616549627990248
0.18698223360437033
0.18779734712673102
0.18861266905651342
0.18942540182580203
0.19023584138893307
0.19104402233306086
0.19185067039623482
0.19265387347347077
0.19345424223994165
0.19425064643443507
0.19504436251193621
0.19583503905650124
0.1966226606687424
0.19740819899175976
0.19819128724314272
0.19897286772516615
0.19975360182443158
0.20053361966510552
0.20131464443233937
0.202095883205192
0.20287752303019013
0.20365985705455164
0.20444197396398986
0.2052258052287438
0.20601113370217747
0.20679673995997344
0.20758290607816976
0.20836945959022055
0.20915541449418062
0.20994089626563156
0.2107249660445447
0.2115098287809777
0.21229296988521068
0.21307468828327317
0.21385543629543866
0.21463448551178727
0.21541193198896832
0.21618728692074435
0.21696150048469232
0.21773277838547156
0.21850088726248867
0.21926602922888663
0.22002904441024312
0.2207891235657018
0.2215472696057244
0.22230211008498868
0.2230542937216085
0.2238061071712464
0.2245567111273508
0.22530569755254629
0.2260540800297948
0.2268007065806442
0.22754763639280948
0.22829432492414053
0.2290425950087006
0.2297899009549935
0.23053759701684856
0.23128494085085835
0.23203338677033314
0.23277957850807762
0.2335271391129816
0.23427428310938342
0.23502089838165502
0.2357664628660638
0.23651186601602978
0.23725582732136544
0.23799797264442737
0.2387387897255329
0.23947938062463242
0.24021637195226422
0.24095157666387707
0.2416848760168422
0.2424172544502716
0.24314581021708428
0.24387267775781768
0.2445966796489191
0.2453197963097768
0.24603942822180855
0.2467573804141003
0.24747240529734982
0.24818497621760333
0.24889714644946498
0.24960538843608468
0.2503141704736339
0.2510235176403803
0.2517309605105051
0.2524380564606503
0.25314496420414234
0.2538506562080176
0.2545569092748347
0.2552620356019379
0.25596680552132584
0.2566705702126895
0.25737568608769046
0.2580779742371795
0.2587810650297642
0.25948247114844025
0.260182769945996
0.26088269077812015
0.26158145354375223
0.262277910125373
0.2629731720826696
0.26366654774727744
0.26435726817820854
0.2650471170533854
0.2657339107485051
0.2664196604592777
0.26710270570844563
0.26778396687460027
0.2684624270263713
0.2691404110554289
0.2698158194502917
0.27048960934471156
0.2711603879855674
0.27182962527843
0.27249750759254393
0.2731646263131241
0.27383025387588616
0.2744943445014981
0.275158586511002
0.27582043080757207
0.27648144296190247
0.27714258958408444
0.2778017877095225
0.2784609904415965
0.27911834612143777
0.2797761385062251
0.2804331336121073
0.2810875052323508
0.28174297690508276
0.282396246009414
0.28304750807697626
0.2836989000729336
0.2843478672899172
0.28499520613488627
0.28564117519029375
0.2862850404000171
0.2869273597580697
0.28756823027819783
0.288206911007743
0.2888430646674755
0.2894772511646625
0.29010961836549803
0.290740110509568
0.29136849889294175
0.29199545525757375
0.29261980677885513
0.29324233683927586
0.2938640039468366
0.2944839194156794
0.29510161593543827
0.2957187099414461
0.2963345138089825
0.2969489982342
0.2975628381896544
0.2981753528381062
0.29878661316220195
0.29939625553923305
0.30000542825367027
0.30061479544880715
0.3012207148933689
0.3018259103498614
0.3024312142675052
0.3030330071458591
0.3036340516219403
0.304234275732553
0.30483306824648015
0.3054303341093861
0.30602638553914524
0.30662036751334054
0.307211644862196
0.3078009163613412
0.30838858207014047
0.30897400911047673
0.30955884016333196
0.3101410320739475
0.31072217424820797
0.3113011115245559
0.31187729134963016
0.31245324796689117
0.3130273015502928
0.3135985711728749
0.31416812207207273
0.3147352191002496
0.3153031568747039
0.31586663495310385
0.316430791257701
0.3169932144811537
0.3175542859240026
0.3181139603149992
0.3186727230869337
0.319230369188003
0.3197849717556137
0.32034016940531745
0.32089305637008814
0.3214442332952842
0.3219940273170275
0.32254213541394483
0.32308838418077696
0.3236328462649609
0.32417652319816115
0.324717409960234
0.3252582929802241
0.32579593277480245
0.3263329601412078
0.326867529207522
0.32740043620153286
0.32793139592197457
0.3284605651549257
0.32898762214816984
0.32951170993961304
0.3300362252182497
0.3305576930435435
0.33107828932497113
0.3315976073000738
0.33211391789850303
0.33262800085910277
0.33313971401176234
0.3336509176802948
0.3341612634948714
0.33466976549973604
0.3351778042861326
0.335682563887956
0.3361863355855705
0.33668922514117255
0.33718828360956365
0.3376885995124408
0.33818857598889035
0.33868462532461846
0.33917963613006796
0.3396723420109007
0.3401637507230814
0.3406538818260705
0.3411411710615568
0.34162758625389167
0.3421115681860228
0.3425933488292624
0.3430742927429045
0.3435543340937872
0.3440312526435996
0.3445060857704167
0.34497923866830604
0.34545044671609954
0.3459197561890845
0.34638875879819053
0.3468539116464741
0.3473182782246014
0.34778214412876174
0.34824324720153826
0.3487025314146374
0.34916139156432274
0.3496183013914576
0.35007398042550214
0.35052770414230394
0.3509797995188569
0.3514294980902776
0.3518779326855217
0.35232455850310174
0.3527693613001627
0.3532120913369651
0.35365495984319295
0.3540956789411852
0.3545341860212691
0.35496974241700374
0.3554041366917676
0.35583664883298216
0.35626784903673286
0.3566980564901053
0.3571254610069521
0.35755013893078685
0.3579745798200854
0.35839842381754744
0.3588181312839326
0.3592363973542409
0.35965218853846387
0.3600663785619488
0.3604799199353766
0.3608903784101068
0.3612990581269924
0.36170623553993925
0.36211254900912426
0.36251713442352196
0.36291920923896714
0.3633204290029075
0.3637195832731574
0.36411603449298147
0.364512570845309
0.36490603638860875
0.36529957705025295
0.3656915415526753
0.3660804221698164
0.3664673498068861
0.3668539638095328
0.3672383204166212
0.3676206979376278
0.3679994217435694
0.36837816415389335
0.36875421713737605
0.3691279660735445
0.3695004736923064
0.36987256314128336
0.3702425450146699
0.3706110172711411
0.37097684063183467
0.3713397107012511
0.3717019189776442
0.3720636913323548
0.37242154340004974
0.37277767202758977
0.37313276660767136
0.37348656528172686
0.3738391936034547
0.37418722245848784
0.3745347788052119
0.3748799376979743
