0.9999998846102575
0.9999995281320684
0.9999995355241516
0.9999998778822727
0.9999995165232661
0.999999519389554
0.9999998764027717
0.9999995287460675
0.9999995148628052
0.9999998680126774
0.9999995097543566
0.9999995136095194
0.9999998296086899
0.9999994435517979
0.9999995399235567
0.9999997904298472
0.9999993884558006
0.9999995820697295
0.9999997224852849
0.9999992963600588
0.9999995305997146
0.9999995742261027
0.9999991434542788
0.9999994072598545
0.9999994598600431
0.9999990575522253
0.9999993391193599
0.9999993930201186
0.9999989696527817
0.9999992237981434
0.9999992205295357
0.9999987831807718
0.9999990578121428
0.9999990110537345
0.9999986441907657
0.9999989805120603
0.9999988591585707
0.9999985449664468
0.9999988904361649
0.999998649670252
0.9999983653485037
0.9999986803695958
0.9999983811370097
0.9999981512887863
0.9999985025882984
0.9999982160033201
0.9999980099566746
0.9999983496420847
0.9999980127942981
0.9999978196622586
0.9999981308754716
0.99999778718298
0.999997655624788
0.9999979587963567
0.9999975567159599
0.9999974639104864
0.9999977301087059
0.9999972997530099
0.999997271742908
0.9999975145439178
0.9999970444939905
0.9999970682219924
0.9999972677017916
0.9999968028993145
0.9999968671345096
0.9999970343532198
0.9999965768643955
0.9999966932963681
0.9999968115687627
0.9999963354865549
0.9999964685297396
0.999996542343541
0.9999960927423998
0.9999962464251946
0.9999963064439764
0.9999958493064791
0.9999960854453586
0.9999960670319743
0.9999956443446069
0.9999958952133459
0.9999958321198049
0.9999954296254306
0.9999957342573366
0.9999956250441714
0.9999952474257525
0.9999955261113667
0.9999953798480253
0.9999949752286807
0.9999952732242966
0.9999950728610574
0.9999947441747031
0.9999950462071969
0.9999947636012586
0.9999944892018009
0.9999948525415088
0.999994555797474
0.9999943343806647
0.9999946902086821
0.999994344349396
0.9999941858658116
0.9999944857823347
0.9999941153267866
0.9999940010522832
0.9999942727097944
0.9999938557593547
0.9999937822431434
0.9999940528710853
0.9999936525022493
0.9999936016276527
0.9999938253063644
0.9999933859930972
0.9999934316724846
0.9999936462379654
0.9999931933339393
0.9999932701540917
0.9999934507818514
0.9999929963456455
0.9999931035740062
0.9999932250472694
0.9999927479905029
0.999992901177189
0.9999929750449801
0.9999924837879134
0.9999926449795744
0.9999927313070525
0.9999922697787983
0.9999924844797943
0.9999924726707808
0.9999920579659466
0.9999923295916935
0.9999922668069193
0.9999918210113863
0.9999920867286537
0.9999919759923812
0.9999915989495776
0.9999919108788826
0.999991714138205
0.9999913652955754
0.9999916807982419
0.9999914582831828
0.9999911495753266
0.9999914962832323
0.9999912454150154
0.9999909972115254
0.9999913216986424
0.9999910675356916
0.9999908120626951
0.9999911142417375
0.9999907769545365
0.9999906131356613
0.9999908881683339
0.9999905491835065
0.9999904329100843
0.9999907304743982
0.9999902889186449
0.9999901730852678
0.9999904294470633
0.9999899767379969
0.9999899454771364
0.9999901565154358
0.9999896914174232
0.9999897192173104
0.9999899667577522
0.9999895009515435
0.9999895853626535
0.999989721137143
0.9999892940115002
0.9999893629440039
0.9999894150142916
0.9999889050865619
0.9999890548977419
0.999989118441647
0.9999886504635236
0.9999888533933571
0.9999889046858453
0.9999884266417008
0.9999886725852705
0.9999886412438215
0.9999881415582504
0.9999884171352516
0.9999882927945574
0.999987859620493
0.9999880926473415
0.9999879691746024
0.9999875546647273
0.9999878935999877
0.999987723141875
0.9999874009727454
0.999987704104367
0.9999874700176501
0.9999871441560239
0.9999874608498354
0.9999871421304289
0.9999868545708677
0.9999872278435392
0.9999869216216422
0.9999867077673109
0.9999870197201469
0.9999865995539955
0.9999863988994694
0.999986658197489
0.9999862596827161
0.9999861381498272
0.9999864662258339
0.9999860923867986
0.9999860021528282
0.9999862234014001
0.9999858811156501
0.9999858359009861
0.9999860881443696
0.9999856258229529
0.9999856902344016
0.999985897477455
0.9999854415142421
0.9999854718874284
0.9999855790387226
0.9999851372011052
0.9999852531433279
0.9999853958625293
0.999984892027461
0.9999850516744148
0.9999851542569507
0.9999847288578302
0.9999848951242764
0.9999848904970029
0.9999844769997138
0.9999847143878083
0.9999846829512506
0.9999842286851106
0.9999844554402887
0.9999844030085824
0.9999840074603242
0.9999843014769869
0.9999841959634896
0.9999838071196433
0.9999840974160169
0.9999839041876514
0.9999834955767066
0.999983846995679
0.9999835381122242
0.999983182186527
0.9999834744214042
0.9999832145344538
0.9999829330335127
0.9999832586813193
0.9999829659653474
0.9999827842709866
0.9999831232975906
0.9999827809284422
0.9999826507244355
0.9999829671029583
0.9999826389993915
0.9999825281193065
0.9999828208794924
0.9999823747070313
0.9999822326687198
0.9999824598348257
0.9999820336968104
0.9999820150080888
0.9999823090638027
0.9999818428563009
0.9999818203016614
0.9999819903087406
0.9999815366082629
0.9999816109342153
0.9999817882482321
0.9999812903375773
0.9999813905865523
0.9999815932795407
0.9999811582017434
0.9999812764969744
0.9999813775162223
0.9999808505342905
0.9999810055108822
0.9999810238395932
0.9999806074594406
0.9999808169000719
0.999980828980226
0.9999803586009044
0.9999806556078558
0.9999805954561953
0.9999801608860357
0.99998045738587
0.9999803528895455
0.9999799538520113
0.9999802748064323
0.9999801578527132
0.9999797390728413
0.9999800047198949
0.9999798311018446
0.9999795056856418
0.9999797215015588
0.9999794254430869
0.99997916661882
0.9999795117586061
0.9999791974319038
0.9999788785203975
0.9999792444855441
0.9999789426260391
0.999978827085673
0.9999791633826007
0.9999787548858947
0.999978587845725
0.9999788732258729
0.9999784952061929
0.9999783688092022
0.9999786401271307
0.9999781894539873
0.9999782467842562
0.999978495839063
0.9999779805718916
0.9999779154113242
0.9999781270135164
0.9999776471249076
0.9999777011601718
0.9999778991853628
0.9999773583717491
0.9999774898284948
0.9999776490055533
0.9999771265795191
0.9999772073660168
0.9999772253008964
0.9999768211891179
0.9999770128534066
0.9999770388119498
0.9999765475066051
0.999976727582085
0.999976721649278
0.9999761646881368
0.9999764609878272
0.9999763674462552
0.9999759729907569
0.9999761864914563
0.9999760965628126
0.9999756875023924
0.9999759627722153
0.999975776548364
0.9999754227675897
0.9999756564627917
0.9999753678240524
0.9999750263071651
0.999975370904777
0.9999751491127737
0.9999748706931308
0.9999751692466567
0.999974848454512
0.9999746506827427
0.9999750170028693
0.9999745983399215
0.9999743295184416
0.9999746997955462
0.9999743765509033
0.9999742229341269
0.999974462389108
0.999974052520013
0.9999739814981379
0.9999742281848334
0.9999737730829448
0.9999738042305254
0.9999741112596453
0.9999737313467937
0.9999737591518231
0.9999739717160926
0.9999734964801862
0.999973558623376
0.9999736393804729
0.9999731755038259
0.9999732651740403
0.9999734120971878
0.999972872941603
0.9999730260062577
0.9999730512272046
0.999972669013544
0.9999728175086496
0.9999728952056698
0.999972449866549
0.9999725802733115
0.9999725070335886
0.9999721075327237
0.9999723534810531
0.9999722573235871
0.9999718654277499
0.9999721942996049
0.9999719645800335
0.9999714752820251
0.9999717468092264
0.999971551827142
0.9999711872541054
0.9999714876183851
0.9999712285880406
0.9999709156650598
0.9999712730519383
0.9999710074488779
0.9999707530895532
0.9999711217767149
0.9999708139983494
0.9999705330000153
0.9999708478585025
0.999970477699805
0.9999703019665939
0.9999706484440731
0.9999701855090515
0.9999700229580414
0.9999703673177972
0.9999700026896405
0.9999698428400909
0.9999701152111071
0.9999697429320525
0.9999697863978638
0.9999699751700519
0.9999694834516786
0.9999694155719294
0.9999696070865012
0.9999690398158433
0.9999690765686894
0.99996914415169
0.9999686261297923
0.9999688833390252
0.9999690510088816
0.9999687118911272
0.999968847452253
0.999968997446189
0.9999685245868505
0.9999686842883345
0.9999686833542331
0.9999682858237104
0.999968491489073
0.9999684812984653
0.9999680234060164
0.9999682612988865
0.999968226961668
0.9999678175538398
0.99996810428385
0.9999679624800774
0.9999676192341972
0.9999679526359229
0.9999677410671206
0.9999674305057219
0.9999676752717854
0.999967388228721
0.9999670820319506
0.9999674364263871
0.999967147606662
0.9999668472761946
0.9999671824218851
0.999966935838775
0.9999665732103109
0.9999669063770223
0.9999665129502331
0.9999663626528121
0.9999666319498636
0.9999662405147509
0.999966167133179
0.9999665218482936
0.9999660194092888
0.9999659657288107
0.9999662571564742
0.9999658084047031
0.9999656867468353
0.9999658851336302
0.9999654212094963
0.9999654174882726
0.999965619399736
0.9999651654629808
0.9999652478398373
0.9999654151634981
0.9999648868570358
0.999964999798299
0.9999650581365227
0.9999646641401211
0.9999647767703901
0.9999647783605219
0.9999643792254667
0.9999646294443446
0.9999646793004149
0.999964300530123
0.999964526954352
0.9999645597449902
0.9999640683211539
0.9999643996661173
0.9999643115333026
0.9999639033637439
0.999964206734434
0.9999640942238404
0.9999637347735314
0.9999640856273423
0.9999639605788753
0.9999636801185017
0.9999639340031367
0.9999637059476444
0.9999634854075904
0.9999637830521637
0.9999635901222478
0.9999633205890589
0.9999636829158844
0.9999634482354128
0.9999631919635363
0.9999635024352228
0.9999631204765371
0.9999628900187714
