0.999999388392095
0.9999988917234
0.9999978329706372
0.9999971665064963
0.9999975310080846
0.9999986073239368
0.9999994022284358
0.9999991836541251
0.9999981322190059
0.9999971491899022
0.9999970523574018
0.9999978658984104
0.9999988697233156
0.9999992425356224
0.9999986747920905
0.9999975685933612
0.9999967212987892
0.999996771648454
0.9999976948806069
0.9999987866484014
0.9999992105337102
0.9999986220078948
0.9999975020251091
0.9999968093803318
0.999997164264434
0.999998227315234
0.9999990194685756
0.9999988195844758
0.9999977482568565
0.9999966833273329
0.9999964795907874
0.9999972255525422
0.9999982267249907
0.9999986257711202
0.9999980560622336
0.9999969268051919
0.9999960619886302
0.9999960941864053
0.9999969886370681
0.9999980001527888
0.9999982873124474
0.9999975649792856
0.9999964108933189
0.9999957113297268
0.9999960549453947
0.9999970713651369
0.9999978283456374
0.9999976532808466
0.9999965851110322
0.999995485117349
0.9999951941809393
0.9999958770764416
0.9999968858004253
0.9999973280783364
0.9999967970049459
0.9999956436387616
0.9999947053264918
0.999994738053922
0.9999956306440434
0.999996616910348
0.999996813598215
0.9999960260975083
0.9999948091270856
0.9999941647092642
0.9999945046880562
0.9999955414905698
0.9999963117782348
0.9999961350313413
0.9999950824064011
0.9999939736626337
0.9999936601115232
0.9999943501942675
0.9999953551382272
0.9999958448901788
0.9999953097610441
0.9999941427047822
0.9999932248597085
0.9999932351484663
0.9999941077008232
0.9999950814995751
0.999995260369107
0.9999944547807854
0.9999932183472212
0.9999925941039012
0.9999929787401219
0.9999939947874628
0.9999947635738071
0.9999945666533832
0.9999935686021638
0.9999924948072516
0.9999921751001664
0.9999928571831503
0.9999939116458495
0.9999944228861939
0.9999939152658138
0.9999927535918753
0.9999918361104339
0.9999918781659487
0.9999927203279365
0.9999936905814523
0.9999938902169443
0.9999930741443401
0.9999919366811956
0.9999912822821323
0.9999916344133165
0.9999926255709767
0.9999933890628527
0.9999932054319799
0.9999921703018796
0.9999910469955285
0.9999907244401881
0.9999913761098809
0.9999924037711938
0.9999928771487325
0.9999923052297499
0.9999911423974873
0.9999901840697383
0.999990256666394
0.9999911424395712
0.9999920889804784
0.9999922912749427
0.9999914356401804
0.9999902362864493
0.99998956354001
0.9999899517977598
0.9999909758133422
0.9999917320316396
0.9999915704459328
0.9999905590807482
0.9999894489151383
0.999989107016974
0.9999897626573416
0.9999907618633398
0.9999912491751928
0.9999907168314703
0.9999895614137896
0.99998868323456
0.9999887381027779
0.9999896345813561
0.9999905814646014
0.9999907530944405
0.9999899365203752
0.9999887257991636
0.9999880651296177
0.9999883789519848
0.9999893591554783
0.9999901030904635
0.9999899692375254
0.9999889024304577
0.9999877795410427
0.9999874381744491
0.9999880960743796
0.9999891380815509
0.9999896478166735
0.9999891103877885
0.9999879355263666
0.9999869809623939
0.9999870124012635
0.9999878500368671
0.9999887700366935
0.9999889288545221
0.9999881021331544
0.9999869472563404
0.9999863255368682
0.9999866686117473
0.9999876944649118
0.9999884616072169
0.9999883231219256
0.9999872382430082
0.9999861308003476
0.9999858127321681
0.9999864761427028
0.9999875298737589
0.9999879808528629
0.9999875006786064
0.9999862995652892
0.9999853983268004
0.9999854119936654
0.9999863155938187
0.9999872055570567
0.9999873315256631
0.9999865186045445
0.999985340547534
0.9999847303291166
0.9999851460268699
0.9999861327180278
0.9999868944199942
0.9999867033775096
0.9999856472604769
0.9999845509382226
0.9999842073063804
0.9999848624503713
0.9999858981135641
0.9999863248654633
0.9999857589029271
0.9999845949044379
0.9999836439826293
0.9999836774008035
0.9999845589698948
0.999985489721975
0.9999856555288055
0.9999848397309954
0.9999836306931772
0.9999829959950521
0.9999833674598694
0.9999844230443765
0.9999851227895259
0.9999849889734651
0.9999840257608632
0.9999830096039503
0.9999827042317367
0.9999833616585052
0.999984413295239
0.9999849256706659
0.9999843426975289
0.9999831917816862
0.9999822897073124
0.9999823519713422
0.9999831960439298
0.9999841434296455
0.999984273248028
0.9999834224098283
0.9999822030895889
0.9999815408216208
0.9999819115950573
0.999982960014118
0.9999837416577815
0.9999835263368148
0.9999824991768269
0.9999813853496662
0.9999811134475862
0.9999817973026877
0.9999828123265064
0.9999832799138716
0.9999827816898882
0.9999816048721443
0.9999806935082913
0.9999807274930068
0.9999816299156516
0.9999825791362643
0.9999827576853758
0.9999818916967179
0.9999806956271557
0.9999800485322647
0.9999804488496717
0.9999814251325657
0.9999821934059658
0.9999820232917084
0.9999809656628577
0.999979852623035
0.9999795910511194
0.9999802646388193
0.9999812892170904
0.9999817276056534
0.999981228639198
0.9999800516535754
0.9999791781777517
0.9999792099013224
0.9999800864472678
0.9999810400917183
0.9999812009203717
0.9999804034322275
0.9999791937226377
0.9999784917026961
0.9999788104407462
0.9999798523650814
0.9999805816766342
0.9999803630162729
0.9999793128297688
0.9999781336081922
0.999977823348736
0.9999785063175692
0.999979522916819
0.9999799870854774
0.9999794307869729
0.999978247561835
0.9999772892111496
0.9999773157985271
0.9999782327300029
0.9999791881309548
0.9999793364466675
0.9999785117501757
0.9999773101832132
0.9999766380358119
0.9999769969606627
0.9999779868121877
0.9999787467288752
0.9999785910491883
0.9999775510492237
0.9999764645126445
0.9999761303427419
0.9999769131218965
0.9999779217032445
0.9999783681172102
0.999977877382738
0.9999767034112783
0.999975786100438
0.9999757988378695
0.9999767150494627
0.9999775927077625
0.9999777184098412
0.9999769136246247
0.9999756544557914
0.9999750320551335
0.9999753533599081
0.9999764503496216
0.9999771132468513
0.9999769244544048
0.9999758623175309
0.9999747560933769
0.9999744391116102
0.9999750805826041
0.9999760873379154
0.9999765460001269
0.999976022573053
0.9999748559492522
0.9999738626066897
0.9999738388555703
0.9999748243406587
0.9999758516952231
0.9999760472823435
0.9999751931351999
0.9999739934418118
0.999973324731106
0.9999736499043435
0.9999746567206773
0.9999754049839457
0.9999752886098165
0.9999741641737389
0.9999731058533614
0.9999728914697896
0.9999736464776668
0.9999747079615018
0.9999751607940952
0.9999746577477681
0.9999735249532127
0.9999725826988827
0.9999725910793184
0.9999735249999174
0.9999744645922705
0.9999746326174869
0.9999738687279452
0.999972695096463
0.9999720703538294
0.9999724843003694
0.9999734371019375
0.999974265434259
0.9999740527169568
0.9999730780219832
0.9999720092547469
0.999971615918211
0.9999723294724164
0.9999733957961754
0.9999738732530489
0.9999733199773108
0.9999721675519906
0.9999711994101002
0.9999712321940724
0.9999720454326132
0.9999730036546944
0.9999731757186063
0.9999723207260016
0.9999710317473429
0.9999703239421852
0.9999706317994032
0.9999715761727314
0.9999723040329319
0.9999720223122596
0.9999709808642869
0.9999698770371022
0.999969567580414
0.9999701699601765
0.9999711822685362
0.999971645188463
0.9999711764237069
0.9999699866170553
0.9999690263543687
0.9999690970548569
0.999970045639831
0.9999710140680753
0.9999712244347772
0.9999704855597822
0.9999693005055381
0.9999686343451724
0.9999689596448037
0.9999699064369296
0.9999705784432862
0.9999703812923071
0.9999693026931937
0.9999682393720565
0.9999678641064639
0.9999685145463906
0.999969602362764
0.9999700629578502
0.9999694867670332
0.9999682134249344
0.9999673608968324
0.9999673641595054
0.9999683335237617
0.9999693719085624
0.9999695688627338
0.9999687102945282
0.9999674320463092
0.9999667518709536
0.9999671085534731
0.9999681087740154
0.9999689182799141
0.9999687683829324
0.9999677340675798
0.9999666527170766
0.9999663149988464
0.9999670348723587
0.9999681036154271
0.9999685204965174
0.9999680277435566
0.9999667745847133
0.9999658179824751
0.9999657647027234
0.9999666880741268
0.9999675993566164
0.9999677945905909
0.9999668798970266
0.9999656950906057
0.9999649964317303
0.9999653653871371
0.9999663218851281
0.999967084083338
0.9999668333723806
0.999965646420603
0.9999645576222617
0.9999643231896248
0.9999650132012236
0.9999660877797052
0.9999665245939605
0.9999659516264396
0.9999647994344407
0.9999638869668251
0.9999639536405472
0.999964880261195
0.9999658964613628
0.9999659958371107
0.9999652815165531
0.9999641402066359
0.9999633722025514
0.9999637345230223
0.9999647887456603
0.9999655220637911
0.9999654362763716
0.9999644678686936
0.9999633602105266
0.9999630580536648
0.9999637954681033
0.9999647602830904
0.9999651941735673
0.9999646871241958
0.9999635577202828
0.9999625839859827
0.9999627070386705
0.9999635253475263
0.9999645161640248
0.9999646782581052
0.9999638728700154
0.9999627110315239
0.9999620334424173
0.9999622575343472
0.9999632811324622
0.9999639981927789
0.999963795260344
0.9999628074619155
0.9999616406842563
0.999961278911632
0.9999619829591847
0.9999629434638115
0.9999634553539211
0.999962965307199
0.9999618034993849
0.9999608865460774
0.9999609454160708
0.9999618653587571
0.9999627085232822
0.999962895849743
0.9999620890387951
0.9999609212508879
0.9999603884997086
0.9999607098429131
0.9999617179604896
0.9999624571678863
0.9999622098215077
0.9999611331797218
0.9999600829664577
0.9999598272517203
0.9999605293682652
0.9999614735460655
0.9999619752443889
0.9999613699140695
0.9999601569963353
0.9999592679978727
0.9999593602214497
0.9999603382099981
0.999961321764786
