0.9999998893650315
0.9999995348573888
0.999999597443108
0.9999998791289306
0.9999994837817865
0.9999996518631803
0.9999998573061673
0.9999994514125347
0.9999997015314666
0.999999828389176
0.9999994343937108
0.9999997497554326
0.9999997913482045
0.9999994319093123
0.9999997985987316
0.9999997412903484
0.9999994469235044
0.9999998444140278
0.9999996745910281
0.9999994858415914
0.9999998782550161
0.9999995957594678
0.9999995516836966
0.9999998877795704
0.9999995192276366
0.9999996374660186
0.9999998644035083
0.9999994633916819
0.9999997244061642
0.9999998099536661
0.9999994385622485
0.9999997934177921
0.999999735855597
0.9999994409846292
0.9999998357904241
0.9999996587105763
0.9999994621330585
0.9999998573227736
0.9999995924319509
0.999999496465729
0.9999998662440076
0.9999995385686724
0.9999995386364836
0.9999998661995232
0.999999494716552
0.9999995889161355
0.9999998537879823
0.999999454198956
0.9999996442168718
0.9999998210738497
0.999999418232101
0.9999997043952223
0.9999997658512639
0.9999994022735246
0.9999997649205951
0.9999996869787322
0.9999994165549565
0.9999998138648336
0.9999995968859008
0.9999994680578669
0.9999998392229696
0.9999995092024527
0.9999995393881911
0.9999998273250307
0.9999994317572547
0.9999996051380752
0.9999997814338605
0.9999993741773588
0.9999996553879399
0.9999997183204626
0.9999993414472188
0.9999996918298395
0.9999996547692698
0.9999993341417679
0.9999997232396333
0.9999996001172614
0.9999993489215911
0.9999997510755935
0.9999995442864698
0.9999993776876324
0.9999997682841275
0.9999994788853106
0.9999994130366041
0.9999997571360643
0.9999993982750165
0.9999994590610352
0.9999997234829832
0.9999993198358409
0.9999995194997332
0.9999996703348748
0.9999992771546732
0.9999995946723117
0.9999995992520135
0.9999992690116489
0.9999996512009853
0.9999995056071528
0.9999992869769246
0.9999996760489644
0.9999994023066733
0.999999311409451
0.999999655590813
0.9999992943774167
0.9999993338458412
0.9999996150272943
0.9999992156727673
0.9999993723188788
0.999999577718539
0.9999991681956566
0.9999994137873349
0.9999995364491812
0.9999991423751086
0.9999994562076051
0.9999994827589582
0.9999991225678142
0.9999994867066577
0.9999994050723517
0.9999991045212017
0.9999994944737142
0.9999992997014571
0.9999991124834208
0.999999492613883
0.9999991905332327
0.9999991462525369
0.9999994737729582
0.9999990961557673
0.9999992123748226
0.9999994363502213
0.9999990285058916
0.9999992765231093
0.999999365742921
0.9999989764958305
0.9999993110344131
0.99999926351465
0.9999989455921934
0.9999993229585737
0.9999991498314502
0.9999989323722883
0.9999993218015804
0.9999990557229618
0.9999989417867351
0.999999308133529
0.9999989751542606
0.999998970617032
0.9999992877969514
0.9999989060649269
0.9999990038538958
0.9999992461029829
0.9999988295345151
0.9999990194625614
0.9999991678514345
0.9999987468401733
0.9999990408806515
0.9999990646143083
0.9999987005632549
0.9999990613687241
0.9999989644849749
0.9999986916027229
0.9999990816161909
0.9999988514134791
0.9999987156545532
0.9999990797579408
0.9999987465535205
0.9999987555315976
0.9999990480341338
0.9999986464464343
0.9999987880558976
0.9999989778447734
0.9999985602971254
0.9999988135110242
0.9999988903455317
0.9999985000552161
0.9999988319832978
0.9999988023660931
0.999998464416247
0.9999988449243709
0.9999987186622292
0.9999984672404001
0.9999988620613933
0.9999986368554102
0.999998476332875
0.9999988477100346
0.9999985382707233
0.9999984868044811
0.9999988029576353
0.9999984238186772
0.9999984997208602
0.9999987411054748
0.9999983319936999
0.9999985390956558
0.9999986738703641
0.999998275010579
0.9999985827244178
0.9999985733280804
0.9999982345414599
0.9999986160258465
0.999998472319593
0.999998232937526
0.9999986187373807
0.9999983515956642
0.9999982358210999
0.9999985881648329
0.9999982294456851
0.9999982455273123
0.9999985309984151
0.9999981297173948
0.9999982563298919
0.9999984625130284
0.9999980476420166
0.9999982791705333
0.9999983926655607
0.999997987960433
0.9999982985454648
0.9999983079326054
0.9999979426107807
0.9999983002276799
0.9999981993524328
0.9999979158297222
0.9999983014809537
0.9999980696212726
0.9999978912381629
0.9999982573306821
0.9999979393982285
0.9999979052014998
0.9999982058560115
0.9999978090789001
0.9999979116246899
0.9999981296517997
0.9999977133980327
0.999997934362634
0.9999980240380658
0.9999976208664558
0.9999979469344218
0.9999979107408472
0.999997564171039
0.9999979308903968
0.9999977822803037
0.999997538781353
0.9999979220419344
0.9999976593633615
0.9999975202021189
0.9999978756176869
0.9999975434323137
0.9999975260619609
0.9999978391302617
0.9999974447747251
0.999997540867919
0.9999977715923278
0.9999973484732206
0.9999975544472722
0.9999976753581529
0.9999972611465207
0.9999975586037657
0.9999975540697447
0.9999971774948017
0.9999975397659625
0.9999974161573882
0.9999971556864916
0.9999975359381812
0.9999972996180585
0.9999971533463915
0.9999975130707406
0.999997171148972
0.9999971643833203
0.9999974589513569
0.9999970581266878
0.999997172511885
0.9999973742849592
0.9999969553709693
0.9999971825023332
0.999997270973397
0.9999968631368713
0.9999971970797978
0.9999971680535008
0.99999683444589
0.999997210603199
0.9999970764457893
0.9999968153353904
0.9999972087324444
0.9999969738831194
0.9999968254673509
0.9999971968985099
0.9999968581797691
0.9999968246294697
0.9999971233194641
0.9999967330670873
0.999996815891266
0.9999970489995523
0.9999966263940939
0.9999968459398999
0.9999969526130841
0.9999965449550176
0.9999968627389575
0.9999968513632381
0.9999964926696121
0.9999968497329222
0.9999967066203933
0.9999964479512353
0.9999968125476092
0.9999965569050759
0.9999964339321978
0.9999967917495461
0.9999964648863741
0.9999964406095864
0.9999967383018491
0.9999963504253513
0.9999964631636664
0.9999966661759209
0.9999962400290423
0.9999964641730409
0.9999965825805891
0.9999961782685943
0.9999964917047207
0.9999964854255803
0.9999961205035919
0.9999964789816115
0.9999963592491442
0.999996082062898
0.9999964604786259
0.9999962161346663
0.999996042918256
0.9999963934061887
0.9999960636668005
0.9999960392204678
0.9999963379012868
0.9999959550991376
0.9999960538948351
0.9999962743853081
0.9999958384811022
0.9999960683486534
0.99999614495035
0.9999957279203123
0.9999960485597459
0.9999960156258247
0.9999956697696432
0.9999960294135929
0.999995888599671
0.9999956337722756
0.9999960149770407
0.9999957657201828
0.9999956190634156
0.9999959757301344
0.9999956301532712
0.9999956098420933
0.9999959051134822
0.9999955057726083
0.9999956111935148
0.9999958133869533
0.999995394104228
0.9999956223895049
0.9999957307738546
0.9999953211102652
0.9999956249442735
0.999995617058227
0.9999952680624246
0.999995635212547
0.9999954983982351
0.9999952205737699
0.9999956113995861
0.9999953582213523
0.9999952036185568
0.9999955521585745
0.9999952049319485
0.9999951953800357
0.9999954973282191
0.9999950944458591
0.9999952090843178
0.9999954154864191
0.999994988597213
0.9999952120626567
0.9999953087736501
0.9999949040056784
0.99999521465669
0.9999951965920001
0.9999948365203686
0.9999952139871231
0.9999950721122723
0.9999948279441672
0.999995190301949
0.9999949508249799
0.9999948053476478
0.9999951636898458
0.9999948298260484
0.9999947983638089
0.9999950873571265
0.9999946803628315
0.9999947929943767
0.9999950235732216
0.9999946051307641
0.9999948372591874
0.9999949589336043
0.9999945521567273
0.9999948567238307
0.9999948453309719
0.9999944840566262
0.9999948494376315
0.9999947053221823
0.999994422712155
0.9999948079655866
0.9999945606514706
0.9999944136546606
0.9999947600139343
0.9999944276746899
0.9999943985839553
0.9999946949976632
0.9999942703871871
0.9999943773522368
0.999994592871737
0.9999941815247108
0.9999943943580637
0.9999944930456283
0.9999940805365821
0.9999943866107411
0.9999943600524325
0.9999939931843768
0.9999943628755856
0.9999942343562103
0.999993958010924
0.9999943446266699
0.9999941085186932
0.9999939539055589
0.999994315243867
0.9999939703317785
0.9999939503525179
0.9999942404688527
0.999993838517586
0.9999939528754327
0.9999941585058248
0.9999937179980554
0.9999939359775193
0.9999940346483155
0.9999936141235456
0.9999939271903093
0.9999938911561885
0.9999935417038639
0.9999939008499014
0.9999937759862808
0.9999935002526674
0.9999938716992088
0.9999936207965578
0.9999934762497334
0.9999938236084072
0.9999934868059668
0.9999934523102666
0.9999937483593506
0.9999933513085778
0.9999934593870362
0.9999936749365607
0.9999932499083783
0.9999934741791264
0.999993577865798
0.9999931550045223
0.9999934558909956
0.9999934288947004
0.9999930728007854
0.9999934337414116
0.9999933050935373
0.9999930279782416
0.9999933944639521
0.9999931625286765
0.9999929963204454
0.9999933580242837
0.9999930186687429
0.9999929945933905
0.9999932829747101
0.9999928814533952
0.9999929851951163
0.9999931872029684
0.9999927512321012
0.999992975172161
0.9999930816666557
0.9999926639456123
0.9999929703591347
0.9999929450703751
0.9999926017595676
0.9999929688493484
0.9999928393072768
0.9999925599249837
0.9999929219981231
0.9999926860877532
0.9999925300054792
0.999992891302986
0.999992541056092
0.9999925173304125
0.9999928036593742
0.999992400130271
0.9999924825839784
0.9999927055196866
0.9999922866165037
0.999992517762092
0.9999926197255987
0.999992203719957
0.9999925260889942
0.9999925027678189
0.9999921555010955
0.9999925296896751
0.9999923932824787
0.9999921248475906
0.9999925073727362
0.9999922742607793
0.9999921278456173
