0.9999998317544997
0.999999440373527
0.9999991434828571
0.9999996344168113
0.9999997543542571
0.999999245176296
0.9999992270842044
0.9999997650342809
0.9999996226092308
0.9999991449599507
0.9999994285913981
0.9999997892765549
0.9999993596455531
0.9999991515526521
0.9999996726532074
0.9999996039796973
0.9999991164263536
0.9999993906197511
0.9999997127022913
0.999999238330865
0.9999990138088308
0.9999994965518075
0.9999994230956302
0.9999988811004253
0.9999990313428199
0.9999994793592943
0.9999991542898735
0.9999987508638211
0.999999143622918
0.9999993166881223
0.9999987809485692
0.9999986500966653
0.9999991214480674
0.9999989180529036
0.9999984274953789
0.9999987448062075
0.9999989764584695
0.9999984492388698
0.9999982736299321
0.9999987390798455
0.9999985434053575
0.999997990129705
0.9999982133051794
0.9999985215132206
0.9999980386880383
0.9999977435538576
0.9999982003554119
0.9999982147779735
0.9999976386442383
0.9999976674947146
0.9999980733982207
0.9999977088784633
0.999997254401337
0.9999976340425524
0.9999977473846796
0.9999971890343679
0.9999970976577038
0.9999975479792343
0.9999972698872098
0.999996756101898
0.9999970534460643
0.9999972664345805
0.9999967248119789
0.999996548291519
0.9999970300764865
0.9999968272823501
0.9999962566146757
0.9999964238654736
0.9999967130869685
0.9999962241696361
0.9999958928658345
0.9999963382649124
0.9999962911469987
0.9999956847362351
0.9999957298008172
0.9999961185044249
0.9999957350656102
0.9999953232913186
0.9999957175337171
0.9999958150814251
0.9999952268815047
0.9999951503132615
0.9999955613869326
0.9999952886673722
0.9999947613969549
0.9999950589857691
0.9999952839574049
0.999994727120092
0.9999944666157605
0.9999949550897818
0.999994765295413
0.9999941824143879
0.999994337846104
0.999994628744114
0.9999941491579837
0.9999937867360953
0.99999421825674
0.9999941636767564
0.9999936117296115
0.9999936619082115
0.9999940834030939
0.9999936979641417
0.9999932541268488
0.9999936316544511
0.999993741731923
0.9999931266702553
0.9999930646884057
0.9999935096182735
0.9999932268728731
0.9999927237591719
0.9999929873399619
0.9999932225470144
0.9999927032782777
0.9999925077187407
0.9999929562655268
0.9999928016306475
0.9999922430356291
0.9999924424202341
0.9999927493438326
0.9999922848565251
0.9999919410717797
0.9999923625854114
0.9999923365564054
0.999991793666876
0.9999918546585566
0.9999922398071357
0.9999917991063714
0.999991354827618
0.9999917245677427
0.9999918141999019
0.9999912217066234
0.9999911312234883
0.9999915282844456
0.9999912913059362
0.9999907821239539
0.9999910564109912
0.999991264205888
0.9999907721447782
0.9999905928048854
0.9999910365959228
0.9999908855097729
0.99999031478165
0.9999905106427288
0.9999908497652269
0.9999903651938116
0.9999900066473816
0.9999904349064443
0.999990437012267
0.9999898461793808
0.9999899059796634
0.9999902840255837
0.9999899007262358
0.9999894572662796
0.9999898363759063
0.9999899164993392
0.9999893391759042
0.9999892583196397
0.9999897213739852
0.9999894322228624
0.9999889139813414
0.9999892308542739
0.9999894270285553
0.999988859314081
0.9999886275437657
0.9999890941059739
0.9999889463243952
0.9999883640380022
0.9999885860661785
0.9999889257073533
0.999988519744179
0.9999881910882349
0.9999886325859292
0.9999886168946154
0.9999880174480578
0.9999880339104426
0.9999884852719229
0.9999881132730442
0.999987649413138
0.999988006484539
0.9999881256769338
0.9999875072211873
0.9999874555485393
0.999987892160281
0.9999875582768676
0.9999870552048671
0.9999873449157969
0.99998754244776
0.9999870098315753
0.9999867424983298
0.999987164125674
0.9999869672316165
0.9999863855929559
0.9999865919639983
0.9999869499112688
0.9999864730664215
0.9999861075139449
0.9999865744758766
0.9999865776711012
0.9999859910765982
0.9999860386834115
0.9999864180571955
0.9999860128734399
0.9999855320300762
0.999985945665579
0.9999859985776738
0.9999853947431455
0.9999853340974175
0.9999857673273663
0.9999855185908038
0.9999850422993664
0.9999853888179109
0.9999855940499065
0.999985049947986
0.999984827707903
0.9999852414087863
0.9999851193930568
0.9999845662582293
0.9999847608688835
0.9999850913385779
0.9999846491160261
0.9999843472808886
0.9999848614763003
0.9999848209086567
0.9999842252993051
0.9999843162995916
0.9999847187571437
0.9999843389351433
0.9999839356778512
0.9999843526836953
0.9999844473425055
0.9999839059830833
0.9999837948508233
0.9999842838941583
0.999984003562143
0.9999834171775221
0.99998371039562
0.999983902189698
0.9999833835477853
0.9999831452471408
0.9999835955452139
0.9999834315498416
0.9999829402548887
0.9999831177442946
0.9999834096273811
0.9999829266487879
0.9999825914340353
0.9999829965356742
0.9999829675116062
0.9999824184320225
0.9999824877750293
0.9999828748850796
0.9999824969315472
0.9999820997603672
0.9999825049629002
0.9999825835704965
0.9999820491111825
0.9999820095031491
0.999982454846915
0.9999821620691757
0.99998164350433
0.9999819746022788
0.9999821783552165
0.9999816615402182
0.9999813715480969
0.9999818558961215
0.9999817037593726
0.9999811271695898
0.9999812931086673
0.9999816038341959
0.9999810313936915
0.9999807386123998
0.9999812243309005
0.9999811926718342
0.9999805991663275
0.9999806079825604
0.9999810335395874
0.9999806347020033
0.9999801994628967
0.9999806043083264
0.9999807251075342
0.9999801693055003
0.9999800359966372
0.9999805229470025
0.9999801582032452
0.9999796641797302
0.9999799367421385
0.9999801928248844
0.9999796516839284
0.999979475821523
0.9999798828306187
0.9999796543127303
0.9999791543763401
0.9999793625202784
0.9999797148867668
0.9999792041591589
0.9999788871214571
0.9999792814648916
0.9999792662379438
0.9999787647167112
0.9999788061144881
0.9999791662476392
0.9999788146938565
0.9999784057800173
0.9999787662146065
0.9999788759936808
0.9999782614370881
0.999978144600111
0.9999785939860933
0.9999783582712654
0.9999778697427244
0.9999781830922876
0.9999783879150832
0.9999778579857748
0.9999776846771112
0.9999781958740912
0.999977997450823
0.9999774316861729
0.9999776230675854
0.9999779599214117
0.9999775082503729
0.9999771404520752
0.9999776069435985
0.9999775796552355
0.9999770326797132
0.9999771063274792
0.999977493191823
0.9999771968912281
0.9999767910562628
0.9999771836234891
0.9999772879923451
0.9999766520687731
0.999976612946712
0.9999770458654893
0.999976750984021
0.9999762440111116
0.9999764227676555
0.9999766206753158
0.9999760306085959
0.9999758414662321
0.9999762370294756
0.9999761428496143
0.9999755861477747
0.9999757702359446
0.9999760833014625
0.9999755649270426
0.9999752852038355
0.9999757312336279
0.9999756735428403
0.9999750987088124
0.9999751530465353
0.999975562636153
0.9999751273172357
0.999974682470971
0.9999750681119581
0.9999751815567034
0.9999746686269029
0.9999746064746959
0.999975031943945
0.9999747342552273
0.9999741932913613
0.9999744899977377
0.9999746964136927
0.9999741398060203
0.9999739280882134
0.9999743574522746
0.9999742198925083
0.9999736435923801
0.9999738006725402
0.9999741198126032
0.9999737310817302
0.9999734141744364
0.9999738565577626
0.9999737876265213
0.9999731515031586
0.9999732983559699
0.9999737615693779
0.9999733671358004
0.9999728776239913
0.9999732425104075
0.9999733582128121
0.9999727379858617
0.9999727012566003
0.999973092948357
0.9999726992682495
0.9999721867919317
0.9999724404491174
0.9999725958276943
0.999972098341394
0.9999718666723538
0.9999723114202659
0.9999721565420516
0.999971623628513
0.9999717968469437
0.9999720783142196
0.9999715965430775
0.9999712881860413
0.9999717289995921
0.999971737472267
0.9999711830393901
0.9999712489506432
0.9999716129741942
0.999971211589386
0.9999707118766527
0.9999711013029355
0.9999711408465094
0.9999705090045661
0.9999704586599076
0.9999708442720244
0.9999705324459588
0.9999699838162992
0.9999702673960761
0.9999704035312378
0.9999698788679846
0.9999696712932097
0.9999701380593554
0.9999699987240896
0.9999694132606632
0.9999696118595516
0.9999699299863537
0.999969343683898
0.9999690071518518
0.9999694254713657
0.9999694091043007
0.9999688659924082
0.9999689999397133
0.9999694406197047
0.9999689880944548
0.9999685563616977
0.999968991477234
0.9999691292230712
0.9999685694923102
0.9999684021242681
0.9999688619622619
0.9999685630378419
0.9999679822137344
0.9999682918537548
0.9999685409548735
0.9999680107338326
0.9999677982309325
0.9999682412150854
0.9999680656851462
0.9999674867392209
0.9999677323789969
0.999967985692848
0.9999674499554895
0.9999672092583282
0.9999676139811413
0.9999676038627666
0.9999670673150656
0.9999671233991723
0.9999675070122078
0.9999671562760565
0.9999667955107201
0.9999671119840167
0.9999670691782307
0.9999664896154021
0.9999664261744526
0.9999668082463853
0.9999665091119732
0.9999660554702076
0.9999663438389186
0.9999665451662538
0.9999658642532464
0.9999656617406367
0.9999661377512502
0.9999659854362615
0.9999653267936467
0.9999655141282027
0.9999657985292209
0.9999653953939119
0.9999650402909915
0.9999654394855051
0.9999653771741713
0.9999648142273568
0.9999648683656059
0.9999651651448109
0.9999647461394906
0.9999642847281527
0.9999646769599978
0.9999648021441461
0.9999643014439102
0.9999643002983091
0.9999647348524051
0.9999644145430422
0.9999639363240765
0.9999641610098473
0.9999644147861598
0.9999637161592421
0.999963561912241
0.9999639862579724
0.9999638011603647
0.9999632191138892
0.9999634709641967
0.9999638340750794
0.9999633618228172
0.9999630382258599
0.9999634873949802
0.9999634121581287
0.9999629414319892
0.9999629562092439
