0.9999657857794986
0.9999652908516689
0.9999638051114728
0.999961400647402
0.9999581649508624
0.9999542009581294
0.9999496270575048
0.999944570497823
0.9999391663083793
0.9999335508922691
0.9999278557892036
0.9999221995587146
0.9999166825336809
0.999911384624387
0.9999063619170723
0.9999016398988477
0.9998972205956151
0.9998930877323975
0.9998891999921509
0.9998855032235373
0.9998819494275392
0.9998784705290543
0.9998750261526796
0.9998715747564572
0.9998680914669661
0.9998645726146744
0.9998610329320242
0.9998575162729831
0.9998540833568382
0.9998508305666536
0.9998478589274221
0.9998453200984744
0.9998433356196232
0.9998420596744386
0.9998416340352972
0.9998422270665913
0.9998439526917142
0.9998468949922245
0.9998511058699447
0.9998566089087566
0.9998633425268094
0.9998712091172821
0.9998800506402784
0.99988966934526
0.9998998226667789
0.9999102542743324
0.9999206649238852
0.9999308072478598
0.9999404015530879
0.9999492001747107
0.9999570036263131
0.9999636184070655
0.9999689187764628
0.9999727662587797
0.999975082038146
0.9999758158421546
0.9999749251955949
0.999972399867945
0.9999682500948442
0.999962500042723
0.9999552033136543
0.9999464406354083
0.9999363166166115
0.99992497130467
0.9999125323228903
0.9998992728643555
0.999885359030502
0.9998711147926307
0.999856854417072
0.9998428965004698
0.9998296232094477
0.9998173737373017
0.9998065344192406
0.99979740650393
0.9997902723671098
0.999785318618851
0.9997826753539738
0.9997823861198356
0.9997843934715931
0.9997885695033879
0.9997947310889458
0.9998026360525163
0.9998119877525252
0.9998224645998236
0.9998338238460909
0.999845709728158
0.9998578722981338
0.9998700740004745
0.9998820458956056
0.999893626070567
0.9999046496826011
0.999914983668604
0.9999244999445082
0.9999331228397733
0.9999407791977896
0.9999473981804843
0.9999529688321357
0.9999574584501524
0.9999608390243624
0.9999631062723022
0.9999643029445053
0.9999644412148181
0.9999635259149615
0.9999616542560865
0.9999588680339748
0.9999552402505106
0.9999508812520402
0.9999458834354767
0.9999403522970707
0.999934431751068
0.9999282424044191
0.9999219020187983
0.9999155375524301
0.9999092239833656
0.9999030620856765
0.9998971037342088
0.9998913718827335
0.9998859496424741
0.9998807922140652
0.9998758984814206
0.9998712746404501
0.9998669003025955
0.999862773098709
0.9998588675018483
0.9998551790017436
0.9998517137334839
0.9998485105841053
0.9998455921022622
0.9998430337992565
0.9998409071610337
0.9998392806449036
0.9998382826320072
0.9998379411602871
0.9998384005914208
0.9998397719914802
0.999842077134791
0.9998453727376937
0.999849693149009
0.9998550591455554
0.9998614068188882
0.9998686497147938
0.9998766988491764
0.9998854064242158
0.9998946145271634
0.9999040439742511
0.9999135117638895
0.9999228124672769
0.999931725846629
0.9999400772348433
0.9999476181245198
0.9999541868890668
0.9999596495125687
0.9999639371094072
0.9999668585116229
0.9999684219568608
0.9999685544282667
0.9999672154895418
0.9999644497198974
0.9999601948167697
0.9999545393486547
0.9999475247620694
0.9999392872816693
0.9999298759549773
0.9999194212751461
0.9999081492144343
0.9998962431533526
0.9998838807477418
0.9998712928084323
0.9998587928336351
0.9998466182422109
0.9998350491536814
0.9998243823300783
0.9998148557969223
0.9998067170627564
0.9998001733599085
0.9997953540431949
0.9997923576891932
0.9997912237477103
0.9997919444769533
0.9997944467048215
0.999798627636234
0.9998043347701001
0.9998113804636011
0.9998195434121436
0.9998286024290507
0.9998383960133157
0.999848668719171
0.9998591997099272
0.9998698433840585
0.9998804061758494
0.9998907392161207
0.999900681978681
0.9999101542139525
0.9999189840254408
0.999927153582687
0.9999344788165734
0.999940955727324
0.9999465035306552
0.9999510679415033
0.9999546494566228
0.9999572128469372
0.9999586675783829
0.9999590910855146
0.9999583980876903
0.9999567114023384
0.9999539829165934
0.9999503396475633
0.9999458074712434
0.9999404629839399
0.999934406832194
0.9999277780921354
0.9999207018057111
0.9999132883131193
0.9999056621721869
0.9998978692676712
0.9998900575701236
0.9998823522698795
0.9998748406922116
0.9998676355213375
0.999860794263277
0.9998543198193522
0.9998482737256533
0.9998427558250292
0.9998377968871173
0.9998334524773178
0.9998297427346552
0.9998266895022221
0.9998243707438432
0.9998228003046277
0.9998220312154381
0.9998220903908285
0.9998230446834692
0.999824911913157
0.9998276789351813
0.9998313168904801
0.999835925169446
0.9998413386976005
0.9998475582305295
0.999854549465938
0.9998621509580671
0.9998702568630171
0.999878788525547
0.9998875830301795
0.9998964876488816
0.9999053360059348
0.9999139481864426
0.9999221927846748
0.9999298578123255
0.9999368936217812
0.999943022097239
0.999948257704525
0.9999523774146648
0.9999554163476555
0.99995722037929
0.9999577597188394
0.9999570127751326
0.9999549927761333
0.9999516815567635
0.9999471096668903
0.99994136402349
0.9999345232499234
0.9999266860104664
0.9999179506735744
0.9999084522372224
0.9998982940275275
0.9998877235497
0.9998769304615911
0.9998660319983701
0.9998552816837232
0.9998449120844588
0.9998350840798333
0.9998259852170907
0.9998177841948579
0.9998107235964521
0.999804884736858
0.9998003629885646
0.9997972178168294
0.9997955737908901
0.9997953667348515
0.9997965543731495
0.9997991347584417
0.9998030291919365
0.9998081463098055
0.999814323666409
0.9998214392284815
0.9998293304859339
0.999837797426239
0.9998468183503965
0.9998561891139895
0.9998657548229123
0.9998753659047589
0.9998847623580759
0.9998940021562321
0.9999028882565708
0.9999113047281569
0.999919107749235
0.9999262405968772
0.9999326145400222
0.9999380968073142
0.9999425975674351
0.9999461202146644
0.9999486047960787
0.9999499700316954
0.9999502128358063
0.9999493875948282
0.9999473776214034
0.999944282906966
0.999940158988697
0.9999350543155766
0.999929036994711
0.9999222116991169
0.9999147213833925
0.9999066319276337
0.999898084554243
0.9998892842583007
0.9998802540899049
0.9998712796331294
0.9998623682308517
0.9998537251230278
0.9998454110357324
0.9998375492791212
0.9998303128900804
0.9998237589729917
0.9998179627254432
0.9998130299632764
0.9998090932435834
0.9998060411802834
0.9998040452256907
0.9998030791580239
0.9998031595910455
0.9998043634085176
0.9998065212738331
0.9998097345052445
0.9998139152315207
0.9998189959209993
0.9998249494292026
0.9998317020779883
0.999839125162875
0.9998470765775669
0.9998555348263154
0.9998642168004787
0.9998730807731696
0.9998819705845332
0.999890784527889
0.9998993930138594
0.9999076456229719
0.9999153722971453
0.9999224158042909
0.9999286910823256
0.9999340698222224
0.999938490821442
0.9999419223815135
0.9999441819223934
0.999945265460509
0.9999451527384937
0.9999438532579839
0.9999413352938382
0.9999376446288335
0.9999328277440774
0.9999269761295572
0.999920120378406
0.9999124596982916
0.9999040022374197
0.9998949193222141
0.9998853096375618
0.9998754503911981
0.9998654459301433
0.9998554430306574
0.9998456174658275
0.9998361486850939
0.999827256039922
0.9998190084067197
0.999811584095463
0.9998050539133722
0.9997995706194371
0.9997952790565333
0.9997921404467084
0.9997902297456648
0.9997895749923953
0.9997902275411032
0.9997920981467552
0.99979511096949
0.999799253105454
0.9998044408525054
0.999810601584707
0.9998175532500791
0.9998251976158226
0.999833460250739
0.9998421154189899
0.9998511481337868
0.9998603102153599
0.9998694878846283
0.9998786466073367
0.9998875551041865
0.9998960768628236
0.9999041358587113
0.9999115122797714
0.9999181640126303
0.9999240330334116
0.9999289967022331
0.9999328262563688
0.9999357325711579
0.9999375183149917
0.9999381721060353
0.9999376546431414
0.9999359368074427
0.9999330949541531
0.9999291277039186
0.9999241364538801
0.9999181674108237
0.9999113223373618
0.9999036629120366
0.9998953564609776
0.9998865411972472
0.99987725281728
0.9998677882357195
0.9998582561079099
0.9998487857716489
0.9998395425685731
0.9998306546477128
0.9998222832287914
0.9998145308126409
0.9998075523721071
0.9998013730267762
0.9997961359185086
0.999791983688341
0.999788846681969
0.9997868727517107
0.9997860540805513
0.9997864270239085
0.9997879431597917
0.9997905890928884
0.9997942704578092
0.9997989644496602
0.9998046210383067
0.9998110602724816
0.999818291533915
0.9998260937412662
0.9998343659194009
0.9998430154865173
0.9998519430254432
0.9998608869298273
0.9998699248515934
0.9998787403415142
0.9998872592271071
0.999895335987291
0.999902865180447
0.9999096958938557
0.9999157692722743
0.9999208587899945
0.9999249689812769
0.9999280627283357
0.9999300147212709
0.9999308419989336
0.9999304997185889
0.9999289057359678
0.9999262292142201
0.9999223824399104
0.9999174236158931
0.9999114803388951
0.9999045486237325
0.9998968332665727
0.9998884701551688
0.9998794497149122
0.9998701117572774
0.9998604436748726
0.9998506329797023
0.999840886483402
0.9998313484361704
0.9998221909284583
0.9998135435720947
0.9998055347326141
0.9997982825395108
0.9997920402292263
0.9997866626885716
0.9997824714386687
0.9997793650062279
0.9997774800713702
0.9997767241270094
0.9997771997029441
0.9997788737003355
0.9997816621060589
0.9997854848114405
0.9997903448523855
0.9997960986679097
0.9998026891792627
0.9998099986861152
0.9998179774097636
0.999826422395493
0.9998351980744091
0.9998442474315795
0.9998533433458158
0.9998622616874162
0.9998711100265897
0.9998796078786601
0.9998876206583119
0.9998950841672447
0.9999017395914612
0.9999076866264092
0.9999126897055808
