0.9999997979552436
0.9999993748285577
0.9999990093887111
0.9999994771739315
0.999999782332255
0.999999269355263
0.9999990514612122
0.9999996174771014
0.9999997152865691
0.9999991552276177
0.9999991341991629
0.9999997290162508
0.9999996040374203
0.9999990636484501
0.9999992384205995
0.9999997829382625
0.9999994837647476
0.9999990067502489
0.9999993283145405
0.9999997908663648
0.9999993868449708
0.9999989782263736
0.9999993913630738
0.9999997813523812
0.9999993220404093
0.9999989725172319
0.9999994440607758
0.999999770589231
0.9999992746980382
0.9999989874899564
0.9999995095588651
0.9999997504248542
0.9999992180350302
0.9999990239976453
0.9999995970610098
0.9999997000290031
0.9999991407237669
0.9999990962271373
0.9999996950391663
0.9999996071065685
0.9999990619020157
0.9999992130611798
0.9999997668546796
0.9999994776745381
0.9999990078442664
0.9999993504046746
0.9999997805300954
0.9999993372340537
0.9999989844583141
0.9999994622564746
0.9999997386391798
0.9999992125002922
0.9999989787204626
0.9999995307696932
0.999999683741092
0.999999125668392
0.9999989879237058
0.9999995756018389
0.9999996403141931
0.9999990767615714
0.9999990172549873
0.9999996184595479
0.9999995977471544
0.9999990346186668
0.9999990625102192
0.999999658566347
0.9999995260693724
0.9999989802682457
0.9999991342410651
0.9999996890576738
0.9999994120906281
0.9999989308592682
0.9999992517822389
0.9999997030876779
0.9999992797675893
0.9999989191519508
0.999999395103037
0.9999996709107707
0.9999991439001843
0.9999989437443108
0.9999995082938915
0.9999995811676422
0.9999990085933733
0.9999989642410777
0.9999995509496751
0.9999994598052837
0.9999988983244068
0.9999989884077612
0.9999995678110567
0.9999993717217417
0.9999988373419775
0.9999990241590911
0.9999995773959348
0.9999993044515175
0.9999988050100195
0.9999990723936037
0.9999995799272953
0.9999992270847186
0.9999987747211848
0.9999991315901581
0.999999554158741
0.9999991062340634
0.9999987414643122
0.9999992103494549
0.9999994935685645
0.9999989693982814
0.9999987546856286
0.999999319582768
0.9999994130090761
0.99999885199718
0.9999988234974092
0.9999994166367853
0.9999992989963292
0.9999987467379234
0.9999988944714513
0.9999994371660977
0.999999145360562
0.99999864602202
0.9999989370601556
0.9999994029043299
0.9999990018077342
0.999998577397284
0.9999989754523436
0.9999993665275058
0.999998906103589
0.9999985534674247
0.9999990205933631
0.9999993344976794
0.9999988250534743
0.999998540015017
0.999999059065128
0.9999992614229767
0.999998712296682
0.9999985276844517
0.999999090923309
0.9999991535991328
0.9999985815483966
0.9999985478091052
0.9999991390943798
0.9999990298632428
0.9999984810192958
0.999998634351984
0.9999991822907645
0.9999988929939526
0.9999984125105822
0.999998737503884
0.9999991722992542
0.9999987330580697
0.9999983511900425
0.9999988031312723
0.9999990943615642
0.9999985637480049
0.9999982909904825
0.99999881727113
0.999998984493716
0.9999984238139809
0.9999982633693104
0.9999988399574437
0.9999989022237143
0.999998329623452
0.9999982688687729
0.999998862487572
0.9999988110962299
0.9999982473665847
0.9999982885976664
0.9999988674865509
0.9999986828000311
0.9999981289362566
0.9999983049027301
0.9999988407664425
0.9999985271427208
0.9999980419337755
0.9999983649211512
0.9999987957912603
0.9999983612473042
0.9999979897071115
0.9999984521058003
0.9999987263730368
0.9999981952224533
0.9999979710404138
0.999998519251967
0.9999986107769359
0.9999980318165773
0.9999979452366066
0.9999985206752987
0.9999984608683807
0.9999978824764073
0.9999979345841693
0.9999985078101811
0.9999983190138252
0.9999977673727908
0.9999979353168056
0.9999984791141486
0.9999981899606063
0.9999976848031007
0.9999979564046004
0.9999984470047086
0.9999980627916149
0.9999976123291269
0.9999979786495212
0.9999983656898351
0.9999978951754778
0.9999975430732984
0.9999980230742322
0.9999982672728488
0.9999977252119439
0.9999975103633093
0.9999980618289442
0.9999981413683314
0.9999975711690955
0.9999975225578555
0.9999981067990428
0.9999980008690909
0.9999974433437284
0.9999975503128625
0.9999980995429243
0.9999978382755977
0.9999973232961432
0.9999975780279231
0.9999980585782379
0.9999976694147594
0.9999972170861311
0.9999975995593526
0.9999979897856057
0.9999975228496244
0.9999971640879555
0.9999976243379526
0.9999979205748591
0.9999974173578617
0.999997144805902
0.9999976576954887
0.9999978250292014
0.9999972659546954
0.9999971080351076
0.9999976777916532
0.9999976942255241
0.9999971000342852
0.9999970886000469
0.9999976737115486
0.9999975357046521
0.9999969768080089
0.9999971251458363
0.9999976681615526
0.9999973658960042
0.9999968746457537
0.9999971731727122
0.9999976250203982
0.9999971957120509
0.9999967827951665
0.9999972045100728
0.9999975264948268
0.9999970085062854
0.9999967109794405
0.9999972293272603
0.9999974135832909
0.9999968541484963
0.9999966677375638
0.9999972304111667
0.9999972848850394
0.9999967118459765
0.9999966551786849
0.9999972386065115
0.9999971689607879
0.9999965884230351
0.9999966523626727
0.9999972179018152
0.999996996103215
0.9999964628866704
0.9999966678330838
0.9999971827485008
0.9999968427002004
0.9999963738437173
0.9999967115172804
0.9999971112688271
0.9999966627499038
0.9999962875056406
0.99999675069702
0.9999970309842094
0.9999964960391653
0.9999962462225275
0.9999967687275704
0.9999968910393665
0.9999963096463417
0.9999961962926747
0.9999967682719877
0.9999967344395415
0.9999961537580326
0.9999961764718569
0.9999967501546181
0.999996574687686
0.9999960162601431
0.9999961739255762
0.9999967027481281
0.9999963959472946
0.9999958885699739
0.9999961672123213
0.9999966299945451
0.9999962238197954
0.9999957968126101
0.9999961952597411
0.9999965420741157
0.9999960419535197
0.9999957019675081
0.9999961835966558
0.9999963985985938
0.9999958424377828
0.9999956384917159
0.9999961850106562
0.9999962499907906
0.9999956677026528
0.9999956067986978
0.9999961981709108
0.9999960985636179
0.9999955323050967
0.999995620344277
0.9999961613659506
0.9999959104204562
0.9999953832777035
0.9999956042437472
0.9999960970180612
0.9999957202155624
0.999995249579954
0.9999956077166634
0.9999960183272851
0.9999955554957797
0.9999951727394591
0.9999956276679252
0.9999959243366496
0.9999953926175361
0.9999951227326577
0.9999956466594897
0.9999957746449025
0.9999951931327394
0.9999950359506531
0.9999956124017755
0.9999956027242949
0.9999950216377275
0.9999950128188336
0.9999955844803418
0.9999954324028579
0.9999948938784603
0.9999950409521385
0.9999955679462033
0.999995268961075
0.9999947352329717
0.9999950334375219
0.9999954951248692
0.9999950853978147
0.999994667769307
0.9999950738244248
0.9999954190932799
0.9999949022315415
0.9999945928516324
0.9999951105497165
0.999995332493032
0.9999947774016875
0.9999945808505368
0.9999951359587281
0.9999951925324073
0.9999946159472459
0.9999945575326602
0.9999951268473147
0.999995046318285
0.9999944714343469
0.999994529531
0.9999950840275225
0.9999948587603036
0.999994335859835
0.9999945598500072
0.9999950674962533
0.9999947157703011
0.9999942396270777
0.9999945773336396
0.9999949513230115
0.9999944806032933
0.9999940985809019
0.9999945618577732
0.9999948414757618
0.9999943125214922
0.9999940487818858
0.99999457860517
0.999994720070091
0.9999941636469691
0.9999940485399469
0.9999946241039108
0.9999946132329732
0.9999940346123367
0.9999940273672581
0.999994601973887
0.9999944537161097
0.999993879624252
0.9999940118412454
0.9999945639493746
0.9999942653823666
0.9999937429396489
0.999993995008248
0.9999944558947699
0.9999940365946179
0.9999936262868732
0.9999940271823354
0.9999943972760708
0.9999939021993582
0.9999935915908778
0.9999940777801384
0.9999942931842198
0.9999937316140054
0.9999935228677261
0.9999940715183208
0.9999941320678293
0.9999935413507102
0.999993472639682
0.9999940353479111
0.9999939428616105
0.9999933577973468
0.9999934376677799
0.999993990265584
0.999993743901753
0.9999931991995049
0.9999934270529025
0.9999939350253589
0.9999935599991708
0.999993088724661
0.9999934251583752
0.9999938475535094
0.9999933847019542
0.9999930218105784
0.9999934633492469
0.999993745979538
0.9999932303269984
0.9999929623815332
0.9999935009126538
0.9999936482842983
0.9999930693574908
0.999992938531816
0.9999935145064307
0.9999934999367639
0.9999928901664081
0.9999928959925901
0.9999934841228545
0.9999933024880756
0.9999927581193371
0.9999929277566145
0.999993467603808
0.9999931671516155
0.9999926725313768
0.9999929474989155
0.999993416235865
0.9999930010586913
0.9999925935679701
0.9999929983932941
0.999993348869417
0.9999928526713321
0.9999925467934454
0.9999930542848201
0.9999932209477717
0.9999926571812763
0.9999924550941294
0.9999930016167589
0.9999930749625398
0.9999925109908857
0.9999924340220682
0.999993027698394
0.9999929452089377
0.9999923665928097
0.9999924434945973
0.9999930083719858
0.9999927663718144
0.9999922139247177
0.9999924460961634
0.9999929575181572
0.9999925942387459
0.9999921310899924
0.9999924829822223
0.999992885633976
0.9999924437328988
0.9999920658762025
0.9999925172643088
0.9999928063802602
0.9999922796719065
0.9999920132282057
0.9999925464856015
0.9999926716489894
0.999992099575331
0.9999919797954124
0.9999925476587866
0.99999253560378
0.9999919602562897
0.9999919778951808
0.999992539852277
0.9999923869885914
0.9999918180612205
0.9999919651527523
0.9999924945319654
0.9999921757628647
0.9999916607820525
0.9999919674195348
0.9999924130856446
0.9999919765785501
0.9999915516693086
0.9999919626630205
