0.9999999556594691
0.9999997840273185
0.9999999368445645
0.9999998214533581
0.9999998842838915
0.9999998851102406
0.9999998233304547
0.9999999376164537
0.9999997789822249
0.9999999401291346
0.9999997570209265
0.999999889987066
0.99999975670104
0.9999998240965186
0.9999997847567123
0.9999997703759688
0.9999998239660429
0.9999997154001429
0.9999998273192434
0.9999996375782496
0.9999997642092882
0.9999995522940689
0.9999996618084555
0.9999995147752351
0.9999995527548855
0.9999995337975862
0.9999994508716613
0.9999995362813774
0.9999993412070809
0.999999462140407
0.9999992162753092
0.9999993023582505
0.9999991182162465
0.9999991500921797
0.9999990773619039
0.9999990226694779
0.9999990342698561
0.999998872783141
0.9999989507452075
0.9999987166039284
0.9999988150116937
0.9999985594138633
0.9999986292833883
0.9999984622851511
0.9999984556364168
0.9999983953062852
0.9999982737254115
0.9999982971972996
0.9999980718873503
0.9999981631722136
0.9999979103485521
0.9999980109905415
0.99999779672512
0.9999978205216401
0.9999977061823033
0.999997636478151
0.9999976450935623
0.999997471749162
0.9999975307973573
0.999997287334319
0.9999973906966182
0.99999715315334
0.9999972227884669
0.9999970656240498
0.9999970625124176
0.9999969784970191
0.9999968444193352
0.9999968601974182
0.9999966442556184
0.9999967203047642
0.9999964552442052
0.9999965441884184
0.9999963389518416
0.9999963735471025
0.9999962668770894
0.9999962060968113
0.9999961771307115
0.9999960307992068
0.9999961004979028
0.9999958380961737
0.9999959368025197
0.9999956719305015
0.9999957470062509
0.9999955675032484
0.9999955051020925
0.999995429807664
0.9999953099305499
0.9999953163595225
0.9999950805899122
0.99999517773131
0.9999949084231278
0.9999949864538553
0.9999947587694884
0.9999948186584988
0.9999946628960172
0.9999945830752005
0.9999945584816339
0.9999943750004687
0.9999944688892355
0.9999942263665101
0.9999943425082752
0.9999940839769281
0.999994145511781
0.9999939750664084
0.9999939487529791
0.9999938732318857
0.9999937421153708
0.9999937386953464
0.9999935114225305
0.9999935534640011
0.9999933094247169
0.9999934184168883
0.9999932174126606
0.9999932735554004
0.9999931517434979
0.9999930227534615
0.99999297798829
0.9999927811889558
0.999992849873391
0.9999926128632849
0.9999927282159047
0.9999925167307299
0.9999925511316436
0.999992358095476
0.9999923117515686
0.9999922390539036
0.999992066205399
0.9999921135427872
0.9999918862023185
0.999991956742739
0.9999917222198172
0.999991779319234
0.9999915559323693
0.9999915674785559
0.9999914377386119
0.9999913469127701
0.9999913412020239
0.9999911809021735
0.9999912509607143
0.9999909902301767
0.9999910999401892
0.9999908387590919
0.9999909104372212
0.9999907493315277
0.9999906832985089
0.999990565671724
0.9999904225630639
0.9999904131964196
0.999990210969498
0.9999902743759623
0.9999900505638794
0.9999901195862778
0.9999898615513845
0.9999898535167447
0.9999897488513181
0.9999896264618711
0.9999895566036834
0.9999893458715835
0.9999893945032947
0.9999891625098919
0.9999892748497281
0.9999890151059593
0.9999890615669778
0.9999888387030327
0.9999888266749883
0.9999887567519048
0.9999886664055379
0.9999886428753302
0.9999883773216547
0.9999884854504373
0.9999883042964688
0.9999883575719473
0.9999881340947302
0.9999881863990632
0.9999880707942842
0.9999879452928766
0.9999878741554007
0.9999876820540166
0.9999877679588729
0.9999874876776454
0.9999875924991324
0.9999873224443606
0.9999873758828085
0.9999871988282287
0.9999871764340305
0.9999871140136494
0.9999870055964353
0.9999870434872521
0.9999868517411742
0.999986900648441
0.9999866474447072
0.9999867190863413
0.9999865327647577
0.9999865779477422
0.9999865015413643
0.9999864454790757
0.9999863957224084
0.9999862333100692
0.9999863252457983
0.9999860831232003
0.9999861613588127
0.9999858917679957
0.9999859274538325
0.9999857715963235
0.9999857904191704
0.9999857094783988
0.9999855912073691
0.9999856650690994
0.9999854741213742
0.9999855794482333
0.9999852934367324
0.9999853602963811
0.999985105142925
0.999985135663026
0.999984976515306
0.9999848751960162
0.999984842712459
0.9999846368844251
0.9999847480540475
0.9999845608197343
0.9999845991448338
0.9999843570788967
0.9999844549122615
0.9999842597138188
0.99998422207019
0.9999841869463756
0.9999840719465721
0.9999841268055798
0.9999838806854919
0.9999839428088343
0.9999836887657145
0.999983744824765
0.9999835036083043
0.9999835688242142
0.9999834158807906
0.9999833030330809
0.9999832023895443
0.999983059258747
0.9999831578169468
0.9999829025236847
0.9999829883900131
0.9999827148935043
0.99998275802513
0.9999826159994523
0.9999825797518422
0.9999824808543137
0.9999823209768504
0.999982339763799
0.9999821822646129
0.9999823124003857
0.9999820402850649
0.9999821081919404
0.9999819085047384
0.999981908972294
0.9999817978887252
0.9999817252048634
0.9999817828444587
0.999981646216719
0.9999817052842099
0.9999814149572099
0.9999815009468581
0.9999812311703736
0.9999813023338521
0.9999811264837354
0.9999811336165865
0.99998105099943
0.9999809029279715
0.9999809495953252
0.9999806362655795
0.9999807097061628
0.9999804639876461
0.9999805255180148
0.9999802923678243
0.9999802895349944
0.9999801407791615
0.9999800302385418
0.9999800086122563
0.9999799273836667
0.9999799249837118
0.9999797001969898
0.9999797693664486
0.9999794674949203
0.9999795615387951
0.9999793732462818
0.9999793504342372
0.9999792778943317
0.9999791776429928
0.9999791769317617
0.9999789811886535
0.9999790429067998
0.9999787837202456
0.9999788244017727
0.9999785546295823
0.9999785907213395
0.9999785161404189
0.9999784154933132
0.9999784174875281
0.9999782636945365
0.999978380345918
0.9999781661970115
0.9999782163144938
0.9999779397070256
0.9999779221962996
0.9999777785128049
0.9999777907615605
0.9999777862819335
0.9999776429169963
0.9999776310271132
0.9999774198107066
0.9999775483441965
0.9999772985502522
0.9999773934937325
0.9999771827025695
0.9999772457645268
0.9999771077129409
0.9999770620684725
0.9999770651176844
0.9999768667323312
0.9999769270162134
0.9999766510289241
0.9999768071342199
0.9999765367303632
0.999976555716417
0.9999763898435217
0.9999763446372778
0.9999763049615079
0.9999761835777226
0.9999762011614626
0.999976008821362
0.9999760945013605
0.9999758508290495
0.9999759297476547
0.9999756946611191
0.9999757287912844
0.9999756664192413
0.9999756139801166
0.9999755583343741
0.9999753545320036
0.9999755568401978
0.9999752988079154
0.9999753827711559
0.999975055712254
0.9999751006260648
0.999974896662321
0.9999748933102772
0.9999748660514376
0.9999747609227516
0.999974746457832
0.9999745304912823
0.9999746325790173
0.9999743788753439
0.9999744157761599
0.9999741789024268
0.9999741912949994
0.9999741135391381
0.999973981342034
0.9999739404166716
0.9999737729247804
0.9999738595090868
0.99997361131929
0.9999736334438651
0.9999733986262695
0.9999734909858908
0.999973325696964
0.9999732520387585
0.9999731633223309
0.99997311947288
0.9999731599479322
0.9999729125563
0.9999729797526216
0.9999727123701069
0.9999728024140052
0.9999725907120687
0.9999726632551073
0.9999725608482308
0.9999724353062875
0.9999724298286651
0.9999722571156092
0.9999723488183012
0.9999721583331094
0.9999722427886056
0.9999720098391637
0.9999720568116474
0.9999718708481958
0.9999719157647041
0.9999718542476366
0.999971771312929
0.9999718125727595
0.9999716048355732
0.99997169017098
0.9999714875875682
0.9999715809792138
0.999971377575533
0.9999714068006095
0.9999712000540458
0.9999710532178289
0.9999710210048912
0.9999708598838222
0.9999709910952308
0.9999708262097229
0.999970987658435
0.9999707057116936
0.9999707898547633
0.9999706274954401
0.9999705754238818
0.9999704880512281
0.9999703290631787
0.9999703481397164
0.9999701220776277
0.9999702023067543
0.9999698814838238
0.9999699476206426
0.9999696603188166
0.9999697759591641
0.9999696793005048
0.9999695430102067
0.9999695074722968
0.9999694022609062
0.9999695162782508
0.9999692575632309
0.9999693081709843
0.9999691401103497
0.9999692409778191
0.9999690626088864
0.9999690256323087
0.9999689720028294
0.9999688379090808
0.9999688257781407
0.9999686680257358
0.9999687912871837
0.9999684423679158
0.9999685278534283
0.9999683031990925
0.9999683156357766
0.999968255582148
0.999968173066447
0.9999681345767022
0.9999679975627108
0.9999680528643439
0.9999677824324269
0.9999679024057494
0.9999677278675628
0.9999676757046198
0.9999674893039744
0.9999674375881844
0.9999674475933765
0.9999673311950878
0.9999673910464532
0.9999671786769987
0.999967208489542
0.9999669899152838
0.9999670493578402
0.9999667196671146
0.9999668394345441
0.9999666986496846
0.9999666655904136
0.9999665689399616
0.9999664305401627
0.9999664529612019
0.9999662938484637
0.9999663636750015
0.9999661468555935
0.9999662755539623
0.9999661236801
0.9999660386626883
0.999965968902128
0.9999658467464392
0.9999658681080856
0.9999656536064274
0.9999657841196807
0.9999654904023382
0.9999656045994901
0.9999654159791452
0.9999654802752461
0.9999653597211825
0.999965221038267
0.9999652426936031
0.999965073711316
0.9999651030308239
0.9999649579884483
0.9999650628947925
0.9999649358270051
0.9999649954032103
0.9999648222495269
0.9999648282451564
0.999964739958082
0.9999646240270936
0.9999646126589402
0.9999644761395919
0.9999646041295778
0.9999643939666871
0.9999645139877004
0.9999642965003074
0.9999643078727861
0.9999642365357168
0.9999640736944008
0.9999640832245501
0.9999638099204528
0.9999638504697499
0.999963615298638
