0.9999998582158827
0.9999994676854291
0.9999993789118616
0.9999998363651655
0.9999995831180898
0.9999993250068084
0.9999997803826862
0.9999996847656233
0.999999305106951
0.999999702979597
0.9999997676556704
0.9999993147337051
0.9999996075251857
0.9999998287179773
0.9999993579175519
0.9999994966148082
0.9999998568121987
0.9999994422496201
0.9999993832896727
0.9999998335907939
0.9999995660020891
0.9999992967301854
0.9999997472150361
0.99999970509472
0.9999992765000415
0.9999996111525117
0.9999998121845657
0.9999993389618201
0.9999994646076328
0.9999998488705308
0.9999994605967216
0.9999993500930052
0.9999998128624484
0.9999995947214143
0.9999992910937746
0.9999997304399555
0.9999997064335054
0.9999992830263743
0.9999996327923971
0.9999997840317872
0.9999993158285423
0.9999995360513539
0.9999998289181323
0.9999993756531007
0.9999994415072306
0.9999998384439618
0.9999994574960311
0.9999993506548407
0.9999998040216906
0.9999995560104652
0.9999992742860239
0.9999997198374962
0.999999667780334
0.9999992430461919
0.9999995876626067
0.9999997610329389
0.999999283983563
0.9999994372040292
0.9999998034657405
0.9999993987836158
0.9999993090302599
0.9999997706630717
0.999999545101411
0.9999992366966617
0.9999996718895965
0.9999996689662904
0.9999992256231743
0.9999995389333728
0.9999997402474159
0.9999992656157983
0.9999994162225934
0.9999997628382941
0.9999993385984388
0.9999993175600654
0.9999997514089723
0.999999430158615
0.9999992466459178
0.9999997068084614
0.9999995245787254
0.9999991962386174
0.9999996233193903
0.9999996094556969
0.9999991688788118
0.9999994930861955
0.9999996685676462
0.9999991854077037
0.999999337446746
0.9999996869645111
0.9999992673619529
0.9999991984345871
0.9999996514822869
0.9999994022500026
0.9999991117224202
0.9999995537387691
0.9999995355768692
0.9999990942845597
0.9999994091972269
0.9999996172366323
0.999999136949788
0.9999992562649309
0.9999996237007323
0.999999214823063
0.9999991299936937
0.999999576698836
0.9999993083209978
0.999999049799147
0.9999995017029588
0.9999993980030041
0.9999990130082587
0.9999994071475331
0.9999994723402033
0.9999990117927208
0.9999992888965558
0.999999514192568
0.9999990415892168
0.9999991536135353
0.9999995128550669
0.999999095483468
0.9999990043674601
0.9999994456545447
0.9999991788167863
0.9999988885863755
0.9999993277989514
0.9999992869492739
0.9999988518203312
0.9999991812995256
0.9999993758807705
0.9999988993574079
0.9999990267481728
0.9999993950215728
0.9999989885935064
0.9999988833299588
0.9999993337765053
0.9999990888227918
0.9999987871517011
0.9999992185956809
0.9999991642128164
0.9999987336803735
0.9999990764238492
0.9999992098392653
0.999998732761599
0.9999989476035017
0.9999992324975796
0.9999987746613993
0.9999988258973884
0.9999992229409432
0.9999988414446354
0.9999987054065431
0.9999991524559941
0.9999989152438229
0.9999985973553055
0.9999990162108102
0.9999989730871269
0.9999985258244122
0.9999988469246622
0.9999990235254445
0.9999985358191704
0.9999986693854155
0.999999030793471
0.9999986199719026
0.9999985278064861
0.9999989770179547
0.9999987282655091
0.9999984270654299
0.9999988594143011
0.9999988222355297
0.9999983844212375
0.9999987119464046
0.9999988829874221
0.9999984039498836
0.9999985697366968
0.9999988948431602
0.9999984594289537
0.9999984358262355
0.9999988544551477
0.9999985237177611
0.9999983260093476
0.9999987809716079
0.999998595126387
0.999998243073537
0.9999986508926796
0.9999986528945619
0.9999981972840734
0.9999984891306571
0.9999986825009355
0.9999981893788057
0.9999983190917284
0.9999986686808698
0.9999982571308763
0.9999981606183176
0.9999986023893013
0.999998347040477
0.999998052533868
0.9999984851459272
0.999998448593754
0.999997997669898
0.9999983082617513
0.9999984829687065
0.9999979918028479
0.999998131952006
0.9999984731901578
0.9999980438656555
0.9999979728960658
0.9999983999141899
0.9999981039323258
0.9999978506957625
0.9999982991354884
0.9999981732288713
0.9999977797355774
0.9999981600163205
0.9999982241060574
0.9999977494955663
0.9999980063912415
0.9999982457105697
0.9999977686449867
0.9999978489553939
0.9999982316718337
0.9999978239723459
0.9999977030616148
0.9999981444009797
0.9999978982085195
0.9999975820932934
0.9999980095411074
0.9999979782066568
0.9999975297795057
0.9999978412225227
0.9999980220749846
0.9999975354504571
0.9999976694989337
0.9999980229189788
0.9999975900205731
0.9999975062490478
0.9999979401621225
0.9999976569286692
0.9999973799985931
0.999997807525019
0.9999977153210714
0.9999972921876489
0.9999976542401166
0.9999977565377282
0.9999972782403806
0.9999974882289192
0.9999977588329733
0.9999972867510606
0.9999973236116441
0.9999977189601976
0.999997346123431
0.9999971870854915
0.9999976352082518
0.9999974161408545
0.9999970843516562
0.9999974860680896
0.9999974661870701
0.9999970109111356
0.9999973196492618
0.9999975079961821
0.9999970139131941
0.9999971365808213
0.9999974890192964
0.9999970706980955
0.999996976482088
0.9999974228900449
0.9999971637723511
0.9999968708815598
0.9999972998478253
0.9999972284821812
0.9999967976706974
0.9999971310651469
0.9999972796970125
0.9999967838002856
0.999996979349955
0.9999972942612332
0.9999968354158528
0.9999968320051029
0.9999972395580721
0.9999968918381157
0.9999966883701471
0.9999971262368474
0.9999969489708685
0.9999965778766233
0.9999969676676833
0.9999969856604015
0.9999965242736358
0.9999967947384468
0.9999970024298301
0.9999965261508642
0.9999966245589054
0.9999969808632334
0.9999965713651061
0.9999964508967528
0.9999968938446343
0.9999966397983073
0.9999963322983269
0.9999967749095828
0.999996725884889
0.9999962817194125
0.9999966053601085
0.9999967604543879
0.9999962497478759
0.9999964076532992
0.9999967324885749
0.9999962670206968
0.9999962169172724
0.9999966519543632
0.9999963302067408
0.9999960917498737
0.9999965549510393
0.9999964140960854
0.9999960293591839
0.9999964054712053
0.9999964672385647
0.9999959873600583
0.9999962334453456
0.9999964764178471
0.9999959905644747
0.9999960595985761
0.9999964330641178
0.9999960438660171
0.9999958878463242
0.9999963270691248
0.999996095592905
0.999995762695706
0.9999961702777842
0.9999961564930208
0.9999957003438804
0.9999960056860902
0.9999961902259477
0.9999957177335677
0.9999958559574179
0.9999961966470314
0.999995757910255
0.9999956920231416
0.9999961317970566
0.9999958323043763
0.9999955607805885
0.9999959976909266
0.9999958867219753
0.9999954620463962
0.9999958118039035
0.9999959203356292
0.9999954368933545
0.9999956523786256
0.9999959272089126
0.9999954598474267
0.9999954862970916
0.9999958735970546
0.999995512772753
0.9999953441970092
0.9999957911088987
0.9999955865658263
0.9999952251790876
0.999995647673616
0.9999956303100608
0.9999951720493216
0.9999954588957888
0.9999956440009986
0.9999951582245323
0.9999952728666832
0.9999956303383221
0.9999952059205642
0.9999951079210836
0.9999955333580858
0.9999952660170781
0.9999949642271001
0.9999953922658726
0.9999953176117045
0.999994893088189
0.9999952491309619
0.9999953690053527
0.999994882032929
0.9999950530175191
0.9999953486471373
0.9999948993661962
0.9999948954639113
0.9999953296912278
0.9999949861441153
0.9999947810541602
0.9999952235151036
0.9999950486092831
0.9999946809589567
0.9999950749752721
0.9999950970533565
0.9999946211494447
0.9999948802665021
0.9999950986097806
0.9999946078667534
0.9999946892200989
0.9999950637114593
0.9999946554213309
0.9999945392483851
0.9999949843502861
0.9999947295114031
0.999994418319163
0.9999948485486947
0.9999947988555478
0.9999943721900788
0.9999946729963672
0.9999948395269973
0.999994344373942
0.9999944902766574
0.9999947850179199
0.9999943432184116
0.9999942994827269
0.9999947236004924
0.9999943882847401
0.9999941603595359
0.999994601119516
0.9999944630220859
0.999994067080845
0.9999944657255844
0.9999945319304065
0.9999940474535643
0.9999942997892137
0.9999945295091001
0.9999940608123552
0.9999941228224001
0.9999945090746079
0.9999941145059045
0.9999939739692784
0.999994422136035
0.9999941713044607
0.999993837023282
0.9999942474390974
0.9999942405184132
0.9999937650504168
0.9999940749979533
0.9999942520482163
0.9999937606406318
0.9999938984835337
0.9999942314158674
0.9999937988541686
0.9999937415954528
0.9999941783208717
0.9999938805122073
0.9999936053053476
0.9999940384978535
0.9999939207378501
0.9999935156591473
0.9999938700843116
0.9999939760588024
0.9999934838050094
0.9999936898121993
0.999993948210896
0.9999934663330682
0.999993502953587
0.9999939023201802
0.9999935530811763
0.9999933685818445
0.9999938000407608
0.999993586688806
0.9999932337246894
0.9999936480025672
0.9999936441362935
0.9999931844293236
0.9999934815856278
0.9999936870123777
0.9999931968255431
0.9999932943561027
0.9999936364386857
0.9999932155750816
0.999993121082503
0.9999935431090168
0.9999932486133021
0.9999929688543842
0.9999934144129806
0.9999933303334164
0.999992908587288
0.9999932577310252
0.999993366207518
0.9999928770201794
0.9999930566022174
0.9999933458707295
0.9999928841942504
0.9999928833698197
0.9999932958989454
0.9999929402030797
0.9999927191672341
0.9999931752883865
0.999992997458929
0.9999926344486031
0.9999930374634604
0.9999930617715123
0.9999926005092755
0.9999928580496784
0.999993080173032
0.9999925857501302
0.999992684709488
0.9999930492933986
0.9999926228433036
0.999992481633399
0.9999929368318278
0.9999926639142189
0.9999923397468231
0.9999927670457605
0.9999927148728429
0.9999922820526269
0.999992599736754
0.9999927628551518
0.9999922741121315
0.9999924308120617
