0.9999996913110217
0.9999992186015074
0.9999985802346367
0.9999987679630368
0.9999995094340106
0.9999996313735049
0.9999989158756264
0.999998550386375
0.9999990657078516
0.999999661112529
0.9999993405858382
0.9999985693947488
0.9999984525471096
0.9999990911684014
0.9999995873515739
0.9999991733308442
0.9999984500028309
0.999998411596052
0.9999990877162842
0.9999995359869711
0.9999990324536174
0.9999983409623371
0.9999984483017168
0.9999991551511517
0.9999993418708272
0.9999986459319054
0.9999981791679915
0.9999985944264825
0.9999992102531492
0.9999989527965638
0.9999981276245549
0.9999978927381981
0.9999984593389847
0.9999989451640553
0.9999985167083603
0.9999977482521867
0.9999976784842353
0.999998327282172
0.9999987215169853
0.9999981867318011
0.9999974415017168
0.999997493195171
0.9999981643887204
0.9999983388733422
0.9999976257700027
0.9999970689381256
0.9999973895987643
0.9999980180192024
0.9999978592051134
0.9999970221008477
0.9999966804087325
0.9999971893876922
0.9999976970473983
0.9999973020584825
0.9999965122635542
0.9999963843139094
0.9999969812042427
0.9999973728382492
0.9999967902611243
0.9999960494163357
0.9999960796184446
0.9999967102036319
0.9999968740034966
0.9999961499015143
0.9999955445700147
0.9999958339979395
0.9999965013095462
0.9999964162477036
0.9999956098323816
0.9999951766609586
0.9999956637141835
0.9999962447543835
0.9999959061833676
0.9999950827462838
0.9999948988624633
0.9999954940040574
0.9999958965196104
0.9999953726423564
0.9999946303401552
0.9999946527996715
0.9999953024284244
0.999995515588685
0.9999948003540567
0.9999941558560321
0.9999943948779668
0.9999950358486774
0.9999950190909392
0.9999942276375933
0.9999937903993743
0.9999942069073353
0.9999947672724823
0.9999944742706924
0.9999936396854755
0.9999933596276421
0.9999938967998637
0.9999943327869573
0.9999938352934176
0.999993037720887
0.9999930077672222
0.9999936457165766
0.9999939065661285
0.9999932322276428
0.9999925751881333
0.9999927720230538
0.9999934668896376
0.9999935029597168
0.9999927433586733
0.9999922421581763
0.9999926276538743
0.9999932200288667
0.9999929929621205
0.9999921737305149
0.9999918393407299
0.9999923691123758
0.999992811060621
0.9999923677189914
0.9999915993152936
0.9999915240143846
0.9999921547822529
0.999992479699307
0.9999918127416522
0.9999911191988969
0.9999912236245613
0.9999918788185694
0.9999919495989923
0.9999911342155565
0.9999905774810015
0.9999908813126721
0.9999914787165435
0.9999913099054637
0.9999905194335976
0.9999901939016673
0.9999907227859706
0.999991237925018
0.9999908043536386
0.9999899967221453
0.9999898965599954
0.9999905184111679
0.9999908829748658
0.9999902672604487
0.9999895099063731
0.9999896669944676
0.9999903106642241
0.9999904341202513
0.9999896888041897
0.9999891075097644
0.9999894497122318
0.9999900681789078
0.9999899085618396
0.9999891326382917
0.9999887348708292
0.9999892133352725
0.99998972962599
0.999989378433366
0.9999885982312036
0.9999883985277143
0.9999890335760521
0.9999894212515934
0.9999888685809883
0.9999881037638431
0.9999881558518356
0.999988848852784
0.9999889656502945
0.999988247106762
0.9999876831630315
0.9999879591144136
0.9999885748653446
0.9999884867961133
0.9999876619727338
0.9999872991371148
0.9999877439418862
0.999988339649869
0.9999879865216545
0.9999871373886003
0.9999869614782166
0.9999875481288736
0.9999879098072263
0.9999873877173225
0.9999865858395736
0.9999866511041144
0.9999872843962108
0.9999874909123682
0.9999867906799536
0.9999861689336449
0.9999863682366888
0.9999870080312682
0.9999869821051968
0.9999861855432846
0.9999857927442575
0.9999861999524339
0.9999867786524796
0.9999865192791136
0.9999856711292066
0.9999853838368553
0.9999858711513496
0.9999863295360034
0.999985813337438
0.9999850416487877
0.9999850339138626
0.9999856740120421
0.999985894604915
0.9999851325900228
0.9999844308848687
0.9999846080991984
0.9999852816209825
0.9999852711372166
0.9999845116494437
0.9999839879996341
0.9999843509415168
0.9999849765812218
0.9999847425022802
0.9999839117405689
0.9999836385032815
0.9999842001766124
0.9999846426853642
0.9999841664016323
0.9999834005218735
0.999983397503601
0.9999840367283117
0.9999842946174329
0.9999836243668095
0.999982977402581
0.9999831190418911
0.9999837499141692
0.9999838337567025
0.999983022640035
0.999982542857059
0.9999828996971319
0.9999835359037694
0.999983315103703
0.999982546281929
0.9999822598752869
0.9999827945255692
0.9999832876733081
0.9999828635375912
0.999982074497221
0.9999819847915017
0.9999825881279111
0.9999829331740102
0.9999823287882007
0.9999816238431798
0.9999816912963885
0.9999823609906433
0.9999825054856313
0.9999816967369517
0.9999810729842697
0.9999812970878454
0.999981907658362
0.9999818161180414
0.9999809501402517
0.9999806697460175
0.9999811216835477
0.999981651021394
0.9999812546405267
0.9999805408502466
0.9999804437743248
0.9999811114070549
0.999981386136032
0.9999808394387767
0.9999800737937987
0.9999800777753849
0.9999807936277288
0.9999808805763952
0.9999801484774699
0.9999795738728
0.9999798230115454
0.9999805015235158
0.9999804760296577
0.9999796307893748
0.9999791520443296
0.9999795888684407
0.9999801327736076
0.9999797920089376
0.9999789418269243
0.9999787123084953
0.9999793122565107
0.9999797008133521
0.9999791648710445
0.9999783980862079
0.9999784134882803
0.9999790157444667
0.9999792547704667
0.9999785088592601
0.9999778184619114
0.9999780487609657
0.9999786885663834
0.9999786434242827
0.9999777621310276
0.9999773762997921
0.9999777769420887
0.9999783632159821
0.9999781497830422
0.999977390059916
0.9999771870670953
0.9999777360767531
0.9999781045323313
0.9999776408270681
0.9999768712265493
0.999976818351414
0.999977396377974
0.9999776506928029
0.9999770019900276
0.9999762808342648
0.9999764620479876
0.9999771201103633
0.9999771412887841
0.999976325147602
0.9999757995908279
0.9999762308346823
0.9999768933196055
0.9999765830017205
0.999975763022531
0.9999754887950038
0.9999760194307712
0.9999764693889528
0.9999760337284009
0.9999752577466715
0.9999752735292484
0.9999758809516152
0.999976138050323
0.9999754732005848
0.9999747805888095
0.9999749679981357
0.9999755942045865
0.9999755498739598
0.9999748020004802
0.9999742327471333
0.9999746052868435
0.9999752371789179
0.9999750160805936
0.9999742231292267
0.9999738628923629
0.9999743362119841
0.9999747799985399
0.9999744050207805
0.9999735175428256
0.9999733761956231
0.9999739532706778
0.9999743054105386
0.9999737002715394
0.999972912363513
0.9999730394913898
0.9999737701424287
0.9999738590424183
0.9999731311881922
0.9999725533134933
0.9999728916858464
0.9999736189236925
0.9999734730827293
0.9999727077149216
0.9999723500816523
0.9999728140706737
0.9999733528343948
0.9999730190442856
0.999972250878825
0.9999721256695802
0.9999727525676465
0.9999731389848847
0.9999725170171617
0.9999718171304262
0.9999718549909218
0.9999725142580653
0.999972666842928
0.9999719032489058
0.9999712866622628
0.9999715572727215
0.9999721804163241
0.9999721805507141
0.9999712834967581
0.9999708790759303
0.9999713315629705
0.9999718230235081
0.9999715156706697
0.9999707488396443
0.9999704970701715
0.9999710848028577
0.9999714892176624
0.9999710832605334
0.999970286083332
0.9999703167723387
0.9999708986691881
0.9999710593297151
0.9999704039536581
0.9999698209792016
0.9999700219500205
0.9999706802962689
0.9999706748794523
0.9999698300203665
0.9999693904370253
0.9999697297602764
0.9999703517895563
0.9999700658554702
0.9999692760348191
0.9999689905371882
0.9999695501559714
0.9999699251223608
0.9999693823621222
0.9999685274769315
0.9999685257472499
0.9999691392240461
0.9999693843505527
0.9999687366403042
0.9999681331098536
0.9999682988738361
0.9999690173375069
0.9999689762129093
0.9999681085891327
0.9999675060425078
0.9999678382855357
0.9999684962953432
0.9999682829629016
0.9999674718715099
0.9999672250071071
0.9999678124955081
0.9999682719215038
0.9999678462047019
0.9999669876655629
0.9999668640949282
0.9999674961568465
0.9999678176868507
0.9999671243747913
0.9999665001028647
0.9999666143955478
0.9999672031519906
0.999967293881822
0.9999665047266778
0.9999659964098893
0.9999663131429172
0.999966927257918
0.9999667318105055
0.9999659948246765
0.9999656603044232
0.9999661389287724
0.9999666419702831
0.9999661793667901
0.9999652809150291
0.9999651780574953
0.9999657458049315
0.9999661337687891
0.9999655620986265
0.9999648280847312
0.999964943860839
0.99996559072711
0.9999656286055714
0.9999649509834814
0.9999644166042556
0.999964670608517
0.9999653368825846
0.9999652933624542
0.9999644408238328
0.999964030343806
0.9999644659042882
0.9999649698145768
0.9999646084379578
0.9999636827781834
0.9999635148010654
0.9999641288991674
0.999964567503215
0.9999639743492981
0.9999632239008521
0.999963273955431
0.9999639773452428
0.9999640467345602
0.9999632801520857
0.9999627273346208
0.9999630049283413
0.9999637171881098
0.9999636157378038
0.9999627484141531
0.9999622934974091
0.9999627116256418
0.9999632886720453
0.9999630625446326
0.9999622190809738
0.9999620379525627
0.9999626508300603
0.9999629739521788
0.9999624358970087
0.9999617229813866
0.9999616996979335
0.9999623188050734
0.9999625038829152
0.9999617230146777
0.9999610830916406
0.9999612697640037
0.9999619177041178
0.9999618752963962
0.999961086074687
0.9999606644308848
0.9999611156216921
0.9999618210466428
0.9999615439452995
0.9999607566001254
0.9999605006082504
0.9999610756613339
0.9999614972724082
0.9999610791852532
0.9999603459939415
0.9999602959655454
0.9999609647049195
