0.9999998146365893
0.999999410795713
0.9999990546748724
0.9999995738488785
0.9999997725557455
0.9999992413704631
0.9999991141081498
0.9999996964894258
0.9999996867976126
0.9999991216792085
0.9999992286316141
0.9999997766430019
0.9999995711401914
0.9999990551960007
0.999999390499033
0.9999998115546052
0.9999994170641052
0.9999990609368198
0.9999995833819996
0.999999771950104
0.9999992360054232
0.9999991753990306
0.9999997504079268
0.9999996313494777
0.9999990954545017
0.9999993907931504
0.9999998159712691
0.9999994133440346
0.9999990794573651
0.9999996138086689
0.9999997519814422
0.9999991985358033
0.9999991859184217
0.9999997502433301
0.9999996004350669
0.9999990595068486
0.9999993415093319
0.9999997911293127
0.999999429683206
0.9999990158922838
0.9999994916776106
0.9999997708052185
0.9999992790361086
0.9999990548769433
0.9999996263284492
0.999999707443725
0.9999991487361551
0.9999991614148317
0.9999997291756625
0.9999995820264893
0.9999990437818465
0.9999993314014288
0.9999997729973436
0.9999993923798235
0.9999990254233225
0.9999995425881261
0.9999997232236999
0.9999991828160442
0.9999991419940061
0.9999997110273331
0.9999995666599941
0.9999990356388795
0.999999348131938
0.999999757122549
0.999999342065301
0.9999990053975151
0.9999995309562639
0.999999678783606
0.9999991262134866
0.9999990660263
0.9999996379780302
0.9999995448162439
0.9999989842861532
0.9999991881960739
0.9999996903149574
0.9999994008429643
0.9999989285990698
0.9999993382785363
0.9999996933413112
0.999999245734983
0.9999989396789588
0.9999994813986005
0.9999996221133054
0.9999990677642154
0.9999990261547377
0.9999995938905012
0.9999994642887864
0.9999989197183168
0.9999992012462946
0.9999996371715119
0.999999247043187
0.9999988920926569
0.9999994156349882
0.9999995745415956
0.9999990242662812
0.9999989984636408
0.9999995607578429
0.9999994036328783
0.9999988623932928
0.9999991582050962
0.9999995746416017
0.9999991767408607
0.9999987971014949
0.9999992991941471
0.9999995020207564
0.9999989687167251
0.9999988308231813
0.9999994077590941
0.9999993970927256
0.9999988297874943
0.9999989401775516
0.9999994798182489
0.9999992585737701
0.9999987404234533
0.9999990799664362
0.9999994747710337
0.9999990547792001
0.9999986972895878
0.9999992169897762
0.9999993712499615
0.9999988195290805
0.9999987681712814
0.999999334686324
0.9999992006296141
0.999998659098151
0.9999989534530145
0.9999993746645653
0.9999989724278485
0.9999986270732933
0.9999991501317352
0.999999296969494
0.9999987361577548
0.9999986868861388
0.999999241961402
0.9999990996679688
0.9999985366078147
0.999998784150078
0.9999992341586063
0.9999988776950733
0.9999984462548787
0.9999989067679012
0.9999991822957361
0.9999986824311169
0.9999984625434188
0.9999990234018804
0.9999990845320579
0.9999985152923073
0.9999985404443723
0.9999990926247792
0.9999989101128086
0.999998363662054
0.9999986597076405
0.999999065659903
0.9999986543432787
0.9999982940646001
0.9999988150207739
0.9999989771878951
0.999998423260874
0.9999983778262529
0.9999989414741061
0.9999988032298419
0.9999982594171541
0.9999985475811157
0.9999989608328624
0.9999985506078489
0.999998175509775
0.9999986838100853
0.9999988515063519
0.9999982980293995
0.9999981945763028
0.999998760944182
0.9999986850457736
0.9999981156416123
0.9999982975720755
0.9999987955537302
0.9999984962365984
0.9999980171587387
0.9999984191828913
0.9999987528787787
0.9999982826550223
0.9999979942843934
0.9999985369734569
0.9999986357905513
0.9999980707201979
0.99999805206146
0.9999985957250918
0.9999984253322908
0.9999978749459812
0.999998172676749
0.9999985860868346
0.9999981817101828
0.9999978208023227
0.9999983387291547
0.9999984839931317
0.9999979279191406
0.9999978787474745
0.9999984453751816
0.9999983027011203
0.9999977401002486
0.9999979972407973
0.9999984217166487
0.9999980270906702
0.9999976182162389
0.9999980961626416
0.999998317832404
0.9999977938786375
0.999997622184482
0.9999981865874946
0.9999981693326964
0.9999975942935719
0.9999977021760732
0.999998230139749
0.9999979794400214
0.9999974613854855
0.9999978126224442
0.9999981702788336
0.9999977107112108
0.9999973762132255
0.9999978827820791
0.9999980065211415
0.9999974379357763
0.9999974044615252
0.9999979504995956
0.9999977837580971
0.9999972326594171
0.9999975139375966
0.9999979274933336
0.9999975186718434
0.9999971414111145
0.999997643225825
0.9999978154287796
0.999997264288466
0.9999971828774583
0.9999977362626176
0.9999976331227793
0.9999970518325044
0.9999972685734217
0.9999977267748003
0.9999973812708101
0.9999969310421493
0.9999973786802365
0.9999976523281675
0.999997155750893
0.9999969344563493
0.9999974931218016
0.999997523207218
0.9999969374860852
0.9999969840335611
0.9999975076094901
0.9999972758866401
0.999996751936477
0.9999970750696778
0.999997449022436
0.9999970198420088
0.9999966688074593
0.9999971919274869
0.999997325116326
0.9999967663757762
0.999996718085803
0.9999972674305788
0.9999971279731492
0.999996574995383
0.9999968408810233
0.9999972592989343
0.9999968647544702
0.9999964695757353
0.9999969581850382
0.9999971501148592
0.9999965978281569
0.9999964619446103
0.9999970253990682
0.9999969512667435
0.9999963834963478
0.999996534963113
0.9999970281885754
0.9999967222698978
0.9999962372414998
0.9999966407445465
0.9999969716535358
0.9999964907186804
0.9999962121997851
0.9999967606188963
0.999996825025842
0.9999962469956557
0.9999962592707932
0.9999968091395118
0.9999966067955692
0.9999960537840191
0.9999963674367647
0.9999967710062676
0.9999963474228534
0.9999959909200248
0.9999965009129249
0.9999966504980146
0.9999960905589026
0.9999960096254961
0.9999965690315131
0.9999964503662822
0.9999958857915195
0.9999961331379968
0.9999965943669804
0.9999962333502156
0.9999958003104095
0.9999962594345941
0.9999964914173796
0.9999959627712957
0.9999957721771651
0.9999963284529308
0.9999963085386528
0.999995711895761
0.999995807925653
0.9999963175586201
0.9999960653449593
0.9999955647028738
0.9999959194791709
0.9999962631373033
0.9999958062296
0.9999954918327449
0.9999960235982338
0.9999961268903305
0.9999955494193515
0.9999955224383258
0.9999960808814814
0.999995898175977
0.9999953559034628
0.9999956430802298
0.9999960553939286
0.9999956488757574
0.9999952535257767
0.9999957481722799
0.9999959384138026
0.9999953756274462
0.9999952654058667
0.9999958237433185
0.9999957229952472
0.9999951498418164
0.9999953513118557
0.9999958127278014
0.999995496736518
0.9999950461073708
0.9999954808813841
0.9999957560003174
0.9999952510233947
0.9999950332024525
0.9999955756725643
0.9999956023597854
0.9999950424026028
0.9999951049139969
0.9999956299858029
0.9999954036945631
0.9999948712935058
0.9999952068609543
0.9999955736603131
0.9999951335961353
0.9999947976551927
0.9999953348226069
0.999995466423377
0.9999948911134137
0.9999948436307612
0.9999953934283294
0.9999952478046632
0.9999946852356152
0.9999949290786555
0.9999953561925763
0.9999949752555954
0.9999945569276132
0.9999950392051201
0.999995260299064
0.9999947105084444
0.9999945525072983
0.9999951037048308
0.9999950423875553
0.999994461227347
0.9999946020544968
0.9999951208245497
0.9999948171818422
0.9999943298112224
0.9999947253720496
0.9999950153774939
0.9999945343374352
0.9999942594143929
0.9999948073358168
0.9999948637136141
0.9999942776307308
0.9999942870597671
0.999994835218857
0.9999946231237541
0.9999940915311493
0.9999944090393934
0.9999947875571333
0.9999943709280353
0.9999939987144619
0.9999945149764825
0.9999946630657115
0.9999941020851673
0.9999940242737233
0.999994592448879
0.9999944832383487
0.9999939115647306
0.9999941112588057
0.9999945459646845
0.9999941933310049
0.9999937552595553
0.999994195828965
0.999994422417235
0.9999938940122374
0.9999937033421876
0.999994246296675
0.9999942370642915
0.9999936611036143
0.9999937758858422
0.9999942792068671
0.9999940068176553
0.9999934962426525
0.9999938719125258
0.9999942070312196
0.999993754749572
0.9999934484785697
0.9999940039986212
0.9999940867534372
0.9999935189636636
0.9999935034746326
0.9999940317247523
0.9999938658093609
0.999993301518674
0.9999935835580883
0.9999939830820944
0.9999935660262864
0.9999931752631518
0.9999936753917585
0.9999938484271074
0.9999933074311675
0.9999931993706808
0.9999937783840758
0.9999937182076721
0.9999931519574141
0.9999933307285522
0.9999938003694122
0.9999934762273219
0.9999930055269691
0.999993427092141
0.9999937273717713
0.9999932190897645
0.9999929983833626
0.9999935602689689
0.9999935837727194
0.9999930150565222
0.9999930723343624
0.999993596111292
0.9999933679736054
0.9999928494426799
0.9999931980702906
0.9999935462560143
0.9999930853348371
0.9999927347876887
0.9999932555421264
0.9999933759989693
0.9999928238237263
0.9999927873390677
0.9999933282938152
0.999993184909942
0.9999926127446047
0.9999928804457071
0.9999933180304481
0.9999929514095458
0.9999925497295111
0.9999930366927563
0.999993229696646
0.9999927060032819
0.9999925366105171
0.9999931041726359
0.9999930359078022
0.9999924657255014
0.9999926335837662
0.9999931147296592
0.9999927914226413
0.9999923068672473
0.9999927020149447
0.9999930128320388
0.9999925219179939
0.9999922469613075
0.9999927999781639
0.9999928386937659
0.9999922674652648
0.9999923095519104
0.9999928294812146
0.9999926155189426
0.9999920655365895
0.9999923761867773
0.9999927847239967
0.9999923460697049
0.9999919879086467
0.9999925005590118
0.99999266801623
0.9999921309965836
0.9999920682987574
0.9999926232542421
0.9999924755817676
0.999991917296378
0.9999921238986473
