0.9999988815852898
0.9999983324802525
0.9999970516661878
0.9999956881844645
0.9999948385549197
0.9999948749773306
0.9999958485712817
0.9999973606528457
0.9999986307920975
0.9999989467951708
0.9999981649227183
0.9999967564088307
0.9999954207690899
0.9999947224198071
0.999994956725538
0.9999960648642956
0.9999975527930303
0.9999986525970196
0.9999987735587527
0.999997877996881
0.9999964357886648
0.9999950695447044
0.9999942787528363
0.9999943465065445
0.9999952925915024
0.999996779764422
0.9999981551542204
0.9999987600470341
0.999998328045009
0.9999971229036321
0.9999957197966478
0.999994688337855
0.9999944248783128
0.9999950889672182
0.9999964834118429
0.9999979999685603
0.9999988623443024
0.9999986321312683
0.9999974936006317
0.9999960711560905
0.9999950242373989
0.9999948026641283
0.9999955496727458
0.9999969753086282
0.9999983610174459
0.9999989295198575
0.9999983805903548
0.9999970522100303
0.9999956132960804
0.999994663556538
0.9999945697979613
0.9999953953129771
0.9999968194121248
0.9999981676228162
0.9999987462962621
0.9999982754166356
0.9999970236496598
0.9999955686018747
0.9999944734105422
0.9999941217219626
0.9999946762256202
0.9999959877761713
0.9999975340054147
0.9999985887051364
0.9999986430719395
0.9999977271940929
0.9999963313802903
0.9999950929318555
0.9999945053416018
0.9999948451918819
0.9999960399703941
0.9999975855980268
0.9999986793053287
0.9999987280828951
0.9999977536236835
0.9999963160045677
0.9999951065701406
0.999994634571017
0.9999951283997364
0.9999964151897968
0.9999978786174243
0.9999987250778893
0.9999984934499632
0.999997336417946
0.9999958468561814
0.9999946499834038
0.9999941825655695
0.999994643310589
0.9999958845479615
0.999997382464582
0.9999984137386405
0.9999984704517553
0.999997563655828
0.9999961537186144
0.9999948442099009
0.9999941209209249
0.999994263760224
0.9999952882015669
0.9999968187136012
0.9999981472367453
0.999998608698056
0.9999980004684808
0.999996677458277
0.9999953019826961
0.9999944618292526
0.9999945127204986
0.999995490226897
0.9999969995704626
0.9999982611518532
0.9999985774778755
0.9999978025587414
0.9999963980461232
0.9999950463455625
0.9999943059015846
0.9999944889003052
0.9999955539671188
0.9999970302828198
0.9999981639434382
0.999998340665413
0.9999974918338249
0.999996063632455
0.9999946803281958
0.9999938656916674
0.9999939085558156
0.9999948428758284
0.999996322218655
0.9999976852345488
0.9999982618450999
0.9999977836580652
0.9999965363376363
0.999995120349537
0.9999941038843276
0.9999938759005998
0.9999945724378381
0.9999959720798386
0.9999974440408704
0.9999982283906069
0.9999979204500797
0.9999967425908218
0.9999953022276407
0.9999942581304972
0.9999940381022583
0.9999947812124113
0.9999961954248084
0.9999975886414385
0.9999981882542401
0.9999976772939715
0.9999963704675267
0.9999949092245888
0.9999939100390686
0.9999937434595716
0.9999945118300668
0.9999959203796517
0.9999972969975717
0.999997937508171
0.9999975195571859
0.9999962899463185
0.9999948308102993
0.9999937231677231
0.9999933655240256
0.9999939253524793
0.9999952433011566
0.9999967575955577
0.999997737976479
0.9999976883424593
0.9999966862441174
0.9999952508397991
0.9999940222941629
0.999993483946996
0.9999938817893294
0.9999950962022153
0.9999966223868352
0.9999976598124908
0.9999976584212549
0.9999966519446328
0.9999952095263498
0.9999939799245945
0.9999934809552078
0.9999939198502837
0.9999951719749391
0.9999966425521295
0.9999975575899401
0.9999974143329904
0.9999963111335574
0.9999948268664554
0.9999935978663627
0.999993061668458
0.9999934678594398
0.9999946763379352
0.9999961767225379
0.9999972318491117
0.9999972991101991
0.9999963861461406
0.9999949581091059
0.9999936479892408
0.9999929331054667
0.9999931127891932
0.9999941630754904
0.9999956934330458
0.9999969451855989
0.9999972913596684
0.9999965712486959
0.9999952005648032
0.999993847453501
0.9999930404048625
0.9999931302226833
0.9999941396512683
0.9999956492414525
0.999996898778555
0.9999972158944329
0.9999964519337526
0.999995045622748
0.999993677768279
0.9999928936007936
0.9999930155435008
0.9999940234995233
0.9999955086163451
0.9999967063501864
0.9999969861244489
0.9999962149647184
0.9999948185085114
0.9999934300803485
0.9999925752364239
0.9999925809237813
0.999993500467124
0.9999949622417891
0.9999963125487362
0.9999968341847112
0.9999962991076441
0.999995010434898
0.9999935870682981
0.9999925892542844
0.9999924188094168
0.999993167587884
0.9999945883161845
0.9999960047620547
0.9999966813862153
0.9999962733322372
0.9999950306143115
0.9999935932635668
0.999992557346012
0.999992334176654
0.9999930688051072
0.9999944605624065
0.9999958617070025
0.9999965192534724
0.9999960888774716
0.9999948332148715
0.9999933735877038
0.9999923387444477
0.9999921256335533
0.9999928107191943
0.9999941883187632
0.9999955935345625
0.9999962960309121
0.9999959362212827
0.9999947280193837
0.9999932745378924
0.9999921661611164
0.9999918142136721
0.9999923813657114
0.9999936937761497
0.99999519958878
0.999996128684853
0.9999959845878121
0.9999948971510723
0.9999934495321015
0.9999922428218744
0.9999917605987577
0.9999921961590267
0.9999934400596416
0.9999949414605765
0.9999959332154242
0.9999958693303386
0.9999948299873138
0.9999933668237264
0.9999921335765632
0.9999916053632276
0.9999920239708674
0.9999932537128022
0.9999947457815559
0.9999957158003798
0.9999956582876124
0.9999946206864554
0.9999931464330483
0.9999918770944382
0.9999913021797998
0.9999916537126086
0.9999928328960341
0.9999943373544012
0.9999953949450316
0.9999954860596467
0.9999945654545983
0.9999931264895936
0.9999918219989636
0.9999911269030552
0.9999913334032746
0.999992416260875
0.9999939195491172
0.9999951114100655
0.9999953533293848
0.9999945675031352
0.9999931664064868
0.9999918174825074
0.9999910335773803
0.999991151559111
0.9999921869158692
0.9999936738707708
0.9999949011309909
0.9999952162680418
0.9999944306274663
0.9999930549305961
0.99999167573721
0.9999908625528932
0.999990934088234
0.999991922177632
0.9999934120236732
0.9999946583059324
0.9999949990568093
0.9999942929650694
0.9999929141490912
0.9999915274407023
0.9999906382623623
0.9999906150680737
0.9999915225413005
0.9999929895629227
0.9999943310324741
0.9999948323303868
0.9999942651409476
0.9999929499302587
0.9999915132002904
0.9999905493192599
0.999990405113223
0.9999911996510176
0.9999926485415714
0.9999940433664124
0.9999946544691937
0.9999941688912508
0.9999928991551938
0.9999914481878256
0.9999904303923262
0.9999902189875498
0.9999909657873781
0.9999923625440794
0.9999937422278039
0.9999944239328211
0.9999940154040456
0.9999927746878171
0.9999913097929738
0.9999902299768959
0.9999899585204846
0.999990611277174
0.9999919705154598
0.999993397751734
0.9999941317368763
0.9999938132043428
0.999992627118494
0.99999118009493
0.9999900448322583
0.9999896696247087
0.9999902268002197
0.9999915571224104
0.9999930231460209
0.9999938953244502
0.9999936958419674
0.9999925963121057
0.9999910966312995
0.9999898996325617
0.9999894481411298
0.9999899110370546
0.9999911769285478
0.9999926785269332
0.9999936452134511
0.9999935403287664
0.9999924755630388
0.9999910091535353
0.9999897710018424
0.9999892265665411
0.9999896193737634
0.9999908429100297
0.9999923506530143
0.9999933619311705
0.9999933391984076
0.9999923350394185
0.9999908760728987
0.999989592433302
0.9999890020522524
0.9999893359736689
0.9999904793873408
0.9999919850096213
0.9999930538264519
0.9999931499385354
0.9999922314336436
0.999990796772652
0.9999894709709833
0.9999887955154674
0.9999890201847683
0.9999901139046966
0.9999916305717603
0.9999927906163051
0.9999930003425002
0.9999921613449211
0.9999907353578973
0.9999893820760541
0.9999886145904996
0.9999887613398909
0.9999897910696776
0.9999912836128684
0.9999924883086047
0.9999927999127957
0.999992041030315
0.9999906464515832
0.9999892478324068
0.9999884135831295
0.9999884855657363
0.9999894446862964
0.9999909298830594
0.9999922184594945
0.9999925978932247
0.9999919238437381
0.9999905638191463
0.9999891573484954
0.9999882589200808
0.9999882268687745
0.9999891326537658
0.9999905843518329
0.9999919244836519
0.9999924072826235
0.9999918360767098
0.9999905101406039
0.9999890825889166
0.9999881205740583
0.9999879823635636
0.9999887725835548
0.999990214957328
0.9999915695983838
0.9999921753830205
0.9999916980035076
0.9999904156357126
0.9999889789881754
0.9999879543675557
0.9999877553431369
0.9999884857345234
0.9999898695838552
0.999991279888319
0.9999919717499895
0.9999915592547299
0.9999903021611807
0.9999888421014586
0.9999877644476997
0.9999874742620498
0.9999881310987427
0.999989492252127
0.9999909312618875
0.9999917075568628
0.9999914172189367
0.9999902204807832
0.9999887346008978
0.9999875970774753
0.9999872123808565
0.9999877809351347
0.999989087949497
0.999990569365513
0.999991440107817
0.9999912197991467
0.9999900888148411
0.9999886242564933
0.9999874386450016
0.9999869703710548
0.9999874437090205
0.999988697421857
0.999990170432494
0.9999910946994139
0.9999909926184126
0.9999899357994028
0.9999884852177866
0.999987229825984
0.9999866978563299
0.9999870920729714
0.9999882961815464
0.9999898069971989
0.9999908178521669
0.9999907926178766
0.9999898231542125
0.9999883857592095
0.9999870835143267
0.9999864780074164
0.9999867811360168
0.9999879542515531
0.9999894418581415
0.9999905348481565
0.9999906223607811
0.9999896978570235
0.9999882413804203
0.999986931134887
0.9999862417256562
0.9999864582339637
0.9999875464517273
0.999989062065264
0.9999902302721811
