0.999999944687895
0.9999997232238221
0.999999945624333
0.9999997265713624
0.9999999448919947
0.9999997298843266
0.9999999420061739
0.9999997310655171
0.999999932237409
0.9999997183090203
0.999999909314011
0.9999996873838565
0.9999998792183783
0.9999996570984458
0.9999998647711434
0.9999996412873967
0.9999998587705174
0.9999996242025253
0.9999998297148813
0.9999995713500747
0.9999997559705792
0.9999994919929842
0.9999996761086458
0.9999994275745147
0.9999996231697499
0.9999993914297763
0.999999588763272
0.999999346982213
0.999999520595434
0.9999992555564274
0.9999994107515222
0.9999991373484125
0.9999992802219096
0.9999990228246786
0.9999991963266552
0.9999989404347327
0.9999991095289927
0.9999988493020235
0.999999001045906
0.9999987136099314
0.9999988561799755
0.9999985485877242
0.9999987001416248
0.9999984182178421
0.9999985771372242
0.9999983072016779
0.9999984713759925
0.9999981887047599
0.9999983412782764
0.9999980777509749
0.9999982232491941
0.9999979449691047
0.999998086516279
0.9999977966080833
0.9999979372467305
0.9999976447668418
0.999997802292788
0.9999975246386126
0.9999976710981769
0.9999973777111398
0.99999752112848
0.9999972191098785
0.9999973549076576
0.9999970428901023
0.9999971768884572
0.9999968632536924
0.9999970064935163
0.9999967023763421
0.9999968676734752
0.9999965829541442
0.9999967491068066
0.9999964688184521
0.9999966262311946
0.9999963331503977
0.9999964792671345
0.9999961913755083
0.999996323844677
0.9999960287640711
0.9999961785888005
0.9999958754412415
0.9999960081798183
0.9999956839866848
0.9999958177514547
0.9999954962933673
0.9999956380933012
0.9999953547125667
0.999995504172856
0.9999952050596405
0.9999953347762531
0.9999950356775801
0.9999951904073394
0.9999949084048538
0.9999950457473625
0.9999947454917711
0.9999948931055539
0.9999946002792955
0.9999947537697813
0.9999944535825616
0.9999945848272076
0.9999942918461462
0.9999944354344277
0.9999941656230165
0.9999942844965737
0.999993962952071
0.999994126425627
0.9999938630970658
0.9999939900228291
0.9999936707454035
0.999993801444223
0.9999934899723385
0.9999936269316411
0.9999933589615443
0.9999935240169965
0.9999932292871786
0.9999933589739713
0.99999308374262
0.9999932074931883
0.9999929282646624
0.9999930945941559
0.9999927924570031
0.9999929575388831
0.999992667296999
0.9999927992510848
0.9999925054943918
0.9999926415947451
0.9999923628513501
0.9999924502018315
0.999992137564751
0.9999922829085743
0.9999919853240217
0.9999921161098829
0.9999917853512296
0.9999919748212003
0.9999916810926627
0.9999918057742562
0.9999915206220952
0.9999915974309453
0.9999912719533791
0.9999914068813829
0.9999911495493617
0.9999913179995248
0.9999910126216279
0.9999911987724734
0.999990930664023
0.9999910660449289
0.9999907655561908
0.9999909163058837
0.9999905818586132
0.9999907133863739
0.9999903601514376
0.9999905213499959
0.9999901782320089
0.9999903281429858
0.9999900038989407
0.9999901520036779
0.9999898446147272
0.9999899206183667
0.9999896311319635
0.999989815790891
0.9999894969408013
0.999989639611049
0.9999893389515143
0.999989494035934
0.9999891620276665
0.9999893015138207
0.9999890106345464
0.9999891537542265
0.999988827351342
0.9999889784538958
0.9999887447258414
0.9999889385543306
0.99998862971246
0.9999888066484257
0.999988509361366
0.9999886425783668
0.9999883147052804
0.9999884415650392
0.9999882293663204
0.9999883907214789
0.9999880458205966
0.9999881574546128
0.9999878293500758
0.9999879256917621
0.9999875855972143
0.9999877392320349
0.9999874487104414
0.999987637321167
0.9999873727169574
0.9999874939894452
0.9999872384214078
0.9999873642764989
0.9999870451612286
0.9999871896686321
0.9999869248185393
0.9999870228156584
0.9999866907435365
0.9999868182042895
0.9999865171700253
0.9999866631084323
0.9999863833437297
0.9999865657213468
0.9999862697850534
0.9999864473311451
0.9999861710599601
0.9999862924904482
0.9999859803924813
0.9999861306193656
0.9999858315105036
0.9999859403738123
0.9999856126703688
0.9999857824761018
0.9999854958413426
0.999985593464287
0.9999852929807943
0.999985429117108
0.9999851420416708
0.9999852712361357
0.9999849623426124
0.9999851177870854
0.9999848864802451
0.9999850373828822
0.9999846793830813
0.9999847889737591
0.9999845003036965
0.999984758319137
0.9999845406892279
0.9999847059305114
0.9999844515190528
0.9999845639091257
0.9999843008500929
0.9999843764986931
0.9999840766540204
0.9999842638816167
0.9999840303015779
0.999984204960713
0.9999838778230651
0.9999839919374005
0.9999836881166981
0.9999838511266502
0.9999835189872903
0.9999836818537856
0.9999833973847893
0.9999835200923756
0.9999832464553735
0.9999834057842548
0.9999831627163457
0.9999833002190142
0.9999829817258772
0.9999830823636952
0.9999827367684211
0.9999828759958359
0.999982598194981
0.9999827866534933
0.9999824649891275
0.9999825557363727
0.9999822678740241
0.9999824315458229
0.9999821052302854
0.9999822605792732
0.9999819627435486
0.999982106846597
0.9999818425555291
0.9999819943515812
0.9999816913894438
0.9999819167388583
0.999981575000426
0.9999817342575356
0.9999814132549505
0.9999815366004663
0.9999812422910941
0.9999814102584774
0.999981110195181
0.9999813277154457
0.9999810219239186
0.9999811486729511
0.9999808573293161
0.9999810591553681
0.9999807636084767
0.9999808884326983
0.9999806127543089
0.9999807244611456
0.9999803984539678
0.9999805650195294
0.9999802530002904
0.9999803988817644
0.9999801464014821
0.9999802900960058
0.9999799956555768
0.9999800692883688
0.9999797862791376
0.9999798711458284
0.9999795374964863
0.9999796588092427
0.9999793436636419
0.9999794261600254
0.9999791269644505
0.9999792287357084
0.9999789401140096
0.9999791376255556
0.9999788556945685
0.9999789539858445
0.9999786080487036
0.9999787654594589
0.9999784158598501
0.9999786090431493
0.9999783138015674
0.999978528598346
0.9999782445658144
0.9999784472086284
0.9999781815671185
0.999978259474139
0.9999779473224198
0.9999781017572749
0.9999777753175282
0.9999778859056724
0.9999776083290136
0.9999777886829683
0.9999775241743246
0.9999776540564079
0.9999774407585766
0.9999775724443758
0.9999772929072789
0.9999773904666288
0.9999770660411561
0.9999771464297923
0.9999768993264666
0.9999770320795165
0.9999767074247681
0.9999768508033166
0.9999765801156619
0.9999767223533189
0.9999763999267072
0.9999765609418882
0.9999762471924661
0.9999763824108918
0.9999760847324843
0.9999762797196032
0.9999759016490747
0.9999760222093996
0.999975662387572
0.9999758439005619
0.9999755409206109
0.9999756674483109
0.9999753140812282
0.9999754630311536
0.9999752559062092
0.9999754318143025
0.9999751115729874
0.9999751467289338
0.9999748831717862
0.9999749866049741
0.9999746913401875
0.9999747400659186
0.9999744826648064
0.9999746108214494
0.9999742873339551
0.9999743847666092
0.9999740361874117
0.9999741013969626
0.9999737438957677
0.9999739263471682
0.9999736714547991
0.9999737687569831
0.9999734579693487
0.999973526998357
0.9999732551803644
0.9999733673868306
0.9999730832673295
0.9999732898762432
0.9999730329966922
0.9999731181902197
0.9999728328419523
0.9999729323424094
0.9999726661301279
0.9999727642806603
0.9999723889675143
0.9999725052286329
0.9999721201022069
0.9999722459718576
0.9999719170497867
0.9999720478615531
0.9999717910676069
0.9999719117128123
0.9999716125532271
0.9999716787998447
0.9999713764968517
0.9999715055256759
0.9999711440719188
0.9999713238737333
0.9999710676658287
0.9999712932800839
0.9999709888818088
0.9999711395066258
0.9999708652435656
0.9999710254717046
0.9999706787074947
0.9999707842761247
0.9999704177229946
0.999970585956929
0.9999702398067352
0.9999703820173239
0.9999700922233002
0.9999703033289349
0.9999700383680005
0.999970122906202
0.9999698704119803
0.9999699990846217
0.9999696787866439
0.9999697896504874
0.9999694814003364
0.999969611583263
0.9999693407194429
0.9999694757560056
0.9999692255415351
0.9999693647549984
0.9999690192665784
0.999969123317607
0.9999689420927473
0.999969037101083
0.9999687704430047
0.9999689758208405
0.9999686649726354
0.9999687571986603
0.9999684654537299
0.999968693231959
0.9999683674726088
0.999968550400165
0.9999683303868298
0.9999684664709877
0.9999681713909075
0.9999682430357295
0.9999680114252139
0.9999681761125312
0.9999678786204285
0.9999680753266845
0.9999678069609526
0.9999679585958506
0.9999677015535937
0.9999678700143992
0.9999675979278235
0.9999677250797786
0.9999675252026561
0.9999677298328676
0.9999674562029969
0.9999675640147795
0.9999673266373593
0.9999674346761008
0.9999670401833156
0.9999670549335814
0.9999668205180867
0.9999669323058276
0.9999666086372372
0.9999667124466963
0.9999663999408156
0.9999665344512203
0.9999661904011478
0.9999663990780618
0.9999661551723472
0.9999663717105117
0.9999660956968842
0.9999662649327503
0.999965936222509
0.9999660410853923
0.9999657165707901
0.9999658787900826
0.9999655148484909
0.9999656758411747
0.9999654019942757
0.9999655163982497
0.9999652093579144
0.9999653737970442
0.9999651820734082
0.9999653530085216
0.9999651076096352
0.9999653208509608
0.9999650921942724
0.9999651669959057
0.9999648753904214
0.9999649913942926
0.9999647098069917
0.99996487784491
0.9999645468725968
0.9999647206455256
0.9999644616834714
0.9999645754808012
0.9999642503560012
0.9999643636031813
0.9999641190881632
0.9999642587142485
0.9999639223632393
0.9999641302751051
0.9999638504548095
0.9999640165968857
0.9999637195554626
0.9999638685690976
0.9999635359327697
0.9999636954457378
0.9999633491688535
0.9999635011441519
0.9999633442086189
