0.9999998953482786
0.9999995561035638
0.9999996494725856
0.999999867571045
0.9999994968938659
0.9999997669141273
0.9999997834306896
0.9999994926438222
0.9999998624854622
0.9999996661366688
0.9999995534460773
0.9999998976912261
0.9999995571806284
0.9999996577346155
0.9999998627546511
0.9999994907725397
0.9999997650951735
0.9999997797912863
0.9999994780416782
0.9999998436299217
0.9999996814129838
0.9999995101613486
0.9999998827652475
0.9999995917800201
0.9999995740034381
0.9999998847623297
0.9999995223150009
0.999999656915304
0.9999998521341122
0.9999994793346685
0.9999997472957515
0.999999784283444
0.9999994694749741
0.9999998289629549
0.9999996868449643
0.9999995067145012
0.9999998769358708
0.9999995797446799
0.999999595190791
0.9999998675702536
0.999999495979004
0.9999997143547094
0.9999997949494147
0.9999994686608221
0.999999820136947
0.9999996813438655
0.9999995042500042
0.9999998698862183
0.9999995628715189
0.9999995812750221
0.9999998514317653
0.999999473503398
0.9999996700094489
0.9999997855656089
0.9999994290134102
0.9999997484215211
0.9999996995728762
0.9999994319331451
0.9999998091150702
0.9999996121041343
0.999999473968152
0.9999998388181383
0.999999526711891
0.9999995431349357
0.9999998235697172
0.9999994475475886
0.9999996276967134
0.9999997564334042
0.9999993974608082
0.9999997145474657
0.9999996498968791
0.9999994030722416
0.9999997773256353
0.9999995262981736
0.9999994752212323
0.9999997883535358
0.9999994269177958
0.9999995874590455
0.9999997301864827
0.999999372397219
0.9999996878468695
0.999999617833294
0.999999368274035
0.9999997366538687
0.9999994861836444
0.9999994049427418
0.9999997333441242
0.9999993786932214
0.9999994708471786
0.9999996937587566
0.9999993144292914
0.9999995542735683
0.9999996292955808
0.9999992900412814
0.9999996288354797
0.999999541579248
0.9999993012128195
0.999999675716974
0.9999994308071626
0.9999993372199518
0.9999996669820377
0.9999993117366998
0.9999994059122551
0.9999996043451647
0.9999992290630885
0.9999994982382179
0.9999995034267997
0.9999992107629999
0.9999995781730986
0.9999993797254536
0.9999992601215077
0.9999996020446825
0.9999992587313306
0.9999993432140561
0.9999995461349338
0.9999991636330582
0.999999417400316
0.9999994376639346
0.999999113695084
0.9999994629344757
0.9999993018278507
0.9999991137304749
0.9999994810293796
0.9999991895579258
0.9999991653914045
0.9999994721411437
0.9999991065521161
0.9999992401915905
0.9999994219090615
0.9999990432081337
0.9999993152819538
0.9999993252482943
0.9999990024416763
0.9999993498849339
0.9999991806439222
0.9999990007525916
0.9999993533138208
0.9999990370115702
0.9999990523953778
0.9999993093735637
0.9999989258404115
0.9999991404849763
0.999999215063379
0.9999988813253705
0.9999992257848906
0.9999990862156442
0.9999988868820462
0.999999246238758
0.9999989389240747
0.9999989254400218
0.9999991970388012
0.9999988083435036
0.9999989759285479
0.9999990939746366
0.9999987244222558
0.9999990282327347
0.9999989835452285
0.9999987041833448
0.9999990739026204
0.9999988703717939
0.9999987252091718
0.999999078843789
0.9999987489743499
0.9999987660743366
0.999999021864495
0.9999986302482708
0.9999988140625996
0.9999989069778819
0.9999985374879303
0.9999988463649313
0.9999987568032719
0.9999985116902723
0.9999988736708741
0.9999986038011969
0.9999985489780534
0.9999988469066401
0.9999984760881309
0.9999986225643049
0.9999987674581419
0.999998396300543
0.9999986831353965
0.9999986204188193
0.9999983429650242
0.9999987030614976
0.9999984649066493
0.9999983506968304
0.9999986847287317
0.9999983335598496
0.999998400088148
0.9999986187485757
0.9999982317724402
0.9999984549479335
0.9999985182868238
0.9999981738116297
0.9999985120020579
0.9999983974842427
0.9999981505921249
0.999998518699812
0.9999982489987677
0.999998169492321
0.9999984823625417
0.9999981050555075
0.999998213385592
0.9999983883935866
0.999998001588471
0.99999826610884
0.9999982507562232
0.9999979476155307
0.9999983025463097
0.999998096360034
0.9999979630606858
0.9999983018874533
0.9999979585126464
0.9999980113018525
0.9999982279430396
0.9999978474121294
0.9999980772350606
0.9999981087046632
0.9999977706472974
0.9999981051684549
0.9999979465969041
0.9999977341135704
0.9999980880772057
0.9999977868680537
0.9999977358929883
0.9999980359710031
0.9999976552376822
0.9999977872355041
0.999997948645278
0.9999975565852115
0.9999978380055967
0.9999978269297688
0.9999975181505057
0.9999978661824781
0.9999976868374534
0.9999975247700328
0.9999978565966121
0.9999975265925853
0.9999975521100505
0.9999977952357311
0.9999973982328628
0.9999976173084942
0.9999976829652716
0.9999973402466598
0.9999976777138802
0.9999975370004189
0.999997319627422
0.9999976784059861
0.9999973689788525
0.9999973278649217
0.9999976102683369
0.9999972191334546
0.9999973603144335
0.9999974966174022
0.9999971100857826
0.9999973910387934
0.9999973499457007
0.9999970565952494
0.9999974094994025
0.9999971963651721
0.9999970472743673
0.9999973764772003
0.9999970397868975
0.9999970711361171
0.9999973048294065
0.9999969066139547
0.9999971020499534
0.9999971774473811
0.9999968288518819
0.9999971594511686
0.9999970483047559
0.9999968085323657
0.9999971666850658
0.9999968818540765
0.9999968249071207
0.999997115579251
0.999996743404854
0.9999968741047484
0.9999970321320565
0.9999966640778544
0.9999969389483087
0.9999968907029924
0.9999966025044286
0.9999969621681802
0.9999967284850844
0.9999965965550338
0.9999969316013294
0.9999965933491975
0.9999966438199033
0.9999968581229757
0.999996473031681
0.9999967035575227
0.9999967666993422
0.9999964057288526
0.9999967328059888
0.9999966140083965
0.9999963744820922
0.9999967361068174
0.9999964540839904
0.9999963913942997
0.9999966886012879
0.9999963080097805
0.9999964222411197
0.9999965864547097
0.9999962056822806
0.9999964821718313
0.999996456913857
0.9999961557089782
0.9999965116211025
0.9999962986786749
0.9999961460899777
0.9999964649623053
0.9999961224779289
0.9999961674082612
0.9999964024394896
0.9999960017630326
0.9999962226544883
0.9999962701778969
0.9999959109147407
0.9999962290448072
0.999996091453232
0.9999958621327485
0.9999962159892497
0.9999959173524938
0.9999958688324588
0.999996152313563
0.9999957637762447
0.9999959046304172
0.9999960651442394
0.9999956860173284
0.9999959767913691
0.9999959449892407
0.9999956423058509
0.9999959827421565
0.9999957569152859
0.9999956058041267
0.9999959408386325
0.9999956031278036
0.9999956410478333
0.9999958720463302
0.999995481263932
0.9999956845504798
0.9999957612468439
0.9999954024384311
0.9999957255180846
0.9999955924247087
0.999995375211464
0.9999957296675369
0.9999954502055854
0.9999953968023267
0.999995697870603
0.9999953063556445
0.9999954581497738
0.9999956076516131
0.9999952195801918
0.9999955074343263
0.999995460746751
0.9999951484018886
0.9999954896992853
0.9999952800928397
0.9999951363353842
0.999995475965429
0.9999951176730638
0.9999951530265754
0.9999953839816454
0.9999949931006792
0.9999952092223428
0.9999952585051626
0.9999948872835488
0.9999952177248059
0.9999950890699361
0.9999948660504986
0.9999952109923484
0.9999949172728945
0.9999948672065642
0.9999951567572078
0.999994779743189
0.9999949146756342
0.9999950827231946
0.9999947051540589
0.999994984027055
0.9999949425913186
0.9999946529761724
0.9999950073059116
0.9999947831433545
0.9999946463330449
0.9999949808131688
0.9999946403118659
0.9999946725920686
0.9999949124896198
0.9999945214581506
0.9999947338956587
0.9999947742714624
0.9999944132822144
0.9999947390807598
0.9999946034532338
0.9999943792538115
0.999994734723153
0.9999944433994938
0.9999943726758487
0.9999946779596683
0.9999942994010537
0.9999944173132476
0.9999945769197284
0.9999941818981593
0.9999944570881292
0.9999944280226224
0.9999941257174425
0.9999944833269385
0.9999942518288262
0.9999941093205087
0.9999944397107213
0.9999940904338034
0.9999941225794846
0.9999943433624656
0.9999939319278748
0.9999941489050803
0.9999941975457664
0.9999938439818584
0.9999941805628672
0.999994044308195
0.9999938035897005
0.9999941752330184
0.9999938739271399
0.999993825094921
0.9999941153638509
0.9999937382517958
0.9999938599242059
0.9999939916053261
0.9999935955117946
0.9999938690735083
0.9999938356480591
0.9999935365737365
0.9999939016934687
0.9999936785511293
0.9999935359834833
0.9999938665225855
0.9999935306497371
0.9999935616421846
0.99999379608326
0.9999934144935373
0.9999936433415514
0.9999937002321433
0.9999933591740308
0.9999936801759135
0.9999935614397064
0.9999933365994285
0.9999937096008954
0.9999934111209208
0.9999933362660893
0.9999936426740962
0.9999932843781248
0.9999934164513503
0.9999935693576022
0.9999931833181115
0.9999934495238828
0.999993402016205
0.9999931064876755
0.9999934445683939
0.9999932170786413
0.9999930673707795
0.999993380484147
0.9999930337380101
0.9999930547503718
0.9999932832966595
0.9999928653172488
0.999993060030824
0.999993136880982
0.9999927772573977
0.9999930946453098
0.999992977697769
0.9999927650340623
0.999993112426996
0.999992827601994
0.9999927957837738
0.999993107280674
0.9999927004164568
0.9999928330671408
0.9999929810057765
0.999992572217118
0.9999928655770806
0.9999928390583266
0.9999925457440523
0.9999929026445423
0.9999926638353454
0.9999925204934733
0.9999928472482744
0.999992503117502
0.9999925439419488
0.9999927615855883
0.9999923903018337
0.9999926284968884
0.999992699981699
0.9999923360499272
0.9999926571024396
0.999992546880716
0.9999923191635606
0.9999926770077737
0.9999923902312035
0.9999923517611966
