0.9999998129362764
0.9999994174472778
0.9999990547675356
0.9999996029420467
0.9999997637753654
0.9999992266472554
0.9999991832466537
0.9999997717972522
0.9999996122355815
0.9999990824875694
0.999999415127828
0.9999998173367105
0.9999993942668205
0.9999990698187546
0.9999996362236117
0.9999997413711246
0.999999188767575
0.9999991794988984
0.9999997633377511
0.9999996024475174
0.9999990572954096
0.9999993356227761
0.9999998019475534
0.9999994525341719
0.999999013369759
0.9999994920475156
0.9999997862398041
0.9999993105787957
0.9999990480475414
0.9999996374244432
0.9999997241136958
0.9999991734461301
0.9999991649472411
0.9999997547014939
0.9999996004860728
0.9999990631699114
0.9999993646637049
0.9999998003500368
0.9999994084165541
0.9999990470977188
0.9999995970028542
0.9999997388254953
0.9999991950568592
0.9999991785836722
0.99999975852174
0.999999575421421
0.9999990488080873
0.9999993937821755
0.9999997867276381
0.9999993612518429
0.9999990204732854
0.9999995770167319
0.9999997119394266
0.9999991662018666
0.9999990902767955
0.999999689201176
0.9999995970862013
0.999999036523006
0.9999992195958449
0.9999997460138927
0.9999994692806259
0.9999989764032996
0.9999993800334072
0.9999997485223746
0.9999993138792528
0.9999989831820556
0.9999995439420188
0.9999996775011014
0.9999991318671938
0.999999086394837
0.9999996744566954
0.9999995260674293
0.9999989881461204
0.9999992973850407
0.9999997197884234
0.9999993139572478
0.9999989710779387
0.999999528659951
0.9999996462624005
0.999999093629536
0.9999990840487125
0.9999996576763366
0.9999994695589586
0.9999989285182607
0.9999992443501757
0.9999996597006903
0.9999992573792741
0.999998870199118
0.9999993940685885
0.9999995984731205
0.9999990775168429
0.999998908067968
0.9999995118353546
0.9999995065616839
0.9999989410147256
0.9999990233414188
0.9999995852416481
0.9999993650382997
0.9999988378927503
0.9999991738869913
0.9999995776581241
0.999999161594432
0.9999987989079947
0.9999993461420527
0.9999994862852917
0.9999989395053798
0.9999989007450697
0.9999994849690602
0.9999993205829912
0.9999987884311564
0.9999991105793843
0.9999995132382866
0.9999990909619566
0.9999987434618873
0.9999992928931846
0.9999994079874257
0.9999988536241458
0.9999988082715671
0.9999993851124117
0.9999992311902465
0.9999986718263348
0.9999989238526588
0.9999993955555013
0.9999990447114739
0.9999985997925035
0.9999990723262072
0.9999993576683897
0.9999988751464823
0.9999986222623031
0.9999992067595821
0.9999992684771027
0.9999986989625721
0.9999987056127557
0.9999992755715286
0.99999908401928
0.9999985444713192
0.9999988602011055
0.9999992673289086
0.9999988561362673
0.9999984977083298
0.9999990433029203
0.9999991770132246
0.999998622970361
0.9999985958063002
0.9999991698364699
0.9999989915374197
0.9999984517824895
0.9999987628824751
0.9999991610992107
0.9999987389121968
0.9999983627088265
0.999998888699971
0.9999990397704369
0.9999984916698966
0.9999983844269194
0.9999989798554447
0.9999988896592276
0.9999983204344005
0.9999984892000792
0.9999990076670684
0.9999987175124607
0.9999982238353256
0.9999986293499331
0.9999989683402835
0.9999985081546218
0.9999981936782211
0.9999987477659004
0.9999988310847081
0.999998275171804
0.999998244930779
0.9999988151769282
0.9999986343776626
0.9999980945210104
0.9999984111069649
0.999998817622371
0.9999984015471236
0.9999980470944458
0.999998593692445
0.9999987204753263
0.9999981587928666
0.9999981150906644
0.9999986932056805
0.9999985295386875
0.9999979761925959
0.9999982498260498
0.9999986756950876
0.9999982810023966
0.9999978662617568
0.9999983638879886
0.9999985772940009
0.9999980495894305
0.9999978643649079
0.999998457295563
0.9999984345844426
0.9999978591718103
0.999997953000224
0.9999984867410792
0.999998226946092
0.9999977004080833
0.9999980585607989
0.9999984242573656
0.999997973403714
0.9999976343013813
0.9999981947932114
0.9999982959849938
0.9999977317381008
0.999997708873011
0.9999982752187664
0.9999980990729883
0.9999975533078592
0.9999978574919051
0.9999982618493023
0.9999978478768262
0.9999974746933407
0.9999980115340006
0.9999981502367425
0.9999975914484902
0.9999974986606175
0.9999980760693715
0.9999979413951988
0.9999973778313244
0.9999975936136141
0.9999980663457511
0.9999977109690696
0.9999972396326946
0.9999977081348402
0.999997973590406
0.9999974748624875
0.9999972321913535
0.9999978172843151
0.9999978461653466
0.999997263599659
0.9999972940873032
0.9999978542356932
0.9999976380624316
0.9999970986201686
0.9999974365896938
0.9999978148523548
0.9999973785432863
0.9999970263254833
0.9999975762518912
0.9999976796976986
0.9999971138841349
0.9999970625731475
0.9999976406773934
0.9999974581664163
0.9999969014818698
0.9999971886287835
0.999997604533133
0.9999972007093614
0.9999967837684839
0.9999973136530076
0.9999974960782699
0.9999969457388811
0.9999968104760188
0.999997386930009
0.9999972982890522
0.9999967214434509
0.9999968891291402
0.9999974037973455
0.9999970905355688
0.9999965940430392
0.9999970075227889
0.9999973200698327
0.9999968258506922
0.9999965315200283
0.9999970901774032
0.9999971364061341
0.9999965669189234
0.9999965763449593
0.999997142673678
0.9999969377145548
0.9999964012901167
0.9999967135263114
0.9999970981988144
0.9999966748514414
0.9999963032563066
0.9999968378140685
0.9999969619388022
0.9999963902678426
0.99999631159161
0.9999968866991144
0.9999967509293743
0.999996179544001
0.9999964326148763
0.9999968740578716
0.9999964942034586
0.999996061869874
0.9999965442501223
0.999996767719776
0.9999962390663538
0.9999960386553813
0.9999966292638249
0.999996604098632
0.9999960297951616
0.9999961284037227
0.9999966666423058
0.9999963789924238
0.9999958594698727
0.9999962361398556
0.9999965707631326
0.9999961001135164
0.9999957990588901
0.9999963628426789
0.9999964390324004
0.9999958618698992
0.9999958463424794
0.9999964046123542
0.9999962079367611
0.999995642217629
0.9999959565051024
0.9999963848125519
0.9999959735705286
0.9999955780049177
0.9999960860923498
0.9999962401079956
0.9999956891101446
0.9999955613837984
0.9999961173130949
0.9999959970785502
0.9999954180627924
0.9999956079885786
0.9999960817815998
0.9999957182318162
0.9999952290429723
0.9999956925651118
0.9999959697504941
0.9999954631827969
0.9999952126893982
0.9999957996700785
0.9999958156238212
0.9999952522241348
0.99999531917131
0.9999958681068326
0.9999956064900162
0.9999950880525509
0.9999954283145642
0.9999957768284743
0.9999953252806622
0.999994989165622
0.9999955291068342
0.9999956199554395
0.9999950700926739
0.9999950291990821
0.9999955966746471
0.9999954199173827
0.9999948657052362
0.999995127083705
0.9999955724630836
0.9999951749127973
0.9999947669863931
0.9999952750195004
0.9999954623583293
0.9999949256044107
0.9999947753306876
0.999995353435735
0.9999952901672606
0.9999947059737325
0.9999948651316733
0.9999953607544497
0.9999950563918444
0.9999945486984895
0.9999949721439114
0.9999952826557926
0.9999947969385419
0.999994506575174
0.9999950724743368
0.99999511236305
0.9999945231595041
0.9999945652511206
0.9999951184967606
0.999994893468987
0.9999943667613177
0.9999946929731126
0.9999950798630157
0.999994646418193
0.9999942680272558
0.9999948036654982
0.9999949272117701
0.9999943829597313
0.9999942919433902
0.9999948715110417
0.9999947413861526
0.9999941668851411
0.9999943981867268
0.9999948466374995
0.9999944898541158
0.9999940326713149
0.9999945049929443
0.9999947200725258
0.9999942034698149
0.9999940025114664
0.9999946000852937
0.9999945806976845
0.9999939904361159
0.9999940831023911
0.9999946207727951
0.9999943502777532
0.999993847630261
0.9999942515971105
0.9999945800911277
0.9999941176578201
0.9999937918160008
0.9999943645405298
0.9999944116360635
0.9999938172301581
0.9999937882103797
0.9999943588592934
0.9999941550547573
0.9999935883835676
0.9999938952275119
0.9999943131506099
0.9999939158765462
0.9999935119133645
0.9999940334114924
0.9999941982550911
0.9999936497477987
0.9999935207843683
0.999994105412254
0.9999939895084237
0.9999933970626204
0.9999935981227912
0.9999940725673484
0.9999937359104523
0.99999326565642
0.9999937162840439
0.9999939814754558
0.9999934765988259
0.9999932377470547
0.9999938059078215
0.9999938029694152
0.9999932370898919
0.9999933081959563
0.9999938479271122
0.9999935921330528
0.999993064362888
0.9999934032718193
0.9999937441716563
0.9999932970846573
0.9999929557399984
0.99999349187651
0.9999935941741356
0.9999930336732534
0.9999929819376909
0.9999935588748955
0.9999933934639449
0.9999928121026875
0.999993070545429
0.9999935095214103
0.9999931433552753
0.9999927049326843
0.9999931902795907
0.9999933807691199
0.999992845089359
0.9999926966961445
0.9999932925909584
0.9999932354363583
0.9999926302450156
0.9999927672941908
0.999993280203837
0.9999929669421957
0.9999924843325981
0.9999929175777067
0.9999932009955818
0.999992712470533
0.9999924517039458
0.9999930212427663
0.9999930616839464
0.9999924833330143
0.9999925147103753
0.9999930529270797
0.9999928280545204
0.9999922895310025
0.9999926269310354
0.9999930228389465
0.9999926061070779
0.9999922254391564
0.9999927698527429
0.9999929036732416
0.9999923378221776
0.9999922342864637
0.9999928085491102
0.9999926864641894
0.9999921100187752
0.9999923607426676
0.9999928270493246
0.9999924907568871
0.9999920456763165
0.9999925331640163
0.9999927792960326
0.9999922541660838
0.9999920423573729
0.9999926043920667
0.9999925569704777
0.9999919860233687
0.9999920756172692
0.9999926193460242
0.999992351940845
0.9999918459858168
0.9999922169086229
