0.9999995158250404
0.999999013245551
0.9999980410097458
0.9999977494551713
0.9999984360776787
0.99999934349312
0.9999994866022589
0.9999986310713009
0.9999977589412167
0.9999978325150305
0.9999986607002848
0.9999993734702481
0.9999992090439767
0.9999982284258596
0.9999974030434564
0.9999975040302833
0.9999983566512227
0.9999992023334797
0.9999992616059318
0.9999984021585977
0.9999975181252836
0.9999975295755411
0.9999983528770816
0.9999991335555436
0.9999990100670525
0.9999980419007071
0.999997342990828
0.9999976498575306
0.9999985272073886
0.9999990163043402
0.9999984906618815
0.999997394302972
0.999996826578039
0.9999972423994606
0.9999981325888697
0.9999986367718006
0.9999981771107842
0.9999971265129713
0.9999965570712814
0.9999969815021109
0.999997857642821
0.9999983427106091
0.9999978072506676
0.9999967255341865
0.9999962650651557
0.9999967908315186
0.9999976702450156
0.9999979347115018
0.9999971789789808
0.9999961338823127
0.999995848247969
0.9999964619645799
0.999997274833254
0.9999974126513419
0.9999965702938606
0.9999955715272211
0.9999953830997181
0.9999960740540169
0.9999968816449305
0.9999969456691129
0.9999960637576997
0.99999509897742
0.9999950070101161
0.9999957540702656
0.9999965502151502
0.9999964760991964
0.9999955237045246
0.9999946434838184
0.9999947038606818
0.9999954984287787
0.9999961941776131
0.9999959822055724
0.9999949325170241
0.9999941334266591
0.9999942760270609
0.9999951215877398
0.999995744794064
0.9999953845783641
0.9999942968979374
0.9999935996119211
0.9999938841871913
0.9999947491193016
0.9999952612978531
0.9999948152654567
0.9999937138953992
0.999993135202528
0.9999935498387893
0.999994435410613
0.9999948580632863
0.9999942681623083
0.9999931869273487
0.9999926966939404
0.9999931296366225
0.9999940134107355
0.9999943596834818
0.9999936859921613
0.9999926063113256
0.9999922346757145
0.9999928111629252
0.9999936538202137
0.9999938667513735
0.9999930876641526
0.9999920536630527
0.9999917863315625
0.9999924475171275
0.9999932695500011
0.9999933982153433
0.9999925797848727
0.9999915862089748
0.9999914626090894
0.9999921615731234
0.9999929726097438
0.9999929646695225
0.9999920526093696
0.9999910905412852
0.9999910699591391
0.9999918756365946
0.9999925705351099
0.9999923980462617
0.9999913873087504
0.9999905557830395
0.9999906623138791
0.9999915115329084
0.9999921455408881
0.9999918635417236
0.9999907958979402
0.9999899934708235
0.9999902402406012
0.9999911047202065
0.9999916548489803
0.9999912459790155
0.999990187567928
0.999989527609374
0.9999898759254084
0.9999906955065401
0.9999911714607318
0.9999906101301762
0.9999895217069941
0.9999889666664917
0.9999893540298294
0.9999902171375613
0.9999905878799638
0.9999899746513728
0.9999889310810423
0.9999884976419469
0.9999890227869977
0.9999898899520758
0.9999901642768527
0.9999894283589058
0.9999884075893092
0.9999880897226592
0.9999886966725954
0.9999895378846179
0.9999897132263679
0.9999888906696031
0.9999878857970271
0.9999877451724173
0.9999884183582715
0.9999891760306164
0.9999891975100452
0.9999882779306632
0.9999872951821389
0.9999872015052698
0.9999879861599376
0.9999887369912036
0.999988645922808
0.9999877088144661
0.999986818302262
0.9999868749846349
0.9999876503823905
0.9999883261562871
0.9999881482875378
0.9999870572906493
0.9999862240410681
0.999986385144209
0.9999871880485769
0.9999878154006069
0.9999875044285138
0.9999864584415477
0.9999857593606836
0.9999860828453989
0.9999869495109325
0.9999874685975807
0.999987001561974
0.9999858866433405
0.9999852518753631
0.999985596169379
0.9999864901237789
0.9999869256322852
0.9999863911712226
0.9999852737178215
0.999984789539248
0.9999852733276129
0.9999861472324885
0.9999865056881149
0.9999858279667151
0.9999847801194045
0.9999844148008831
0.9999849997335625
0.9999857959791406
0.9999860097560723
0.9999852240602369
0.9999841607443964
0.9999839245898993
0.9999846432790276
0.9999854907291043
0.9999855647449214
0.9999846868869333
0.9999837302710444
0.9999835574290902
0.9999842872400234
0.9999851135571177
0.9999850553116183
0.999984117557364
0.9999831537856245
0.9999831156040629
0.9999838939625186
0.9999846298042785
0.9999844718715672
0.999983446044398
0.999982591083132
0.9999826881415244
0.9999835002247084
0.9999841758998455
0.9999839415538503
0.9999829080935732
0.9999821271501091
0.9999823418856731
0.9999831626864766
0.9999837828129826
0.9999833929015246
0.9999823089453325
0.9999816812534447
0.999982024513258
0.9999829002966111
0.999983383297591
0.9999828983057966
0.9999817647996274
0.9999811864986978
0.9999816110067418
0.9999824347919568
0.9999827628370312
0.9999821973419554
0.9999811269650758
0.999980657561305
0.9999812136740108
0.9999820284762331
0.9999823076814445
0.9999815934309128
0.999980480409163
0.9999801596335973
0.9999808740740942
0.9999817474560687
0.999981860417957
0.9999810051141496
0.9999799421473476
0.9999797301114467
0.9999804373593842
0.9999812353032677
0.9999812798023703
0.9999803880817887
0.9999794014171357
0.999979367081653
0.9999801352095417
0.9999808963438525
0.9999808113324801
0.999979840199888
0.9999789381507328
0.9999790083411317
0.9999798410536176
0.9999805613149584
0.9999803657778114
0.9999793432685729
0.9999785752141044
0.999978749618753
0.9999794803657681
0.9999800992436094
0.9999797507972202
0.9999786627202328
0.9999779525620633
0.9999782353242647
0.9999791115519447
0.9999796172375686
0.9999791077516458
0.9999780724799112
0.9999775318183536
0.9999779259399507
0.9999786947628363
0.9999790809822251
0.999978520377625
0.9999773813868911
0.9999769121719978
0.9999773797833917
0.9999781842555058
0.9999785443424751
0.999977924026064
0.9999768846086472
0.9999764897578756
0.9999770411464735
0.9999779228145395
0.9999781154609275
0.9999772647686757
0.9999762546587987
0.9999760549621376
0.9999767628121189
0.9999776316257594
0.999977736846065
0.9999768756413057
0.9999758496022847
0.9999757517016555
0.9999764571307391
0.9999772163094943
0.9999772222322075
0.999976257322194
0.999975317415082
0.9999753570637165
0.999976139058403
0.9999768749507859
0.9999767787454733
0.9999757065704795
0.9999748715156165
0.9999750189877078
0.999975849892438
0.9999764920894806
0.9999761957063924
0.9999751995268495
0.9999745261711622
0.9999747947006997
0.9999755869814361
0.9999761619064952
0.9999757358588306
0.9999746824415742
0.9999739801770898
0.9999742860466616
0.9999751898688177
0.9999756941582735
0.9999751499231443
0.9999740610873991
0.9999735480564321
0.9999739938398639
0.9999748702365968
0.9999751674937247
0.9999745502049312
0.9999735152825505
0.9999730768215944
0.9999736411630258
0.9999744855999511
0.9999747446067216
0.9999740992124762
0.9999730828174184
0.9999728167774949
0.999973403365993
0.9999742238944822
0.9999743848528737
0.9999735858756338
0.9999725536489715
0.9999722981394842
0.9999729677142176
0.9999738316951848
0.9999739297124354
0.9999730443619308
0.999972089116435
0.9999720242697003
0.9999726750373457
0.9999733909007074
0.9999732972188221
0.9999723377652692
0.9999715105340313
0.999971559548599
0.9999723631145004
0.9999730961761615
0.999972944551797
0.9999719455685712
0.9999712239305616
0.999971365377996
0.9999722006992724
0.99997280157198
0.9999724882621577
0.9999713798476223
0.9999707286402268
0.9999710573041254
0.9999719515439426
0.9999724242361602
0.9999719198397055
0.9999708515631633
0.9999702140669313
0.9999706390882114
0.9999715639476292
0.9999720293480746
0.9999714600588524
0.9999703840396063
0.9999699608757675
0.9999704999391469
0.9999713103025117
0.9999715508478223
0.9999709443869101
0.9999698782822573
0.9999694730877567
0.9999700864909183
0.9999708466581567
0.9999711063255989
0.9999703239468188
0.9999692504301132
0.9999690738765015
0.9999696876779892
0.9999704882872685
0.9999706884304184
0.9999698220493543
0.9999688114944666
0.9999686791218495
0.9999694508074447
0.9999701457324274
0.9999700816664473
0.9999690239692876
0.9999679656934695
0.9999680000851746
0.9999688524311395
0.9999695946871413
0.9999694405958209
0.9999685202080787
0.9999677128490994
0.9999677857590281
0.9999686185473836
0.9999692657561425
0.9999689828524864
0.999967888648075
0.9999671389837704
0.9999674214609791
0.9999683129068558
0.9999689739199615
0.999968550124827
0.9999674170175523
0.9999667930934979
0.9999670627565035
0.9999678654300516
0.9999683466524225
0.9999678340127898
0.9999667721623758
0.9999663129526433
0.9999668162222165
0.999967683574117
0.9999680601641598
0.999967446108886
0.9999663178861786
0.9999658485807836
0.9999663498607042
0.9999672261617703
0.999967503784704
0.9999668909874031
0.9999658238039637
0.999965468646379
0.9999661269231159
0.9999669652362184
0.9999670825315561
0.9999662301536604
0.9999651893670711
0.9999650925640207
0.9999658161932587
0.9999666232640823
0.9999666165343476
0.999965731871639
0.9999647448596918
0.9999646516862354
0.9999654564932271
0.9999661936676746
0.9999661507697717
0.999965195145107
0.9999642102492169
0.9999642588222452
0.9999651208892223
0.9999658180774142
0.9999656123492724
0.9999645064031979
0.9999636382489836
0.9999637029702924
0.9999645406954721
0.999965209874058
0.9999649199854885
0.9999639403111997
0.9999631740111108
0.9999634073760687
0.9999642746256328
0.9999647710884613
0.9999643628564936
0.999963360021696
0.9999628132672975
0.9999631802575764
0.9999640157851393
0.9999644659400299
0.9999639385617136
0.9999627572475593
0.9999622556386335
0.9999627686961996
0.9999636228538431
0.9999639210121538
0.9999632786051605
0.9999621401724123
0.9999618273415518
0.9999623949881324
0.9999632189521998
