0.9999996923872344
0.9999992389698796
0.9999985033921278
0.9999985191708911
0.9999992760002971
0.9999996521888332
0.9999991703436286
0.9999984732761368
0.9999985448231132
0.999999326988539
0.999999651027062
0.9999990955402541
0.9999984702215273
0.9999987727776465
0.9999995230629939
0.9999995014237162
0.9999987680473825
0.9999984456243711
0.9999990602014787
0.9999995498837749
0.999999123509452
0.9999983344791267
0.9999982688380652
0.9999989921909683
0.9999993542529998
0.9999988525944127
0.999998130599437
0.9999981826265902
0.9999989199511621
0.9999991899759275
0.9999985739378308
0.9999978927296433
0.9999981138969681
0.9999988401386202
0.9999988409343702
0.9999980926364344
0.999997651273346
0.9999981720936503
0.9999987188369046
0.9999983525189693
0.9999975342900319
0.999997346398996
0.9999980051185877
0.9999983869912711
0.9999978706423466
0.9999970948878429
0.9999970974642511
0.9999977958622787
0.9999980201270119
0.9999973985157488
0.9999966893626526
0.9999968732431319
0.999997569598091
0.9999975734353067
0.9999968109172107
0.9999962851810441
0.9999967438575699
0.9999973326763051
0.9999970603057293
0.9999962406400845
0.9999959526064693
0.9999965720398721
0.9999969808478228
0.9999964868076104
0.9999956950567903
0.9999956378004359
0.9999963399480826
0.9999966023381465
0.9999959935119691
0.9999952613460353
0.9999954351288541
0.9999961231580368
0.9999961256284725
0.9999953570936063
0.9999947908845571
0.9999951896245184
0.9999958041447402
0.9999956099640886
0.9999947965369005
0.9999944790881409
0.9999950684257325
0.9999955263880085
0.9999950837946058
0.9999942404054759
0.9999941437007628
0.9999948203268133
0.9999951104254806
0.9999944933500909
0.9999937830919
0.9999939259059881
0.9999945958318514
0.9999946423994008
0.9999938508183166
0.9999932298062223
0.9999935845342688
0.9999942242940077
0.9999940373127414
0.999993207263616
0.9999928068582566
0.9999933706934497
0.9999938862839584
0.9999934715958582
0.9999926683156185
0.9999924896828053
0.9999931410187839
0.9999934627971294
0.9999929024519904
0.999992131266601
0.9999922479437429
0.9999929688214386
0.9999930865454543
0.9999923918699397
0.9999917592120983
0.9999920565696244
0.999992707986767
0.999992547272426
0.9999917508001748
0.9999913097182672
0.9999918473246387
0.9999923923823157
0.9999920706098426
0.9999912207809043
0.9999910267771701
0.9999916505886773
0.9999920364657142
0.9999914739347835
0.9999906938632078
0.9999907409564474
0.9999914188975271
0.9999915564509521
0.9999908569379489
0.9999901952607756
0.9999904611740423
0.999991106469308
0.9999910233547625
0.9999902633818477
0.9999898246409739
0.999990285069775
0.9999908302667437
0.9999905496102486
0.999989723036558
0.9999895080891437
0.999990184880186
0.9999905559088936
0.9999900384294387
0.9999892220656779
0.9999892167901667
0.9999899100504593
0.9999901222914461
0.9999894830075414
0.9999887473466251
0.9999889743701037
0.9999897208304958
0.9999896883094507
0.999988900535494
0.9999884136521163
0.9999889369199159
0.9999895702385612
0.9999893633842035
0.9999885304557702
0.9999882847359544
0.9999888247591745
0.9999892846262779
0.9999888261444676
0.9999880286076518
0.9999879478801975
0.9999886816912871
0.9999889989583071
0.9999883940111358
0.9999877027375448
0.999987957936903
0.999988643342462
0.999988640941613
0.9999878801791194
0.999987291808303
0.9999877015785574
0.999988375622043
0.9999881352334977
0.9999872576041187
0.9999869041704976
0.9999874901362102
0.9999879740140554
0.999987559241975
0.9999867632597648
0.9999867331855423
0.9999873576475173
0.9999876483184695
0.9999870821719207
0.9999863636784092
0.9999865106545693
0.9999872103470473
0.9999872709272949
0.9999865372949605
0.9999859438789532
0.9999862660696339
0.9999869342733354
0.9999867810496332
0.9999860237256853
0.9999855612062714
0.9999860789379645
0.9999866352719058
0.9999862708702282
0.9999854701506876
0.9999852950112674
0.9999859696170929
0.9999863186707918
0.9999857169021286
0.9999849666395659
0.9999850782938667
0.9999858269865295
0.9999859259089635
0.9999851584439217
0.9999845204134442
0.999984913917331
0.9999855277094343
0.9999854308938527
0.999984645736912
0.9999842530141215
0.9999848093773774
0.999985384685138
0.999985036326133
0.999984158405152
0.9999840076666694
0.999984654262655
0.9999850522583226
0.9999845081827216
0.9999836784529179
0.9999837105586673
0.9999844257876166
0.9999846132191188
0.9999839158262668
0.9999832065158685
0.9999834246691496
0.9999841229958545
0.9999840799808378
0.9999833286594294
0.9999828293482885
0.9999832538845397
0.9999838260782866
0.9999834633172917
0.9999826383941405
0.9999823902583108
0.9999830494153552
0.999983493311099
0.9999829240461292
0.9999821488023668
0.9999821469315384
0.9999828726977817
0.9999830536488022
0.9999824047019379
0.9999816809235801
0.9999818832478153
0.9999826311251271
0.9999825757677682
0.9999818147172036
0.9999812891756232
0.9999817256374015
0.9999823560770104
0.9999821134488391
0.9999813072474898
0.9999810322030497
0.9999816259953352
0.9999820746700235
0.9999816509652121
0.9999807854105668
0.9999806584434167
0.9999814393234713
0.9999815967441199
0.9999809774083238
0.9999803164519641
0.9999806135111133
0.9999813261460953
0.9999813121567481
0.9999805620461243
0.9999800071413
0.9999804947977201
0.999981087890627
0.9999808469936663
0.9999799926120773
0.9999796742063068
0.9999802498053286
0.999980702438781
0.9999803222218082
0.9999795044967816
0.9999793670923613
0.9999800302242822
0.9999802565360226
0.9999796322773113
0.999978870599909
0.9999789609533623
0.9999796067182388
0.999979658376412
0.9999788787294341
0.9999783417402398
0.9999787510700441
0.9999794117356402
0.9999793009980403
0.9999784918585765
0.9999781012790784
0.9999787085473419
0.9999791924963884
0.9999787942317285
0.9999780004769596
0.9999778386378648
0.9999784886793817
0.9999788039954004
0.9999781379045997
0.9999773582763901
0.9999774591771219
0.9999781629026326
0.9999782923195648
0.9999775795310418
0.9999769931224043
0.9999773830312857
0.9999780841616979
0.9999779363712183
0.9999771213337274
0.9999766580664119
0.9999771503523579
0.9999777384309538
0.9999774110963335
0.999976627709971
0.999976391438938
0.9999770326781137
0.9999773440401036
0.9999767801573968
0.9999760132308856
0.9999760998551559
0.9999767766918878
0.9999769541659501
0.9999763066659069
0.9999755923112568
0.9999759000536881
0.9999765537555552
0.999976470456829
0.9999756473959136
0.9999751406933639
0.9999756800979459
0.9999762477601076
0.9999759496052978
0.9999750760127083
0.9999748325376007
0.9999754568787167
0.9999757761491209
0.999975236341254
0.999974479874819
0.9999744660130784
0.9999752132114019
0.9999754822495585
0.9999747839744341
0.999974120781288
0.9999743568847949
0.9999750587215417
0.9999750242399865
0.9999742217196612
0.9999737565589703
0.9999742186229351
0.9999748301706598
0.9999745467779758
0.9999737070582463
0.9999733991837153
0.9999740470891183
0.9999744460875719
0.9999739372876006
0.9999731560008112
0.9999730400184161
0.9999737195944142
0.9999739252304705
0.9999733231600852
0.9999726300594546
0.9999727422067128
0.9999734239671775
0.9999734288893358
0.9999727503704267
0.9999721554480989
0.9999726202354867
0.9999732927897046
0.9999730723466549
0.9999722116470082
0.999971864809489
0.9999724631583924
0.9999729459836507
0.9999725279242443
0.9999717232665012
0.99997152670694
0.9999721800459264
0.999972475439232
0.9999719072137313
0.9999711330519719
0.9999712958121577
0.9999720007906474
0.9999720666528473
0.9999712233482433
0.9999706577813601
0.9999710184119701
0.9999716059551906
0.9999714428854344
0.9999706700686131
0.9999702881862301
0.999970824580513
0.9999713435345343
0.9999709502216317
0.9999701753049
0.9999699966457192
0.9999706794217338
0.9999710972892302
0.9999706589287649
0.9999698297382659
0.9999698980161403
0.9999705399198875
0.9999706483597541
0.999969979213156
0.9999693440470456
0.9999696402333571
0.9999702783915723
0.9999700938591578
0.9999693645238572
0.9999688815121415
0.9999694221326317
0.9999699874587997
0.9999696097162731
0.9999688439669047
0.9999686139957963
0.9999692292028148
0.9999696494767133
0.9999692231443135
0.9999683932151815
0.9999684907334944
0.999969196305818
0.9999693635717508
0.9999686604263963
0.9999679516514718
0.9999682545138266
0.9999690518585855
0.9999689175388348
0.9999680377278454
0.9999675860832922
0.9999680194363203
0.9999685899633953
0.9999682499149201
0.9999674756965178
0.9999672602822471
0.9999678881572448
0.9999682695796089
0.9999677216068006
0.9999669039592618
0.9999668915971995
0.9999675370242375
0.9999676672776976
0.999966992519806
0.9999662197069119
0.9999664461949391
0.9999671977323534
0.9999673110455549
0.9999665502574109
0.9999660862772731
0.9999665269002365
0.9999672100234072
0.9999669652541375
0.9999661537770657
0.9999658705796095
0.9999664635797018
0.9999668441896363
0.9999663120389393
0.9999654625633105
0.9999653722964544
0.9999661275531821
0.9999663556613603
0.9999656988355781
0.9999650221604478
0.9999653151344429
0.9999660023141518
0.9999660430468518
0.999965234880233
0.9999647024652484
0.9999650936896963
0.9999656311909706
0.999965377243997
0.999964499358479
0.9999640903770372
0.9999645596838238
0.9999650362425347
0.9999645745200135
0.99996373615554
0.9999635562704289
0.9999642487465334
0.9999645357432141
0.9999639207099198
0.9999631623311979
0.9999632870971906
0.9999640147312278
0.9999640064902553
0.9999633004881658
0.9999627561370075
0.9999631152241897
0.9999636620859228
0.9999635557292117
0.9999627289934432
0.999962312110806
0.9999627631222807
