0.999999897075695
0.9999995572556748
0.9999996513089525
0.9999998740239697
0.9999994900413742
0.9999997424497777
0.9999998185584577
0.9999994669471849
0.9999998175149477
0.9999997433796779
0.9999994861749475
0.9999998705616393
0.9999996566455953
0.9999995446910955
0.9999998946532013
0.9999995683009808
0.9999996369009164
0.9999998793214327
0.9999994994574279
0.999999746275915
0.9999998144464685
0.9999994796360777
0.999999842906928
0.9999997064847425
0.9999995301766162
0.9999998934984041
0.999999586219093
0.9999996355017399
0.9999998786597984
0.9999994983365912
0.9999997505059901
0.9999998048172509
0.9999994717596123
0.9999998354145346
0.9999996993396529
0.9999995025347684
0.9999998741448879
0.9999995929239384
0.9999995692914667
0.9999998737621326
0.9999995102656576
0.9999996537623618
0.9999998437046351
0.9999994610592877
0.9999997396311608
0.9999997845793352
0.9999994485432011
0.9999998113148071
0.9999996949949235
0.9999994797664672
0.9999998548536496
0.9999995856242214
0.999999555973623
0.9999998531539813
0.9999994841590716
0.999999663869578
0.9999997980966555
0.9999994360454747
0.9999997730217177
0.9999996963167335
0.9999994624524675
0.999999838661557
0.9999995725972309
0.9999995446178915
0.9999998363363106
0.9999994629797572
0.9999996380414806
0.9999997718128976
0.9999993952375613
0.9999997144295828
0.9999996760368433
0.9999993870188444
0.9999997657707856
0.9999995769389355
0.9999994284002878
0.999999791349364
0.9999994867214681
0.9999995021446295
0.9999997840136957
0.9999994079252051
0.9999995852595038
0.9999997294428297
0.9999993492929806
0.9999996581677801
0.9999996285965482
0.9999993363124193
0.9999997104599481
0.9999995002056489
0.9999993900479087
0.9999997249186369
0.9999993815172443
0.9999994965962952
0.999999686949135
0.9999993078684846
0.9999996048089657
0.9999995915386803
0.9999992957647419
0.9999996677075202
0.9999994580331765
0.999999332249109
0.999999662350538
0.999999315331651
0.999999388141724
0.9999996097308782
0.9999992184417275
0.9999994589629261
0.9999995336287747
0.9999991774130967
0.9999995240009174
0.9999994449137635
0.9999991882049937
0.9999995666134457
0.9999993412607407
0.9999992328371805
0.9999995652212548
0.9999992193887973
0.9999992886193051
0.9999995108633288
0.999999118696985
0.9999993664290597
0.9999994105619899
0.999999071547096
0.9999994291501119
0.9999992819334872
0.9999991031100105
0.9999994614266823
0.9999991510586824
0.9999991914803182
0.9999994341214113
0.9999990462267846
0.9999992811634503
0.9999993379272021
0.9999989874515282
0.9999993331821729
0.9999992048478696
0.9999989801109372
0.9999993421683152
0.999999064120511
0.999999016288075
0.9999993160471339
0.999998947745681
0.9999990787657366
0.9999992627664954
0.9999988758438956
0.9999991515158552
0.9999991809067226
0.9999988402266626
0.9999992000223356
0.9999990532728287
0.9999988382002546
0.9999991946648842
0.9999988960322205
0.9999988718381451
0.9999991381088534
0.9999987536723133
0.9999989360808084
0.9999990520732707
0.9999986866852041
0.9999990187506461
0.9999989338970092
0.9999986855166548
0.9999990555806784
0.9999987825949006
0.9999987271132876
0.9999990229514392
0.9999986410261977
0.9999987837809574
0.9999989224921522
0.9999985356631655
0.9999988215750224
0.9999988003254998
0.9999984882079838
0.9999988565200051
0.9999986688891122
0.9999985022081225
0.9999988528069481
0.9999985365332904
0.9999985495542627
0.9999988120083585
0.9999984244943703
0.9999986060244475
0.9999987251706254
0.9999983434097175
0.9999986507458372
0.9999985865230416
0.9999983000636944
0.999998662837291
0.9999984260980934
0.9999983217842159
0.9999986384728696
0.9999982803730743
0.9999983870209337
0.9999985674091125
0.9999981784753198
0.9999984586510402
0.9999984530830796
0.9999981386355296
0.9999984898337154
0.9999982820806594
0.999998134414293
0.9999984725794719
0.9999981299449978
0.999998182575458
0.99999841512457
0.9999980163193013
0.9999982330764439
0.9999983045590697
0.9999979416841476
0.9999982791540458
0.9999981918544127
0.9999979299110568
0.9999983033303584
0.999998053511096
0.9999979552439029
0.9999982762817728
0.9999979111735362
0.999998002379829
0.9999981858718996
0.999997793567404
0.9999980471959208
0.9999980763900341
0.9999977293401507
0.9999980864608308
0.999997922749155
0.9999977345894291
0.9999980839606731
0.9999977589061383
0.9999977752025733
0.999998006636264
0.9999976074219706
0.9999978106009757
0.9999978799310912
0.9999975166129529
0.9999978513936368
0.9999977412332849
0.9999974804381923
0.9999978447827913
0.9999975722013208
0.9999975017375644
0.9999978089705395
0.9999974299924218
0.9999975462538685
0.9999977205762266
0.999997316276006
0.9999975849933302
0.999997592859758
0.9999972552633196
0.9999976042057447
0.999997442784722
0.9999972369426497
0.9999975888458112
0.9999972788567213
0.9999972856662831
0.9999975255216949
0.9999971333101789
0.999997318394979
0.9999974170307327
0.999997035082013
0.9999973581225372
0.999997263954135
0.9999970057786939
0.9999973680988139
0.999997094611535
0.999997013745344
0.9999973076693962
0.9999969359473125
0.9999970588225833
0.9999972114015079
0.9999968216389373
0.999997107704052
0.9999970856319661
0.9999967564329739
0.9999971171577178
0.9999969242862606
0.999996745558112
0.9999970885575028
0.9999967623620117
0.9999967762747481
0.9999970267643417
0.9999966409790086
0.9999968446645626
0.9999969499467932
0.9999965560245978
0.9999968729168398
0.9999967861584568
0.9999965044849665
0.9999968622087759
0.9999966053817839
0.9999965058036353
0.9999968193819598
0.9999964477024806
0.9999965524259558
0.9999967297463849
0.999996330321084
0.9999965926714707
0.999996583895617
0.999996246487736
0.9999965921373283
0.9999963963689376
0.9999962290410012
0.9999965798252929
0.9999962628452873
0.9999962797242343
0.9999965337613315
0.9999961301509264
0.9999963446374951
0.9999964368532069
0.9999960718826658
0.9999963907167265
0.9999962953745027
0.9999960206205585
0.999996383567509
0.9999961132141929
0.9999960217690048
0.999996323752206
0.9999959552195058
0.9999960638129084
0.9999962495819993
0.9999958537338415
0.9999961081677003
0.9999961249784216
0.9999957970422627
0.9999961380533516
0.999995960529974
0.9999957597717983
0.9999961047746018
0.9999957897136893
0.9999957871400479
0.9999960103983524
0.9999956197724557
0.9999958291101991
0.9999959101933946
0.999995539486894
0.9999958837451228
0.9999957914615648
0.999995538556116
0.9999958907049744
0.9999956373249115
0.9999955513407095
0.9999958567875668
0.9999954861930591
0.9999955810562773
0.9999957431252403
0.9999953443630558
0.9999956193429943
0.9999956201284008
0.9999952880721453
0.9999956478591154
0.9999954705198542
0.9999952878952042
0.999995612021762
0.9999952819289127
0.9999953053723355
0.999995538972265
0.9999951467744076
0.9999953467716839
0.9999954211134772
0.9999950490830882
0.9999953923973275
0.9999952938073517
0.9999950298152214
0.9999953930021532
0.9999951253344086
0.9999950445913057
0.9999953563870638
0.9999949830477751
0.9999950876112633
0.9999952517964275
0.9999948583241757
0.9999951235980465
0.9999951229737253
0.9999947939681778
0.9999951452227531
0.9999949632325797
0.9999947828721887
0.9999951104860498
0.9999947922453115
0.9999948097766909
0.9999950631146327
0.9999946762791497
0.9999948847561767
0.999994953273183
0.999994568794364
0.9999948875123235
0.9999947924048833
0.9999945294462844
0.9999948882943765
0.9999946155600218
0.9999945237656628
0.9999948255041392
0.9999944460094584
0.9999945382840238
0.9999947194614984
0.9999943281727224
0.9999945942692929
0.9999945813739259
0.9999942313750838
0.9999945874963815
0.9999944088012257
0.9999942264664528
0.9999945988817016
0.9999942635502537
0.9999942838689411
0.9999945093007231
0.9999941050801808
0.999994307589531
0.9999944006802505
0.9999940164554549
0.999994353550817
0.9999942606639722
0.9999939796416946
0.9999943615041141
0.9999940884564089
0.9999939979617849
0.9999942990578171
0.9999939266390178
0.9999940434211804
0.9999942232831545
0.9999938241419227
0.9999940902758825
0.9999940847336125
0.9999937425361461
0.9999940803704594
0.999993912205791
0.9999937340509946
0.9999940752277816
0.9999937379302062
0.9999937685349659
0.9999940109421592
0.9999936188283438
0.9999938305088567
0.9999938886127356
0.9999935127940441
0.9999938618424836
0.999993773603829
0.999993503337305
0.9999938646841944
0.9999935958104149
0.9999935036323422
0.9999938148073906
0.9999934376050676
0.9999935356343574
0.9999937127150383
0.9999933087400246
0.9999935690783114
0.9999935615197098
0.9999932185071527
0.9999935656695063
0.9999933671684462
0.99999319571534
0.999993541441181
0.9999932184480389
0.9999932413246285
0.999993481472248
0.9999930800010437
0.9999932684582054
0.9999933481726024
0.9999929842286798
0.9999933052572335
0.9999931957609629
0.999992934149913
0.999993306977809
0.9999930420594717
0.9999929555162301
0.999993270586917
0.9999929034215798
0.9999930240764104
0.9999931936501238
0.9999928070797554
0.9999930798538895
0.9999930819028614
0.9999927318095901
0.9999930963244769
0.9999928946324433
0.999992709327621
0.9999930508039089
0.9999927152621861
0.9999927238919328
0.9999929679962754
0.9999925830601804
0.9999927755202261
0.99999287335441
0.999992499345522
0.9999928176571717
0.9999927162322981
0.9999924588303213
0.9999928209968516
0.9999925590452545
0.999992465594108
0.9999927749833093
0.9999923879109855
0.9999925010967367
0.9999926751784187
0.9999922868799838
0.9999925676490831
0.9999925658288561
0.9999922308352829
0.999992583531334
0.9999924194301022
0.9999922352552649
