0.9999992742613125
0.9999987212884204
0.9999975199772043
0.9999965403684954
0.9999963825150782
0.9999971378638314
0.9999983500278696
0.9999991643743692
0.9999989517394867
0.9999978909650368
0.9999967631774731
0.9999962859652045
0.9999967431881506
0.9999978957905432
0.9999989885646392
0.999999194721938
0.9999983699537575
0.9999971905059714
0.9999965049918714
0.999996764003794
0.9999978352055765
0.9999989799482495
0.999999272823347
0.9999984765198972
0.9999972837233697
0.999996600736911
0.9999968892607723
0.9999979750912175
0.9999990592590694
0.9999992319340419
0.9999983464457408
0.9999971386425455
0.9999964753983316
0.9999967658162192
0.9999978327983574
0.99999893012676
0.9999991915250389
0.9999984009721815
0.9999971778926902
0.9999963535767765
0.9999964101072703
0.9999973253900947
0.9999985404026672
0.9999991876148732
0.9999987705168539
0.9999976329380177
0.9999966027873419
0.9999963330005996
0.9999970012562214
0.9999982248945544
0.9999991415520533
0.9999990239330262
0.9999979930293867
0.9999968837558001
0.9999964779347751
0.9999970506313457
0.9999982493492366
0.9999991693679395
0.9999990317073395
0.9999979720269603
0.9999968671326603
0.9999965040235627
0.9999971209529194
0.9999983114906759
0.999999160256549
0.9999989459393113
0.9999978486536152
0.9999967173439597
0.9999962985477969
0.9999968344211816
0.9999979972089488
0.9999989649507233
0.9999989782484745
0.9999980291428802
0.9999968354932407
0.9999961794987855
0.9999964410110731
0.9999974888506479
0.9999986639242939
0.9999990955918904
0.9999984581236173
0.9999972681331737
0.9999963846977556
0.9999963658556968
0.9999972484755835
0.9999984727381588
0.999999104474893
0.9999986210824791
0.9999974471808215
0.9999965072054222
0.9999964379660459
0.9999973021294157
0.9999985083592626
0.9999990926942652
0.9999985486955456
0.9999973503759956
0.999996422493571
0.9999963774514591
0.9999972399068829
0.9999984251608349
0.9999990014247788
0.9999984753119223
0.999997273253057
0.9999962695555162
0.9999960813608664
0.9999968173161444
0.9999980214260393
0.9999988402719665
0.9999986299925767
0.9999975649340589
0.9999964386380594
0.9999959700249884
0.9999964447304105
0.9999975936189227
0.9999986531623373
0.9999988018606907
0.9999979289331098
0.9999967341364258
0.9999960687252992
0.9999963507993493
0.9999974284250124
0.9999985439649902
0.9999987992653341
0.9999979777852821
0.9999967786037439
0.9999960906987957
0.9999963673855203
0.9999974380251235
0.9999985257944206
0.9999987252880712
0.9999978607822938
0.9999966415445263
0.9999959310365293
0.9999961674864248
0.9999971967406456
0.9999983041638796
0.9999986046349691
0.9999978474929161
0.9999966225235842
0.9999957697913107
0.99999580854133
0.9999967109141943
0.9999979242154279
0.9999985505558482
0.9999981012710537
0.9999969449898515
0.9999959201374646
0.9999956757444833
0.9999963703850947
0.999997580966157
0.9999984319805602
0.9999982308022866
0.9999971537155372
0.9999960469837769
0.9999956758507221
0.9999962722988951
0.9999974709897019
0.9999983677219727
0.9999982097016321
0.9999971394983875
0.9999960218203662
0.9999956329203893
0.9999962119842181
0.9999973892287584
0.999998285106587
0.9999981287744988
0.9999970653301503
0.9999959171378809
0.9999954323746776
0.9999959143602266
0.9999970559263132
0.9999980539129576
0.9999981094860392
0.9999971752283835
0.9999959678021728
0.9999952996375584
0.9999955553348492
0.9999966024026573
0.9999977487535383
0.9999981236390553
0.9999974202067923
0.9999962133486627
0.9999953614424528
0.999995404903083
0.9999963260144173
0.9999975229031277
0.9999980736394098
0.9999975114314896
0.9999963137439284
0.9999953766957677
0.9999953241690418
0.9999961883808771
0.9999973797123964
0.9999979712903642
0.9999974498868336
0.9999962476687567
0.9999952867533604
0.9999951837547929
0.9999960095836602
0.999997207772748
0.9999978507248641
0.9999973979902174
0.9999962117900052
0.9999951709982641
0.999994923729012
0.9999956192153583
0.9999968156813608
0.9999976478145001
0.9999974320975307
0.9999963608832462
0.9999952193960413
0.9999947655974049
0.9999952491483521
0.999996392163219
0.9999973974236823
0.9999974523696116
0.9999965203199698
0.9999953237673838
0.9999946935372461
0.9999950176021827
0.9999961049296731
0.9999971955099648
0.9999973843494673
0.999996524180337
0.9999953149688953
0.9999946302671406
0.9999948940914862
0.9999959507368601
0.999997050887067
0.9999973071851919
0.999996493658622
0.9999952682018867
0.9999945148197096
0.9999946992612689
0.999995682015602
0.9999968124242119
0.9999971853674604
0.9999964797687225
0.9999952544992867
0.9999943681409483
0.9999943698647549
0.9999952564446501
0.9999964451726546
0.999997045139086
0.9999965479832031
0.9999953648125216
0.9999943436983754
0.9999941448958047
0.9999948843345865
0.9999960766691772
0.9999968645305904
0.9999965762738187
0.9999954656014831
0.9999943873931368
0.9999940450178112
0.9999946757852517
0.9999958581914192
0.9999967270970657
0.9999965357678489
0.9999954481307282
0.9999943185385463
0.9999938972040353
0.9999944514776172
0.9999956204651775
0.9999965501727802
0.9999964686971732
0.9999954381526261
0.9999942693293478
0.9999937203034759
0.9999941410702698
0.9999952671116636
0.9999962916970067
0.9999963922109295
0.9999954725910217
0.9999942539326978
0.9999935925586997
0.9999938450259536
0.9999948949755059
0.9999960138947489
0.9999963426647491
0.9999955836459262
0.9999943743843769
0.999993549389138
0.999993618431887
0.9999945625760143
0.9999957430633827
0.9999962334174897
0.9999956097674395
0.999994401017535
0.9999934884032851
0.9999934448235178
0.9999943015716928
0.9999955037567653
0.9999961088048682
0.9999956036338086
0.9999943991816752
0.9999934173893231
0.9999932748001518
0.9999940539351467
0.9999952475091933
0.9999959482671242
0.9999955545736304
0.9999943911729012
0.9999933183226822
0.9999930494980372
0.9999937036361984
0.9999948981985287
0.9999957567479435
0.999995566161667
0.9999944950574797
0.9999933627033403
0.9999929087970333
0.9999934281220547
0.9999945785818596
0.9999955452335333
0.9999955431996098
0.9999945711094912
0.999993381428996
0.9999927836163008
0.9999931354898032
0.9999942353142799
0.9999952933880413
0.9999954443994256
0.9999945541988471
0.9999933397182689
0.9999926417180468
0.9999929048474991
0.999993968064855
0.9999950786894581
0.9999953541097216
0.9999945652072565
0.9999933444927653
0.9999925590358265
0.9999926892011219
0.9999936755655003
0.9999948334551497
0.9999952620717658
0.9999945931928115
0.9999933791927437
0.999992486799778
0.9999924805357008
0.9999933652147559
0.9999945495328718
0.999995152211777
0.9999946362399029
0.9999934487907371
0.9999924526983782
0.9999922747005303
0.9999930274788699
0.999994224229952
0.9999949782192894
0.9999946592056731
0.9999935369825886
0.999992457542049
0.9999921526600154
0.9999927855174534
0.999993969101836
0.9999948398808766
0.9999946459031491
0.9999935539312769
0.9999924160696358
0.9999919784566438
0.9999925004573947
0.9999936671369305
0.9999945929003333
0.9999945207307345
0.9999935252271593
0.9999923304060562
0.9999917580436853
0.9999921658846886
0.9999932792441573
0.9999943032972336
0.9999944258754075
0.9999935084839506
0.9999922956372133
0.9999916034443969
0.9999918748386227
0.9999929024290675
0.9999940185255712
0.9999943012139499
0.9999935303461227
0.9999922999628477
0.9999914983047767
0.9999916145179837
0.9999925679149827
0.9999937256875974
0.9999941799543365
0.9999935195255709
0.999992310725466
0.9999914082451881
0.9999913643238056
0.9999922351808477
0.9999934226496293
0.99999401918365
0.9999934890110559
0.9999922921989629
0.9999912917971249
0.9999911467041469
0.9999919142905132
0.9999931001376366
0.9999938094615549
0.9999934319997712
0.9999923020827018
0.9999912273709355
0.9999909029554538
0.9999915468764596
0.9999927365640764
0.9999935974242367
0.9999933825019035
0.9999923187946798
0.9999911840327729
0.9999907430951421
0.9999912619516235
0.9999924172644462
0.999993378767412
0.9999933287619857
0.9999923370559982
0.9999911596966456
0.9999905840877021
0.999990979003449
0.9999920857183263
0.999993123990187
0.999993251268586
0.9999923596412693
0.9999911294967468
0.9999904609949337
0.9999907043990534
0.9999917401248154
0.9999928733608124
0.9999931418022758
0.9999923669819649
0.999991145667152
0.9999903432099753
0.9999904406539252
0.9999913912926065
0.9999925691260376
0.9999929987990841
0.9999923537338827
0.999991132086083
0.9999902246187808
0.9999901988206077
0.999991068730402
0.999992288727216
0.999992885232397
0.9999923845997178
0.9999911957223202
0.9999902059702581
0.9999900505137833
0.9999907885930397
0.999991996767194
0.9999927108331449
0.9999923553495681
0.9999912016240367
0.9999901264650843
0.999989821753989
0.9999904593274209
0.9999916583291898
0.9999925054986724
0.9999923037013667
0.9999912411996814
0.9999900989998876
0.9999896807015384
0.9999901844184044
0.9999913362067689
0.9999922898670706
0.9999922634728045
0.9999912660036228
0.9999900863879464
0.9999895319150857
0.9999899317677535
0.9999910438318155
0.9999921101250223
0.9999922352215247
0.9999913467663784
0.9999901359043285
0.9999894578604198
0.9999896969177468
0.9999907355326261
0.9999918434443373
0.999992128636694
0.9999913576325454
0.9999901282821684
0.9999893664604562
0.9999894738668945
0.9999904602387751
0.9999916189081767
0.9999920766088306
0.9999914356041562
0.9999901907615069
0.9999893236052595
0.9999893008415505
0.9999901818297254
0.999991360098174
0.9999919330398632
0.9999914158124703
0.9999902168265477
0.9999892115139474
0.9999890516169434
0.999989803300749
0.9999910007344567
