0.9999997995736956
0.9999993728246118
0.9999990389328961
0.9999995257773409
0.999999780092022
0.9999992326364776
0.9999991235276409
0.9999996880201873
0.9999996545220612
0.9999990709389102
0.9999991701169163
0.9999997052148295
0.9999994925520439
0.999998935350355
0.9999991302991993
0.9999996728490121
0.9999994455264043
0.999998910370094
0.9999991277575422
0.9999996326406873
0.9999993203459022
0.9999987966718807
0.999999108553251
0.9999995158144693
0.9999990656660501
0.9999987139165807
0.9999991847344261
0.9999993879140923
0.999998789660369
0.9999986000477852
0.999999098092124
0.9999990865844652
0.9999984483624375
0.9999983895968658
0.9999989243861911
0.999998843546008
0.999998229634918
0.9999982489916984
0.99999876908518
0.9999985857355773
0.999997953599574
0.9999980460571362
0.9999985267004531
0.9999982030316203
0.9999976521689644
0.9999979250849779
0.9999982947296868
0.9999978029054517
0.9999973762455565
0.9999977782052398
0.9999980067934975
0.9999974182270488
0.9999971052490697
0.999997555826303
0.9999976730400868
0.9999970599135
0.9999968616560699
0.9999973468675395
0.9999973477932819
0.9999966877005421
0.9999966164302103
0.9999971289921438
0.999996963350622
0.99999631886902
0.9999963892457708
0.9999968415206815
0.9999965125353159
0.999995924092516
0.999996135463374
0.9999965435988715
0.9999960799083377
0.9999955912115973
0.9999959304456875
0.9999962211770623
0.9999956822694416
0.9999952663160793
0.9999956547742435
0.9999958395596656
0.9999952007221606
0.9999949199277268
0.9999954162700819
0.9999954558029391
0.9999948404293515
0.9999947224043222
0.9999952368010536
0.9999951475808778
0.9999944929479667
0.9999945257494768
0.9999950096389428
0.9999947950419703
0.999994181756108
0.9999943128446409
0.9999947811174085
0.9999943755889383
0.9999938143322933
0.9999940629398753
0.9999944193668134
0.9999939132865844
0.9999934306776135
0.9999938356622029
0.9999941052789807
0.9999935254845109
0.9999931859078084
0.9999936472495694
0.9999937741409112
0.9999931419460356
0.9999929204752633
0.9999934227697037
0.9999934000763562
0.9999927104973931
0.9999926490738301
0.9999931545618506
0.9999929892909013
0.9999923519783555
0.9999924047140831
0.9999928424694451
0.9999925007599139
0.9999919328960423
0.9999921485436283
0.9999925947456036
0.9999921485119805
0.9999916448573668
0.9999920111938002
0.9999923478443802
0.9999918065785769
0.9999913804980157
0.9999918551647748
0.9999920920420158
0.9999914811930727
0.9999912117112386
0.9999916717414153
0.9999917504700605
0.9999910636064531
0.9999909335908934
0.9999914185519109
0.9999912985090049
0.9999906428843977
0.9999906836020835
0.9999911553746987
0.9999908812596259
0.9999902519074805
0.9999904026391857
0.999990851005891
0.9999905125923674
0.9999899775877932
0.999990263506551
0.9999906473906064
0.9999901753081334
0.9999896800325913
0.9999900924161583
0.9999903584524572
0.9999897712597612
0.9999894645004371
0.9999899166014405
0.9999900334086731
0.9999893637760812
0.9999891499659785
0.999989642922957
0.9999895983191416
0.9999889208679617
0.9999888352058228
0.9999893442453841
0.9999891644439157
0.9999885453361845
0.9999886992951752
0.999989169352044
0.9999888365649411
0.9999882210161577
0.9999883938981841
0.9999887813989337
0.99998833527882
0.9999878243826099
0.9999881356542297
0.9999884349035478
0.9999879114297443
0.9999874637664931
0.9999878538214985
0.9999880697960585
0.9999874374190111
0.9999871804182537
0.99998763709628
0.9999876635072698
0.9999870282365788
0.9999868941987907
0.9999874101318071
0.99998732996981
0.9999866708685304
0.9999867440487082
0.9999872552275775
0.9999870438242124
0.9999863809516473
0.9999865259606766
0.999986941308776
0.999986590589552
0.9999860398315459
0.9999863623442018
0.999986750250219
0.999986231585488
0.9999857891556161
0.9999861937968663
0.9999864966450775
0.9999859768965438
0.9999856267384195
0.9999860112086397
0.9999861739840581
0.9999855575293441
0.9999853308036406
0.9999857660994642
0.999985730133925
0.9999851131229143
0.9999850868786085
0.9999855987763535
0.9999854246216501
0.9999848008755887
0.9999848568407168
0.9999853379962134
0.9999850129089641
0.9999843748391033
0.999984557919375
0.999984983885922
0.9999845913045935
0.9999841085622329
0.9999843841739015
0.9999847454717757
0.9999841723038897
0.9999837273430942
0.9999841895251469
0.9999843923354625
0.999983750792279
0.9999834579595605
0.99998393738525
0.9999839572787163
0.9999833700221715
0.999983282440937
0.9999838344158721
0.999983669310772
0.9999829913602623
0.9999830157566562
0.9999834806284278
0.9999832221372824
0.9999825827771968
0.9999827823427982
0.9999832000559312
0.9999827781454621
0.9999822451928065
0.9999824967725669
0.9999828889024502
0.9999823339229281
0.9999819038516681
0.9999822467709444
0.9999824644755745
0.999981918206948
0.9999815609557453
0.9999820535848788
0.9999821746861033
0.9999815390004794
0.9999813309706499
0.9999818201809787
0.9999817954400484
0.9999811074217936
0.9999810471973674
0.9999815572777923
0.9999813433363479
0.9999806852756501
0.9999807794693565
0.999981226181302
0.9999809438703864
0.999980382026191
0.9999806446907682
0.9999810014345649
0.9999805439315719
0.9999800134297906
0.9999803130156026
0.9999806291509057
0.9999800588163911
0.9999797224981052
0.999980140725581
0.999980385859414
0.9999797584599114
0.9999794336717502
0.9999799301228673
0.9999799608396578
0.9999793086254074
0.9999792269762116
0.9999797806214948
0.9999797131205979
0.9999790158421052
0.9999790968998064
0.9999796511735669
0.9999794348661477
0.9999787473309106
0.9999789058977706
0.9999794355086494
0.9999789904019445
0.9999784251908617
0.9999786606002046
0.999979027046485
0.9999785569308695
0.9999780864967477
0.9999784436631761
0.9999786574936986
0.9999780361812155
0.9999776644158861
0.9999781817411696
0.9999782775541294
0.9999776398290001
0.9999773733393269
0.9999779052100145
0.9999779113644612
0.9999772761437443
0.9999772462028289
0.9999776245510332
0.999977497387188
0.9999767793705597
0.9999769156937672
0.9999774215517547
0.9999771151700159
0.9999765615155387
0.9999767684347675
0.999977114443221
0.999976673186054
0.9999760809935017
0.9999763534475221
0.9999767215647516
0.9999761449931699
0.9999757757963458
0.999976217617663
0.9999763758225346
0.9999757458710286
0.9999754773402589
0.9999759028087903
0.9999760270450028
0.9999753713746627
0.9999751917947162
0.9999757185700195
0.9999755526106624
0.9999749582588003
0.9999749357873731
0.9999753626001141
0.9999751274584261
0.9999745621452979
0.9999746579020207
0.9999751194078307
0.9999748245984394
0.9999742829674507
0.9999745033653822
0.9999748887094463
0.9999744531447898
0.9999739803596355
0.9999743587760388
0.9999745958797054
0.9999739665292295
0.9999735557147998
0.9999740057953791
0.9999740414473974
0.9999734616228984
0.9999732881997366
0.9999737494653346
0.9999737035732111
0.9999730059581735
0.999972943709315
0.9999734667401842
0.9999733192278836
0.9999726235656913
0.9999727101452411
0.9999732463601697
0.9999729745726922
0.9999724156591724
0.9999725774590783
0.9999729215489275
0.9999724871044889
0.999971956571512
0.9999722756513837
0.999972623206717
0.9999720641244954
0.9999716671493242
0.9999721077698006
0.9999722984169959
0.9999717110508447
0.9999714782904928
0.9999718956944276
0.9999719338500359
0.999971329076113
0.9999710944756839
0.9999715413961555
0.9999713374798275
0.9999707222198071
0.9999707472014898
0.9999712499046827
0.9999709826531489
0.9999703727285951
0.9999704880675335
0.9999709076442423
0.9999705056653576
0.999969898167162
0.9999701484183774
0.9999704869839355
0.999969936005434
0.9999694691974158
0.9999698691985428
0.9999701463592178
0.9999696335674215
0.9999692957178211
0.9999697817142008
0.9999698500898134
0.9999691554909474
0.9999689387430348
0.9999694450518153
0.9999694092561561
0.9999687086363773
0.9999686278975859
0.999969127403183
0.99996896661344
0.9999683831379155
0.9999683894936428
0.9999688396322419
0.9999685132959975
0.9999679043353831
0.9999680441699618
0.9999684513751713
0.9999680019819946
0.9999674933541779
0.9999678181731358
0.9999681283343759
0.9999675531072765
0.9999671519937293
0.9999675161037964
0.9999676475695111
0.9999670474035035
0.9999667236089033
0.9999671616562579
0.9999672039966359
0.9999666240321188
0.9999665388635846
0.9999671400241417
0.9999670732148993
0.9999664179494985
0.9999664610264858
0.9999669334061931
0.9999667842566412
0.9999662348232701
0.9999664180971756
0.9999668688582849
0.9999665189719449
0.9999659234184143
0.999966256362145
0.9999665544336346
0.9999660583575484
0.9999655757602363
0.9999659790027806
0.9999662121081616
0.9999656139582257
0.9999652307623418
0.9999656711329773
0.999965843471814
0.9999651277736983
0.9999648988635058
0.9999654114942695
0.9999653769613284
0.9999646677852148
0.9999646354496242
0.9999651559589033
0.9999650224572558
0.999964460040495
0.9999645810523901
0.9999650657458153
0.999964766091211
0.9999640926153304
0.9999643538296703
0.9999648250418223
0.9999643206035453
0.9999637886933862
0.9999641160031559
0.9999644655251494
0.9999639588089848
0.9999634659221686
0.9999639160799867
0.9999640573037858
0.9999635169825747
0.9999631918997619
0.9999637152396075
0.9999637134569761
0.9999629894670211
0.9999628781158226
0.999963262984822
0.9999632495698488
0.9999626630983666
0.9999626347877602
0.9999630894110095
0.9999628198660445
0.9999621761576571
0.9999623664479258
0.9999628102403794
0.9999624369642663
0.9999618961304017
0.9999621429820655
0.9999624255165038
0.9999619481455867
0.9999615553449458
0.9999618324455318
