0.9999998372749292
0.9999994307686123
0.9999992158302351
0.999999725532502
0.9999996957358681
0.9999991916857359
0.9999994510401944
0.999999830790622
0.9999994089702612
0.9999992067863473
0.9999997206770884
0.9999996980027475
0.9999991945237003
0.9999994500466924
0.9999998333104281
0.9999994116174671
0.9999992278931222
0.9999997442658998
0.9999996764194251
0.9999991971020098
0.9999995212140966
0.9999998256702826
0.9999993467359438
0.9999993031210015
0.9999998067235002
0.999999575609901
0.99999919592706
0.9999996429643164
0.9999997691000401
0.9999992501977517
0.9999994038859206
0.9999998317773994
0.9999994502199958
0.9999992049681726
0.9999997073213025
0.9999996929097169
0.9999991850238698
0.9999994363933186
0.9999998152830826
0.9999993917154831
0.9999991919239929
0.9999997050559483
0.9999996765618412
0.9999991724533999
0.9999994275723965
0.9999998120998611
0.9999993929520592
0.9999991939203846
0.9999997065230619
0.9999996627966024
0.9999991675506987
0.9999994573726884
0.9999997951563757
0.9999993353513283
0.9999992311132347
0.9999997432037595
0.9999995711732522
0.9999991480544781
0.9999995576500001
0.9999997487639983
0.9999992345887873
0.9999993247435284
0.9999997824064449
0.9999994393543667
0.9999991473766009
0.9999996346351088
0.9999996535296781
0.9999991353398123
0.9999993593203205
0.999999744611962
0.9999993240713441
0.9999991134140316
0.9999996215504829
0.9999995898934737
0.9999990851664811
0.9999993419618893
0.9999997223545429
0.9999993018177625
0.9999990998372109
0.9999996115691824
0.9999995739503408
0.9999990710418881
0.9999993390339204
0.9999996947590835
0.9999992445594303
0.999999093504971
0.9999996039210233
0.9999994773596358
0.9999990177727349
0.9999993836397555
0.9999996291427631
0.9999991266822975
0.9999991487704926
0.9999996323087698
0.9999993430013926
0.9999990046824254
0.9999994696832637
0.9999995400070365
0.9999990095936886
0.9999991906860568
0.9999995918162857
0.9999991841816029
0.9999989467975535
0.9999994422918893
0.9999994133216012
0.9999989019033693
0.9999991513105341
0.9999995323692059
0.9999991071444015
0.9999989056614877
0.99999941743956
0.999999380306127
0.999998874089507
0.9999991326695525
0.9999994957345055
0.9999990515117783
0.9999988728068956
0.9999993831560655
0.9999992831791545
0.9999987976081889
0.999999123113491
0.9999994091653753
0.9999989201723994
0.9999988789049719
0.9999993782087765
0.9999991421550144
0.9999987563259606
0.999999196149604
0.9999993282132832
0.9999987964222202
0.999998922671824
0.9999993517721277
0.999998974438412
0.9999986987147989
0.9999991830565165
0.9999991765820282
0.9999986514408173
0.9999988727148208
0.9999992562289213
0.9999988338596274
0.9999986175576046
0.9999991234419607
0.9999990892354429
0.9999985807114015
0.9999988371477284
0.9999991976299829
0.9999987594332828
0.9999985646299858
0.9999990697003561
0.9999989904769756
0.9999984895754626
0.9999987845348025
0.9999990901626472
0.9999986039409074
0.9999985142655461
0.9999990192965825
0.9999988277486043
0.9999983977921452
0.9999987992224397
0.9999989818758793
0.9999984579604037
0.9999985298590951
0.9999989837675384
0.9999986567190781
0.9999983367138822
0.9999988121127786
0.9999988506074244
0.9999983176041132
0.999998508166409
0.9999988964141554
0.9999984803167501
0.9999982384272064
0.9999987314323837
0.9999987067684766
0.9999981927997962
0.9999984323272724
0.9999987994849422
0.999998363161211
0.9999981671093994
0.9999986709527839
0.9999985948342044
0.9999980882978795
0.9999983746260922
0.9999986956278704
0.9999982118644433
0.9999980729678757
0.9999985711199085
0.9999984068698036
0.9999979465339516
0.9999983183926723
0.9999985404466666
0.9999980295176497
0.9999980416246986
0.999998514839855
0.9999982257711395
0.9999978623503811
0.9999983058740771
0.9999983947441146
0.9999978553163756
0.9999979966534448
0.9999984112710786
0.9999980205346434
0.9999977470450767
0.999998231508035
0.9999982165160113
0.9999976861087838
0.9999979040694518
0.9999982732348778
0.9999978432699796
0.9999976379461959
0.9999981391058628
0.9999980853371261
0.9999975695849782
0.9999978343004583
0.9999981723653165
0.999997700027588
0.9999975400868545
0.9999980362265228
0.9999978995706139
0.9999974149304827
0.9999977603211434
0.9999980099433315
0.9999975076656755
0.9999974692657124
0.9999979618143917
0.9999977187176682
0.9999973268721372
0.9999977442473471
0.9999978727849627
0.9999973332150307
0.9999974272255467
0.9999978684240769
0.9999975075596188
0.9999972030504566
0.9999976820338864
0.9999977039485186
0.99999717426888
0.9999973683699673
0.9999977584117044
0.9999973486292164
0.9999971116203179
0.9999976011114137
0.9999975597576838
0.9999970369640587
0.9999972946692274
0.999997628670479
0.9999971812148665
0.9999969951482287
0.9999974729127197
0.9999973521932563
0.9999968762922238
0.9999972086125726
0.9999974761593857
0.9999969688106904
0.999996887660261
0.9999973813425953
0.9999971597585326
0.9999967257624625
0.9999971165380889
0.999997284814663
0.9999967551411968
0.9999968028929338
0.9999972475672199
0.9999969169449275
0.9999965735883748
0.9999970117001987
0.9999970793663768
0.9999965282361148
0.9999966809501672
0.9999970910729284
0.9999966883231348
0.9999964108677003
0.9999969041389147
0.9999968916903532
0.9999963577372423
0.9999965924083479
0.999996941498863
0.9999964887113599
0.9999962976397575
0.999996792523478
0.999996693626873
0.999996192130562
0.9999964950873159
0.9999967887389477
0.9999962984620742
0.9999961960178055
0.9999966868077569
0.9999964982862289
0.9999960475679786
0.9999964209624963
0.9999966251179098
0.9999961130233799
0.999996111323793
0.9999965982668393
0.9999962941477426
0.9999959124598675
0.9999963455685628
0.9999964483944193
0.9999959102549038
0.9999960194433939
0.9999964404825039
0.9999960644198482
0.9999957706354567
0.9999962479316308
0.9999962481596404
0.9999957168307338
0.999995931234359
0.9999963157212989
0.9999958719195775
0.9999956597206641
0.9999961639676156
0.9999960924683631
0.9999955790171701
0.9999958604842764
0.9999961681592164
0.9999956948208238
0.9999955737238168
0.9999960649103902
0.999995924995749
0.9999954630260292
0.9999958287585935
0.9999960720151194
0.9999955620495392
0.9999955105617845
0.9999960025452312
0.9999957357030481
0.9999953220253908
0.9999957389839403
0.9999958838822787
0.9999953419990393
0.9999954298945277
0.9999958823401544
0.9999955339243776
0.9999952093591193
0.999995680809742
0.9999957225751925
0.9999951809268487
0.9999953461201754
0.9999957371654766
0.9999953179458261
0.999995056535307
0.999995551635818
0.9999954985975922
0.9999949696452479
0.9999952302548444
0.9999955786809293
0.9999950955328016
0.9999949360197293
0.9999954297191938
0.9999952991515278
0.9999948253985755
0.9999951439114483
0.9999954046276865
0.9999949013525145
0.9999948430159603
0.9999953254055485
0.9999951022770314
0.9999946852843177
0.999995073616605
0.9999952595676077
0.9999947367714952
0.9999947692337207
0.9999952403862385
0.999994934708764
0.9999945708948296
0.9999950299133082
0.9999951177597585
0.9999945854973532
0.9999947356148647
0.9999951546962823
0.999994776108502
0.9999944924161072
0.9999949761314821
0.9999949838345179
0.9999944513561273
0.9999946775063939
0.9999950287153024
0.9999945814984734
0.9999943941967258
0.9999948999168184
0.9999947968272593
0.9999943067529573
0.9999946206127853
0.9999949084263929
0.9999944234635395
0.999994332892429
0.9999948410378423
0.9999946501766417
0.9999942059814637
0.9999945930808204
0.9999948002917564
0.9999942682655293
0.9999942721449337
0.9999947460194534
0.9999944348897173
0.9999940650124737
0.9999944966357648
0.9999946039210879
0.9999940817131101
0.9999941812616215
0.9999946241898016
0.999994257432574
0.9999939465730399
0.9999944118718583
0.9999944436779467
0.9999939040557563
0.9999941103557868
0.9999944809733701
0.9999940480337224
0.9999938408867473
0.9999943349743513
0.9999942555730484
0.9999937401947896
0.9999940065250826
0.9999943347022259
0.9999938460977116
0.9999937100207092
0.999994196394158
0.9999940331098243
0.9999935563997467
0.9999939090778327
0.9999941207848965
0.9999936081978439
0.9999935739988611
0.9999940693031119
0.9999938173289962
0.9999934183420993
0.9999938274874905
0.9999939935696718
0.999993456034343
0.9999935436040789
0.9999939700735527
0.9999936296202836
0.9999932933440643
0.9999937527644028
0.9999938179649358
0.9999932782147456
0.9999934559056813
0.9999938467863432
0.9999934152393417
0.999993165114478
0.9999936346330046
0.9999935739254728
0.9999930576087639
0.9999933357051318
0.9999936734295264
0.9999932047941036
0.9999930378304498
0.999993530866221
0.9999933952990412
0.9999929194513184
0.999993260080612
0.9999935343199676
0.9999930157598643
0.9999929553229072
0.9999934224526499
0.9999931865805451
0.9999927606055076
0.9999931634888666
0.9999933176198149
0.9999928015259526
0.9999928349557361
0.99999329689789
0.999992992606077
0.9999926167755334
0.9999930656421173
0.9999931404124314
0.9999925963741887
0.9999927352469439
0.999993147796501
0.9999927738092429
0.999992502464757
0.9999929760807686
0.999992960201721
0.9999924119634666
0.9999926471790567
0.9999929951021761
0.9999925280682255
0.9999923451945769
0.9999928179236871
0.9999926986786625
0.9999921963585697
0.9999924858594788
0.9999927741714963
0.9999922720853626
0.9999921900868283
0.9999926810470957
0.9999924948250635
0.9999920579748154
0.9999924218903866
0.9999926274965343
0.9999920959836448
0.9999921005697153
0.9999925366397854
0.9999922554547672
0.999991886746833
0.9999922991754888
0.9999923985388128
0.9999918593195846
0.9999919720796204
