0.9999999324068853
0.9999996621354309
0.9999999066566184
0.9999997179337775
0.9999998351091824
0.9999998078630808
0.9999997410055463
0.999999890459927
0.9999996674683034
0.9999999299000668
0.9999996546608472
0.9999999114161267
0.9999997090661603
0.9999998433391359
0.9999997989378747
0.9999997538391581
0.9999998805625246
0.9999996815092879
0.9999999256936019
0.9999996552930291
0.99999992519112
0.9999996816749871
0.9999998842481004
0.9999997460343835
0.9999998158422447
0.9999998231691549
0.9999997391714882
0.9999998891452485
0.9999996776871533
0.9999999254482411
0.9999996531852626
0.9999999201584253
0.9999996782472198
0.999999869693915
0.9999997460923983
0.9999997850899314
0.9999998305518765
0.9999996940386985
0.9999998947648878
0.9999996376699152
0.9999999120648916
0.9999996485365353
0.99999987309496
0.9999997208592806
0.9999997900473486
0.9999998138698163
0.9999996966894454
0.9999998832510495
0.9999996354816979
0.999999902752648
0.9999996305984584
0.9999998714619338
0.9999996781520405
0.9999998019818557
0.9999997531429842
0.999999719757843
0.9999998251101919
0.9999996494770378
0.9999998727070397
0.9999996124144394
0.9999998830226712
0.9999996200182777
0.9999998504468535
0.9999996689935741
0.9999997795255828
0.9999997391453412
0.9999996837313821
0.9999998027722163
0.9999995980266729
0.9999998376562922
0.9999995594909754
0.9999998246121333
0.9999995880367796
0.9999997627139259
0.9999996690480164
0.9999996691482916
0.9999997580318646
0.999999581717727
0.999999810620555
0.9999995385038265
0.9999998074992866
0.999999557238137
0.9999997500970658
0.9999996187264174
0.9999996539708362
0.9999996856798666
0.9999995556877085
0.9999997367033454
0.9999994932637537
0.9999997531209981
0.9999994805615131
0.9999997342234476
0.9999995177353737
0.999999679245239
0.9999995836301996
0.9999995950302331
0.9999996498079594
0.9999995018278985
0.9999996937066213
0.9999994350763951
0.999999694601605
0.9999994146743737
0.9999996455254053
0.9999994544146167
0.9999995587437469
0.9999995322117691
0.9999994575295799
0.9999996055189513
0.9999993790304695
0.9999996390019453
0.9999993606223248
0.9999996141077132
0.9999994034008997
0.9999995353420988
0.9999994708573579
0.9999994276099702
0.9999995337134551
0.9999993288799749
0.9999995527173108
0.9999992751572842
0.9999995363407954
0.9999992782591883
0.9999994760621985
0.9999993289084413
0.9999993970745489
0.9999993999064776
0.9999993126275969
0.9999994598135264
0.9999992386656136
0.9999994837379412
0.9999992031623709
0.9999994592090599
0.9999992087567423
0.9999993783304422
0.9999992553272722
0.9999992664462722
0.9999993081658393
0.9999991545790629
0.9999993507373746
0.9999990858704789
0.9999993519405725
0.9999990853611912
0.999999302670609
0.9999991413057306
0.9999992101256397
0.9999992174283041
0.9999990993349962
0.9999992663238634
0.999999017099949
0.999999267977278
0.9999989821287054
0.9999992168679314
0.9999990050358352
0.9999991277521276
0.9999990459139372
0.9999990098907534
0.9999991021536868
0.9999989188552779
0.9999991367525983
0.9999988728080113
0.9999991371809092
0.9999988611303886
0.9999990793039255
0.99999889767197
0.9999989833674674
0.9999989525091597
0.9999988685866174
0.999998993128348
0.9999987696225576
0.999999001958128
0.9999987081708979
0.999998958063372
0.9999987126514813
0.99999887303314
0.9999987743253359
0.999998761776454
0.9999988387103542
0.999998657138477
0.9999988739050487
0.9999985910318613
0.9999988532111712
0.9999985930848485
0.9999987858435863
0.9999986341880854
0.9999986707785795
0.9999986669898223
0.9999985411374147
0.9999987011561773
0.9999984626461418
0.999998710588133
0.9999984275527144
0.9999986727568957
0.9999984447427803
0.9999985977929398
0.9999985013292586
0.9999984872436233
0.9999985546001267
0.9999983919753825
0.9999985763182996
0.9999983075773946
0.999998558963841
0.9999982745214157
0.9999984884610269
0.9999982970589012
0.9999983824422239
0.9999983565051066
0.9999982648423914
0.9999984105463432
0.9999981727283586
0.9999984185485393
0.9999981264503292
0.9999983718427455
0.9999981450803215
0.9999982794331848
0.9999982021266977
0.9999981692405314
0.9999982576220728
0.9999980599735413
0.9999982679469435
0.9999979873787761
0.9999982448718161
0.9999979827126287
0.9999981749428752
0.9999980046515039
0.9999980618962879
0.9999980462340526
0.9999979447349403
0.9999980790641008
0.9999978393531043
0.9999980847451474
0.9999977952578173
0.9999980460153858
0.9999977965624425
0.9999979530367027
0.999997835220402
0.9999978179664021
0.9999978770046783
0.9999977054800752
0.9999979128094096
0.9999976349548912
0.9999978898821628
0.9999976073526651
0.9999978143264003
0.9999976413401253
0.9999976945289002
0.9999976888960437
0.9999975728856014
0.9999977255442355
0.9999974726151887
0.9999977219572592
0.999997420480696
0.99999766510015
0.9999974233913085
0.9999975485846015
0.99999745257666
0.9999974217076161
0.999997489066755
0.9999973114763084
0.9999975211634502
0.9999972504264063
0.9999974986700793
0.9999972179405469
0.9999974176244861
0.9999972414627787
0.9999973115674861
0.9999972742567531
0.9999971631846486
0.9999972905825811
0.9999970554641578
0.99999727432436
0.9999969841750589
0.9999972244405487
0.999996983895676
0.9999971375787242
0.9999970449255637
0.9999970208912676
0.9999970897909619
0.9999968944446237
0.9999970947288986
0.9999968167027294
0.9999970835185299
0.999996800284806
0.9999969946998659
0.999996832803504
0.9999968858338729
0.9999968813493653
0.999996768166141
0.9999969119235679
0.9999966624278791
0.9999968961928359
0.999996606073797
0.9999968492185639
0.9999966118855727
0.9999967373128508
0.9999966353880967
0.9999966165378932
0.9999966669236009
0.999996480158662
0.9999966821874935
0.9999964053620428
0.9999966858587918
0.9999964006729348
0.9999966063747722
0.9999964232399301
0.9999964958567472
0.999996470985535
0.9999963793357749
0.9999965299110719
0.9999962839132175
0.9999965335444774
0.9999962347037704
0.9999964741262279
0.9999962255638734
0.9999963721451449
0.9999962766939404
0.9999962488328014
0.9999963186926404
0.9999961360560101
0.9999963416260329
0.9999960565732131
0.9999963150593209
0.9999960393622597
0.9999962437274309
0.9999960815362675
0.9999961478585809
0.9999961215772617
0.9999960052098554
0.9999961416865434
0.9999959062244788
0.9999961510073564
0.9999958699918824
0.9999961139827186
0.999995860979533
0.9999959899355954
0.9999958858154638
0.9999958579493942
0.9999959149797245
0.9999957429484103
0.9999959290664475
0.9999956627411888
0.9999959312937029
0.999995656349574
0.9999958675725787
0.9999956871410401
0.9999957451110841
0.9999957363225279
0.9999956345775051
0.9999957963839111
0.9999955645421209
0.9999958029445389
0.9999955050991913
0.999995736208716
0.9999954959731139
0.9999956333466736
0.9999955287569516
0.9999955158941058
0.9999955631628565
0.9999953712299808
0.9999955717814261
0.9999952834284515
0.9999955367221791
0.9999952695349213
0.9999954882427502
0.9999953177572081
0.999995378556706
0.9999953770132821
0.9999952625021767
0.9999954145900283
0.9999951644215052
0.9999954108680872
0.9999951192671362
0.9999953653728991
0.9999951289920178
0.9999952651700221
0.9999951630265335
0.9999951226293725
0.9999951839542421
0.9999950013423451
0.999995203033088
0.9999949304137035
0.999995187510905
0.9999949129279114
0.9999951107054184
0.9999949267529439
0.9999949763023377
0.9999949498413327
0.999994850638808
0.999995004642901
0.9999947533464553
0.9999950019364532
0.9999947276363265
0.9999949791060945
0.999994739111593
0.9999948792034927
0.9999947943084834
0.9999947757838417
0.9999948419832995
0.9999946626076799
0.999994864786102
0.9999945891804811
0.9999948489652004
0.9999945611982145
0.9999947541282969
0.9999945753110556
0.9999946338401662
0.9999946136482936
0.9999945061081772
0.9999946432782951
0.9999944015642628
0.9999946359868308
0.9999943526841731
0.9999945855303252
0.9999943630433277
0.9999945091772547
0.9999944024690323
0.9999943853535465
0.9999944425073631
0.9999942579853641
0.9999944755051684
0.9999941859801587
0.9999944413758284
0.9999941680409512
0.9999943729908755
0.9999941831227231
0.9999942501262123
0.9999942302656717
0.9999941028359193
0.9999942423445585
0.9999940001676125
0.9999942439389554
0.9999939552111773
0.9999941946721346
0.9999939373329663
0.9999940651243787
0.9999939792954216
0.9999939653489012
0.9999940247936897
0.9999938358570466
0.9999940355158332
0.9999937437606236
0.9999939743465813
0.9999936893423299
0.9999938927734633
0.9999937222114612
0.9999937772965488
0.9999937547651891
0.9999936353382765
0.999993781926842
0.9999935472996035
0.9999938115752892
0.9999935290647122
0.9999937725531934
0.9999935405608338
0.9999936748095676
0.9999935836920016
0.9999935569256677
0.9999936191035377
0.9999934245966262
0.9999936194505301
0.9999933527509087
0.9999935905629329
0.9999933228150436
0.9999935428975214
0.9999933695868173
0.9999934398758168
0.9999934266098083
0.9999933116228336
0.9999934495300472
0.9999932090443675
0.9999934520737268
0.9999931537534805
0.9999934012833502
0.9999931606942114
0.9999932895714689
0.9999931788251425
0.999993166589888
0.9999932417322517
0.9999930586266322
0.999993246105655
0.9999929613152719
0.9999932074540042
0.9999929468507187
0.9999931483687633
0.999992987492179
0.99999304087922
0.9999930443611815
0.9999929464366298
0.9999930724128816
0.9999928216059224
0.9999930718843707
0.9999927739017421
0.9999930292617715
0.9999927781342002
0.9999929397059425
0.9999928315099115
0.9999927905116438
0.9999928627937179
0.9999926869717002
0.999992899804011
0.9999926182483757
