0.9999998309150622
0.9999994324444182
0.999999204889221
0.999999712067701
0.9999997163329236
0.9999992164896915
0.9999994597376166
0.9999998363318745
0.999999397968369
0.9999991973744934
0.9999996909730351
0.9999996539196964
0.9999991215926284
0.9999992856810133
0.9999997374030513
0.999999424764384
0.9999990408666931
0.9999994455377947
0.9999996928141106
0.9999991802684822
0.9999990401352177
0.9999995266178092
0.9999993936688342
0.9999988945080439
0.9999991794539852
0.9999994972399464
0.9999990148289496
0.999998860778754
0.9999993357897409
0.9999991797009984
0.9999986310909043
0.9999988584119642
0.9999991676131647
0.9999986879213432
0.9999983984516876
0.9999988593154466
0.9999989169740228
0.9999983441832834
0.9999983542503216
0.9999987866399699
0.9999984609812926
0.9999979974453284
0.9999983468113952
0.9999985282964912
0.9999979737502701
0.9999978634033122
0.9999983268449183
0.9999980747972128
0.9999975746054863
0.9999978630162396
0.9999980861835354
0.999997548706149
0.9999973466462154
0.9999977996893281
0.9999976637094156
0.9999970782577379
0.9999972589931126
0.9999975976619105
0.9999971347831399
0.9999967765164743
0.9999971900989576
0.9999971899396551
0.9999966238326178
0.9999966431148756
0.9999970234104287
0.9999966670749688
0.9999962226314625
0.9999965438756462
0.9999966869453198
0.9999961262117907
0.9999960192445452
0.9999964376519456
0.9999961804781338
0.9999956572138775
0.9999959354712601
0.9999961886582338
0.9999956300432744
0.9999954102708658
0.9999958531500545
0.9999957189175455
0.9999951123923232
0.999995247892709
0.9999955724972284
0.9999951001973532
0.999994748917199
0.999995176793559
0.9999951750323512
0.9999945427616649
0.9999945587250078
0.9999949404623315
0.9999945760721194
0.9999941297862269
0.9999945082551236
0.9999946488214594
0.9999940587172677
0.9999939546485637
0.9999943828234187
0.9999941051743858
0.9999935877395347
0.9999938579987488
0.999994108868374
0.999993620256095
0.9999933918139821
0.999993879249129
0.9999937540409166
0.9999932142569504
0.9999933913313661
0.999993705775614
0.9999932073103464
0.9999928468214242
0.9999932459453018
0.9999932523192991
0.9999926220350523
0.9999926471520515
0.999993036620355
0.9999926782139665
0.9999922323590298
0.9999925610497664
0.9999926794758457
0.9999920785078925
0.9999920008909763
0.9999924219216879
0.9999921764848743
0.9999916655361583
0.9999919319216775
0.9999921788552348
0.9999916232226624
0.9999913444254167
0.9999918023195608
0.9999917129436017
0.9999911391770531
0.9999913175715649
0.9999916612231802
0.9999912156783638
0.9999908718487414
0.9999912529636971
0.9999912742050104
0.9999906328261771
0.9999907076174531
0.9999911137479999
0.9999907336934089
0.9999902984904899
0.9999905863426948
0.9999907068951642
0.999990145206886
0.9999900887786617
0.9999905111562952
0.9999902618689681
0.9999897906220727
0.9999900634098801
0.9999902818569257
0.9999896642606759
0.9999894435903677
0.9999898928441471
0.9999897608501316
0.999989266022162
0.9999894236470388
0.999989786764724
0.9999893653349554
0.999988996367574
0.9999893531261349
0.9999893381256151
0.9999887610179531
0.9999888484665177
0.9999892833323285
0.9999889680290912
0.9999885148410874
0.999988830957887
0.9999889835943696
0.9999884069783443
0.9999882897788169
0.9999887390559827
0.9999884779723176
0.9999879197169801
0.9999882068488233
0.9999884197463144
0.9999878845073766
0.9999876928281609
0.9999880720114283
0.9999879296196192
0.9999873145720204
0.9999874604538602
0.9999878182801891
0.9999873864091708
0.9999870262413277
0.9999874229263798
0.9999874045587291
0.9999867987579515
0.9999868024957639
0.9999872516375031
0.9999868700421655
0.9999863870467195
0.9999867465367236
0.9999868587122575
0.9999862348063492
0.9999861049974944
0.9999865154731573
0.9999862652493378
0.9999856949442364
0.9999859989613494
0.9999862166098387
0.999985594798613
0.9999853990544881
0.9999858244130535
0.9999856640192947
0.9999850717613105
0.9999852338723874
0.99998558475215
0.9999851382444715
0.9999847983632306
0.9999851478159218
0.9999851356553701
0.9999845094603316
0.9999845029686255
0.999984959321077
0.9999845895213623
0.9999841501491347
0.9999845367258803
0.9999847233015163
0.9999841729460432
0.999984058432194
0.9999845291537018
0.9999842690107721
0.9999838187757772
0.9999840806719692
0.9999843167291239
0.9999837937940358
0.9999835668827811
0.9999839932705836
0.9999838655104117
0.9999832876410253
0.9999834481156018
0.9999837198502066
0.9999832111985996
0.9999828782046115
0.9999832579549808
0.9999832758465816
0.999982651961115
0.9999827682903156
0.999983143366964
0.9999828198641115
0.9999823766592704
0.9999827377480308
0.9999829597415256
0.9999823566755823
0.9999823012522545
0.9999827557926346
0.9999825225724998
0.9999820107944394
0.9999822740784371
0.9999825301355939
0.9999820174177991
0.9999818384044585
0.9999823225866986
0.9999821955897705
0.9999815816034934
0.9999817568335515
0.9999821879694436
0.9999816755910652
0.9999813492103133
0.9999817730885383
0.9999817822894821
0.9999811453520081
0.9999811894291717
0.999981561596184
0.9999811533308162
0.9999807402011658
0.9999811089763607
0.9999812170886516
0.9999806471457096
0.9999805331906065
0.9999809474223211
0.99998069233529
0.9999801885243962
0.9999804538066658
0.9999807427944917
0.9999801749801195
0.9999799624317673
0.9999803426729225
0.9999801738381201
0.99997959201072
0.9999797481799669
0.9999801072466307
0.9999796202795725
0.9999792909612956
0.9999797456127489
0.999979738283225
0.9999791883638366
0.9999792278983333
0.9999796384073019
0.9999792111763871
0.9999786720290929
0.9999790310416582
0.9999791687932567
0.9999786215023955
0.9999785185821387
0.9999788976088404
0.9999786050339893
0.9999781048419363
0.9999783218023593
0.999978527324592
0.9999779908274261
0.9999777835108644
0.9999781825781102
0.9999780200668729
0.999977476862587
0.9999776394071703
0.9999779885698382
0.9999775151334876
0.9999772367520442
0.9999776503446468
0.9999777327911371
0.9999771248841286
0.9999772395687377
0.9999776426904081
0.9999772768853727
0.9999768582114613
0.9999771985163511
0.9999773485625391
0.9999767870621679
0.9999766738389853
0.9999770657543346
0.999976851670652
0.9999763847890614
0.9999766856486996
0.9999768595693209
0.9999763295366061
0.9999760792995352
0.9999764966598306
0.9999763685079534
0.9999758440487204
0.999976095095763
0.9999763897157807
0.9999759385524933
0.999975575323026
0.9999760240547356
0.9999760692172172
0.9999755158680361
0.9999755141659572
0.9999758288609759
0.9999753658786716
0.9999749376480498
0.9999753261662109
0.9999754283243678
0.9999748513051445
0.9999747314694637
0.9999752037302451
0.9999749627733806
0.9999744309897728
0.999974708203448
0.9999749163799734
0.9999743817262196
0.9999742309105896
0.9999747102799686
0.9999745557194066
0.9999739585940927
0.9999740686602773
0.9999743339381869
0.9999738024192942
0.999973456127973
0.9999739431667716
0.9999739510114943
0.9999733830281811
0.9999733868686881
0.9999738793215915
0.999973554856685
0.9999731420591916
0.9999734404928764
0.9999735755043904
0.9999730248236245
0.9999729163523022
0.9999733887263307
0.999973114710573
0.9999725814478087
0.999972805789351
0.9999729622375325
0.9999724523453177
0.999972219946949
0.9999727168216889
0.999972627361793
0.9999720308530669
0.99997217586999
0.99997246815314
0.9999719400866353
0.9999716043475873
0.9999720311061063
0.9999720505954554
0.9999714290519912
0.9999714966769323
0.9999719768066762
0.9999715307687304
0.9999711152371694
0.9999714544345956
0.9999715399865731
0.9999708867394845
0.9999707354771704
0.9999712090588753
0.9999709598299158
0.9999705178096049
0.9999707638076201
0.9999709739919782
0.9999704441930751
0.9999702099688629
0.9999706236732679
0.9999704173408135
0.9999698581622707
0.999969909915627
0.9999702726629758
0.9999697873890222
0.9999694135458064
0.9999697989782919
0.9999697154831809
0.9999691371956742
0.9999692111182158
0.9999696745579536
0.9999693038556228
0.999968820052166
0.9999691260895373
0.9999692604504467
0.9999686828027513
0.9999685585939098
0.9999690394400528
0.999968839756386
0.999968203797837
0.9999684721819508
0.999968756828774
0.9999683289895247
0.9999681118314605
0.9999684979160128
0.9999683875344662
0.9999678692493681
0.9999680875732362
0.9999685792137167
0.9999681019154514
0.9999677878489391
0.9999682147046233
0.9999681334748517
0.9999675328304698
0.99996756817402
0.9999679628430764
0.9999675615891789
0.9999670383430788
0.9999673719743529
0.9999674845478291
0.9999668981524369
0.9999668744601886
0.9999672764648229
0.9999669975071048
0.999966488069078
0.9999667626570321
0.9999670195430339
0.9999665367308189
0.9999662619155395
0.9999666654792831
0.9999665048476669
0.9999658455766346
0.9999659663819278
0.9999662583111284
0.9999658488448588
0.9999654999576661
0.9999659059092736
0.9999659452170708
0.9999652890503173
0.9999653480793306
0.9999658501894363
0.9999655249055973
0.9999651088423799
0.9999654764513569
0.9999656674804932
0.9999651249765514
0.9999650448300412
0.9999654774159386
0.9999652069673987
0.9999646443891832
0.9999649528804982
0.9999652785603035
0.9999647418339764
0.9999644813568748
0.999964981645239
0.9999648446227616
0.9999641722213473
0.9999643637625066
0.9999647115127073
0.9999642541669901
0.9999638914849516
0.9999643395634702
0.9999643534628258
0.9999638428391496
0.9999638428142161
0.9999641754830497
0.9999638135218502
0.999963458580782
0.9999637747617557
0.9999639654034072
0.999963410148143
0.9999633168200397
0.9999637728391051
0.9999634618994451
0.9999628859862829
0.999963164789283
