0.9999999034426795
0.9999995818954747
0.9999996783375346
0.999999861443732
0.999999511160237
0.9999997777689308
0.9999997852155048
0.9999995056021899
0.9999998573641471
0.9999996738439093
0.9999995474316536
0.9999998604551403
0.9999995243808845
0.9999996564964408
0.9999997663382141
0.9999994529319824
0.9999997851534147
0.9999995991154905
0.9999994790931748
0.9999997525384636
0.9999993789458498
0.9999994815043945
0.9999995598361079
0.9999991986638159
0.9999994863498872
0.9999993848413393
0.9999991501585302
0.9999994867644407
0.9999991931247072
0.9999991235715964
0.9999993320759112
0.9999989308500479
0.9999990701571854
0.9999990832977254
0.9999987777823254
0.9999990894762112
0.9999988392917805
0.9999987275374299
0.9999989490951117
0.9999985212437876
0.9999986254978559
0.9999986312393874
0.9999982521184452
0.9999985148652779
0.9999983050893376
0.9999981202836851
0.9999984179036996
0.9999980570350049
0.9999980608030442
0.9999981914451526
0.9999977776340707
0.9999979552324287
0.999997847737835
0.9999975488824849
0.9999978393525272
0.9999974933269677
0.9999974031283757
0.9999975856305982
0.9999971275112775
0.9999972664197475
0.9999972446001973
0.999996901112951
0.9999971585430524
0.9999968839219504
0.9999967088901656
0.9999969392190965
0.9999965338412345
0.9999966016102659
0.9999966491271856
0.9999962364879824
0.9999964740767827
0.9999962588629164
0.9999959925355196
0.999996258570948
0.9999959007219497
0.9999958849597077
0.9999960063603128
0.9999955547835959
0.9999957519639867
0.9999956193485849
0.9999953288060324
0.9999956186980005
0.9999953026542145
0.9999952137869667
0.9999954243297418
0.9999949823122625
0.9999950947289553
0.999995051035157
0.99999466451085
0.9999949480388513
0.9999947060673282
0.9999945371753748
0.9999948003081622
0.9999944027949954
0.9999944437234152
0.9999945231111199
0.9999941388569211
0.9999943619633636
0.9999942016012551
0.9999939197724451
0.9999941926737848
0.9999937962747875
0.9999937347951768
0.9999938812483092
0.9999934418189617
0.9999936392487612
0.9999935356577719
0.9999931985757349
0.9999934669368158
0.999993155478684
0.9999930484543943
0.9999932676711236
0.999992866959874
0.9999930156087513
0.9999930749791495
0.9999926865449783
0.9999929337601084
0.9999927253091314
0.9999925241818235
0.9999927563700832
0.9999923388252719
0.9999923426945602
0.9999924235449333
0.9999920512795063
0.9999923082913084
0.9999921652456994
0.9999918682333683
0.9999921508494717
0.9999917901598588
0.9999917396097127
0.9999918764768602
0.9999914116034703
0.9999915648567549
0.9999914777233729
0.999991128598118
0.9999913778753603
0.9999910814947289
0.9999909410555081
0.9999911655913043
0.999990728580511
0.9999908382322578
0.9999909294842413
0.9999905266870094
0.9999907901662676
0.9999905636741806
0.9999903331587268
0.9999905806649734
0.9999901605613827
0.9999901906254692
0.9999902806520397
0.9999898649293734
0.999990103152754
0.9999899837191284
0.9999896623552015
0.9999899227434423
0.9999896425392143
0.9999895247760507
0.9999897076634623
0.9999892525072843
0.9999894046033042
0.9999893624139939
0.9999889905124604
0.9999892497137495
0.9999889932540535
0.9999888193312444
0.9999890614139552
0.9999886790813652
0.9999887425025159
0.9999888008880476
0.9999884485510746
0.9999886143998008
0.999988469908552
0.9999882646019833
0.9999885210898805
0.9999881739872578
0.9999881491571004
0.9999882875183347
0.9999878568168747
0.999987990612272
0.9999878695940249
0.9999875685602407
0.999987769044868
0.9999874782107553
0.9999873469376382
0.9999875531472646
0.9999871382399217
0.9999872808851019
0.9999872922714166
0.9999869479664371
0.9999871965188504
0.9999869648670328
0.9999867355100407
0.9999869575658165
0.9999866016673159
0.9999866113619492
0.9999866752883267
0.9999862267130306
0.9999864529814645
0.9999863357856498
0.9999860234088891
0.9999863390361119
0.9999859957195592
0.9999859420270955
0.9999860959461125
0.9999856576678177
0.99998588159489
0.9999857668099181
0.9999854598217824
0.9999857398587575
0.9999854277632911
0.9999853178821455
0.9999855333934379
0.9999850584816751
0.9999851991899059
0.9999851611885445
0.9999847756023225
0.9999850135068038
0.9999848612140275
0.9999847473823278
0.9999849487896738
0.9999844933107878
0.999984552866504
0.9999846382689689
0.999984238718194
0.9999844867178515
0.999984371661975
0.9999840434726128
0.9999842948196903
0.9999839499491983
0.9999839172998
0.9999840721339801
0.9999836073659228
0.999983772357975
0.9999836796258951
0.9999833671949497
0.9999836013447836
0.9999833207955788
0.9999831320350844
0.9999833038636452
0.9999828901160954
0.9999829820137827
0.9999829307163365
0.9999826045995928
0.999982913165941
0.9999827331712763
0.9999825289187385
0.9999827420291176
0.9999823060150108
0.9999823411525057
0.9999824961815575
0.999982070587866
0.9999822685531352
0.9999821200064012
0.9999817907110108
0.9999820602533149
0.9999817033469529
0.9999817139837663
0.9999818393625555
0.9999813458814915
0.9999815160228468
0.9999815069063432
0.9999811644938024
0.99998139669411
0.9999811467646497
0.9999810266089078
0.9999812812247774
0.9999808044067613
0.9999808782790691
0.999980898345023
0.9999805702566464
0.9999808186433603
0.999980534973729
0.999980261593245
0.999980410771623
0.9999800094400929
0.9999799755534979
0.9999801372675343
0.999979727457702
0.9999799190812058
0.9999797832195164
0.9999794387908212
0.9999796378650309
0.9999793948280274
0.9999793081913103
0.999979547124053
0.9999791202220634
0.9999792583675616
0.9999792299129667
0.9999788896334123
0.9999792245386694
0.9999789246619657
0.999978707201233
0.9999789729792138
0.9999784884999965
0.9999785243206073
0.9999785858575313
0.9999782049223942
0.9999783612856714
0.9999782225677961
0.9999779434495126
0.9999781456613054
0.9999777503047873
0.9999777576214147
0.9999779567288148
0.999977492045738
0.9999776642572349
0.999977648494031
0.9999773354735002
0.9999777043379908
0.999977388933287
0.9999772732063943
0.9999775124526685
0.9999770991956534
0.9999771861034706
0.9999771952570465
0.999976732085023
0.9999769903884893
0.9999767693367744
0.9999765886925063
0.9999768116719331
0.9999764253734793
0.9999764415167939
0.9999765949977476
0.9999761784185005
0.9999763621072042
0.9999761495127961
0.9999758409218761
0.9999760962129384
0.9999758124892991
0.9999757359286688
0.9999759365625186
0.9999755007815877
0.9999757177049484
0.9999756367881358
0.9999752752968247
0.9999755672544398
0.9999752895911938
0.9999751535966706
0.9999754266574696
0.9999749855481515
0.999975087254861
0.9999751287876258
0.999974749751769
0.9999750286788767
0.9999747728450639
0.9999745440733887
0.9999748392457434
0.9999744235423143
0.9999745209796042
0.9999747253820207
0.9999742482755813
0.9999745388948849
0.9999744696536926
0.9999740829363083
0.9999743837081643
0.9999740537717938
0.9999739375000621
0.9999740821603675
0.9999736415401462
0.999973807340917
0.9999737893890331
0.9999734336207868
0.9999736808080909
0.9999734196145442
0.9999731016682248
0.9999733246044561
0.9999729231524002
0.9999730488404246
0.9999731722419979
0.9999728407909166
0.9999730881498764
0.9999728698473576
0.9999726957797253
0.9999729273211483
0.9999725241994061
0.9999723894670328
0.9999725096122776
0.9999720766174081
0.999972246440446
0.9999722083396465
0.999971807911871
0.9999720845742881
0.9999717600830645
0.9999716640656611
0.9999718568444153
0.999971374136697
0.999971537506557
0.9999714500009588
0.9999711247305346
0.9999714016117912
0.9999711613334664
0.9999710233604839
0.9999712513434171
0.999970906571123
0.9999709401264357
0.9999709698682223
0.9999705753299201
0.9999708885747376
0.9999707370124368
0.9999703954986329
0.9999706060780836
0.9999702376453866
0.9999702340808919
0.9999703772989673
0.9999699632109068
0.9999701170162769
0.9999699618678822
0.9999696304102306
0.9999698865202143
0.9999696151580268
0.9999694119644036
0.9999696525500265
0.9999691784250558
0.9999693108403198
0.9999692637765681
0.9999689382646092
0.9999692005717052
0.9999690265754245
0.9999688152564463
0.9999690973156761
0.9999686070220877
0.9999686591958901
0.9999687339258815
0.999968288956986
0.9999685765516021
0.999968355919779
0.9999681134948372
0.9999684276211943
0.9999681387359735
0.9999680038931518
0.9999682361271043
0.9999677436929637
0.9999679039475002
0.9999677984972428
0.9999674438700931
0.9999677500674234
0.9999674379821504
0.9999672526107957
0.9999674648583544
0.999967071272005
0.9999671757944951
0.9999672388014367
0.9999669874041481
0.9999672585091642
0.999967113812275
0.9999668689736909
0.9999671642721881
0.9999667627316041
0.9999668043256593
0.999966975408522
0.9999665316729714
0.9999667142062899
0.9999666159137188
0.9999663235579225
0.9999664930296173
0.9999661265439788
0.9999660673708001
0.9999663132793818
0.9999658177506348
0.9999659943473264
0.9999659357956859
0.9999655596217567
0.9999658502814069
0.9999655715984201
0.9999653897904524
0.999965712088198
0.9999652065190906
0.9999652215649668
0.9999652981727808
0.999964828034838
0.999965068658466
0.9999647948925126
0.9999645288724996
0.9999649048347894
0.9999645527587099
0.9999645325838432
0.9999645937507764
0.9999641180025526
0.9999643232928528
0.9999642345923142
0.9999639687700306
0.9999642283642144
0.9999638805708427
0.9999637836206017
0.9999639873137369
0.9999635307360105
0.9999637008838738
0.9999637965711349
0.9999633934272509
0.9999637289728577
0.9999635509070813
0.9999633971345463
0.9999637118725133
0.999963343378808
0.9999632353627105
0.9999633109347902
0.999962893208849
0.9999630902440048
0.99996299387814
0.9999626538230972
