0.9999979465520905
0.9999974098641233
0.9999960515936415
0.9999943317556617
0.999992781698692
0.9999918563473603
0.9999918227284426
0.9999927000861671
0.9999942264034912
0.9999959199451373
0.9999972204421739
0.9999976998753805
0.9999971702018126
0.9999957293906356
0.9999936881905099
0.9999914647476303
0.9999894734299188
0.9999880882348102
0.9999875827194298
0.9999881431124725
0.9999897497484775
0.9999921656275866
0.9999948549978263
0.9999971197543001
0.9999983011066474
0.9999980152159884
0.9999963822253904
0.9999938961276983
0.9999912569847891
0.9999891119262552
0.9999879234706788
0.9999878462494002
0.9999888965237002
0.9999907851572487
0.9999930526563612
0.9999951660351198
0.9999966158246721
0.9999970273984655
0.9999963305099412
0.9999946911567597
0.9999925948365316
0.9999905395147294
0.9999890455716856
0.9999884869565101
0.9999889774728504
0.9999904316048777
0.9999924645934519
0.9999945455383108
0.9999960298877523
0.9999964400992837
0.9999956559022241
0.9999938527707987
0.9999915239403394
0.9999891539320279
0.9999872782408965
0.9999862651058333
0.9999863099370249
0.9999874063482403
0.9999893204196235
0.999991673361501
0.999993781503842
0.9999951947557101
0.9999954269615074
0.9999944197176927
0.9999924529152672
0.9999901038266452
0.9999878653590148
0.9999863056555486
0.9999856756222844
0.9999861649568889
0.9999876192959568
0.9999897193745201
0.9999919169094622
0.9999935737980467
0.9999942940389344
0.999993787131685
0.9999922460639328
0.9999900290439357
0.9999877390509082
0.9999858000380756
0.9999846727537657
0.9999845968277109
0.9999856243715145
0.9999874676642112
0.9999896731742138
0.9999916744654557
0.9999929411040549
0.9999930472528933
0.9999919550773744
0.9999899895654344
0.9999875903682145
0.9999854344566391
0.9999838855525116
0.9999833054019676
0.9999838258382924
0.9999853255611937
0.9999874251692201
0.9999896554939695
0.9999913869336662
0.9999921233785318
0.9999916238773225
0.9999900803105641
0.999987867274739
0.9999855257851923
0.9999836136370569
0.9999825385971782
0.9999824967911373
0.9999835271249392
0.9999853627194925
0.9999875684295392
0.9999896046210042
0.9999908856004334
0.9999909827544676
0.9999899605440382
0.9999880223246514
0.9999856560338207
0.9999834820210215
0.9999819634476902
0.9999813749596321
0.9999819148334123
0.9999833683145434
0.9999854353927528
0.9999876262283104
0.9999893008099976
0.9999900526980986
0.999989572555761
0.9999879583055276
0.9999857284729176
0.9999834306161481
0.9999815176297836
0.9999804159141592
0.9999804001251722
0.9999814451679364
0.9999832851403816
0.9999855744117481
0.9999875515733385
0.9999888115046444
0.9999889383963758
0.9999878629144622
0.99998594477682
0.9999836055274518
0.9999814372122929
0.999979862547937
0.9999792606668496
0.9999797503333631
0.9999812646755193
0.9999833786750199
0.9999856164431326
0.9999873228051048
0.9999880029406671
0.9999875260127337
0.9999859651453042
0.9999837421713365
0.9999814340917667
0.9999795329049166
0.9999784796655838
0.9999784554936296
0.9999795065970295
0.9999813442061154
0.999983604114851
0.999985609013196
0.9999868695458587
0.9999869644471507
0.9999859284383849
0.9999838949734503
0.9999815078175017
0.999979315937069
0.9999778049933302
0.9999772083822133
0.9999777511080954
0.9999792841028439
0.9999814277552548
0.999983652728612
0.9999853740651741
0.999986125337022
0.9999855832156767
0.999984006869218
0.9999818417036898
0.9999795373629022
0.9999776220294976
0.9999765344969471
0.9999765981777297
0.9999776386171243
0.9999794790654793
0.9999817049359795
0.9999838423747253
0.9999850910510105
0.9999851937688099
0.9999841476213873
0.9999821591326107
0.9999798312290469
0.9999776211863247
0.9999760575377916
0.9999755171084423
0.9999760659577804
0.9999775101759927
0.9999796139310848
0.9999817878583215
0.9999835015959847
0.9999842116076825
0.9999837273893517
0.9999821394793303
0.9999799360678153
0.9999775978200928
0.9999756211159966
0.9999744886767916
0.9999744645145379
0.9999754620129973
0.9999773049743217
0.9999795067691714
0.9999815029923591
0.999982717090906
0.9999828547774335
0.9999817852818494
0.9999798380566036
0.999977445028309
0.9999752961275704
0.9999737533574455
0.9999731963708337
0.9999737658735118
0.9999752318843561
0.999977320759834
0.9999795774587656
0.9999812062619062
0.999981934818205
0.9999814697411762
0.9999799593453388
0.9999776868708045
0.9999752763160537
0.9999734548349514
0.9999723455787507
0.9999722571498767
0.9999732247598134
0.9999750803203975
0.9999773208743199
0.999979407653713
0.999980667925532
0.9999807780686304
0.9999796583103145
0.9999777159012528
0.9999753872599022
0.9999731821309634
0.999971604419354
0.9999709992640062
0.9999714647192118
0.9999730420007845
0.9999752609866335
0.999977458512202
0.9999791314524068
0.9999799046095335
0.9999794174148992
0.9999778771961393
0.9999756287182895
0.9999732022300777
0.9999712292683888
0.9999702107953348
0.9999702248138715
0.9999712351691744
0.9999731109736734
0.9999753204184786
0.9999773528167747
0.9999786005262912
0.9999787430939813
0.9999776566020543
0.9999757127867123
0.9999734272881751
0.9999712920597644
0.9999697536535341
0.9999691841087862
0.9999696676604474
0.9999711182176297
0.9999732461376034
0.9999754724367454
0.9999771729232084
0.9999778828195258
0.9999774092391258
0.9999758681153031
0.9999736383066358
0.9999713655357554
0.9999694267576994
0.9999683479474056
0.9999682702060194
0.9999693023397138
0.9999711491546206
0.99997341486784
0.9999754473751507
0.9999766681949196
0.9999767475053976
0.999975633542298
0.999973689531457
0.9999713589199523
0.9999691436901043
0.999967585287893
0.9999669351308756
0.9999674348991655
0.9999688639602368
0.9999710379838356
0.9999733072649318
0.9999750152286362
0.9999756583164431
0.999975202980857
0.9999736808494225
0.9999713622842248
0.9999690071488413
0.9999670878179739
0.9999659994889191
0.9999659387966386
0.9999669846113163
0.9999687760995672
0.9999709559067932
0.9999729482903084
0.9999742132978504
0.9999743184999633
0.9999732878112648
0.9999712921110011
0.9999690035070481
0.9999667555266024
0.9999652368126563
0.9999646543088033
0.9999651795160756
0.999966685057171
0.9999687949439673
0.9999710266254745
0.9999727414469528
0.9999733917288157
0.9999728162178945
0.9999712189165814
0.9999689659565852
0.999966653523829
0.9999647464879896
0.9999636089962042
0.9999635444073925
0.9999645177243673
0.9999663726901539
0.9999686337785083
0.9999706058872286
0.9999718742515847
0.9999720418551306
0.9999710340458796
0.9999690659569119
0.9999666619213038
0.9999644998844801
0.9999628989226003
0.9999623049037298
0.9999628346068871
0.9999643030641656
0.9999663653989135
0.9999685953034256
0.9999702855655028
0.9999709350193242
0.999970421653939
0.9999688328169993
0.9999666854842113
0.9999644059464482
0.9999624808830228
0.9999614039376369
0.9999613701120816
0.9999624354363805
0.9999642877970923
0.9999665091458967
0.9999685394443102
0.9999697988351606
0.9999698829069752
0.9999688510138444
0.9999668754282764
0.9999644535768935
0.9999623353288535
0.9999607700746674
0.9999601949901495
0.9999607539736467
0.9999622305365841
0.9999643727360663
0.9999665364353133
0.9999682837353876
0.9999690358649976
0.9999685335447341
0.9999669405819924
0.9999647049977014
0.9999623741840379
0.9999604176077972
0.9999593468889092
0.9999593126134936
0.9999603770547195
0.9999621319203641
0.9999643939270693
0.999966421231689
0.9999677079174146
0.9999678280560373
0.999966747854416
0.999964814263793
0.9999625069960654
0.9999603260802828
0.9999587916691831
0.9999582069277317
0.9999587297932245
0.9999602411077249
0.9999622531180611
0.9999645421118721
0.9999662517217731
0.9999669328209806
0.9999665330060551
0.9999650127863157
0.9999626455938465
0.9999601790253917
0.9999582260985751
0.9999571575905725
0.999957146814816
0.999958247870852
0.9999601260572649
0.9999624225844481
0.9999644218188571
0.9999656416777504
0.9999657174232617
0.9999647792816366
0.9999628206982143
0.9999604802858255
0.9999583139285472
0.9999567984421104
0.9999562281073245
0.9999567026331273
0.9999581441324853
0.9999602568639671
0.999962537939093
0.9999643047062924
0.9999649884828322
0.9999644971034988
0.9999629103619393
0.9999607242902913
0.9999584051883021
0.9999564519505246
0.9999553017407353
0.9999552443804565
0.9999561886633955
0.9999580515675165
0.9999602812935057
0.9999622283140689
0.9999634602714593
0.9999635707423981
0.9999625343011912
0.9999605439526381
0.9999581043601511
0.999955845110606
0.9999542642784581
0.9999537067743851
0.9999541866510319
0.999955674861961
0.9999578426283454
0.9999599923249596
0.9999617074860059
0.9999625035758694
0.9999619696774914
0.9999604828496602
0.9999582161104166
0.999955846520227
0.9999539383290286
0.9999528227455274
0.9999528902315978
0.9999539235640885
0.9999557573905056
0.9999580912743986
0.9999601308866418
0.9999614293378448
0.9999615478296972
0.9999604606300831
0.9999584808343893
0.9999560229734837
0.9999537861021903
0.9999522841555277
0.9999516428408539
0.9999522527700668
0.9999536631026344
0.9999557532274936
0.9999579241649391
0.9999595395708615
0.9999603180785821
0.9999597912053145
0.9999581983378951
0.9999559018439699
0.9999535416456233
0.9999516580330605
0.9999505994764809
0.9999505512530615
0.9999515860364148
0.9999534917990431
0.9999557448385245
0.9999577928929294
0.9999591476989602
0.9999592493118099
0.9999582095770596
0.9999561699663234
0.9999537751620491
0.9999515743970041
0.9999500303491777
0.9999494378388709
0.9999499946044382
0.9999514321830808
0.9999536347911996
0.9999559300629759
0.9999576349537137
0.9999582490111029
