0.9999999555426982
0.9999997786283503
0.9999999380666148
0.9999998132793447
0.9999998934174035
0.9999998732873642
0.9999998367591625
0.9999999298464126
0.9999997907388839
0.9999999558198126
0.9999997784789584
0.9999999422033513
0.9999998085918299
0.9999998980838336
0.9999998657779953
0.9999998418166074
0.9999999205644757
0.9999997939597556
0.9999999498824194
0.999999771689065
0.9999999472984377
0.9999997831661427
0.9999999185873326
0.9999998229030216
0.9999998740031045
0.9999998755578275
0.9999998255296476
0.9999999222764008
0.9999997855975877
0.9999999473948246
0.9999997678123835
0.9999999425794415
0.9999997814628065
0.9999999092572274
0.9999998253090222
0.9999998559925388
0.9999998818760258
0.9999997992424814
0.9999999253188415
0.9999997622063319
0.9999999359843256
0.9999997650667224
0.9999999096369558
0.999999808606081
0.9999998577487726
0.9999998697419892
0.9999997990767125
0.9999999150635067
0.9999997552468319
0.9999999250964782
0.999999744699038
0.9999999003644263
0.9999997682684524
0.9999998522052157
0.999999814824858
0.9999997973361909
0.999999862628743
0.9999997499247133
0.999999895146493
0.9999997234270019
0.9999999011942591
0.9999997247510352
0.9999998777901455
0.9999997534040226
0.9999998301623982
0.9999997989439615
0.999999768429477
0.9999998432180637
0.9999997118175334
0.9999998629876217
0.9999996816512515
0.999999850794403
0.9999996956859742
0.9999998099310129
0.9999997462653367
0.9999997524559155
0.99999980628186
0.9999996981363234
0.9999998422849795
0.9999996648657798
0.9999998358361641
0.9999996670642995
0.9999997898634277
0.9999996988383902
0.9999997242238823
0.999999737142135
0.9999996550512772
0.9999997674219469
0.9999996073733889
0.999999776193807
0.9999995927955198
0.9999997611309724
0.9999996135096635
0.9999997226422935
0.9999996558341756
0.9999996678109369
0.9999997004053657
0.9999996062538422
0.9999997256464253
0.9999995535523555
0.9999997174592087
0.9999995290883632
0.9999996743298633
0.9999995457078925
0.9999996157918513
0.9999995921347656
0.9999995484190533
0.9999996395412233
0.9999994994414388
0.9999996607328752
0.9999994794112252
0.9999996415813895
0.999999499795259
0.9999995878913813
0.9999995374327332
0.9999995085862537
0.9999995672615122
0.9999994364084638
0.9999995759706992
0.9999993899038834
0.9999995587298133
0.9999993858884629
0.9999995137510976
0.999999408939506
0.9999994575967275
0.9999994536433066
0.9999993996182279
0.9999994929888902
0.9999993487486334
0.9999995085219922
0.9999993161968442
0.9999994758737627
0.999999304921781
0.9999994150402565
0.9999993258159152
0.9999993319349125
0.9999993530572818
0.9999992500553121
0.9999993723072892
0.9999992005059091
0.9999993679163439
0.999999190448296
0.9999993287200829
0.9999992194964982
0.9999992639718018
0.9999992658872405
0.9999991942202889
0.9999992940967063
0.9999991308068424
0.9999992902248979
0.999999097755189
0.9999992476307445
0.99999909803618
0.9999991838177815
0.9999991334586501
0.999999109295986
0.9999991610641403
0.9999990392953944
0.9999991760761151
0.999999000276902
0.9999991699279861
0.9999989859947522
0.999999128935901
0.9999990017873952
0.9999990599993543
0.9999990243283915
0.9999989630324493
0.9999990374286118
0.9999988954034644
0.999999036285269
0.9999988463961856
0.9999990109856985
0.9999988466986838
0.9999989476284046
0.9999988805363091
0.9999988799952897
0.9999989178167742
0.9999988010479947
0.9999989311992348
0.9999987436625446
0.9999989051201356
0.9999987263856798
0.9999988417778131
0.9999987348721862
0.9999987636720616
0.9999987631551577
0.9999986794663722
0.9999987837871561
0.9999986173917867
0.9999987778017687
0.9999985893334409
0.9999987460937582
0.9999985885973246
0.9999986929464327
0.9999986158377518
0.9999986082560715
0.999998642642887
0.9999985386196615
0.9999986476979704
0.9999984765147125
0.9999986423205826
0.9999984537677241
0.9999985807636408
0.9999984551992979
0.9999985075520135
0.9999984849717557
0.9999984223153557
0.9999985103170954
0.9999983552200166
0.9999985061655162
0.9999983153601797
0.9999984751776625
0.9999983210232436
0.9999984033672881
0.9999983367777223
0.9999983085382862
0.9999983461494328
0.999998224601515
0.999998351137291
0.999998161571535
0.9999983153255323
0.9999981353337923
0.9999982574236045
0.9999981524262097
0.9999981913799446
0.9999981739824718
0.9999980981532998
0.9999981813446204
0.9999980255194525
0.9999981754525394
0.9999979823397541
0.9999981340876483
0.9999979628895377
0.999998054025417
0.9999979775257632
0.9999979751470301
0.9999979903716404
0.9999978754975081
0.9999980005284894
0.9999978209814955
0.9999979836505147
0.9999977871586004
0.9999979104299368
0.9999977887150017
0.9999978346286411
0.9999978327386702
0.9999977540674596
0.9999978549934284
0.9999976898957388
0.999997839348638
0.9999976454838401
0.9999977887935476
0.9999976366476497
0.9999977224371991
0.9999976487348844
0.9999976164786613
0.9999976588927427
0.9999975341916921
0.9999976687583262
0.9999974751118419
0.9999976293135372
0.999997447525767
0.9999975763925991
0.9999974506718412
0.9999975018517542
0.9999974747739093
0.9999974182395331
0.999997496788495
0.9999973453096558
0.99999749765258
0.9999972926476438
0.9999974415450846
0.9999972853774581
0.9999973749552268
0.9999972919510168
0.9999972682236239
0.9999973044330444
0.9999971785671291
0.9999972999340045
0.999997098205323
0.9999972553142343
0.9999970629796652
0.9999971963739581
0.9999970749093321
0.9999971124865202
0.9999970937784206
0.9999970185902198
0.9999971008048312
0.9999969263303212
0.9999970694952527
0.9999968586272076
0.9999970087190037
0.9999968486036335
0.9999969364441583
0.9999968695817433
0.9999968608202904
0.9999968933597718
0.9999967737523718
0.9999969022709938
0.9999967113253244
0.999996855133215
0.9999966530766773
0.9999967933428876
0.999996657592294
0.9999967022496441
0.9999966750283076
0.9999966081752895
0.9999966906301211
0.9999965208774385
0.9999966746366241
0.9999964635142302
0.9999966165036174
0.9999964485821025
0.9999965144115999
0.9999964484780937
0.9999964335958208
0.9999964842255041
0.9999963604506948
0.999996482591163
0.999996298833623
0.9999964538067724
0.9999962574038062
0.9999963772299095
0.9999962476589735
0.9999962777969346
0.9999962637847943
0.9999961964721793
0.9999962753574181
0.9999961209630824
0.9999962561502103
0.9999960566553229
0.9999962117336295
0.9999960445026647
0.999996134735497
0.9999960479032727
0.9999960335787293
0.9999960703382629
0.9999959514600331
0.9999960548465032
0.9999958641676894
0.9999960093420915
0.9999958330179447
0.9999959743516244
0.9999958561863429
0.9999958992475249
0.9999958908904157
0.999995815849128
0.9999959187228177
0.999995755467857
0.9999958989224701
0.9999957144062356
0.9999958721478677
0.9999957090065813
0.9999957751790495
0.999995687756491
0.9999956819115813
0.9999957233949095
0.9999956038832782
0.9999957323850124
0.9999955429688298
0.9999956873613086
0.9999955053457531
0.9999956292726091
0.9999955054546449
0.9999955635057761
0.999995561469539
0.9999954908040175
0.9999955755605098
0.9999954138321416
0.9999955660391576
0.9999953670182501
0.999995507242002
0.999995346579129
0.9999954444072002
0.9999953666243443
0.9999953481386598
0.9999953718045274
0.9999952265009618
0.9999953232014418
0.9999951183480001
0.9999952778044743
0.9999950942646316
0.9999952063514571
0.9999950877866384
0.9999951152396428
0.9999950876441527
0.9999950187412779
0.9999951022839044
0.9999949363676428
0.9999950936986496
0.999994891824451
0.9999950157293646
0.9999948606171601
0.9999949422600443
0.9999948777366693
0.9999948651302795
0.9999948886484872
0.9999947674916793
0.999994855760048
0.9999946719805862
0.999994817985377
0.9999946213041339
0.9999947417561937
0.9999946415952384
0.9999946777976264
0.9999946527293063
0.9999945688379119
0.9999946384509746
0.9999944711235382
0.99999461107835
0.9999944109400828
0.9999945724891087
0.9999944029823332
0.9999944790000906
0.9999943983976478
0.9999943852243228
0.9999944128503152
0.9999942907113594
0.9999944104038174
0.9999942116467372
0.9999943731533335
0.9999941727241652
0.9999943223033182
0.9999941975229887
0.9999942162155192
0.9999941931714726
0.9999941248663426
0.9999941964727099
0.9999940435672766
0.9999941776569954
0.9999939816953032
0.9999941179488661
0.9999939616210634
0.999994057496409
0.9999939835966513
0.9999939788953625
0.9999940232608795
0.9999938827122418
0.999994007366565
0.9999938136892625
0.9999939742798495
0.9999937762198061
0.9999938925911726
0.9999937718385701
0.9999938049127488
0.9999937908090213
0.9999937051747644
0.9999937833038254
0.9999936190881867
0.9999937696739125
0.9999935696702832
0.9999937031948881
0.9999935372592409
0.9999936132402909
0.9999935384700314
0.9999935193577131
0.9999935541120352
0.9999934429198769
0.9999935548902896
0.9999933681153336
0.9999935268243331
0.999993346310829
0.9999934642601789
0.9999933548819828
0.9999933696455041
0.9999933406610952
0.9999932742984683
0.999993366863456
0.9999931971214985
0.9999933344601027
0.9999931413892821
0.9999932921746023
0.9999931203141741
0.9999932104206202
0.9999931306390663
0.9999930968552169
0.9999931253319675
0.9999930024234506
0.9999931323928214
0.9999929407300385
0.9999931065541731
0.9999929002575937
0.9999930143444761
0.9999928813817647
0.9999929116718215
0.9999928918636107
0.9999927967943181
0.9999928754231386
0.9999927103402955
0.9999928721294051
0.9999926652794819
0.9999928271623807
0.999992662253854
0.999992761929783
0.9999926783838071
0.9999926594684919
0.9999926900450756
0.9999925649241913
0.9999926718591369
0.999992507424926
