0.999999905904683
0.9999995725945962
0.9999997182317709
0.9999998444159447
0.999999514947623
0.9999998347364853
0.9999997185778681
0.9999995636058325
0.9999998937805167
0.9999995746763651
0.9999996736315935
0.9999998144364094
0.9999994784025933
0.9999997939277924
0.9999996146738925
0.9999995588043552
0.999999815969587
0.999999455379451
0.999999696794739
0.9999996183881061
0.9999993851940532
0.9999996770726565
0.9999993369839449
0.9999993928222882
0.9999995573311347
0.9999991914765615
0.9999994610141013
0.9999993643036326
0.9999991211276497
0.9999994038046273
0.9999990489537838
0.9999990744648388
0.9999991897066113
0.9999988091176436
0.9999990895428631
0.9999988922362812
0.9999987742991133
0.9999990046571038
0.9999985990730494
0.9999987531238084
0.999998703962799
0.9999983825941472
0.9999986526669544
0.9999983337604734
0.999998287073275
0.9999984566826015
0.9999980367834306
0.9999982319244424
0.9999981379668864
0.9999978442234105
0.9999980930900717
0.9999977355045291
0.9999977313625824
0.9999978291779361
0.9999974228238885
0.9999976730612433
0.9999974744451248
0.999997279196843
0.9999975353279109
0.9999971049463856
0.9999971934280809
0.9999971934805
0.9999968459300769
0.9999971075677218
0.9999968026252682
0.9999967086060316
0.999996902974167
0.9999964820720033
0.9999966369356423
0.9999965790747409
0.9999962621686046
0.9999965533205742
0.999996230598381
0.9999962118898671
0.9999963832622305
0.9999959485482103
0.9999961723047028
0.999996015580809
0.9999957778293342
0.9999960256612874
0.9999956493056195
0.999995676431815
0.9999957198606834
0.9999952943659247
0.9999955532741311
0.9999952932856362
0.9999951312206276
0.9999953247211902
0.999994897409754
0.9999950026063692
0.9999949695718362
0.9999946159576273
0.9999949003904365
0.9999945824650949
0.9999944867616078
0.9999946249155935
0.9999942021282958
0.9999943688967905
0.9999942649794683
0.999993968753492
0.9999942117908408
0.9999938372786883
0.9999938735014737
0.9999939516043611
0.9999935384388303
0.9999937995714805
0.999993583245473
0.9999933761249219
0.9999936192821886
0.999993192031494
0.999993289384771
0.999993294272862
0.9999929188001976
0.9999931719717005
0.9999929005039483
0.9999928118786703
0.9999929973609051
0.999992523021605
0.9999926756073124
0.9999926087288333
0.9999923253995501
0.999992586165474
0.9999921624639624
0.9999921291595104
0.9999922439659169
0.999991831951901
0.999992075267634
0.9999919444186569
0.9999916559184842
0.9999919292293253
0.999991588078216
0.9999916228582909
0.999991683223021
0.999991311112853
0.9999915559114433
0.9999913712004096
0.9999912157535508
0.9999914323901153
0.9999909905124911
0.999991106084369
0.9999910928692599
0.9999907474616102
0.9999910277579322
0.999990739642176
0.9999906430777716
0.9999907917523049
0.9999903907498069
0.9999905765697669
0.9999904447097261
0.999990166867571
0.9999904079752091
0.9999900189553118
0.9999900209747984
0.9999901089593058
0.9999897294253591
0.9999900158295473
0.9999898272409177
0.9999896505539241
0.9999898403369556
0.999989458350842
0.99998954855459
0.9999895442205123
0.999989138998952
0.9999893832759483
0.9999891137590715
0.9999890098346136
0.9999892154369089
0.9999888197851923
0.9999889697137682
0.9999889331413359
0.9999885926899857
0.9999887845881464
0.9999884083174783
0.99998836934729
0.9999884810771065
0.9999880521909321
0.9999883216367855
0.9999881564930299
0.9999879338132408
0.9999881916630092
0.9999878478301356
0.9999879104338721
0.9999879716487738
0.9999875624298479
0.9999877894871896
0.999987547504185
0.99998741443957
0.9999875919509266
0.9999871384317388
0.9999871977880944
0.9999871815250547
0.9999868665341208
0.9999871515312796
0.9999868348515443
0.9999867766272742
0.9999869388906342
0.9999865185672792
0.9999867497086775
0.9999866164266245
0.9999863463618693
0.9999866473501716
0.9999863288969495
0.9999863569891005
0.9999864725605553
0.9999860838750352
0.9999863291633587
0.9999861707486359
0.9999860200004729
0.9999862442816191
0.9999858005861226
0.9999859307129947
0.9999859436346189
0.9999856086832731
0.9999858436723486
0.9999855563423011
0.9999854582486293
0.9999856037796093
0.9999851770255608
0.9999853649164092
0.9999852693929726
0.9999849086273073
0.999985116443137
0.9999847611017344
0.9999847427673922
0.9999848970289669
0.9999844547179917
0.9999846603693886
0.999984447580399
0.9999842297194244
0.9999844027847412
0.9999839843630273
0.9999840553260518
0.9999841565553607
0.9999837638218618
0.9999840379487752
0.9999837938718732
0.999983642678579
0.9999838509886513
0.9999834203630193
0.9999835632772945
0.9999835520246768
0.9999831776143472
0.9999834115726539
0.999983109982111
0.9999830094952713
0.9999832168963945
0.9999827316601754
0.999982888139588
0.9999827342965766
0.9999824986141204
0.9999827804075092
0.999982393239519
0.9999823593229908
0.9999823789522887
0.9999819995685025
0.9999822770833544
0.9999820251116964
0.9999818320913869
0.999982083316768
0.999981692000716
0.999981724425455
0.9999817498152351
0.9999813654701296
0.999981642485267
0.9999813414770781
0.9999812688831644
0.9999814798302799
0.999981029004756
0.9999811475211793
0.9999811328852631
0.9999808292515514
0.9999811284819057
0.9999807834074138
0.9999807080373632
0.9999808916308088
0.9999804655985656
0.9999806801971413
0.999980554942023
0.9999803637289718
0.9999806088243289
0.9999801957296313
0.9999802687096978
0.9999803018013433
0.9999799093191106
0.9999802209791351
0.9999800406733761
0.9999799491997144
0.9999801572701636
0.9999797155056154
0.9999798358388345
0.9999798685357697
0.9999794915737201
0.9999796953337117
0.999979351547676
0.9999792718863758
0.9999794490915765
0.9999790081846055
0.9999792130482298
0.9999791407246912
0.9999789049122535
0.9999792042370829
0.999978816173626
0.999978845402605
0.9999789636966571
0.9999785830223207
0.9999788406287393
0.9999786158967833
0.9999783587305345
0.9999785871884599
0.9999781433512426
0.9999782495494831
0.9999782331917886
0.9999778994222527
0.9999781657418534
0.9999779242565129
0.9999778150954508
0.999978034331748
0.9999775599262705
0.9999777150428995
0.9999776124222277
0.9999773261442513
0.9999775448230274
0.9999771231438124
0.9999771195620557
0.9999771883816377
0.9999767972116697
0.9999770400442998
0.9999768650938353
0.9999766229091617
0.9999768625926595
0.9999764168104305
0.9999765395560923
0.9999766215722883
0.9999761724054602
0.9999763941764837
0.9999761028855456
0.9999759154624225
0.9999761144211929
0.9999757250766139
0.9999758327458268
0.999975775485605
0.9999754393683472
0.9999757030454772
0.9999753493660686
0.9999752192386805
0.9999754046745649
0.9999749926860229
0.9999752093709584
0.999975055504501
0.9999747686543771
0.999974995330898
0.9999745350658529
0.9999745542581632
0.9999746240961128
0.9999741916170701
0.9999744963248527
0.9999743099432533
0.9999741019735229
0.9999743437285847
0.9999738527619043
0.9999737945367851
0.9999737712304084
0.9999733619996828
0.9999736447127114
0.9999733669171985
0.9999732993202209
0.9999735172493737
0.9999730343141316
0.9999731882823335
0.9999731268184567
0.999972838155999
0.999973117775155
0.999972685642565
0.9999725703786332
0.999972681453652
0.9999722465574733
0.9999724388718048
0.9999722167244456
0.9999720280472849
0.9999721913115283
0.9999717494664859
0.9999718226348951
0.9999719813817173
0.9999715880778567
0.9999718153974878
0.9999715697440085
0.9999713879266772
0.999971548048214
0.9999711426684158
0.9999712862763372
0.9999712719398871
0.9999708630393973
0.9999711272059472
0.9999708551735721
0.9999708550913252
0.9999710478450586
0.9999706123304386
0.9999707708511892
0.9999706128034692
0.9999703084077675
0.9999705730385511
0.9999701969392326
0.9999701747505918
0.9999702477047396
0.9999698734058462
0.9999700112466924
0.9999697870991576
0.9999695496919643
0.9999697591501364
0.9999693458725688
0.9999694203597893
0.9999694579476766
0.9999690389651695
0.9999692239503015
0.9999689117887646
0.9999688189075815
0.9999689733445037
0.9999685323575757
0.9999686503520485
0.9999685139172495
0.9999682786141604
0.999968572085815
0.9999682178775118
0.9999682368114786
0.9999683254960775
0.999967924700075
0.9999681215389744
0.9999679665004723
0.9999677246070916
0.9999680077351905
0.9999676551616451
0.9999676745214883
0.9999677182717136
0.9999673235956547
0.9999675800454231
0.9999673569199251
0.9999671458901014
0.9999674152949148
0.9999669981666904
0.9999670418505139
0.9999670629999945
0.9999667193489724
0.9999669699111661
0.9999667184782145
0.9999666507991528
0.9999668620538875
0.9999664179787274
0.9999665515665439
0.9999663786065246
0.9999660917360957
0.9999663283583319
0.9999660092875435
0.9999660586355891
0.9999661457343165
0.9999656204175548
0.9999659026963291
0.9999656664455039
0.9999654654412348
0.9999657174217297
0.9999653475123582
0.9999653968571806
0.9999654690878461
0.9999650996417044
0.9999653367347182
0.999965025129681
0.999964892450026
0.9999651065828853
0.999964696066438
0.9999648518057312
0.999964802656686
0.9999644749786804
0.9999647035921283
0.9999643728645061
0.9999643952562162
0.9999644933462107
0.999964043500528
0.9999642501631999
0.9999640178749225
0.9999637441308541
0.999964006066568
0.9999635714146798
0.9999636517377377
0.999963812281012
0.9999633735291361
0.9999635539691137
0.9999632027255564
0.9999629128592784
0.9999632031638995
0.9999627368476486
0.9999629250663252
0.9999629039996593
0.9999626199484623
0.999962853543964
0.999962543631123
0.9999624206054616
0.999962628395235
0.9999622730909161
0.9999625300722109
0.9999624905953819
0.9999622398502045
