0.9998676820469479
0.999867138204845
0.999865920705452
0.9998643453446947
0.9998626669202111
0.9998610344166643
0.9998595190378033
0.9998580861012157
0.999856573582764
0.9998547430282538
0.9998522802000022
0.9998488971381377
0.9998442663503632
0.9998380151789641
0.9998300223676634
0.9998200830737554
0.9998081767836439
0.9997943853275832
0.9997788533860473
0.999761749720486
0.9997434948386361
0.99972455242924
0.9997051972307445
0.9996858952451749
0.9996671473316397
0.9996491880819616
0.9996324478748143
0.9996167334509408
0.9996022088050409
0.9995885670467805
0.9995755083817783
0.9995626105317579
0.9995495215396052
0.9995358469578325
0.9995214265378517
0.9995060345240809
0.9994895968626025
0.9994723665126823
0.9994545493378275
0.9994365424449265
0.9994186959179625
0.9994014193977931
0.9993853018198858
0.999370567148345
0.9993575745634519
0.9993467702030736
0.9993379811264056
0.9993313468433345
0.9993265873661288
0.9993236059495546
0.9993220289081278
0.9993216522435616
0.9993221058247118
0.9993231239243138
0.999324724159382
0.9993264810628071
0.999328782686996
0.9993316649694218
0.9993349171635744
0.9993390422547295
0.9993440995244504
0.9993500670357859
0.9993572928436879
0.9993657301932183
0.9993754004819524
0.9993863586752632
0.99939853108647
0.9994117601305502
0.9994257529904416
0.9994406051783251
0.9994560288438262
0.999471986363092
0.9994883133217201
0.9995049177471921
0.9995216373723834
0.9995384373372499
0.9995552585821547
0.9995720249384964
0.9995887417259574
0.9996053436733672
0.9996218318920184
0.999638216345773
0.9996543702046259
0.9996703611977265
0.9996859662787817
0.9997013086242045
0.9997162856131127
0.999730814565192
0.9997446682984533
0.9997579236121574
0.9997706806451274
0.999782711970804
0.9997940252463902
0.9998045941433731
0.9998141722921032
0.9998228918736352
0.9998308306929786
0.9998378081752569
0.99984387642207
0.9998488801285427
0.9998528665604474
0.9998558826124508
0.9998579897410796
0.9998590347033796
0.999858980821257
0.9998580215149798
0.9998559706988519
0.9998528445480181
0.9998487422539726
0.9998437106095366
0.9998377044317508
0.9998306962597823
0.9998227378886564
0.9998137848855105
0.9998039081944874
0.9997931620236828
0.9997816254046085
0.999769209318539
0.9997560887903495
0.9997423702314706
0.9997280445905598
0.9997132268984319
0.999697684562671
0.9996815203411548
0.999664830473354
0.9996478644192568
0.9996305741329119
0.9996132834250341
0.9995955807858005
0.9995777662433676
0.999560124401848
0.999542369979963
0.9995248200108011
0.9995075244864364
0.9994904799844132
0.9994737750939555
0.9994574214469274
0.9994415476780808
0.9994261871375466
0.9994114515088327
0.9993975316531698
0.9993842606530869
0.9993718240169257
0.9993600184345233
0.9993492815811111
0.9993395596943067
0.9993308800078379
0.9993230232142492
0.9993163860207137
0.9993107673421795
0.9993062549499605
0.9993028665278534
0.9993005319962112
0.9992993496555217
0.9992992784440933
0.9993004192963005
0.9993027222831296
0.9993061531520965
0.99931044464065
0.9993160963893626
0.9993227243249897
0.9993302650355387
0.9993388294159964
0.9993482399916073
0.9993586528146219
0.99936985134131
0.9993819050855551
0.9993946891347077
0.9994080617681296
0.9994222306707055
0.9994368129900889
0.9994518858480432
0.9994673631928273
0.9994833247723504
0.9994995684769282
0.9995161048900837
0.9995328132543384
0.9995494983465577
0.9995663344649875
0.9995830740493832
0.9995998281724673
0.9996163273754137
0.9996327722990724
0.9996488295946856
0.9996644806811548
0.9996797449283971
0.9996945828903888
0.9997087721074149
0.9997226285216742
0.9997357929510425
0.9997482237178221
0.9997599573766327
0.9997710019529612
0.9997813273857633
0.999790811461269
0.9997994654369944
0.9998072818471514
0.9998141659054186
0.9998199497211927
0.9998246547614255
0.9998286967645783
0.9998316117860172
0.9998335343802934
0.9998343535429293
0.9998342522551676
0.9998330427172593
0.9998308407435106
0.9998277176693328
0.999823504242847
0.9998182059486346
0.9998119697329655
0.9998047190903582
0.9997964783433118
0.999787482663985
0.9997775294221515
0.999766722223965
0.999755104369769
0.999742557938434
0.9997292067502976
0.9997153008198754
0.9997007441907082
0.9996853278966366
0.9996695234449501
0.9996532126644809
0.9996365781782212
0.9996194650476373
0.9996022771645521
0.9995846572642663
0.9995668969836814
0.9995490797799144
0.9995311621659174
0.9995133911894751
0.9994958096823903
0.9994784324758634
0.9994613289837122
0.9994444124319559
0.9994279782710483
0.9994119373411411
0.9993965529974188
0.999381782185912
0.9993676823776405
0.9993543431393729
0.9993417543207384
0.9993299526037034
0.9993191356200242
0.9993092716468998
0.9993003777610678
0.9992926495905242
0.9992861727562502
0.9992804906794222
0.9992758434443151
0.9992723294371307
0.9992699959091149
0.9992687942996507
0.9992688025441768
0.9992698754583255
0.9992720956173238
0.9992756426144942
0.9992800150516437
0.9992855482947263
0.9992919552703582
0.9992994908147482
0.9993080032099281
0.9993175130741184
0.9993281581700367
0.9993394429598311
0.9993513979066134
0.999364055160146
0.9993773540562529
0.9993913512339223
0.9994058741991406
0.9994210466888342
0.9994367932554032
0.9994527476081962
0.9994689886154717
0.9994854199389237
0.9995019475333607
0.9995185857768887
0.9995352771059879
0.9995518356711219
0.9995684234093369
0.9995848122602952
0.9996010790076733
0.999616976605731
0.9996324343273061
0.9996478132616915
0.9996624768756396
0.9996767186120484
0.9996902732304088
0.9997033023726569
0.9997155218058471
0.9997270212107772
0.9997377818367434
0.9997476911313373
0.9997570704023497
0.9997654081872717
0.9997729661527115
0.9997796818810551
0.9997853668411923
0.999790114757108
0.9997939721759588
0.9997967285340965
0.999798459144831
0.999799043219619
0.9997985243833857
0.9997972253788494
0.9997949379963798
0.9997914390705427
0.9997869279617259
0.9997815894192804
0.9997752769762561
0.9997680220816316
0.999759742387161
0.9997505129809059
0.9997401139452465
0.9997290553833036
0.9997170812090853
0.9997045469870224
0.9996909810244384
0.9996767958384972
0.9996621820976425
0.9996467644097022
0.9996307966943314
0.999614402880538
0.999597556355621
0.9995804032595027
0.9995630024113337
0.9995452978780149
0.9995273395360865
0.9995094409003595
0.999491578453905
0.9994738754948779
0.9994561790836848
0.9994386218478329
0.9994212496954964
0.9994042540839113
0.9993877527434614
0.9993717378969675
0.999356332599235
0.9993414091195987
0.9993272249678676
0.9993138687970514
0.9993012619427935
0.9992893323108144
0.9992785455471683
0.9992685296118211
0.9992596475307665
0.9992517165328956
0.9992447906835953
0.9992388195143043
0.9992342458121739
0.9992307956580759
0.9992287899826657
0.999227679679215
0.9992277399992726
0.9992288800066395
0.9992309335409403
0.9992342003804856
0.9992385939461227
0.9992440221728809
0.9992505717558999
0.9992581877459571
0.9992668834132701
0.9992762107105939
0.9992864488135421
0.9992975148274099
0.9993092928945766
0.9993219562550631
0.9993351874940701
0.9993491472180198
0.99936363547391
0.9993786484448194
0.9993941996614817
0.9994103446154309
0.9994264275544377
0.9994428626267138
0.9994593213206162
0.9994758779707458
0.9994924737144788
0.9995089959673696
0.9995253670096405
0.9995417056028375
0.9995579223893201
0.9995738612974658
0.9995892439399026
0.9996042904998692
0.9996189480977778
0.999633024456518
0.9996465660125798
0.9996593430108103
0.9996715410464921
0.9996831395060652
0.9996938338078666
0.9997037925685972
0.9997126915391856
0.9997210045660255
0.999728448431363
0.9997349977008486
0.9997405806875471
0.9997452544751236
0.9997488813432707
0.9997514055734211
0.9997531135026142
0.9997538434126104
0.999753246433068
0.9997517435181874
0.9997491320079658
0.9997452776900477
0.9997407910959507
0.9997350697087334
0.9997284252865929
0.9997210246709926
0.9997125788211687
0.9997030081307474
0.9996928995788188
0.9996818877256096
0.9996699288255622
0.9996572236463508
0.9996436037964063
0.9996293625259278
0.9996147640503471
0.9995992196309109
0.9995831135691431
0.999566706082127
0.9995500856843667
0.9995329380201695
0.9995154981656144
0.9994976167249121
0.9994795338130059
0.9994615384557773
0.999443441477163
0.9994257624926832
0.9994077301492811
0.9993900584446389
0.9993727842089679
0.9993557567265662
0.999339280713513
0.9993232185761343
0.9993077586880698
0.9992927293094127
0.9992783403634309
0.9992649709808641
0.9992523923122646
0.9992405833791926
0.9992297113351897
0.9992196904162616
0.9992109489725604
0.9992032022995466
0.9991963045445809
0.999190517216561
0.9991856322793767
0.9991818690565228
0.9991795916688463
0.999178343220401
0.9991783563043579
0.9991792878047754
0.9991813787501852
0.9991845080101847
0.9991888691320856
0.999193975496069
0.9992004426456417
0.9992077021399156
0.9992161407743143
0.9992255250599669
0.9992358360845691
0.9992471229442075
0.9992591784062009
0.9992716100637897
0.9992850684785038
0.9992990473811784
0.9993135344266062
0.9993284008650193
0.9993435900579769
0.9993591259408868
0.9993749176548463
0.9993912675441912
0.9994076323011782
0.9994240208291659
0.9994403284842777
0.9994569043216122
0.9994733399210023
0.9994896710637375
0.9995054355807002
0.9995212449375936
0.9995363781170515
0.9995513970523625
0.9995658642947323
0.9995796322478882
0.9995931254606061
0.9996058120202579
0.9996177485048087
0.9996291812713466
0.9996399227394586
0.9996497564019439
0.9996586058774852
0.9996667718488296
0.999673964220058
0.9996802422097489
0.9996856908023073
0.9996900633648002
