0.9999993074077754
0.9999987969733828
0.9999976720505198
0.9999967839315029
0.9999967809270954
0.9999976824983122
0.9999988392097915
0.9999993535464972
0.9999988135164233
0.9999976639264843
0.9999967999084615
0.9999968567325347
0.9999977920146305
0.999998906775659
0.9999993255983235
0.9999987095692817
0.9999975343133529
0.9999966561815083
0.9999966690732665
0.9999975519152726
0.9999986915430945
0.9999992616822971
0.9999988369668493
0.9999977248533699
0.9999966958632541
0.9999964188014795
0.9999970710143217
0.9999982399299061
0.9999991362950654
0.9999991224672417
0.9999982201569229
0.9999970907059844
0.9999965227678128
0.9999969115024827
0.999998015369941
0.9999990582105046
0.9999992578409747
0.9999984693593265
0.9999973196107841
0.9999966820281098
0.9999970260704822
0.9999981131929929
0.9999991228006361
0.9999992469605619
0.999998386891293
0.9999972280871117
0.9999966388073259
0.9999970314703944
0.9999981171022688
0.9999990863287598
0.9999991826611927
0.9999983221657259
0.9999971400697983
0.9999964545055752
0.9999967074218323
0.9999977256139782
0.9999988125474106
0.9999991916499716
0.9999985860964103
0.9999974333496419
0.9999965248343354
0.9999964524126489
0.9999972733863312
0.9999984575907369
0.9999991796936017
0.9999989117733524
0.9999978670295916
0.9999968194362276
0.9999965136491673
0.9999971705315888
0.9999983430005419
0.9999991644910071
0.9999989904018609
0.9999979680589771
0.9999969044882914
0.9999965943548277
0.9999972656640881
0.9999984282495407
0.9999991821264671
0.9999989182996066
0.9999978445033596
0.9999967784990659
0.9999964725757527
0.9999971319885705
0.9999982750883402
0.9999990558129085
0.9999988763997454
0.9999978574555868
0.9999967255946712
0.9999962383517175
0.9999966982476328
0.9999978078289863
0.9999988117543047
0.9999989930685592
0.9999982211363411
0.9999970580872346
0.9999963030125999
0.9999964629876509
0.9999974390092935
0.9999985728504229
0.9999990381205913
0.9999984804805402
0.9999973342815521
0.9999964502173284
0.999996460814087
0.9999973707352838
0.9999985168377729
0.9999990154664496
0.9999984677180611
0.999997316313955
0.9999964402534762
0.9999964765116827
0.9999973882596243
0.9999985074841147
0.9999989551723137
0.9999983679118494
0.9999971886237913
0.9999962744319115
0.9999962338290119
0.999997079623246
0.9999982171726629
0.9999988121564592
0.9999984101983803
0.9999973045899845
0.9999962670553516
0.9999959863915205
0.9999966400407214
0.9999978054095103
0.9999986716787086
0.9999986120652724
0.9999976744750957
0.9999965425919709
0.9999959973253648
0.9999964103763345
0.9999975104370421
0.9999985126890522
0.9999986456137486
0.9999978140251228
0.9999966579056223
0.9999960325666899
0.9999963819204001
0.9999974667757896
0.9999984722145873
0.9999985958691356
0.9999977480934293
0.9999965781907073
0.9999959430265889
0.9999962848015852
0.9999973477569536
0.9999983387170144
0.9999984898009674
0.9999976653892082
0.9999964690104557
0.9999957373756134
0.9999959382958928
0.9999969295253583
0.9999980262172814
0.9999984210874759
0.9999978192492506
0.9999966550226885
0.9999957435943536
0.9999956948359708
0.9999965316408028
0.9999976966653109
0.999998354180259
0.9999980093632839
0.9999969183656722
0.9999958789227739
0.9999956080993305
0.9999962947552452
0.9999974591734554
0.9999982392985012
0.9999980076263965
0.9999969563072106
0.9999958930480716
0.9999955755319571
0.9999962316580154
0.9999973887759416
0.9999981596052506
0.9999979245648145
0.9999968673562787
0.9999957638839005
0.999995380280401
0.9999959716849421
0.9999970996266869
0.9999979167783399
0.9999978032548795
0.9999968100993182
0.9999956695764356
0.9999951398044511
0.9999955723455185
0.9999966753269073
0.9999976792437872
0.9999978327123172
0.9999970244112397
0.9999958435204296
0.999995107932158
0.9999953058160912
0.9999963027709001
0.9999973997617307
0.9999977806627696
0.9999971357189174
0.9999959668592246
0.9999951100865011
0.999995166817662
0.9999960836910883
0.9999972196992627
0.9999976867115553
0.9999971180048951
0.9999959560930173
0.9999950602843233
0.9999950586745098
0.9999959442863876
0.9999970731545738
0.9999975674593704
0.9999970487212096
0.9999958808073024
0.9999949201703753
0.9999948141196714
0.9999956170167345
0.9999967611613368
0.999997407587319
0.9999970455918957
0.999995936459671
0.9999948764414265
0.9999945733421529
0.9999952059565314
0.9999963565415341
0.999997189456861
0.999997080074216
0.9999961034880521
0.9999949686832087
0.9999944590709662
0.9999949300886056
0.9999960418192216
0.9999969925285124
0.9999970387757636
0.9999961479710022
0.9999949836372611
0.999994385817886
0.9999947477953749
0.9999958211824217
0.9999968139587803
0.9999969398000654
0.9999960901236337
0.999994913874125
0.9999942453975355
0.9999945311181014
0.9999955720228063
0.9999966124902596
0.999996832968996
0.9999960627793597
0.9999948690663762
0.9999940753086626
0.9999942298820067
0.9999951967036427
0.9999962884194268
0.999996693612092
0.9999960927127528
0.9999949205334842
0.9999940127299353
0.9999939815886418
0.9999948368267395
0.9999959812586665
0.9999965863565496
0.9999961691129089
0.9999950537542139
0.9999940368363462
0.9999938075321619
0.999994530467035
0.9999956775747995
0.9999963946317996
0.9999960987061508
0.9999950341544134
0.9999939539301963
0.9999936338675068
0.9999942904606085
0.9999954431123533
0.999996227801267
0.9999960450794182
0.9999950174794736
0.9999938944419887
0.9999934679761164
0.9999940109747701
0.9999951410329232
0.9999960122104257
0.9999959610026969
0.9999950104837523
0.9999938526677518
0.9999932849972648
0.999993689411084
0.9999947853978853
0.999995778301664
0.9999959127038136
0.9999950683756449
0.9999938882138903
0.9999931728283312
0.9999934060572248
0.9999944224404665
0.9999955016549921
0.999995806978507
0.9999951233827029
0.9999939303303141
0.9999930948746945
0.9999931763014703
0.9999941098034444
0.9999952129529891
0.9999956533490296
0.9999950713767194
0.999993920117019
0.999993011701944
0.9999929896166214
0.9999938586757181
0.9999949947848593
0.999995532839278
0.9999950659386779
0.9999939091519197
0.9999929363794307
0.9999927987388005
0.9999935722642025
0.999994724374633
0.9999953938314499
0.9999950450204191
0.9999939473257708
0.9999928857040489
0.999992592581119
0.9999932321382581
0.9999943768652514
0.9999951789408877
0.9999950130411277
0.9999939987600232
0.9999928579074177
0.9999923892158116
0.9999928958327233
0.9999940098878575
0.999994926410663
0.9999949272646893
0.9999940019272441
0.9999928429645437
0.9999922551582419
0.9999926438222513
0.9999937223209192
0.9999947219450915
0.9999948452442746
0.9999940059440072
0.9999928188353099
0.9999921326206009
0.9999924044334584
0.9999934314827672
0.9999944706046893
0.9999947350973701
0.9999939745944938
0.9999927847386973
0.9999919992231935
0.9999921372137321
0.9999930869927361
0.999994187863746
0.9999946000432044
0.9999939974231217
0.9999928280202803
0.9999919166650728
0.9999918744812226
0.9999927124374363
0.9999938415509957
0.9999944103386122
0.9999939634330283
0.9999928319653215
0.9999918318788439
0.9999916367775852
0.9999923581122234
0.9999935143311046
0.9999942256701471
0.999993889945938
0.9999928176027072
0.9999917391046369
0.9999914277862145
0.9999920750115331
0.9999932106612385
0.9999940122398987
0.9999938184536598
0.9999927817583377
0.9999916501916148
0.9999911998957929
0.9999917286767462
0.9999928554120688
0.999993729726611
0.9999936992482078
0.9999927480766146
0.9999915951046784
0.9999910096714263
0.9999913863398983
0.9999924420188244
0.9999934262881603
0.9999935481364222
0.9999927096150829
0.9999915134690097
0.9999908151173876
0.999991060482487
0.9999920475130697
0.9999931109439518
0.9999933967885544
0.9999926932034638
0.9999914925988553
0.9999906647401173
0.9999907721626802
0.999991724423013
0.999992836978159
0.9999932478095086
0.9999926680196719
0.9999914900614861
0.9999906006855636
0.9999905778629457
0.9999914581912952
0.9999925811376039
0.9999931383642193
0.9999926697435498
0.9999915248833839
0.9999905353721901
0.9999903731432244
0.9999911099747385
0.9999922585585854
0.999992948974107
0.9999926473498963
0.999991557050249
0.9999905064479305
0.9999902051107509
0.9999908349024301
0.9999919802985948
0.9999927850315926
0.9999925955763025
0.9999915750366297
0.999990438669653
0.9999900012564852
0.9999905390691206
0.9999916528071361
0.999992561862782
0.9999925601098703
0.999991617310296
0.9999904356069452
0.9999898510004006
0.9999902331951145
0.9999913043116024
0.9999923102686058
0.9999924156704366
0.9999915713126019
0.9999903907657347
0.9999896926739543
0.9999899337397569
0.9999909617796736
0.9999920634665922
0.9999923338017345
0.9999916202038539
0.9999904334847075
0.9999896365564117
0.9999897524534557
0.9999906971066824
0.9999918083267081
0.9999922262072756
0.9999916287008248
0.9999904569561464
0.9999895431895531
0.999989485851082
0.9999903504855888
0.9999914889146082
0.9999920752875542
0.9999916140779461
0.9999904695326337
0.9999894739442883
0.9999892961303708
0.9999900461546541
0.9999911944703891
0.9999918656727149
0.9999915505403387
0.9999904441288237
0.999989371863089
0.999989058122208
0.9999896944471925
0.9999908453217435
0.9999916483835369
0.9999914945464058
0.999990477275027
0.999989350010662
0.9999888937718432
0.9999893945745556
0.9999905155101892
0.9999914230326936
0.9999913998860986
0.9999904514509714
0.999989273263678
0.999988693208233
0.9999890691996424
0.9999901247622345
0.9999911177584041
0.9999912388722899
0.9999904222522179
0.9999892267538003
0.9999885198332592
0.9999887832492388
0.9999898003549533
0.9999908377260948
