0.9999997656864613
0.9999993235884196
0.9999988729839947
0.9999992841529766
0.9999997799776226
0.9999993716659294
0.9999988920962609
0.9999992774810941
0.9999997671384719
0.9999993587978931
0.9999988169670844
0.9999991109315967
0.9999996604173073
0.9999994120962288
0.9999987825140897
0.9999988649580198
0.9999994995276232
0.9999995631153815
0.9999989168806108
0.9999987187259528
0.9999992700138624
0.9999995143257456
0.9999989209356794
0.9999985908299799
0.9999991045444132
0.9999994337833004
0.9999988734345258
0.9999984922992575
0.9999989470676088
0.9999992875507419
0.9999987258405463
0.9999982142336231
0.9999985596247909
0.9999990328013125
0.9999986573030522
0.9999980452100349
0.9999982238251447
0.9999987993977322
0.9999986564645408
0.9999979445301687
0.9999978851874343
0.9999984506976882
0.9999984459578156
0.9999977446916047
0.9999975595787134
0.9999981165081218
0.9999982264606774
0.9999975618364301
0.9999972760744281
0.999997764406674
0.9999979740872695
0.9999973445894216
0.9999969205520908
0.9999973336904563
0.9999977040814857
0.999997207313744
0.9999966509691052
0.9999969426095451
0.9999974395913018
0.9999970885012877
0.9999964243993357
0.9999965302508863
0.9999970538830885
0.9999968803055593
0.9999961846801582
0.9999961490634834
0.9999967182911517
0.9999966538856376
0.9999959203947304
0.9999957474455229
0.9999962763615108
0.9999963638013929
0.9999956645129037
0.9999953307557622
0.9999957906479582
0.9999960445922155
0.9999954222313131
0.9999949913495474
0.9999953807784231
0.9999957358800076
0.999995218150353
0.9999946401799685
0.9999948745468401
0.9999953423494577
0.9999949721150682
0.999994328101752
0.9999944305626036
0.9999949827394927
0.9999947304140338
0.9999940217279712
0.999994049193132
0.9999945876846488
0.9999944937508741
0.9999937751741562
0.9999936152088915
0.9999941551307836
0.9999942978925438
0.9999936122709182
0.9999933205716819
0.9999938156654612
0.9999940574686249
0.999993460373582
0.9999929954272759
0.9999933758428576
0.9999937439389535
0.9999932649261966
0.9999927167001335
0.9999929765149757
0.9999934222051837
0.9999930357571665
0.999992372470663
0.9999925120899228
0.999993078530757
0.9999928727137882
0.9999921674784928
0.9999921725021292
0.9999927287061795
0.999992682699371
0.9999919849172686
0.9999918333895261
0.9999923608469424
0.9999924402315892
0.9999917321601635
0.9999914535876957
0.9999919676156118
0.999992217330945
0.9999916253933314
0.9999911885913156
0.999991600485391
0.999991957362698
0.999991480583212
0.9999909217022835
0.999991214847934
0.9999916994420435
0.9999913386053674
0.999990660885067
0.99999078682713
0.9999912507877469
0.9999910563910309
0.9999903843057071
0.9999903463236086
0.9999908687475881
0.9999908064721432
0.9999900902499106
0.9999899174876156
0.9999904278656083
0.9999905359153382
0.9999898658369359
0.9999895638959565
0.9999900072378167
0.9999902028953072
0.9999896328632467
0.9999892015641603
0.999989573738148
0.9999899267394466
0.9999894066651139
0.9999888508036836
0.9999891507530433
0.9999896190817187
0.9999892373187289
0.9999886093614518
0.9999887693546111
0.9999892657879826
0.9999890457342874
0.9999883082410045
0.9999882227277371
0.9999887764211406
0.9999886914878667
0.9999879268534628
0.9999877566551413
0.9999883020535999
0.999988421680229
0.9999877305178702
0.9999874347502652
0.9999879103174656
0.9999881612993443
0.9999875488000771
0.9999871054306688
0.9999875177713712
0.9999878589625232
0.9999873559582133
0.9999868111100556
0.9999870814513208
0.9999875895589873
0.9999872378455185
0.9999865900176189
0.9999867129835898
0.9999872670513883
0.9999870609916078
0.9999863328709458
0.9999863349653901
0.9999869650726185
0.999986875738705
0.9999861637006222
0.9999859282106739
0.9999864957031055
0.9999865780356917
0.9999859240409855
0.9999856113109854
0.9999860755842732
0.9999863687365643
0.9999857574353607
0.9999853199208212
0.9999857024329442
0.9999860542792083
0.999985529299519
0.9999849733269892
0.9999852240923691
0.9999857464295601
0.9999853544152615
0.9999847082789425
0.9999849048292758
0.9999854128869591
0.999985218902338
0.9999845446218376
0.9999845820011979
0.999985153567253
0.9999850998647435
0.9999843549243251
0.999984248205668
0.9999848199154877
0.9999849016494845
0.9999842033955186
0.9999839106579306
0.9999844430079134
0.9999846533513329
0.9999840577029114
0.9999835812858595
0.9999840329753374
0.9999844272261131
0.9999839783142344
0.9999834555627161
0.999983716102
0.9999841467620048
0.9999837830878242
0.9999831531191642
0.9999833811309751
0.9999839075212563
0.9999837063839524
0.9999830157957765
0.9999829253139862
0.9999834959278591
0.9999834266645908
0.9999826701317358
0.9999825396231996
0.999983040653247
0.9999832073451033
0.999982436193516
0.9999820992200671
0.9999826254987686
0.9999828016316037
0.9999821524568117
0.9999817655663387
0.9999821551984819
0.9999825453520584
0.9999820626965025
0.9999815211542589
0.99998176780386
0.9999822481584046
0.9999819228347989
0.9999812315696274
0.999981291502359
0.9999817851238091
0.9999815423673782
0.9999808194844382
0.9999808093963953
0.9999812752128396
0.999981188255463
0.9999805110886028
0.9999803692661111
0.9999809507146047
0.9999810473803726
0.9999803858096715
0.9999800520435728
0.9999804969572044
0.9999806966666487
0.9999800977603214
0.9999796633740906
0.9999800894320061
0.9999804090542433
0.9999799302314718
0.9999793015243328
0.9999795520695165
0.9999800746270007
0.9999797061143395
0.9999790312659363
0.9999791871807454
0.9999796798469375
0.9999794522485599
0.9999787776998146
0.9999787969557368
0.999979339200173
0.9999792801950915
0.9999785530810056
0.9999783143384866
0.9999788051824963
0.9999789333438381
0.9999782085572937
0.9999778661570611
0.9999783456745072
0.9999785500260886
0.9999779211504086
0.9999774072792758
0.9999777975110309
0.999978134545091
0.9999775644014177
0.9999769879281153
0.9999772850191525
0.9999777980636894
0.9999774463163081
0.9999767949244442
0.9999769765199545
0.9999775128723762
0.999977376378847
0.9999766772229814
0.9999766365550646
0.9999771561409978
0.9999770680372521
0.9999763727042601
0.9999762620261214
0.9999768118186168
0.9999769402403016
0.9999762500745409
0.9999759431992857
0.9999763976810739
0.9999766513397514
0.999975969544887
0.9999755964849737
0.999976003187717
0.9999763584428211
0.9999759222632099
0.9999754197943446
0.9999758001867278
0.9999762992799897
0.9999759197781758
0.9999752274502163
0.9999753458269777
0.9999758953648545
0.9999756978663669
0.9999750112607303
0.9999749714561788
0.9999755579972408
0.9999754882239533
0.9999747780593017
0.999974558168139
0.9999750566073969
0.9999751716736142
0.9999745022758519
0.9999741341401193
0.9999746590647555
0.9999749718016268
0.999974346238939
0.9999738461507207
0.9999742743200019
0.9999746279480863
0.9999741867919554
0.9999736851631358
0.9999740288475669
0.9999745282919501
0.9999741648424532
0.9999735543299176
0.9999736712516964
0.9999742542650186
0.9999740122402906
0.9999732690035097
0.9999732390347502
0.9999738256815885
0.999973808876949
0.999973133595809
0.9999729921060773
0.9999735559340762
0.9999735763980011
0.9999728066697062
0.9999725338852002
0.9999729186000714
0.99997313281742
0.9999724548271013
0.9999719752357521
0.999972432880116
0.9999728204422144
0.9999722383079834
0.999971667480519
0.9999719181762787
0.9999723347097635
0.999972002895192
0.9999713585741442
0.9999715187611389
0.9999720447759403
0.9999718662970986
0.9999711901982647
0.9999711035741881
0.9999716483620358
0.9999715656511992
0.9999708539525846
0.9999707368284563
0.9999712521086291
0.9999713980498067
0.9999706693477849
0.9999703375781139
0.999970884484808
0.9999711075543662
0.9999705527456214
0.9999701108071356
0.9999705146527429
0.9999708576155951
0.9999703285573132
0.9999697423511815
0.9999700263482749
0.9999704450702427
0.9999700417396535
0.9999693488066975
0.9999693913991612
0.999969923374227
0.999969685554922
0.9999689214629917
0.9999689193897779
0.9999693061748406
0.9999692540639545
0.9999686243401557
0.9999684585105088
0.999969020229348
0.9999690909089288
0.9999683802331857
0.9999680793312631
0.999968482594354
0.9999687708954731
0.9999681544027647
0.9999676718917458
0.9999680895540798
0.9999684922304896
0.9999681243254304
0.9999675582510184
0.9999677683505239
0.9999682864135383
0.9999681147375733
0.9999674825950001
0.9999676054384027
0.9999681465740524
0.9999679771466536
0.9999672549241967
0.9999673611543348
0.9999679446634957
0.9999679214778615
0.9999671743036044
0.9999669300532692
0.9999675282919573
0.9999676648032365
0.9999669710320187
0.9999665882423797
0.9999670415473731
0.9999674075730638
0.9999667197768345
0.9999662035273855
0.9999666084561954
0.9999668939515413
0.9999663903230823
0.9999657871423907
0.9999661551550506
0.9999666573737865
0.9999662886513833
0.9999656659655883
0.9999657502827124
0.9999662333694916
0.999966058002599
0.999965369085511
0.9999653379050235
0.9999658811354984
0.9999658936173874
0.999965146713305
0.9999650531636891
0.9999655794415859
0.9999656705069431
0.9999650460191108
0.9999648319336112
0.9999652723528635
0.9999656180457694
0.9999649943795665
0.9999645570352202
0.9999650150509427
0.9999654296010243
0.9999648314924077
0.9999642031342904
0.9999644598245105
0.9999649428722668
0.999964611728878
0.999964029179159
0.9999642072446413
0.9999646940287694
0.9999645365561426
0.9999637851067938
0.9999636697213159
0.9999641419078885
0.9999641406959885
0.9999633518412414
0.9999631367091059
0.9999636376540348
0.9999637219944457
0.9999630038705601
0.999962698047099
0.9999631810312712
