0.9999998889693001
0.9999995502551396
0.9999996057877466
0.9999998734050976
0.9999994967398476
0.9999997162744263
0.9999998086879592
0.999999460817023
0.9999998038242247
0.9999997068720102
0.9999994323742103
0.999999812063734
0.9999995913861726
0.9999993966933274
0.9999997929063038
0.9999995318320196
0.9999994011315508
0.9999997831932768
0.9999994668283783
0.9999993827415167
0.999999700465106
0.9999993119113894
0.9999993458796704
0.9999995692492584
0.9999991710100092
0.9999993722368983
0.9999994532462199
0.9999990732612882
0.999999373492898
0.9999992540487109
0.9999989204174898
0.9999992448817692
0.9999990006648195
0.9999987550603356
0.9999991127685696
0.9999988145235007
0.9999986523647154
0.9999989868675051
0.9999986129109584
0.9999985133640366
0.9999987970112193
0.9999983692866349
0.9999983853503885
0.9999985538539422
0.9999981133304693
0.9999982822766974
0.9999983485113038
0.9999979147909835
0.9999981556944149
0.9999980415428478
0.9999976759208304
0.9999979840334384
0.999997745409911
0.9999974696667728
0.9999977996922846
0.999997494512599
0.9999972920181183
0.9999976003487735
0.9999971987529965
0.9999971303606231
0.9999973763009429
0.9999969379769331
0.9999969681770279
0.9999971169017835
0.999996663606349
0.999996798906252
0.9999968391805523
0.9999964363774642
0.9999966438011312
0.9999965311666154
0.999996146810502
0.9999964701179028
0.9999962418710334
0.9999959700812836
0.9999962836374153
0.9999959869920851
0.9999957843443972
0.9999960708853992
0.9999956554961329
0.9999955400295197
0.9999957719844685
0.9999953176601853
0.9999953274549428
0.9999954861855102
0.9999950704077574
0.9999952336866266
0.99999525722346
0.9999948063222472
0.9999950222276055
0.9999949077375092
0.9999945192403482
0.9999948055159154
0.9999945905103036
0.9999942784278261
0.9999945825250327
0.9999942842318247
0.9999941218882716
0.9999944220064554
0.999994054607359
0.9999939953130328
0.9999942290619753
0.9999937879661878
0.9999938181842846
0.9999939625316525
0.9999934789633742
0.999993648996366
0.9999936654958406
0.999993243294782
0.9999934728168921
0.9999933854179601
0.9999929879432318
0.9999933006759263
0.9999930626286674
0.9999927272712528
0.9999930440996198
0.9999927094905579
0.9999924728295605
0.9999927544815189
0.9999923663220509
0.9999922879927736
0.9999925080608126
0.999992082808899
0.9999921179291172
0.9999922890712516
0.9999918306991166
0.999991996676671
0.9999920084694197
0.9999915397581628
0.9999917834417622
0.999991665556607
0.9999913057071762
0.9999915572245276
0.9999913023437097
0.9999910381354776
0.9999913375499531
0.9999910195649415
0.9999908623300608
0.999991146352663
0.9999907699699842
0.9999906935837816
0.9999909269777741
0.9999905315842996
0.9999906116903017
0.9999908020927822
0.9999903355053515
0.9999905023728323
0.9999904963629137
0.9999900795531569
0.9999903926693764
0.9999902314822832
0.9999898427229642
0.999990162587654
0.9999899078296105
0.9999895992471088
0.9999899324197329
0.9999896275761665
0.9999894894707166
0.9999897631896068
0.9999893654618613
0.9999893156690668
0.9999895122857588
0.9999891033447276
0.9999891065028945
0.9999892349066595
0.999988761691982
0.9999888807160792
0.9999889130514312
0.999988465419852
0.9999887314899221
0.9999886432943584
0.999988238355266
0.9999884938995935
0.9999882916267401
0.9999880161073225
0.9999883261750169
0.9999880781227016
0.9999878546865295
0.9999881297861924
0.9999877697280076
0.9999877390915792
0.999988008181815
0.9999875506365902
0.9999875807424545
0.9999877342757574
0.9999872811206709
0.9999874299394539
0.9999874398406379
0.9999870570930051
0.9999872922373094
0.9999871863835812
0.9999867998125626
0.9999870355539839
0.9999868416855872
0.9999865929226366
0.999986935387798
0.9999866394209993
0.9999864106252618
0.9999867128299452
0.9999863215789841
0.9999862527651198
0.9999864922806329
0.9999860312398201
0.9999860692167832
0.9999862542829714
0.9999857815387094
0.9999859232899714
0.9999859026863388
0.9999854726049342
0.999985670132308
0.9999855636665868
0.9999852038799555
0.9999854703389524
0.9999852630663697
0.9999850073057789
0.9999853425852656
0.999985002294293
0.9999847907425286
0.99998507524024
0.9999846594028995
0.9999845464088987
0.999984745924685
0.9999842552108774
0.9999842820282584
0.9999844060472668
0.999983967008397
0.9999841233829757
0.9999841783225348
0.9999837469155042
0.9999840247670274
0.9999839225172302
0.9999836229956001
0.9999839204551576
0.9999836831932003
0.9999833867374295
0.9999837233274079
0.9999833657027691
0.999983129058018
0.9999834438128358
0.999983050091146
0.9999829885315554
0.999983201161964
0.9999827361642109
0.9999827895217546
0.9999829277501757
0.999982511643882
0.9999827334471563
0.9999827456876813
0.9999823175678013
0.9999825518547143
0.9999823685752852
0.9999820031739278
0.9999823185818357
0.9999821677373039
0.9999818696981021
0.9999822325002767
0.999981890177278
0.9999817351821948
0.9999820645036349
0.9999817304929435
0.9999815911584704
0.9999818644305054
0.9999814347510055
0.9999814415809348
0.9999816343331788
0.9999811727763231
0.9999813291856141
0.9999813816896866
0.9999809251634317
0.9999811795393043
0.9999810585655274
0.999980661661196
0.9999809602563771
0.9999807697167812
0.9999805403214918
0.9999808265920523
0.9999804045391686
0.999980244354614
0.9999805776892848
0.9999801520281707
0.9999800959647327
0.9999803107218599
0.9999798918174613
0.9999798969520206
0.9999799695122461
0.9999794326862385
0.9999796126614465
0.9999796532440195
0.9999792274741589
0.9999794267908231
0.9999792958272736
0.9999788831751372
0.9999792159783875
0.9999790196684716
0.9999786397922091
0.9999789302851723
0.9999785123423539
0.999978274471199
0.9999785247511376
0.9999780645737562
0.9999780402137316
0.9999782358771403
0.9999777915380146
0.9999778508426506
0.9999780171849924
0.9999775065370056
0.999977715625088
0.9999777722328943
0.9999773125254953
0.9999775808832241
0.9999775154650824
0.9999770540899293
0.9999773246513981
0.9999770504013049
0.9999767900487897
0.9999770612840571
0.9999767555607089
0.9999765927958052
0.9999768609519435
0.999976553163041
0.9999764824359587
0.9999766429315692
0.9999762191896249
0.9999762099293589
0.999976317998937
0.9999759163091587
0.9999761347504281
0.9999762137603273
0.999975794137373
0.9999760789648997
0.9999759767919628
0.9999755812106055
0.9999759231941466
0.9999757186806852
0.9999754298185018
0.9999757418008167
0.9999754160907085
0.99997530738549
0.9999756419920452
0.999975207714887
0.9999751317724044
0.9999753655549976
0.9999749067661858
0.9999749505887887
0.9999751370082733
0.999974641029989
0.9999748456394378
0.9999748644544806
0.9999743886661814
0.9999746672887443
0.9999746116032167
0.9999742386575428
0.999974551524565
0.9999743331379034
0.9999739646943351
0.9999742440602193
0.9999739087539153
0.9999737525355044
0.9999739947117949
0.9999735907369266
0.9999734603635166
0.9999737136406717
0.9999733024561743
0.9999733292288748
0.9999734766751697
0.9999730769142327
0.9999731876216558
0.9999732120831405
0.9999727793378265
0.9999729723575974
0.9999728478544241
0.9999724880438071
0.9999727005569506
0.999972460575525
0.9999721029445668
0.9999723541227874
0.9999719957318707
0.999971810278832
0.9999722382801013
0.9999717815057093
0.9999717349111558
0.9999720262497117
0.9999715821951156
0.9999715192093169
0.9999717046846511
0.9999712699890596
0.9999715235296452
0.9999716103042773
0.9999711475052427
0.9999713841265554
0.9999712497050224
0.9999708779971441
0.9999712761621283
0.9999711038481705
0.9999708384692413
0.999971185301442
0.9999707892219315
0.9999705918205973
0.9999708583249433
0.9999704439625025
0.9999703545426044
0.9999705907019754
0.9999702368946718
0.9999702676484971
0.999970364312101
0.9999699059225854
0.9999700688233766
0.9999700980228404
0.999969688059836
0.9999699880142274
0.9999698555424453
0.9999695258156787
0.9999697676899744
0.9999695222186372
0.9999692318821236
0.9999695703400451
0.9999692494004973
0.9999690997129126
0.9999693790153666
0.9999690622232262
0.9999689407440671
0.9999690813413439
0.9999686657437753
0.9999686761162635
0.9999688283603563
0.999968237055664
0.9999683875136105
0.9999684504739643
0.9999679385282875
0.9999681566330189
0.9999680434201217
0.9999676076094685
0.9999678384583806
0.9999676326203267
0.9999673420201346
0.9999675912205106
0.9999672410056344
0.9999671017260782
0.9999673684279476
0.9999669823806555
0.99996688773738
0.999967054039399
0.9999665324471846
0.9999665958260174
0.9999667346222871
0.99996629769909
0.9999664187392954
0.9999664761277252
0.9999660222776625
0.9999661880075538
0.9999659959558042
0.9999655484277825
0.9999658767947197
0.9999656360205164
0.9999652938324485
0.9999655773108289
0.9999652192062838
0.9999649940543671
0.9999653776518087
0.9999650281200853
0.9999649541908617
0.9999651350283487
0.9999647232974859
0.9999648521672858
0.9999650963241157
0.9999645282918438
0.9999646614156356
0.9999647510619395
0.9999642730994008
0.999964482572444
0.9999643654599829
0.999964053242849
0.9999644576273888
0.999964238879629
0.9999639330037308
0.9999642091608706
0.9999638053768263
0.9999636164326219
0.9999639059627043
0.9999635476967599
0.9999634479956598
0.999963713160178
0.9999631482845582
0.9999632244517173
0.9999633326570513
0.9999628722561226
0.9999630951076027
0.9999631059722205
0.9999626776311976
0.9999629341670734
0.9999628826762545
0.9999624857708765
0.9999628162740702
0.9999626113838674
0.999962385086261
0.9999627348373716
0.9999625053920951
0.9999623351711598
0.9999626381490453
0.999962210446009
0.9999621002854603
