0.9999991845442181
0.9999986524209056
0.9999973974936879
0.9999961294894535
0.9999954949648913
0.9999958065808026
0.9999969174302544
0.9999982417306399
0.9999990328681265
0.9999988506679529
0.9999978602904104
0.9999967232439072
0.9999961816110781
0.9999966273465982
0.9999978237333784
0.9999989362470805
0.9999991347151049
0.9999982789101537
0.9999969689815834
0.9999960319588098
0.9999960135583746
0.9999968740122054
0.999998029090309
0.9999987129842451
0.9999984674420627
0.9999974325052049
0.9999961948048189
0.9999954164423657
0.9999955447772164
0.9999965163882621
0.9999977887243621
0.9999985515891654
0.9999982411241581
0.999997112005384
0.9999958919491035
0.999995354007353
0.999995821457319
0.9999969863929261
0.9999979802998518
0.9999980863170694
0.9999971619430094
0.9999957828759133
0.9999947305854571
0.9999945517718614
0.9999953003621282
0.9999965304226613
0.9999974313881689
0.999997407688249
0.9999964568736468
0.9999951520348468
0.9999942555841463
0.9999942655634515
0.9999951619952102
0.99999639699497
0.9999970400203119
0.9999966480127092
0.9999954772588505
0.9999941859891087
0.9999935955848211
0.9999939954574498
0.9999950908495916
0.9999961319339665
0.9999964024534436
0.9999956481959656
0.9999943372805343
0.9999932322287803
0.9999929197805505
0.9999935610845052
0.9999947683278747
0.9999957219608356
0.999995717711442
0.9999947727416981
0.9999934298202242
0.999992471106456
0.9999924509002835
0.9999933319069529
0.999994520489556
0.9999951797313305
0.9999948500463911
0.9999936626124551
0.9999923692285759
0.9999916832131729
0.9999919760004811
0.9999930090072453
0.9999941184920992
0.9999945171047113
0.9999938974674644
0.9999926164213693
0.9999914907892186
0.9999911242859705
0.999991682931624
0.9999928363735158
0.9999938310160595
0.9999939061585564
0.9999930435321104
0.9999916954920313
0.9999906652639244
0.9999905475600185
0.9999913893036184
0.9999925655984606
0.9999933479245664
0.9999930777832292
0.9999919589609263
0.999990683940869
0.9999899377628813
0.9999901306073425
0.9999911496641418
0.9999923089177293
0.9999928229348447
0.9999922786629402
0.9999910104025305
0.9999897753591901
0.9999893213502691
0.9999898060466266
0.9999909474444615
0.9999919757769791
0.9999921073564464
0.999991295947563
0.9999899688372723
0.9999889508890798
0.999988800458973
0.9999895393496467
0.9999907182514581
0.9999915511513566
0.9999913886865842
0.9999903229763488
0.9999890263435409
0.999988248291255
0.9999883580318911
0.9999893226658285
0.9999904595050059
0.9999910138367559
0.9999905426977255
0.9999893480576729
0.999988093229802
0.9999875611343088
0.9999880149859822
0.9999891423132539
0.9999901923321289
0.9999903959785892
0.9999896033172813
0.9999882530969046
0.9999870997802358
0.9999868134565264
0.9999875450443999
0.9999887454847408
0.9999895921615299
0.9999895115633609
0.9999885032092339
0.9999871965688902
0.9999863712460202
0.9999864070556954
0.9999873868603147
0.9999885675343285
0.9999891909959915
0.9999887787343842
0.9999876137421416
0.9999863653664474
0.9999857233760497
0.9999860931624661
0.9999871909387265
0.9999882634564488
0.999988583051257
0.9999878490574305
0.9999865407599323
0.9999854119932542
0.9999851053879283
0.9999857910285354
0.9999869869888754
0.9999879008892523
0.9999878994581425
0.9999869879796462
0.9999856408799069
0.9999847247619447
0.999984728236863
0.9999856209030091
0.9999868135810791
0.9999875019246108
0.9999871820914036
0.9999860254934811
0.9999847127868172
0.9999840236392654
0.9999843189884638
0.999985413289241
0.9999865132776551
0.9999868911272469
0.9999862452632128
0.9999849645493374
0.999983739648225
0.999983345175323
0.999983891752982
0.9999851265980818
0.9999861197115197
0.9999861608534433
0.9999851920711055
0.9999838846251442
0.9999828665802927
0.9999827363295893
0.9999835830389983
0.9999847914842035
0.9999855932059373
0.999985348164132
0.9999841831868906
0.9999829315395156
0.9999821834056
0.9999823241089275
0.9999833180424905
0.9999845034073621
0.9999849891281827
0.999984360618879
0.9999831606032521
0.9999819253004345
0.9999814890855543
0.9999819841582522
0.999983150644706
0.9999842022299051
0.9999843455221324
0.9999834725987755
0.9999821837271515
0.9999811654708799
0.9999809502491178
0.9999816909167973
0.9999828780867973
0.9999837044327856
0.9999835649009016
0.9999824785287821
0.9999811305390229
0.9999803141442475
0.9999804090092794
0.9999813657511842
0.9999825335861395
0.9999830500501559
0.9999825736241544
0.9999813428110395
0.9999800763222048
0.9999795146382856
0.9999799186910515
0.9999810649425167
0.9999821123668522
0.9999823841772113
0.9999816236060608
0.9999803026725279
0.9999792238910733
0.9999789686674277
0.999979723012601
0.9999809149418105
0.9999817944529613
0.9999817897771263
0.9999807552821327
0.9999793960944283
0.9999785042634609
0.9999785424914074
0.9999794148833229
0.9999806596773154
0.9999812657555678
0.9999807744780944
0.999979538358752
0.9999782849589007
0.9999776327514651
0.999978041521188
0.9999791384193586
0.9999802161422169
0.9999805419652135
0.9999797817284873
0.999978524645296
0.9999774485757743
0.9999771221000957
0.9999777119756004
0.9999788500507139
0.9999797420142538
0.9999797278930942
0.9999788260207791
0.9999775261070043
0.9999765833940119
0.9999766221968084
0.9999775114830441
0.9999786232059094
0.9999793423976264
0.9999790208728745
0.9999778803553052
0.9999766592992569
0.9999759696371495
0.9999763061177733
0.9999773607526226
0.9999785349949587
0.9999788692913515
0.9999783016234716
0.9999769680401279
0.9999757974729145
0.9999754099953857
0.9999759753054926
0.9999771022881673
0.9999780256761204
0.9999782123598042
0.9999773068936907
0.9999760116275089
0.999974960233683
0.9999748638179241
0.9999757209996136
0.9999768811069126
0.9999775957973689
0.9999774086123112
0.9999762877695303
0.9999750346036164
0.9999743044849854
0.9999745529716334
0.9999755824466883
0.999976724883248
0.999977173639555
0.9999765938558351
0.9999752717112458
0.9999740898442846
0.999973475506838
0.999974004478042
0.999975216697099
0.9999762193426531
0.9999763892081148
0.9999755528061136
0.9999743052737816
0.9999731930748638
0.9999730745149666
0.9999738227652312
0.999975086881711
0.9999758176187402
0.9999756626984512
0.9999745412197754
0.9999732391256291
0.9999724888278888
0.9999725545352158
0.9999735374079647
0.9999746467351232
0.9999751561016977
0.9999746415893038
0.9999734167217849
0.999972210977791
0.9999716173490736
0.9999720934092988
0.9999732155183841
0.9999742545067702
0.999974546576187
0.9999737191404042
0.9999724121920165
0.9999713254851889
0.9999710933483645
0.9999717816013174
0.9999729612833215
0.9999738413252363
0.9999736391188466
0.9999725855181119
0.9999712636591032
0.9999703989193997
0.9999704610986212
0.9999713527967795
0.9999725579451528
0.9999731483699894
0.9999726901898067
0.9999715185454952
0.9999702770806677
0.9999696889424853
0.9999700528345399
0.9999711587836613
0.9999722275117936
0.999972579770674
0.9999718181618807
0.9999704109365826
0.9999693164323327
0.9999689043209947
0.9999695385731762
0.9999707351090497
0.9999716131701039
0.9999716223356073
0.999970792557738
0.9999694551293214
0.9999684831887832
0.9999685441960063
0.999969398557923
0.9999705860850615
0.9999713054945563
0.9999709909389575
0.9999699569490602
0.9999687555329292
0.9999680230829402
0.9999683737833402
0.9999693780943697
0.9999705719393575
0.9999709384578992
0.9999703030431417
0.9999690547814912
0.9999677809224192
0.9999673748582916
0.9999679878577172
0.9999692529229569
0.9999701761237672
0.9999703213900449
0.9999694641321566
0.9999681756337679
0.9999671482065414
0.9999671167740283
0.9999679451844086
0.9999690930598422
0.9999698806495213
0.9999696062067079
0.9999685189852202
0.9999671728757886
0.9999663733234425
0.9999665665312506
0.9999676172767947
0.9999687751638318
0.9999692378582973
0.9999686540088137
0.9999674271722027
0.9999662736687929
0.9999657827217354
0.9999663104373084
0.9999674471198239
0.9999685300984313
0.9999686490462342
0.9999677805476802
0.9999664172213015
0.9999653563852624
0.9999652127787658
0.9999659899452962
0.9999672068806646
0.999968038299655
0.9999678503940355
0.9999667553076544
0.9999653863511653
0.9999645304897353
0.9999646754104692
0.9999656435698483
0.9999668736045584
0.999967388557829
0.9999668824172734
0.9999655470954119
0.9999642785377957
0.9999637467862127
0.9999640333976558
0.9999650812377121
0.9999660701040013
0.999966313461875
0.999965549784014
0.9999641480881676
0.9999630030659772
0.9999628119413486
0.9999635391102929
0.9999647690518727
0.9999655927049723
0.9999654924760326
0.9999644173394138
0.9999631166810147
0.9999621093026467
0.9999621569870655
0.9999631078842075
0.9999642100687334
0.9999647586056216
0.9999642853980071
0.9999630866600712
0.9999618256338194
0.999961090847202
0.9999614438269918
0.9999624786522316
0.9999636653985697
0.999963945694704
0.9999632468268161
0.9999619964661766
0.9999608909070447
0.9999606012119691
0.9999612403151111
0.9999625731657857
0.9999635358233195
0.9999635028831801
0.9999625321849995
0.9999611155562368
0.9999601392679843
0.9999600625516871
0.9999609661166886
0.9999622215763622
0.9999628442916636
0.999962434150072
0.9999611918675647
0.9999598883115969
0.9999592274011568
0.9999595042618074
0.9999604755177166
0.9999615589194109
0.9999620063297603
0.9999613579232168
0.9999601283816092
0.9999590128143087
0.9999585618072138
0.9999591443009327
0.9999603757722775
0.9999613447344843
0.9999613378482858
0.9999604955415712
0.9999591807944339
0.9999582318032721
0.9999580182476956
0.9999587690620421
0.999959983522835
