0.9999995250091596
0.9999990461336137
0.9999980654704554
0.9999976535542884
0.9999982766812711
0.9999992290468125
0.9999995278708115
0.9999988598071835
0.9999979115609504
0.9999977639593919
0.9999985687671675
0.9999994118902541
0.9999994221047975
0.9999985603747297
0.9999977229872273
0.9999978436565025
0.9999987498036469
0.9999994666800417
0.9999992881803709
0.999998349569617
0.9999975896006037
0.9999978099078976
0.9999987403738079
0.9999994414370457
0.9999992630975637
0.9999983382017975
0.9999975665787761
0.9999977561338331
0.9999986860241005
0.9999994300063316
0.9999993022396831
0.9999984005003378
0.9999976291560907
0.9999978334055248
0.9999987744245401
0.9999994768253759
0.999999257632604
0.9999983127705275
0.9999976566748017
0.9999980422311442
0.9999990104973597
0.9999995287160611
0.99999906374863
0.9999980728357333
0.9999976608185752
0.9999982867528009
0.9999992181273172
0.9999994835778606
0.999998792920799
0.9999978263134481
0.9999976289656686
0.9999983846111861
0.9999992617769095
0.9999993960644454
0.9999986311289901
0.9999976877589976
0.999997546771048
0.9999983299146823
0.9999992189135728
0.9999993833273882
0.9999986513735171
0.9999977069133972
0.999997535430015
0.9999983049004224
0.9999992117330003
0.9999993928848535
0.9999986577652623
0.9999977290148435
0.9999976174610585
0.9999984335688573
0.9999992894896251
0.99999932713413
0.9999984862370108
0.9999976496566814
0.9999977736337387
0.9999986902546425
0.9999993937018345
0.9999991630299074
0.999998204321166
0.9999975469198454
0.9999979272907484
0.9999988796544615
0.9999993912169335
0.999998940958032
0.9999979334320109
0.9999974122235944
0.9999979224281943
0.9999988769634541
0.999999321599007
0.9999988236650459
0.9999978237896155
0.9999973331526628
0.9999978603955546
0.9999988289256853
0.9999993036849352
0.9999988393971297
0.9999978475235947
0.9999973450535727
0.9999978654746589
0.9999988329583286
0.9999992756605002
0.9999987586879459
0.9999977639745389
0.9999973647142185
0.9999980013809062
0.9999989410325428
0.999999218235395
0.9999985413023055
0.9999975903536364
0.9999974354098895
0.9999982300876569
0.9999990781127461
0.9999991021031774
0.9999982493511962
0.9999973882828694
0.9999974625477114
0.9999983452966026
0.9999990730214462
0.9999989165777005
0.9999979842832445
0.999997192116081
0.999997378333287
0.9999982955349446
0.9999990015492332
0.9999988279469506
0.9999979016154538
0.9999971304698848
0.9999973289185387
0.9999982613739918
0.9999989778478822
0.9999988074459566
0.9999978788867623
0.9999971199942033
0.9999973568533584
0.999998293030395
0.999998950763069
0.9999986758679479
0.9999977045726937
0.9999970638919431
0.9999974621191949
0.9999984189182158
0.9999989226627284
0.9999984519233264
0.9999974536327096
0.99999702364987
0.9999976200676883
0.99999855542212
0.9999988507893778
0.9999981810732599
0.9999971947807182
0.9999969326474359
0.9999976538451795
0.9999985420768914
0.9999987068867515
0.9999979554626187
0.9999969895018744
0.9999968184409112
0.9999975847170846
0.9999984655236366
0.9999986147072112
0.999997867646127
0.9999969242812325
0.9999967712775695
0.999997551565382
0.9999984230909625
0.9999985465534609
0.9999977670498897
0.9999968482422573
0.9999967787550832
0.9999976090438052
0.9999984367719728
0.9999984193641399
0.9999975481980704
0.9999967171377594
0.9999968481032031
0.9999977577712607
0.9999984580077176
0.9999982365040355
0.9999972751692101
0.9999965801647668
0.999996914155404
0.999997858109304
0.9999984129324657
0.9999980058044419
0.9999969973784077
0.9999964158142354
0.999996880761836
0.9999978314458609
0.9999982991375775
0.9999978241266986
0.9999968135118673
0.9999963035030345
0.9999968231508262
0.999997779759721
0.9999982321775227
0.9999977279218838
0.9999967195758644
0.9999962555706838
0.9999968153171725
0.9999977569425812
0.9999981316889255
0.9999975566506342
0.99999656269027
0.9999962131164333
0.999996864744855
0.9999977904817988
0.9999980221028408
0.9999973116404249
0.9999963478410736
0.9999961807660859
0.9999969547076771
0.9999977948744506
0.9999978528623885
0.9999970044757335
0.9999961099506353
0.9999961236786534
0.9999969864333476
0.9999977526616928
0.9999976574924826
0.9999967499033541
0.9999959175915196
0.9999960553797791
0.9999969559225241
0.9999976630371493
0.9999974946253942
0.9999965651730238
0.9999957859877705
0.9999959817917465
0.9999968986247864
0.9999975773442766
0.9999973599084496
0.9999964034350938
0.9999956829922515
0.9999959647731999
0.9999968921748844
0.9999975036744125
0.999997173612878
0.9999961757730783
0.9999955566204115
0.9999959758120961
0.9999969266697131
0.9999974069123214
0.9999969224631045
0.9999959290630285
0.9999954635298083
0.9999960437883265
0.9999969665996781
0.9999973075797388
0.9999966836696182
0.9999956821130594
0.9999953569750306
0.9999960371670108
0.9999969381229528
0.999997145423498
0.9999964253603355
0.9999954573568232
0.9999952386740808
0.9999959769943191
0.9999968603704971
0.9999970229527534
0.9999962572445791
0.9999952898597556
0.9999951588860592
0.9999959492166469
0.9999967966680889
0.9999968475547534
0.9999960231659638
0.9999951186375082
0.999995087792802
0.9999959372336941
0.999996719864994
0.9999966547174436
0.9999957577896965
0.9999949341057919
0.9999950731233629
0.9999959775484439
0.999996684419518
0.9999964761734609
0.9999955214036309
0.9999948106120007
0.9999951117420008
0.9999960426324072
0.9999966306335619
0.9999962752306106
0.9999952694747416
0.9999946445949632
0.9999950507464215
0.9999959979092788
0.9999964806058587
0.9999960144416529
0.9999949952959968
0.999994470416808
0.9999949624700377
0.9999959059512188
0.9999963396760645
0.9999957979567683
0.9999947824695888
0.9999943412144658
0.9999949280720629
0.9999958737667699
0.999996212131685
0.9999956022792811
0.9999946021868985
0.9999942884703862
0.9999949665429888
0.9999958768580951
0.9999960903997596
0.9999953553742158
0.9999943944392946
0.9999942225401208
0.9999949970604559
0.9999958632313264
0.9999959237479564
0.9999950994085142
0.999994187616988
0.9999941593045184
0.99999500623759
0.9999957995024517
0.9999957322752859
0.9999948379219981
0.999993986504746
0.9999940958432483
0.9999949818377932
0.9999957196318255
0.9999955640610253
0.9999946414277753
0.9999938668319025
0.9999940712494161
0.9999949917572589
0.9999956543730706
0.9999953835850742
0.9999944189869344
0.9999937103643237
0.9999940240247598
0.9999949479354653
0.9999955258805551
0.9999951542530809
0.9999941592337057
0.999993565761062
0.9999940127899103
0.9999949635005607
0.9999954343527402
0.9999949429079847
0.9999939226694479
0.9999934324068469
0.9999939768753313
0.9999949033617628
0.9999952619590028
0.9999946548643236
0.9999936409633969
0.9999932932256981
0.9999939523019679
0.9999948573295414
0.9999951013445714
0.9999943891592876
0.9999933996498301
0.9999931714362155
0.999993908168452
0.9999947821147692
0.9999949130372958
0.9999941474166756
0.9999931996126543
0.9999930975448633
0.9999938932048839
0.99999472059174
0.9999947626092761
0.999993936015359
0.9999930342178751
0.9999930363848732
0.9999938968257319
0.9999946743319422
0.9999945826540853
0.9999936652443564
0.9999928471028124
0.9999929722462505
0.9999938661139521
0.999994566917488
0.9999943459050148
0.9999933817079928
0.9999926483736444
0.9999929287161259
0.9999938480777212
0.9999944487185646
0.9999941048640899
0.9999931204483306
0.9999924890996345
0.9999928857010781
0.999993822903406
0.9999943250027911
0.999993880423078
0.9999928650007869
0.9999923210569627
0.9999928197430494
0.9999937622125794
0.9999941813835775
0.9999936523537928
0.9999926507953487
0.9999922172144413
0.9999928200983544
0.9999937635921006
0.9999940773682876
0.999993437974062
0.9999924292397034
0.9999921207331878
0.9999928175548922
0.9999937230133888
0.9999939165066679
0.9999931746399755
0.9999922245804688
0.9999920435609934
0.9999928055280569
0.9999936647517408
0.999993749335863
0.9999929400077245
0.9999920048502623
0.999991972824111
0.999992811343396
0.9999935976546035
0.9999935670873707
0.999992685066378
0.9999918242859707
0.9999919249634593
0.9999927999584264
0.9999935264339362
0.9999933876149198
0.9999924474214933
0.9999916489705991
0.9999918628414728
0.9999927873994348
0.9999934708932874
0.9999932114339942
0.9999922486556609
0.9999915639369654
0.999991893631527
0.9999928382944504
0.9999933896641817
0.9999930182649386
0.999992006028545
0.9999914282578705
0.9999918794359953
0.9999928334344255
0.9999932990632833
0.99999279492164
0.9999918038536404
0.9999913294840833
0.9999918818296084
0.9999928186043311
0.9999931812679153
0.9999925973996294
0.9999915763868806
0.9999912131878428
0.9999918584146785
0.9999927659835903
0.9999930233128445
0.9999923304602016
0.9999913503795437
0.9999911318418424
0.9999918713873369
0.9999927524593688
0.9999929004139796
0.9999921309696023
0.9999911882817275
0.9999910823579029
0.9999918710813013
0.9999927028157684
0.999992720938558
0.9999918867585426
0.9999910004653033
0.9999910321200006
0.9999919102639586
0.999992674644225
0.9999925799510536
0.9999916654036236
0.9999908295889632
0.9999909778509402
0.9999918911232051
0.9999925982275286
0.9999923925737357
0.9999914298391833
0.9999906996343456
0.9999909580636779
0.9999918807177803
0.9999924885203562
0.999992149708028
0.9999911978422875
0.9999905782154103
0.9999909727520585
0.999991919579527
0.9999924503902441
0.999992036750101
0.999991024571426
0.9999904854417795
0.999990978711698
0.9999919330007887
0.9999923595075979
0.9999918300184666
0.9999908214638055
0.9999903878560733
0.9999910040570015
0.9999919267641528
