0.9999999499913852
0.9999997580949781
0.9999999464765652
0.999999769514221
0.9999999298605218
0.9999997901290588
0.9999999008804721
0.9999998154232617
0.9999998603425073
0.9999998288355044
0.9999998067940444
0.9999998206116786
0.9999997526161765
0.999999809847811
0.9999997194872604
0.9999998124761947
0.9999996984030761
0.9999998093255037
0.9999996598034085
0.9999997757374115
0.9999995805935142
0.9999997083557707
0.9999994915968372
0.9999996516388933
0.9999994373111105
0.9999996118558612
0.9999994071296636
0.9999995497927399
0.9999993556129125
0.9999994418855199
0.9999992662879705
0.9999993043100688
0.9999991645939643
0.9999991742597212
0.9999990842467883
0.9999990682599917
0.9999990174171173
0.9999989641758338
0.9999989344028608
0.9999988076374473
0.9999988130235713
0.9999986535509293
0.9999986972039884
0.9999984945342998
0.9999985904604997
0.9999983657667604
0.9999985051423989
0.9999982659053479
0.9999983975840733
0.9999981338352034
0.9999982589877532
0.999997976783185
0.9999981065804925
0.99999788491735
0.9999979627012648
0.999997751830592
0.9999977997449471
0.9999976173760714
0.9999976256864856
0.999997466141768
0.9999974146630637
0.9999973292596058
0.9999972398300565
0.999997206513697
0.9999970678570785
0.9999970844842899
0.9999968805217346
0.9999969163025016
0.9999966475863522
0.9999967508861337
0.9999964965561999
0.9999966090816875
0.9999963298372928
0.9999964455394351
0.9999961441905951
0.9999962609292399
0.9999960171286116
0.9999961421481628
0.9999958862468148
0.9999959712760207
0.9999957662718629
0.9999958051449968
0.9999956312126044
0.999995627632029
0.9999955121688329
0.9999954751014817
0.9999953767448485
0.9999952723758196
0.9999952387935807
0.9999951215648947
0.999995087347777
0.999994915680815
0.9999949754726034
0.9999947516760928
0.999994804822039
0.9999945316342224
0.9999946440714413
0.9999943886763425
0.9999945047183235
0.9999942266074352
0.9999943555107426
0.9999940932262985
0.9999942115118359
0.9999939594706765
0.9999940080873296
0.9999937880182341
0.9999938266807499
0.9999936505212408
0.999993660835098
0.9999935187351346
0.9999935092912511
0.9999934412098624
0.9999933259613483
0.999993275349152
0.9999931119680147
0.9999931264985563
0.9999929574530609
0.9999929713629867
0.9999927129022287
0.9999927924949727
0.9999925483561516
0.9999926689352578
0.9999923720585272
0.999992512357238
0.9999922522469269
0.9999923907199678
0.999992094032139
0.9999922063048875
0.9999919718716788
0.9999920247793709
0.9999917688327702
0.999991815896776
0.9999916362157366
0.9999916152143428
0.9999915112955547
0.9999914599497756
0.9999913459811205
0.9999912922060135
0.9999912512238102
0.9999911258563323
0.9999911411351987
0.9999909792052099
0.9999910162563777
0.9999908031840463
0.9999908669609987
0.9999906063716149
0.9999907121276438
0.9999904888224256
0.9999905532769623
0.999990256926366
0.9999903770673632
0.9999901145188966
0.9999902165009883
0.9999899573893835
0.9999900183713581
0.9999897639784586
0.9999898151334967
0.9999896006069309
0.9999895565721376
0.9999893933745576
0.9999893721699844
0.9999893257978644
0.9999892750115772
0.9999892704688192
0.9999891449052052
0.9999891510121929
0.9999889934100423
0.9999890568441289
0.9999888325558345
0.9999888895434588
0.9999886160101938
0.9999886726691756
0.9999883483833182
0.999988480980273
0.9999881922528662
0.9999883270650989
0.9999880355069884
0.9999881478471083
0.9999879240764827
0.999987984009218
0.9999877799545429
0.9999877975634149
0.9999876406330115
0.9999876181757609
0.9999874981608816
0.9999874222007757
0.9999873470027607
0.9999872137286273
0.9999871519505388
0.9999870452911774
0.9999870711940081
0.9999869471706687
0.9999870586383042
0.9999868450815456
0.9999868951047906
0.9999866564980454
0.9999867327851621
0.9999864388814608
0.99998654261722
0.9999862330776969
0.9999862939885772
0.9999860467197152
0.9999861710618644
0.9999858977536533
0.9999859829995552
0.9999857391771897
0.9999857403367788
0.999985580608333
0.999985565559655
0.9999854575212522
0.9999854426644705
0.999985336563463
0.9999852091088969
0.9999852098715675
0.9999851034335664
0.9999851400516884
0.9999849769396885
0.9999850245592442
0.9999847808020734
0.9999848417792535
0.9999845945276691
0.9999846691686801
0.999984373152122
0.9999845382088761
0.9999842750402477
0.9999844254991636
0.9999841000966528
0.9999841913811985
0.9999839148411264
0.9999839208396963
0.999983710442493
0.9999837643927795
0.9999836437537085
0.9999835791219837
0.9999834688788392
0.9999834601254375
0.9999833742457676
0.9999832653153186
0.9999832336359255
0.9999830977153266
0.9999831418727023
0.999982962810302
0.9999830297419738
0.9999827675462049
0.9999828316616184
0.9999825742447069
0.9999827321521042
0.9999824596146862
0.9999826237583456
0.9999823238724938
0.9999824246092816
0.9999821360670104
0.9999821926517778
0.9999819929643007
0.9999821202380653
0.9999818769302652
0.9999819460350753
0.9999818012435285
0.9999817922373492
0.9999816648518892
0.9999816381138773
0.999981579262492
0.9999814551914685
0.9999814480679547
0.9999812807009627
0.9999813462938628
0.9999811439816889
0.9999812008324988
0.9999809906691113
0.9999810806621446
0.9999807638106477
0.9999808563972997
0.9999805938053349
0.9999807238920893
0.9999804078581558
0.9999804712319126
0.9999802046846745
0.9999803216164669
0.9999800415737149
0.99998009821778
0.9999798335263079
0.9999798664416167
0.9999796642589124
0.9999796629686025
0.9999795517685222
0.9999794876253886
0.9999794471341085
0.9999793213163117
0.999979223496123
0.9999790929504442
0.9999791048265789
0.9999789360403702
0.9999789278667457
0.9999787514737681
0.9999789044458816
0.9999786762889459
0.9999788147577606
0.9999786131101043
0.9999787253339921
0.9999784602970586
0.9999785363684784
0.9999782934841862
0.9999783959136421
0.9999781551263309
0.9999781608678594
0.9999780073167858
0.9999780755300123
0.9999779378779547
0.9999779097462013
0.9999777662783577
0.999977743675265
0.9999776576035893
0.999977631729576
0.9999775593146228
0.9999774647203248
0.9999775199461405
0.9999773176601378
0.9999773810214281
0.9999771310430092
0.9999772438425479
0.9999770111228489
0.9999771241954624
0.9999768488467392
0.9999769348708747
0.9999766700750773
0.9999767231278311
0.9999764707238294
0.9999766206440353
0.9999763866708632
0.9999763879491813
0.9999761568997676
0.9999761338670284
0.9999759175487134
0.999975863949965
0.9999756716236309
0.999975614786215
0.9999755500657208
0.9999753704477155
0.9999753692741746
0.9999752617639148
0.9999752627734354
0.9999751099085712
0.9999750746236803
0.9999747837140572
0.9999748501689577
0.9999746400143033
0.9999747655683187
0.999974495123071
0.9999746072952971
0.9999743677500362
0.9999744803345593
0.9999742381422613
0.9999743331510861
0.9999740958351531
0.999974143418194
0.9999739844103221
0.9999740352921483
0.999973832628428
0.9999738638870024
0.9999738051223125
0.9999737547220128
0.9999736751859518
0.9999735752899452
0.9999735286265906
0.9999733697285849
0.9999733989910529
0.9999732133418417
0.9999732514746802
0.9999730062359856
0.999973128476821
0.9999728629774416
0.9999729586906999
0.9999726557694861
0.9999727208763058
0.9999724714939665
0.9999726373845279
0.9999722913283349
0.9999723851246258
0.9999721659710807
0.9999721582927426
0.9999719180274622
0.9999720000768284
0.9999718504419152
0.9999718299195252
0.9999717802060959
0.9999717393228038
0.9999716575700066
0.999971554932053
0.9999715090224148
0.9999713335113601
0.9999713336256396
0.9999712041794429
0.9999712868753262
0.9999710685219926
0.9999711218911578
0.9999708773261093
0.99997105604152
0.9999707677664885
0.9999709884476838
0.9999707126154511
0.9999708077959111
0.9999705709982433
0.9999706108637759
0.9999704234096982
0.9999705155680086
0.9999702111304255
0.9999702136028669
0.9999700064439977
0.9999700122582867
0.9999699799558649
0.9999699911804217
0.9999698400303186
0.9999697201449746
0.9999696613847058
0.9999695447184878
0.9999695918151394
0.9999692830870598
0.9999692657784583
0.9999690044853451
0.9999691175592132
0.9999688215704415
0.9999689332154365
0.9999687310576416
0.9999688844129169
0.9999685428662112
0.9999686567584593
0.9999684281920141
0.9999686210019074
0.9999683698599656
0.9999684163286473
0.9999681441015172
0.9999682009583627
0.9999680355136884
0.9999681218190636
0.9999679164609843
0.9999678738881671
0.9999677426282205
0.9999676211707452
0.9999675569318145
0.9999672959958767
0.9999672142778563
0.9999669692022569
0.9999669850005248
0.9999667573718485
0.9999669580345423
0.9999666377009983
0.999966689810023
0.9999665178958211
0.9999666561162872
0.9999664331579313
0.9999665572683918
0.9999662825894917
0.9999663684541596
0.9999661462715828
0.9999661790075433
0.9999659983725047
0.9999661118458015
0.9999659171537147
0.9999659536288389
0.9999657835962733
0.999965703367022
0.9999656280895638
0.9999654838580667
0.9999654119023039
0.9999652061605562
0.9999652125475923
0.99996499660939
0.9999650551294532
0.9999648439972141
0.9999648332379195
0.9999645661417108
0.9999646724787723
0.9999645024369284
0.9999647382491261
0.9999644510240844
0.9999645537228344
0.9999642972641598
0.999964395064789
0.9999642372144856
0.9999643473293562
0.9999641060463554
0.9999642791007634
0.9999641380121818
0.9999641162352028
0.9999639456388248
0.9999639543831172
0.9999638783223359
0.9999637843284377
0.9999636973894166
0.999963642246773
0.9999636674165574
0.9999634636257965
0.9999635548594997
0.9999633245632372
0.9999633901923791
0.9999630256851005
0.9999631610912312
0.9999628777556049
0.9999629799451001
0.9999627317625579
