0.9999999301392976
0.9999996608130869
0.9999998850000001
0.9999997359229531
0.9999997698192494
0.9999998523245719
0.9999996661309627
0.9999999219038976
0.9999996440408414
0.9999998839297626
0.9999996913123513
0.9999997700816698
0.9999997585681148
0.999999658435229
0.999999822075668
0.9999995942138369
0.9999998510049528
0.9999995724674589
0.9999997984957821
0.9999995676502975
0.9999996431415796
0.9999995801603085
0.9999994553467186
0.9999996064117447
0.999999332471183
0.9999995915666078
0.9999993207345035
0.9999994813486808
0.9999993544731219
0.9999992787958738
0.9999993429872114
0.9999990737184006
0.9999992656329537
0.9999989364096372
0.9999991428053533
0.9999988957649474
0.9999989960509511
0.9999989010668349
0.9999987967037646
0.9999988712118888
0.9999985893793458
0.999998762626876
0.999998415282904
0.9999985912201951
0.9999983593010069
0.9999983766229187
0.9999983175869229
0.9999981264916629
0.9999982750886104
0.999997947731333
0.9999981401526636
0.9999978170894936
0.9999979099431011
0.9999977424087029
0.99999766114354
0.999997682407567
0.9999974253142553
0.9999975916410387
0.9999972374535909
0.9999974308583195
0.9999971161739313
0.9999971716813975
0.9999970331811987
0.99999692088598
0.999996983883118
0.9999966563986132
0.9999968506741346
0.9999964857523387
0.9999966306298324
0.9999964083909384
0.9999963859731087
0.9999963488871649
0.9999961218331933
0.9999962390851851
0.9999958961368026
0.9999961084094444
0.9999957985724366
0.9999959276366438
0.9999957328362432
0.9999956613904065
0.9999956814275223
0.9999954187092575
0.9999956277043064
0.9999952854034947
0.9999954404891327
0.999995112703231
0.999995175800119
0.9999950626999207
0.9999949393664316
0.9999950339786947
0.9999947299355707
0.9999949113400279
0.9999945605687497
0.9999946970007633
0.9999944579676808
0.9999944621544967
0.9999944096682486
0.999994226051645
0.9999943798044291
0.999994092907592
0.9999943071362448
0.9999939631869308
0.9999940569072214
0.9999938271018072
0.999993772675241
0.999993808021699
0.9999935276785811
0.9999936412949124
0.9999932857917925
0.9999934726373311
0.9999931923540089
0.999993227430647
0.9999931244846694
0.9999929786076295
0.9999930299401448
0.999992746913753
0.9999929259486823
0.9999925369185583
0.999992723590817
0.9999924932825517
0.9999925060043431
0.9999924898623609
0.999992287599584
0.9999924144342116
0.9999920624459364
0.9999922749805349
0.999991958873752
0.9999920371727031
0.9999918669689641
0.9999918114178091
0.999991862916406
0.9999916165069301
0.9999917871737056
0.9999914362471762
0.9999916511069443
0.9999913265140911
0.9999913968942485
0.9999912644905997
0.9999911706557013
0.9999912240536769
0.9999909043270654
0.9999910863880473
0.9999907742049694
0.9999909303707305
0.9999906421059119
0.9999906948528815
0.9999906416318057
0.9999904446663173
0.9999905863244095
0.9999902941856156
0.99999050484687
0.9999901982757468
0.9999903678753098
0.9999902189212697
0.9999901249776754
0.9999900908147786
0.9999898082648875
0.99998994623841
0.9999895945292343
0.9999898411810156
0.9999894965206558
0.9999895782459515
0.9999894850541946
0.9999893712552502
0.9999895232673777
0.9999891798894148
0.999989370795574
0.9999889896197666
0.9999891773116798
0.9999889723424334
0.9999889747053866
0.9999889398121689
0.9999887511549969
0.9999888480326498
0.9999885126465408
0.999988727794459
0.9999883472012073
0.9999884873524522
0.9999883120050476
0.9999882559271615
0.9999882803645155
0.9999880374286474
0.9999881847765878
0.9999878989243902
0.9999881453627724
0.999987834215564
0.9999879389305375
0.9999878597667798
0.99998769062794
0.9999877566307239
0.9999874443490196
0.9999876679804749
0.999987341874328
0.9999874632616799
0.999987203997524
0.9999872029861923
0.9999871333762217
0.9999869235300769
0.9999870011925482
0.9999866877664125
0.9999868901010122
0.9999865778672309
0.9999866592056801
0.9999864958577273
0.9999864406658466
0.9999864523485341
0.9999861736580542
0.9999863402921834
0.9999860166658825
0.9999862247749168
0.9999859095195278
0.9999859532142008
0.9999857734996439
0.9999856522456568
0.9999857174386341
0.9999854274189383
0.9999856562441132
0.9999853463659912
0.9999854725996092
0.9999852033526206
0.9999851439327704
0.9999851289633239
0.9999849626442036
0.9999850926260351
0.9999847118053984
0.9999849522229834
0.9999846642167793
0.9999848265198719
0.9999846543337488
0.9999845763316696
0.9999845779246223
0.9999843062099859
0.9999845183913806
0.9999842397548919
0.9999844260127151
0.9999841022682195
0.9999841313302255
0.9999839824615591
0.9999838496757281
0.9999839144484035
0.9999835960689524
0.9999838602030241
0.9999835300651642
0.9999836747155431
0.9999833823300879
0.9999833890675681
0.9999833166317079
0.9999830719536398
0.9999832494259364
0.9999829171140724
0.9999831261555356
0.9999827517877965
0.9999828313937043
0.9999826767174963
0.9999825252954184
0.9999825155321476
0.9999822574243789
0.9999824355302138
0.9999821931391035
0.9999824387936991
0.999982186748465
0.9999822418799449
0.9999821490821655
0.9999820020362522
0.9999821057192488
0.9999818113469457
0.9999819386974327
0.9999815989078179
0.9999817592903592
0.9999815080154549
0.9999815101607729
0.9999814397830438
0.9999812816481721
0.9999814659978087
0.9999811326223413
0.9999812795834027
0.9999809703157811
0.9999810627867609
0.9999808068849658
0.9999806979086545
0.999980686917098
0.9999805258329508
0.9999807132261128
0.9999803732501872
0.9999805900914849
0.9999802791844206
0.9999804131079887
0.9999802507331088
0.99998008481795
0.9999800978618558
0.9999798614713514
0.9999799833948352
0.9999796099914114
0.9999797774756926
0.9999794904401684
0.9999794158969985
0.9999793610877044
0.9999791408056266
0.9999792804929497
0.9999789589377236
0.9999791282847028
0.9999787712533208
0.9999788365830189
0.9999786695449608
0.9999786268755565
0.9999786266396455
0.9999783510711575
0.9999785592771815
0.9999782047866902
0.9999783786021695
0.9999780840747975
0.9999781056497342
0.9999779248946262
0.9999777808307184
0.9999778561862033
0.9999774899065256
0.9999776795192157
0.9999773226855736
0.9999775383062588
0.9999772667756063
0.9999773258629586
0.9999772602347219
0.9999769832909943
0.9999770548059613
0.9999767515250397
0.9999770024029614
0.9999767268469405
0.9999768329914863
0.9999766431604967
0.99997654044154
0.9999765027504336
0.999976307582758
0.9999765567569605
0.9999761825862541
0.9999764010702182
0.9999760256791758
0.9999761395668323
0.999976081341278
0.9999759913207115
0.9999760065453189
0.9999757189753381
0.9999759377071064
0.9999756365532179
0.999975715239802
0.9999754026255805
0.9999755158226097
0.9999754277739369
0.9999752026594754
0.9999753254297005
0.999975018762473
0.9999751906861678
0.9999748857365642
0.9999750059134672
0.9999748466262178
0.9999747565319168
0.9999748119884186
0.9999745934956087
0.9999747430399716
0.9999744147501961
0.9999745905484674
0.9999742192079707
0.9999741934946814
0.9999740181175533
0.9999738707119838
0.9999738923994688
0.9999736437137211
0.9999738037359697
0.9999734805438251
0.9999735933121726
0.9999733350044944
0.9999732644381704
0.9999731273603184
0.9999729464191779
0.9999730773397458
0.9999727536391453
0.9999729557749215
0.999972591240347
0.9999726728317373
0.999972560966676
0.99997247234036
0.9999724958078599
0.9999721591805207
0.9999722869803148
0.9999718887740527
0.9999720700395466
0.9999717930527563
0.9999718164894591
0.9999717278302591
0.9999715513401148
0.9999715500915534
0.9999712204660047
0.9999713885951752
0.9999710127010148
0.9999711532570039
0.9999709718268242
0.9999709775574864
0.9999709034203432
0.9999706855357883
0.9999708899637924
0.999970549349381
0.9999707168723889
0.9999703135793563
0.999970401441613
0.999970205780616
0.9999701521817786
0.9999702227100459
0.9999699002849144
0.9999700700981915
0.9999696280872247
0.9999698438560605
0.9999695345922502
0.999969545060389
0.9999694511530386
0.9999692732268414
0.9999693382912965
0.9999690361515926
0.9999691725886443
0.999968915943793
0.9999690165970435
0.9999688295760493
0.9999688378521507
0.9999687551267722
0.999968636090196
0.999968757464716
0.9999684319141535
0.9999686125908199
0.9999682844586425
0.9999684165001952
0.9999682146846887
0.9999681363252286
0.9999682146246718
0.9999679271854158
0.9999680535598449
0.9999676420920239
0.9999678171865475
0.9999675415883945
0.9999676113392915
0.9999675363274434
0.9999674060864071
0.9999674445532731
0.9999671795647826
0.9999673321643759
0.9999669908091848
0.9999672851439498
0.9999669612996828
0.9999669606086911
0.9999669145213125
0.9999666471975259
0.9999667811099732
0.9999664677532123
0.999966637737128
0.9999662732562503
0.9999663704656414
0.9999660701536126
0.9999660288537124
0.9999660251060277
0.9999658430495733
0.9999660793067576
0.999965719730596
0.9999658787244918
0.9999655900588176
0.99996559263977
0.9999653889043678
0.9999652342882004
0.9999653345440361
0.9999649726710281
0.9999650825275886
0.9999646775273006
0.9999648437967067
0.9999646208942222
0.9999646940766369
0.9999646526792629
0.9999644212967079
0.9999645730241672
0.9999643338912376
0.9999646438079269
0.999964332844956
0.999964399541688
0.9999642239807273
0.9999642253372263
0.9999642907406778
0.999964064449807
0.9999643159202817
0.99996401219377
0.999964226372731
0.9999639370536239
0.999963984364762
0.999963909307028
0.9999637533302994
0.9999638337071153
0.9999634720742678
0.9999637067793469
0.999963403515865
0.9999634980556886
0.9999632680417435
0.9999632502207145
0.9999632661424778
0.9999630065301477
0.9999631244309788
0.9999627465033041
