0.9999998629818581
0.9999994816214499
0.9999993906122675
0.999999828498167
0.9999996055171309
0.9999993238943673
0.9999997307234515
0.9999997396660992
0.9999993203922045
0.9999995929086101
0.9999998353160876
0.9999993896696724
0.9999994604390652
0.9999998577128952
0.9999995093509857
0.9999993699654355
0.999999811794972
0.9999996379327393
0.9999993312424951
0.9999997288551684
0.9999997439778816
0.9999993359105995
0.99999963632502
0.9999998161195827
0.9999993703823028
0.9999995460955388
0.9999998548421315
0.9999994277142026
0.9999994603333919
0.9999998581923226
0.9999995073354498
0.9999993810304456
0.9999998175350685
0.9999996074552657
0.9999993208483133
0.9999997259833735
0.9999997182229733
0.999999305319787
0.9999995940819949
0.9999998086204533
0.9999993576221967
0.9999994546079009
0.9999998385152551
0.9999994736831704
0.9999993483175079
0.9999997904735541
0.9999996145714416
0.9999992976782139
0.999999684456457
0.9999997300580059
0.9999993027274782
0.9999995615483178
0.9999997963777845
0.9999993485928866
0.9999994550225891
0.999999815194072
0.9999994219469972
0.999999374330484
0.9999997998535461
0.99999950965651
0.9999993167464771
0.999999751062907
0.9999996016923007
0.9999992774247466
0.9999996623199446
0.9999996847113648
0.9999992614885718
0.9999995362759138
0.9999997462739292
0.999999291807208
0.9999993949402529
0.9999997618071135
0.9999993785141608
0.99999927389205
0.9999997139471447
0.9999995120751033
0.9999992112447111
0.9999996063276624
0.9999996426548753
0.9999992129834805
0.9999994678539647
0.9999997151716757
0.9999992657146103
0.9999993354288494
0.9999997162204727
0.9999993443094202
0.9999992297563746
0.9999996600940131
0.9999994295223862
0.9999991694006504
0.9999995876908747
0.9999995203353469
0.999999149411582
0.9999994992211316
0.9999995956862399
0.9999991558036662
0.9999993887079519
0.9999996372419443
0.9999991860468829
0.9999992583385348
0.9999996268007862
0.9999992395288424
0.9999991293978711
0.9999995614093464
0.9999993407039789
0.9999990425013373
0.9999994405584669
0.9999994496116661
0.9999990272356593
0.9999992985585485
0.9999995317036774
0.9999990790210049
0.9999991533844952
0.9999995362796271
0.9999991723095816
0.9999990400530718
0.9999994718703565
0.9999992679144921
0.9999989639321447
0.9999993535068986
0.9999993459969737
0.9999989327790678
0.999999228049066
0.9999993957175491
0.9999989456892928
0.9999991198684126
0.9999994248504831
0.9999989920335303
0.9999990111389538
0.9999994034066078
0.9999990525464695
0.9999989030460026
0.9999993284081679
0.9999991209392327
0.9999988042847985
0.9999991917201821
0.9999991934364673
0.9999987621389905
0.9999990295745723
0.9999992467573169
0.9999987944982832
0.9999988837692863
0.9999992600626427
0.9999988877031174
0.9999987637574521
0.999999197238744
0.999998995684051
0.9999986834762199
0.9999990662449834
0.9999990800379952
0.9999986464749433
0.999998906848259
0.999999114684951
0.9999986505803463
0.9999987646268874
0.9999991054998094
0.9999986948456483
0.9999986491696833
0.9999990695076169
0.9999987775041089
0.9999985663900013
0.999998992283598
0.9999988462071581
0.9999984989837843
0.9999988729763681
0.9999989137923757
0.9999984693981733
0.9999987211879958
0.9999989446055854
0.9999984789348174
0.9999985574625284
0.9999989171422969
0.9999985317708076
0.9999984107315399
0.9999988386589603
0.9999986287737537
0.9999983223449251
0.9999987120370253
0.9999987251257529
0.9999982950394325
0.9999985493305359
0.9999987643191958
0.999998300740819
0.9999983789444872
0.9999987335593779
0.999998336743666
0.999998232055251
0.9999986488155495
0.9999983947298582
0.9999981307671518
0.9999985400269878
0.9999984571818554
0.9999980740234494
0.9999984163917777
0.999998516362159
0.9999980640018666
0.9999982749728679
0.9999985283838498
0.9999980846268298
0.9999981235514356
0.999998499950104
0.9999981196533028
0.9999979704281152
0.9999983860665497
0.9999981776489812
0.9999978561419579
0.9999982348651355
0.9999982417958705
0.9999978119458749
0.9999980781899848
0.9999983040422264
0.9999978423013419
0.9999979185438862
0.9999982841742519
0.9999979003706712
0.9999977754815372
0.9999981954619049
0.9999979641772464
0.9999976688991384
0.9999980675393932
0.9999980218925344
0.9999976101962791
0.9999979104580107
0.9999980459651291
0.9999975818859956
0.999997752316169
0.9999980438397237
0.9999976047719665
0.9999975961721699
0.9999979882083859
0.9999976464246492
0.999997463841729
0.9999978847662031
0.9999977067091333
0.9999973667012055
0.99999773341772
0.9999977593094483
0.9999973174115472
0.9999975650119901
0.9999977843799385
0.9999973221960128
0.9999973961950437
0.9999977618300375
0.9999973825704552
0.9999972608116062
0.9999976809335795
0.9999974586511473
0.9999971532798491
0.9999975368624933
0.9999975140178142
0.9999970872685721
0.9999973756188106
0.9999975583404211
0.9999970794175929
0.9999972061832471
0.9999975227605872
0.9999971044304151
0.9999970539090005
0.9999974489221194
0.9999971425078846
0.9999969299313792
0.9999973544665673
0.9999972230778031
0.9999968646265447
0.9999972067253191
0.9999972706887903
0.9999968032668418
0.9999970274138028
0.9999972677092517
0.9999967996707331
0.9999968526025508
0.99999722891524
0.9999968415429246
0.9999967162266747
0.9999971342034341
0.9999969290490074
0.9999966155341535
0.9999969926704936
0.9999969824366719
0.9999965570330938
0.9999968148128885
0.999997001069248
0.9999965341988312
0.9999966430493756
0.9999969804132087
0.999996558232392
0.9999964766061489
0.9999968806398457
0.9999966013287074
0.9999963426351904
0.9999967472750326
0.9999966578302716
0.999996271256265
0.9999966013669264
0.9999966966998215
0.9999962387295537
0.9999964373795567
0.999996701476059
0.9999962341998245
0.9999962522043169
0.999996652815598
0.9999962756115853
0.9999961187267906
0.9999965203413407
0.9999963290962626
0.9999959943856752
0.9999963763860378
0.9999963845978408
0.9999959474390439
0.9999962034388434
0.9999964052983555
0.9999959271661878
0.9999960137778859
0.9999963557846466
0.9999959651793491
0.999995858929437
0.9999962722132018
0.999996013899944
0.9999957433066758
0.9999961328897846
0.9999960645803696
0.9999956676349714
0.9999959711866155
0.9999961010910239
0.9999956348079535
0.999995797121294
0.999996101243155
0.9999956540492403
0.9999956505642948
0.9999960552594225
0.9999957202829648
0.9999955163824308
0.999995937634376
0.9999957808528884
0.9999954486151155
0.9999958099986753
0.9999958428099058
0.9999954007282367
0.9999956324455366
0.9999958640533734
0.999995387864768
0.9999954448459861
0.9999958036056884
0.9999954144742794
0.9999952998558281
0.9999957245168372
0.9999955010863033
0.9999952060562094
0.999995594085754
0.9999955617450312
0.9999951327447316
0.999995422529864
0.9999955839258275
0.9999951005843188
0.9999952521441673
0.9999955657262414
0.9999951406549014
0.9999950971771162
0.9999954919087177
0.9999951787576151
0.9999949436357602
0.9999953588316505
0.9999952217902086
0.9999948521140085
0.999995190301737
0.9999952729976083
0.9999948270778035
0.9999950467010391
0.9999952928072651
0.9999948316019537
0.9999948597617533
0.999995228151666
0.9999948416656419
0.9999947051839566
0.9999951374873932
0.999994918770272
0.9999945940125812
0.9999949897743853
0.9999949829069618
0.9999945609899666
0.9999948294627397
0.9999950197012677
0.9999945708220684
0.9999946953601002
0.9999950186915655
0.9999946146823039
0.9999945484567984
0.9999949601651161
0.9999946764519827
0.9999944106304018
0.9999948028734156
0.9999947113915121
0.9999943302199805
0.9999946758730839
0.9999947768059368
0.9999943096018169
0.999994485795814
0.9999947669661416
0.9999943272036816
0.9999943361133948
0.999994724081974
0.9999943627471054
0.9999941579078724
0.9999945865325598
0.9999944029562382
0.9999940772335197
0.9999944528541848
0.9999944567355581
0.9999940108012931
0.9999942577317963
0.999994454419124
0.9999939895100154
0.9999940669903008
0.9999944044440044
0.9999940083092813
0.9999939112915939
0.9999943225066291
0.9999940617066078
0.9999937975169169
0.9999941870328606
0.9999941220199904
0.9999937239630942
0.9999940240386277
0.9999941729434507
0.9999936908446192
0.9999938580197795
0.9999941532088057
0.9999937177111916
0.9999937032025236
0.9999940993916874
0.9999937710883813
0.9999935519607065
0.9999939599130455
0.9999938145249588
0.9999934672571681
0.9999938337598857
0.9999938610101258
0.999993407161603
0.9999936469145169
0.9999938717129856
0.9999934099226514
0.9999934659729663
0.9999938308279356
0.9999934422593906
0.9999933160563608
0.9999937266829274
0.9999934947023712
0.9999931894992661
0.9999935961623436
0.9999935522014244
0.9999931329674447
0.9999934128046095
0.9999935719760918
0.9999930995622518
0.9999932483660887
0.9999935572339463
0.9999931297489837
0.9999930944881528
0.999993504007838
0.9999932053840558
0.9999929952614789
0.9999934099347264
0.999993273836272
0.9999928973390027
0.9999932570583729
0.9999933417585672
0.9999928752986786
0.9999930749673899
0.9999933401842668
0.9999928776328981
0.9999929074864601
0.9999932943575379
0.9999929175767714
0.9999927628133197
0.9999931812447803
0.9999929508409175
0.999992625986326
0.999993014453805
0.999993011372421
0.9999925767689264
0.9999928511195488
0.9999930546283585
0.9999925942170047
0.9999927062777233
0.9999930452018633
0.9999926294549777
0.9999925670674048
0.9999929585197965
0.9999926655937265
0.9999923973944477
0.9999927882181048
0.9999926778882391
0.9999922864593237
0.9999926325112882
0.9999927412195285
0.9999922727533915
0.9999924644603104
0.9999927508636745
0.9999923102684751
0.9999923066320294
