0.9999998780480277
0.9999995247391034
0.9999995026223232
0.9999998799394572
0.9999995331506641
0.9999995057023955
0.9999998812674564
0.9999995321616229
0.999999512387541
0.9999998815531618
0.9999995259965256
0.9999995168133989
0.999999880333958
0.999999520227071
0.9999995136093869
0.9999998784097558
0.9999995198688097
0.9999994989030349
0.9999998751372654
0.9999995291220816
0.9999994745285242
0.9999998701904396
0.9999995511622071
0.99999944700963
0.999999860689818
0.9999995834539739
0.9999994237139442
0.9999998462240262
0.9999996195091432
0.9999994093470543
0.9999998290472444
0.9999996492791698
0.9999994017959288
0.9999998123578816
0.9999996657828563
0.9999993984299834
0.9999998025588092
0.999999670404668
0.9999993982859215
0.9999998014827728
0.9999996675651192
0.9999994004057801
0.9999998053609827
0.9999996607186666
0.9999994003863286
0.9999998066281875
0.9999996527139229
0.9999993933201996
0.9999997973964436
0.9999996460337445
0.9999993750416944
0.9999997756391086
0.9999996487371748
0.9999993551357373
0.9999997453314841
0.999999664826845
0.9999993419646203
0.9999997110281088
0.999999692995418
0.9999993399628131
0.9999996756248815
0.9999997219225298
0.9999993437621351
0.9999996391916597
0.9999997377770048
0.9999993436420407
0.9999996038409749
0.9999997383401896
0.9999993362904971
0.9999995766082835
0.9999997270643115
0.9999993264551605
0.9999995640998026
0.9999997188923221
0.9999993221947376
0.9999995669719037
0.9999997135772415
0.9999993162704969
0.9999995644279169
0.9999997028381455
0.9999993014382628
0.9999995432630959
0.9999996834965841
0.9999992765908989
0.9999995050660186
0.9999996663631264
0.99999925581866
0.999999454852686
0.9999996599520493
0.9999992497485571
0.9999994069192171
0.9999996662288225
0.9999992624048764
0.999999367933204
0.9999996729515191
0.9999992795625292
0.9999993297765009
0.9999996659134031
0.9999992819893829
0.999999285607877
0.9999996385449411
0.9999992678775624
0.999999244273028
0.999999609482118
0.9999992494759897
0.9999992215534725
0.9999995907125203
0.9999992352213589
0.9999992134820346
0.9999995811564024
0.9999992226151374
0.9999992028300296
0.999999565928366
0.9999992017283738
0.9999991711566133
0.9999995352138219
0.9999991709122057
0.9999991224603478
0.9999994901441842
0.9999991354552977
0.9999990565492465
0.999999448397058
0.9999991253016731
0.9999990097699232
0.9999994178157446
0.9999991356292982
0.999998977701417
0.9999993954393945
0.9999991538666455
0.9999989460208641
0.9999993585593442
0.999999153331501
0.9999989092854155
0.999999311270368
0.9999991363606022
0.9999988690962732
0.9999992677601025
0.9999991090628971
0.9999988329734811
0.9999992327523453
0.9999990861200038
0.9999988161535722
0.9999992136810523
0.9999990661337759
0.9999987925238454
0.9999991896479059
0.9999990426656798
0.9999987627270646
0.9999991478959558
0.9999990036165362
0.9999987030923155
0.9999990848608803
0.9999989695059819
0.999998662261175
0.9999990332779246
0.9999989582281542
0.9999986235709131
0.9999989795441482
0.9999989584147079
0.9999985995949109
0.9999989271442038
0.9999989559193961
0.9999985758963862
0.9999988730041833
0.9999989355160493
0.9999985363862226
0.9999988017398094
0.9999989042453236
0.9999984978010366
0.999998742393861
0.9999988657889536
0.9999984535864896
0.9999986894615467
0.9999988264451719
0.9999984198227763
0.999998657669994
0.9999987999438864
0.9999983929619762
0.9999986291945657
0.9999987672973434
0.9999983583520589
0.9999985690439928
0.9999987156507836
0.9999982980963008
0.9999984947605753
0.9999986710051326
0.9999982550427703
0.9999984338296415
0.9999986446394284
0.9999982230698943
0.9999983560412319
0.9999986163611372
0.9999982044442575
0.9999983052873054
0.9999985967484565
0.9999981882491855
0.9999982471376783
0.9999985608718374
0.9999981603436088
0.9999981791634422
0.9999985076593744
0.9999981234803903
0.9999981268361459
0.9999984676421414
0.9999980914041543
0.9999980739043492
0.9999984340622096
0.9999980580606624
0.9999980312984107
0.9999983849987716
0.9999980156839289
0.9999979723662578
0.9999983306701156
0.9999979682779616
0.9999979159900662
0.9999982805904
0.9999979284442592
0.999997851483298
0.9999982232613547
0.9999978826124493
0.9999977800754349
0.9999981642047647
0.9999978423440411
0.999997705663571
0.9999981078666937
0.9999978145725761
0.9999976402337498
0.9999980332083652
0.9999977729507102
0.9999975617307939
0.9999979640377307
0.9999977342142345
0.9999975044592462
0.9999979011814301
0.9999976915752017
0.9999974293628743
0.9999978208163918
0.9999976291024002
0.9999973636926875
0.9999977594272876
0.9999975909207173
0.9999973239325515
0.999997708101761
0.9999975563486184
0.9999972591918765
0.9999976391950004
0.9999974928780736
0.9999971911596931
0.9999975766070726
0.9999974416555794
0.9999971071762844
0.9999974703979607
0.999997375476046
0.9999970453925472
0.9999974072477418
0.9999973467944537
0.9999969965815628
0.9999973503048791
0.999997317720341
0.9999969510917601
0.9999972842956999
0.9999972898159049
0.9999969157650054
0.9999972157100327
0.9999972656412663
0.9999968617117944
0.9999971502705217
0.9999972237978255
0.9999968276108534
0.9999970846188528
0.9999971823961299
0.9999967747438868
0.9999970134207988
0.9999971337398563
0.9999967257258267
0.9999969539165741
0.9999970945102858
0.9999966948886668
0.9999969204040873
0.9999970763838455
0.9999966586168921
0.9999968560855652
0.9999970191341544
0.9999966007066451
0.9999967751048358
0.999996966647177
0.9999965519597702
0.9999966992334396
0.9999969254240073
0.9999965007217095
0.9999966282192349
0.9999968793909331
0.9999964654216394
0.9999965539842344
0.999996814332852
0.9999963939976992
0.9999964666974779
0.999996761556472
0.9999963675284294
0.9999963974261512
0.9999967212019413
0.9999963116551772
0.9999963252383907
0.9999966548015436
0.9999962647595138
0.9999962444919765
0.9999965862268699
0.9999962017814551
0.9999961643891165
0.9999965221834516
0.9999961574234942
0.9999960984311091
0.9999964554357276
0.9999960846482981
0.9999960054640861
0.9999963703854257
0.9999960307824771
0.999995949244349
0.9999963375442363
0.9999960089035822
0.9999958917457171
0.999996291463423
0.9999960073935262
0.9999958504771677
0.9999962409823071
0.9999959583856719
0.9999957746722307
0.9999961688699507
0.9999959136164815
0.9999957119683079
0.9999961017582311
0.9999958572930479
0.9999956406265671
0.9999960476328903
0.9999958226558228
0.9999955830446429
0.999995988677765
0.9999957859215364
0.9999955184540678
0.9999959168650513
0.999995735090064
0.9999954668547417
0.9999958442229715
0.9999956950812074
0.9999954079238712
0.9999957776849522
0.9999956542510885
0.9999953402045404
0.9999957009774436
0.9999955837214747
0.9999952615654785
0.9999956327024228
0.9999955333546672
0.9999951880973543
0.9999955463574028
0.999995493906225
0.9999951319945674
0.9999954694412622
0.999995454030429
0.9999950898676427
0.99999542153401
0.999995426991904
0.9999950545012917
0.9999953635374679
0.9999953985962402
0.9999950106062567
0.9999952929890071
0.9999953521717053
0.9999949560372808
0.9999952347989252
0.9999953276694249
0.9999949261956922
0.9999951712252652
0.9999952747073342
0.999994863806964
0.999995093880235
0.9999952286335019
0.9999948047222161
0.9999950211313428
0.9999951799582437
0.9999947699692716
0.9999949593759649
0.9999951414407998
0.9999947262736024
0.9999948974027096
0.9999950948152874
0.9999946809825094
0.9999948044549508
0.9999950577856345
0.9999946330922436
0.9999947444916422
0.9999949924409819
0.9999945742842027
0.9999946705642397
0.9999949393349894
0.9999945160048608
0.9999945836836514
0.9999948597813785
0.9999944546707827
0.9999945144865735
0.9999948190170521
0.999994409380147
0.9999944163960698
0.9999947243950975
0.9999943432529176
0.9999943172611487
0.9999946672147336
0.9999942899798767
0.9999942668267433
0.9999946282054731
0.9999942509008217
0.999994207129296
0.999994557928155
0.9999942038658016
0.999994137466237
0.9999945032218038
0.999994168006982
0.9999940583502474
0.9999944547067318
0.9999941156074523
0.9999939951959073
0.9999943895432073
0.9999941029897094
0.9999939386761668
0.999994322166946
0.999994042708818
0.9999938753939424
0.9999942717984492
0.9999940225302202
0.9999938262451191
0.9999942163999687
0.9999939767330962
0.9999937739107766
0.9999941696362841
0.9999939328418357
0.9999936838640681
0.9999940825294708
0.9999938909872935
0.9999936288894928
0.9999940234338839
0.9999938413687355
0.9999935446903624
0.9999939270792976
0.9999937680884075
0.9999934574713858
0.999993830352535
0.9999937025259235
0.9999933951928833
0.9999937667711816
0.9999936507098434
0.999993314446507
0.9999936637062291
0.9999935577789849
0.9999932267196598
0.9999935842052569
0.9999935265818191
0.9999931740061541
0.9999935082769539
0.9999934668984046
0.999993092067706
0.9999934110227687
0.999993447240306
0.9999930580619769
0.9999933577397911
0.999993398250659
0.999993026158894
0.9999933252081528
0.9999933888618383
0.999992978797461
0.9999932507237267
0.9999933390434496
0.9999929399285937
0.999993190414467
0.9999933172108133
0.9999928916792107
0.9999931237044672
0.9999932472528167
0.9999928181212715
0.9999930280992442
0.9999931784654876
0.9999927884672728
0.9999929715906367
0.9999931638946877
0.9999927466825587
0.9999929187633412
0.9999931257879551
0.9999927215562203
0.99999286288628
0.999993083483246
0.9999926711303115
0.9999928200784578
0.9999930915688499
0.9999926685987538
0.9999927456354442
0.999992999614534
0.9999926096803258
0.9999926878106388
0.9999929742851522
0.9999925610644764
0.999992594681597
