0.999999929099302
0.9999996599800977
0.9999998857174504
0.999999748061586
0.9999997861431001
0.9999998512187824
0.9999996887716575
0.9999999186575955
0.9999996415120911
0.9999999030392083
0.9999996680923932
0.9999997823880487
0.9999997580386633
0.9999996206253852
0.9999998399141022
0.9999995546433222
0.9999998191029771
0.9999996241612744
0.9999996728392359
0.9999997040183267
0.999999483489242
0.9999996958647389
0.9999993733662581
0.9999996079350545
0.9999993915972767
0.9999994765472002
0.9999994564966138
0.9999993159660611
0.9999994731772395
0.999999153162645
0.9999993640638595
0.9999990602084612
0.9999991583163584
0.9999990569679178
0.9999989246202077
0.9999990914733993
0.9999987748360668
0.9999990017239901
0.9999987209680555
0.9999987840478032
0.9999987066115298
0.9999985299679729
0.9999986762683122
0.9999983446883453
0.9999985589390615
0.9999982562843269
0.9999983472625551
0.9999982100831765
0.9999980696439181
0.9999981710759247
0.9999978512976666
0.9999980517699146
0.9999977338315148
0.9999978302878515
0.9999976618718646
0.9999975261562993
0.9999976195503875
0.9999972867432204
0.9999974983756638
0.9999971565280681
0.9999972519176915
0.9999971353385799
0.9999970020860663
0.9999970801843417
0.9999967733573115
0.9999969680757635
0.9999966456616199
0.9999967692749083
0.999996631136243
0.9999965019068299
0.9999965663256276
0.9999962700218931
0.9999964531048848
0.999996111142318
0.9999962539117352
0.9999960586570302
0.9999959619459041
0.9999960205668316
0.9999957372600294
0.999995925149936
0.9999955947411967
0.9999957488510445
0.9999955569528011
0.9999955137915284
0.9999955457108228
0.999995251368572
0.9999954495740253
0.9999950560977542
0.9999951985720034
0.9999950027222221
0.9999949702764638
0.9999949796915394
0.9999947096815258
0.9999948691097467
0.9999945224872238
0.9999947090239353
0.9999944724774718
0.9999944294086968
0.9999943832711731
0.9999941468891251
0.999994354894392
0.9999939946580255
0.9999941558345505
0.9999939099324053
0.9999938552534078
0.9999938459223653
0.999993571013029
0.9999937207929899
0.999993344764628
0.9999935352346311
0.9999932793132899
0.9999933034610395
0.9999932597732455
0.9999930341347532
0.9999931899540041
0.9999928572771088
0.9999930856899477
0.9999928496154926
0.9999929029002873
0.9999928281147352
0.9999925552011587
0.9999926824949381
0.9999923207553407
0.9999925370949486
0.9999922530139215
0.9999922789478598
0.9999922409948601
0.9999920612039662
0.9999922192407097
0.9999918304782189
0.9999920539515844
0.9999917444038104
0.9999917825532603
0.9999917177075084
0.9999915410702199
0.9999916163323858
0.9999912958070052
0.9999914574581271
0.9999911341048091
0.999991200247172
0.9999911031516691
0.9999909188073755
0.9999910794728502
0.999990717539134
0.9999909081988768
0.9999906135863952
0.999990700248955
0.9999905675993391
0.9999904072775946
0.9999904966408891
0.9999901391659219
0.9999903299310743
0.99999000938355
0.999990108507231
0.9999899867949323
0.9999898699992871
0.9999899501134976
0.9999895830125376
0.9999898220288275
0.9999894505878517
0.999989537604404
0.9999893785485613
0.9999892530157597
0.9999893144595754
0.9999890479553205
0.9999892664303031
0.999988919972408
0.9999890556963403
0.9999888945877462
0.9999888497643705
0.999988940536544
0.9999886703303021
0.9999888907717044
0.9999885466458202
0.9999886842010852
0.9999885432809993
0.9999884543516107
0.9999884706379125
0.9999881766691895
0.9999883410189628
0.9999880049184305
0.9999881643477815
0.9999879342249367
0.9999878758074611
0.9999879236389211
0.9999876169185394
0.9999878542638306
0.9999875031413985
0.9999876365742426
0.9999874274057451
0.9999873834107783
0.9999874114691075
0.9999871458538954
0.9999872601020666
0.9999868593212664
0.9999870285190029
0.9999867971488137
0.9999867670850435
0.9999867591642267
0.9999864666307061
0.9999866099591344
0.9999862428046415
0.999986360350969
0.9999860607300253
0.9999860722920981
0.9999860184174668
0.999985832997432
0.9999860291642667
0.9999856417273866
0.9999857519257949
0.9999854123564813
0.9999854090792607
0.999985370177485
0.9999852047925626
0.9999854238280316
0.9999850279467644
0.9999852046139804
0.9999849211534193
0.9999849772791721
0.9999848293923772
0.9999846885225018
0.9999848138255069
0.9999844897679006
0.9999847010954311
0.9999844477058062
0.9999844907827996
0.9999844094104503
0.9999841991803678
0.999984320202422
0.9999839987255827
0.9999841555189656
0.9999839009242668
0.9999839880628425
0.9999838583029914
0.9999836324572475
0.9999836940120168
0.9999832941295037
0.9999835084672116
0.9999831969393017
0.9999832907671445
0.9999831860645526
0.9999830299523147
0.9999831224985893
0.9999828184922809
0.9999829928514052
0.9999827455896824
0.9999827901492904
0.9999826699905779
0.9999825123097099
0.9999825587562209
0.9999821894223546
0.999982376159575
0.9999820669835425
0.9999822119649039
0.9999821028139504
0.9999819454515316
0.9999819991520873
0.9999815788741527
0.9999817527186132
0.9999813445970952
0.999981414452878
0.9999812428726351
0.9999811179518674
0.9999812002177351
0.999980929239261
0.9999811007753291
0.9999807701039872
0.9999809025444906
0.9999807459308041
0.9999806106245526
0.9999806555264147
0.9999803431086094
0.999980581376116
0.9999802090692064
0.999980362418166
0.9999801420009136
0.999980037817809
0.9999800934738285
0.9999797256198136
0.9999799100783554
0.9999795477408566
0.999979666968981
0.9999795196542794
0.9999793965006509
0.9999794239811312
0.999979130755953
0.9999792871073565
0.9999789068772589
0.9999790666868897
0.9999788245942202
0.9999787519490634
0.9999788027797576
0.9999784943130435
0.9999787043689682
0.9999783870047585
0.9999785010787973
0.999978228611618
0.9999782159394621
0.9999782526193653
0.9999780502973706
0.9999782848190608
0.9999778663155132
0.9999780209031286
0.9999777527233741
0.9999777369900671
0.9999777032000874
0.9999775306913867
0.9999777305795031
0.9999773726805121
0.9999774752928025
0.9999771441630548
0.999977152310508
0.9999771722396819
0.9999769538233524
0.9999771303378764
0.9999768084784721
0.999976962283086
0.9999766842448974
0.9999766628544137
0.9999766175402222
0.9999763618353988
0.9999764995683024
0.9999761917261976
0.9999764496624812
0.9999762500919246
0.9999763635321931
0.9999763070160882
0.9999761449769827
0.9999763331801901
0.9999760243654411
0.9999762300224042
0.9999759337030858
0.9999759487532096
0.999975820313744
0.9999756790283831
0.9999757857745142
0.9999754560297108
0.9999756445209825
0.9999753317724787
0.9999753525529115
0.9999752194519315
0.9999750038730564
0.9999751063498917
0.9999748091720373
0.9999750171584855
0.9999747858866884
0.9999748831144132
0.999974747686854
0.9999745741068217
0.9999746634693454
0.9999743475376716
0.9999746194479555
0.9999743527737057
0.999974462831325
0.9999743045539697
0.9999741200508837
0.9999742233234926
0.9999738501286073
0.9999740909683454
0.999973759224245
0.9999738824971046
0.9999736895100996
0.9999735427963752
0.9999736464837149
0.9999732995010273
0.9999735234531846
0.9999732102636025
0.9999733835236125
0.9999732228265672
0.9999731396655073
0.9999732094835949
0.9999728748211345
0.9999731741047166
0.9999728479404365
0.9999729796982642
0.99997287771892
0.9999728832745143
0.9999728263571135
0.999972502354276
0.9999726895635042
0.9999722752678525
0.9999723756640552
0.9999722531730703
0.999972180898173
0.9999721840000381
0.9999718561592837
0.9999720114510605
0.9999716088155403
0.999971814881332
0.99997157170089
0.9999715573560649
0.999971476822129
0.99997123026996
0.9999714376622573
0.9999711021818375
0.999971284540443
0.9999709347095003
0.9999709199726625
0.9999708734322232
0.999970574118574
0.999970736459579
0.9999703253606845
0.9999704864115341
0.9999702126125241
0.9999701984111896
0.999970201920403
0.999969930958972
0.9999700397473088
0.999969694335464
0.9999699063548122
0.999969568511989
0.9999696015298174
0.9999695282913091
0.9999692621809086
0.9999693594386697
0.9999689811998865
0.9999692687062984
0.9999688828119131
0.9999690122539129
0.9999689905527925
0.9999687274535155
0.9999688300166651
0.9999684396172334
0.9999686001771467
0.9999683187001184
0.9999683160866478
0.9999682235445467
0.9999680367506076
0.9999681690810828
0.9999677728835078
0.9999678831693939
0.9999676519840768
0.9999677640156928
0.9999676599638446
0.9999674707365197
0.9999676331766297
0.9999672697331158
0.9999674674584922
0.9999671124052733
0.999967117820244
0.9999669357569093
0.9999667673008011
0.9999670093927893
0.9999667170914359
0.9999668921745227
0.9999665625133514
0.9999665527786853
0.9999664855592444
0.9999663421645272
0.9999664853229067
0.99996619615519
0.9999664044422774
0.9999660963629722
0.9999662228216235
0.9999660562482249
0.9999658080433433
0.9999659521609738
0.9999655425753273
0.9999657303396636
0.9999653779739276
0.9999655076785271
0.9999653266491957
0.9999651959665068
0.9999653306235271
0.9999650003890586
0.9999652266317078
0.9999648704658499
0.9999650529440973
0.9999649629304812
0.9999648154338665
0.9999649091209364
0.9999645636650015
0.999964812302835
0.999964373927695
0.9999644673767024
0.9999643029071723
0.9999642944674852
0.9999642993060993
0.9999640156290772
0.999964227967359
0.9999639124885855
0.999964027642115
0.9999637690045318
0.9999636453165688
0.9999636702975379
0.9999634107146782
0.9999635980578144
0.9999632316369468
0.9999633015682264
0.999963063206597
0.9999630809226455
0.9999631518319846
0.9999628850944328
0.999963105924073
0.999962752162496
0.9999629918586321
0.9999627724250179
0.9999627098730464
0.9999627293748907
0.9999624594271204
