0.9999978923734856
0.9999972957490639
0.9999958318616943
0.999993804933018
0.9999915222702939
0.9999892985723823
0.999987485800588
0.999986470407008
0.9999866020118197
0.9999880378569067
0.9999905883825
0.9999936727446954
0.9999964671226307
0.9999982332237218
0.9999985499090909
0.999997445465154
0.9999952729826361
0.9999925895098225
0.9999900431523231
0.9999882849613744
0.9999877926576162
0.9999887003961206
0.9999906740405962
0.9999931170329123
0.9999953399352395
0.9999968215410422
0.999997286738044
0.9999967528957294
0.9999954127565316
0.9999935236516841
0.999991481276928
0.999989736552536
0.9999888046363372
0.9999890298768638
0.999990493842378
0.999992802990068
0.9999951881412283
0.9999968657457448
0.9999973356931038
0.999996562357466
0.9999948167543602
0.9999924710962762
0.9999899565459043
0.9999877554671817
0.9999863114187824
0.9999859904213294
0.9999869645572456
0.9999890301128226
0.9999916705684205
0.9999941679180526
0.999995872237722
0.9999964117946224
0.9999957541082869
0.9999941279336629
0.9999918830779514
0.9999895076062771
0.9999875500048274
0.9999864717279343
0.9999866629521489
0.9999881043050588
0.9999903671879924
0.9999927469023502
0.9999945476436992
0.9999953310421636
0.9999949735672835
0.9999936370274128
0.9999915831138895
0.9999892680193867
0.9999871327844254
0.9999856319506172
0.9999852113925098
0.9999860616511983
0.9999879808701329
0.9999904796700039
0.9999927562107788
0.9999942165164238
0.9999944375026447
0.9999934923876221
0.9999916915748982
0.9999893934037748
0.999987027289995
0.9999851076299721
0.999984069397894
0.999984298895216
0.9999857452758367
0.9999880621728987
0.9999905424308967
0.9999924434348221
0.9999933214638548
0.9999930117739304
0.9999916592738197
0.9999896237369675
0.9999872510423642
0.9999850660116734
0.9999835849128217
0.999983142772672
0.9999839960405085
0.9999859230510867
0.9999884316909284
0.9999906925553698
0.9999920956429734
0.9999923391271558
0.9999914482151381
0.9999896908907998
0.9999874334581984
0.9999851346415495
0.9999832180097098
0.9999822132973148
0.9999823770833911
0.9999838343383693
0.999986156445938
0.9999886717072273
0.99999060980623
0.9999914740051404
0.9999911201198023
0.9999897080742475
0.9999876503957251
0.9999853036437693
0.9999830848177601
0.9999815467118355
0.9999811105830632
0.9999819836682785
0.9999839402828735
0.9999864165199596
0.9999886711884544
0.9999900932332204
0.9999903448952895
0.9999894270394797
0.9999876558082154
0.9999853769230174
0.9999830656470211
0.9999810761491864
0.9999800539664718
0.9999802227185338
0.9999816767545106
0.9999839738339132
0.9999864473539192
0.9999883503943725
0.9999891532618125
0.9999888455364773
0.9999874639060821
0.9999853727022374
0.9999829735677133
0.9999808324044694
0.9999793526318088
0.9999789431505273
0.9999797737894631
0.9999817343043352
0.9999842582398332
0.9999865025417991
0.9999879585146537
0.9999882982764613
0.9999873892731268
0.9999856153783073
0.999983349156177
0.9999809810324154
0.9999790548286399
0.9999780513176703
0.9999782073170514
0.999979692257522
0.9999819714745086
0.999984456095531
0.9999863707913068
0.9999872371346916
0.9999868981538463
0.9999855208937313
0.9999834787972764
0.9999810962751381
0.9999788924885459
0.9999774297092402
0.999976988781912
0.9999778630621097
0.99997984506587
0.9999823317373483
0.9999846121505318
0.9999860469717059
0.9999862975693639
0.9999853916345973
0.9999836195406647
0.99998133447234
0.999978989673132
0.9999770423647817
0.9999760098234871
0.9999762336590812
0.9999776572269004
0.9999799378029882
0.9999823774524491
0.9999842506606934
0.9999851647261517
0.999984754373801
0.999983373211013
0.9999813462951487
0.9999789725030673
0.9999767779755818
0.9999752214900092
0.9999748068568898
0.999975687149536
0.9999776493627335
0.9999801196363644
0.9999824211393481
0.9999838552733118
0.9999841269230382
0.9999832062159434
0.9999814548528374
0.9999791375916278
0.9999767763189856
0.9999748226146562
0.9999737366065683
0.9999738962853727
0.9999754241588171
0.9999777123581057
0.9999801906037918
0.9999821111138234
0.9999829867335175
0.9999826651527103
0.9999812717874721
0.999979096246423
0.9999767112202939
0.9999745197851383
0.9999729648594007
0.9999725702832601
0.9999734387465995
0.9999753801918255
0.9999778543184314
0.999980130036422
0.9999815076230235
0.9999818522234485
0.999981004547898
0.9999792204519251
0.9999769557713606
0.9999746166827045
0.9999726375300645
0.9999716292861766
0.9999718618096229
0.999973286534094
0.9999756073545908
0.9999780885763215
0.9999799242118377
0.9999807080503743
0.999980293294977
0.9999789593683502
0.9999768577354284
0.9999744896167894
0.9999722707309732
0.9999707530501023
0.9999703342715817
0.9999711841478035
0.9999731522648496
0.999975721517971
0.9999779979641161
0.9999794164931245
0.9999796640030446
0.9999787644944889
0.9999770404021652
0.9999747675013443
0.9999724106203594
0.9999704257215334
0.9999694611417848
0.9999697248385465
0.9999712400564637
0.9999735335298616
0.9999759599217471
0.9999779343957472
0.9999787836516092
0.9999784648116367
0.9999771100490457
0.9999750354886912
0.999972597162607
0.9999704232906657
0.9999689560206833
0.9999685258282883
0.9999693688208612
0.9999712769088466
0.9999737797166663
0.9999760577350852
0.999977421225515
0.9999776932467633
0.9999767942292558
0.9999750460614719
0.9999728212952399
0.9999704833170869
0.9999685555207137
0.9999674916652898
0.9999676952266766
0.9999691482883837
0.9999715390015537
0.9999740070334004
0.9999758958043268
0.9999767311333959
0.999976435839135
0.9999750529115892
0.9999729605308872
0.999970631389002
0.9999683981785409
0.9999669009970397
0.9999664227163633
0.9999671807569864
0.9999691840461455
0.9999716780600462
0.999973904649431
0.999975368210453
0.9999756662549774
0.9999747992424368
0.9999729786907631
0.9999707253610304
0.9999683210445028
0.9999663808912148
0.9999653582622536
0.9999656526482218
0.9999670062351393
0.9999693502968925
0.9999718346954398
0.9999737851761752
0.9999745650050482
0.9999742287405645
0.9999729091236912
0.999970836139048
0.9999683482300119
0.999966220414746
0.9999646533760044
0.999964263066057
0.999965093904115
0.9999669834937831
0.9999694587123074
0.9999717467551688
0.9999731775226358
0.9999734854360075
0.9999725531280251
0.9999708042319507
0.9999685693391694
0.9999662421733005
0.9999643163693533
0.9999632567020529
0.9999634704562629
0.9999649317739258
0.9999672452751242
0.9999697141318263
0.9999716610904029
0.9999725652237554
0.9999721930319411
0.9999708140899617
0.9999687717487014
0.9999664874057028
0.9999643345351947
0.9999628317841335
0.9999623475697454
0.9999632010704825
0.9999651051788186
0.9999675167311882
0.9999698186833798
0.9999712816796529
0.9999715531916911
0.9999706003956481
0.999968850294089
0.9999665609264965
0.999964178456758
0.9999622191462177
0.9999612298257886
0.9999614582335755
0.9999629075543564
0.9999651588339573
0.999967688946519
0.9999696437693656
0.999970537944094
0.9999702401823507
0.9999689680446223
0.9999668890756501
0.99996449854134
0.9999623040154256
0.9999608076042317
0.9999602948288951
0.9999612262798103
0.9999631791365722
0.9999656540660438
0.9999679246393658
0.9999693865054706
0.9999696601152911
0.9999689022143454
0.9999672171760717
0.9999649042172781
0.9999625385042474
0.9999605673667166
0.9999595650323925
0.9999597919947297
0.9999612744179114
0.9999636502669745
0.9999660969149594
0.9999680373382182
0.9999688748937495
0.9999685507754149
0.999967218873983
0.9999652075640104
0.999962702081873
0.9999605150893996
0.9999590264311166
0.999958585733963
0.9999594372609042
0.9999613730690281
0.9999638546970849
0.9999661069600216
0.9999675701239371
0.9999678686917932
0.9999671006352389
0.9999652171514808
0.9999630323610564
0.9999608042315309
0.9999588258571386
0.999957689031475
0.9999580144845549
0.9999594527836414
0.9999617796095266
0.9999642196591206
0.9999661580966749
0.9999669774049622
0.9999665640539991
0.9999651779631886
0.9999631259685413
0.9999606885888558
0.9999584683042778
0.9999568765223901
0.9999563423290297
0.9999572433309574
0.9999591698246219
0.9999615250628285
0.9999637886284384
0.9999652182398961
0.9999654559300241
0.9999645174020161
0.9999627669980545
0.9999604487164184
0.9999580714667714
0.9999561494534385
0.9999550939452253
0.9999553746220573
0.9999568502713162
0.9999591851946502
0.999961649602356
0.999963550949516
0.999964395340738
0.9999641214389844
0.9999628352917826
0.9999607084019192
0.9999582780445013
0.9999559841532217
0.9999543989979368
0.9999540081883306
0.9999549262143392
0.9999569559954334
0.9999593875419058
0.9999615761922008
0.9999629204557733
0.9999632014970035
0.9999624364621966
0.9999606999851101
0.9999584716981357
0.9999560800476849
0.9999540605627114
0.9999530377799121
0.9999532402940328
0.9999545954148286
0.9999568375938733
0.9999593031278957
0.9999612457965109
0.9999620756447013
0.9999617046104793
0.999960361153896
0.9999582726641913
0.999955909636778
0.9999537131961169
0.9999521890031627
0.9999517653123401
0.9999524975217073
0.9999544577069107
0.9999568996055549
0.9999592243646608
0.999960483737179
0.9999607928087654
0.999959881495378
0.9999580888422825
0.9999558199852002
0.9999534767787455
0.999951491523084
0.9999503978318713
0.9999505211627873
0.9999520119697842
0.9999543123986676
0.9999567293933189
0.9999587262224745
0.9999596003871303
0.9999592526985951
0.9999578508999021
0.9999557513584407
0.9999533278202336
0.9999511539949184
0.9999496542694459
0.9999492176982151
0.9999499746240856
0.9999519626408556
0.9999544747103156
0.9999567856596202
