0.9999998679720588
0.9999994990733784
0.9999994037691526
0.9999998457598585
0.999999576436592
0.9999993360449885
0.9999997786497135
0.9999996849664351
0.9999993271727405
0.9999996822239711
0.999999741706428
0.9999993247214422
0.9999995921321443
0.9999997393308928
0.9999993171963812
0.9999995486451264
0.9999997395199411
0.9999993071745048
0.9999994787510762
0.9999996869049638
0.9999992164871794
0.999999283676236
0.9999995784602523
0.9999991487085422
0.9999990994142725
0.9999995089205053
0.9999991772076844
0.9999989650824835
0.9999993758654773
0.9999991430398099
0.9999987902667052
0.9999991561628211
0.999999013071425
0.9999986158716814
0.9999989618677734
0.9999989097695673
0.9999984982846142
0.9999987924409232
0.9999988052085997
0.9999983291331723
0.9999985603768753
0.9999986371531673
0.9999981437399144
0.9999982549072888
0.9999984581192375
0.9999979761788415
0.9999979554870856
0.9999982779408838
0.9999978544813258
0.9999977011226766
0.9999980424272814
0.9999976853234057
0.9999974247324801
0.9999978058584691
0.9999975350371278
0.9999972356148975
0.9999975999519373
0.99999738880237
0.9999969879142908
0.9999973221228058
0.9999972252990212
0.9999967746946106
0.999997059176694
0.9999970604182444
0.9999965926195542
0.9999967614350589
0.9999968900448126
0.9999963872577422
0.9999964570380216
0.9999967048967006
0.9999961915735379
0.9999961628219526
0.9999964666834226
0.9999960265055914
0.9999959022108773
0.9999962538731771
0.9999958700310726
0.9999956215007715
0.9999959715133043
0.9999956771518697
0.9999953521247733
0.999995742107471
0.9999955042576962
0.9999951164495102
0.999995467074956
0.9999953756755452
0.9999949655770121
0.9999952155125069
0.9999952221706583
0.9999947374650352
0.9999949231576608
0.9999950467323954
0.9999945840086691
0.9999946402322095
0.999994870946148
0.9999943475580443
0.9999943198952855
0.9999946213203087
0.9999941555671217
0.999994042844972
0.9999943927158653
0.9999940229890103
0.9999937851936205
0.9999941233645645
0.9999938401840477
0.9999935228110867
0.9999939057279419
0.9999937122216234
0.9999932840066543
0.9999936086663848
0.9999934903946263
0.9999930261846586
0.9999933049183457
0.9999933038441862
0.9999928294116027
0.9999929989436109
0.9999931052506029
0.9999926086741758
0.999992722978558
0.9999929915821502
0.9999925173754507
0.9999924814332797
0.9999927911928896
0.999992349064385
0.999992230231405
0.9999925960788251
0.9999921835601298
0.999991967090117
0.9999923522131234
0.9999920256106855
0.9999916806746132
0.9999920102997903
0.9999918193598566
0.9999914341401024
0.9999917290835838
0.9999916635452409
0.9999912099475615
0.9999914718817207
0.9999914992368526
0.9999910253687232
0.9999911903850071
0.9999913285625097
0.9999908285375435
0.9999908413761942
0.9999910304702043
0.9999905594904203
0.9999905596641528
0.9999908452427425
0.9999903906813525
0.9999902457022758
0.9999905978552521
0.999990182411014
0.9999899252461703
0.9999903145900927
0.999990011395572
0.9999897073304359
0.9999900587275411
0.999989794611339
0.9999893521074154
0.999989662436493
0.9999896086397808
0.9999891535500596
0.9999894021711827
0.9999894087347794
0.9999889260801865
0.9999891133328209
0.9999892069463857
0.9999887205091584
0.9999888043382846
0.9999890271435152
0.9999885282181266
0.9999884858819562
0.999988820362759
0.9999884164653188
0.9999882434898205
0.9999885740141224
0.999988169932472
0.9999879762050777
0.9999883414699762
0.9999880432256182
0.9999876787914981
0.9999880429403849
0.9999877808482338
0.9999874076271907
0.9999877680105024
0.9999876906050226
0.9999872176217626
0.9999874486215831
0.9999875183393826
0.9999869961609552
0.9999871849447697
0.9999873744443842
0.9999868733302864
0.9999869182238253
0.9999871849743627
0.9999866577516093
0.9999867097235074
0.9999870419980559
0.9999865438335424
0.9999864263607812
0.9999867334593101
0.9999863541498392
0.9999861536996109
0.9999864811477845
0.999986156512491
0.999985816417028
0.9999861702019256
0.9999860334326778
0.9999856229470866
0.9999859794764995
0.9999858602007686
0.9999854078228372
0.9999857393326241
0.9999857391003726
0.9999852312192625
0.999985403732786
0.9999855046429406
0.9999850156399975
0.9999850792711932
0.9999853148946349
0.999984785914459
0.9999848552416386
0.999985159252496
0.9999847208670346
0.9999846148713808
0.9999849418443689
0.9999845603354428
0.9999843251780008
0.9999847405888729
0.9999844306652693
0.9999840935563609
0.999984500929462
0.9999842898182325
0.999983864531581
0.9999841554036797
0.9999840371050273
0.9999836079123406
0.9999838250794378
0.9999838739244338
0.9999833542300748
0.9999835261986351
0.999983688873796
0.9999832711801813
0.9999833313735709
0.9999836045110584
0.9999831651903566
0.9999831857606785
0.9999834965075506
0.9999830223704178
0.9999828114922998
0.9999831575805135
0.999982787278369
0.9999824867998308
0.9999828299434791
0.9999825127471399
0.9999821374740276
0.999982551639385
0.9999822819737213
0.9999818946379253
0.9999821659436945
0.9999821253730583
0.9999816061699318
0.9999818808578532
0.9999819470051452
0.9999814813916087
0.9999816665435871
0.9999817603904717
0.9999813016267604
0.9999813460910594
0.9999815636617354
0.9999810592182309
0.9999810438116021
0.999981351780389
0.9999808777365105
0.9999807535330864
0.9999811384702874
0.9999807477976184
0.9999804959329182
0.9999808873758234
0.9999805258744391
0.9999801922797572
0.9999805472847211
0.9999802818271272
0.9999798160497376
0.9999801636702546
0.9999800339617059
0.999979617394427
0.9999798733248347
0.9999798451292857
0.999979345545903
0.9999794910328935
0.9999795810137417
0.9999790250438935
0.9999791190354105
0.9999793965925836
0.9999789520105953
0.9999788904605028
0.9999792096796895
0.9999787342533059
0.9999786122882526
0.9999789068538713
0.9999785527482155
0.9999783847836824
0.999978720494333
0.9999783655850116
0.9999780292973744
0.9999783813188124
0.9999781767701608
0.9999777130215194
0.9999780195485316
0.9999779062263638
0.9999774385250648
0.9999777514391176
0.9999776709135905
0.9999771508240666
0.9999772583366998
0.9999773744701631
0.9999768385403548
0.9999768747409757
0.9999771075172716
0.9999766174902263
0.99997655699478
0.9999768984001296
0.9999764354512188
0.999976226082461
0.9999765330171067
0.9999761985099362
0.9999760244466364
0.9999764316559112
0.9999761727626701
0.9999758328217959
0.999976192307746
0.9999760260233005
0.9999755009301016
0.9999758134066911
0.9999757189427876
0.9999752369858115
0.9999754627570662
0.9999755535861212
0.9999750313825453
0.9999752371984049
0.9999753342968214
0.9999748228635993
0.9999749392869801
0.9999751587740002
0.9999746130479855
0.9999745666615155
0.9999748943856047
0.9999744559567919
0.9999743378082959
0.9999747120185991
0.9999742643549084
0.9999740443266746
0.9999743949290256
0.999974120743541
0.9999737256968257
0.9999740027295797
0.9999737918183754
0.9999733994002417
0.9999736335333433
0.9999735861062581
0.9999731219498856
0.9999733651600665
0.9999733977747357
0.9999728696206457
0.9999729731238347
0.9999730344868494
0.9999725587930993
0.9999726132976139
0.9999728955027544
0.9999725178503381
0.9999724437204884
0.9999727118287213
0.9999722383367908
0.9999721233527331
0.9999724844728082
0.999972037072727
0.9999717594446703
0.9999720926367324
0.9999718261178092
0.999971586862017
0.9999719309780866
0.9999716563014419
0.99997129237152
0.9999716793354351
0.9999715312481082
0.9999711313190044
0.9999713866096496
0.9999714255314521
0.9999709184453233
0.9999710898771982
0.9999711349384306
0.9999706234126232
0.9999707647473566
0.99997102862356
0.9999705342449537
0.9999705102339086
0.9999708467816059
0.9999704387272533
0.9999702985938506
0.9999706069198581
0.9999701822831921
0.9999699374891431
0.9999702976727273
0.9999699102325266
0.9999695316668723
0.9999698595129972
0.9999696106652469
0.999969171183063
0.9999694972197202
0.9999692872678277
0.9999688618607052
0.9999691509873854
0.9999691419540844
0.999968666693505
0.9999687770623997
0.9999689044326533
0.9999682831448321
0.9999683328036029
0.9999685135515253
0.9999680967035119
0.9999680963059446
0.999968407363106
0.9999679002405462
0.9999677853332679
0.9999681186286814
0.9999677351555252
0.9999676259667233
0.9999679230927085
0.9999676203876273
0.9999672534201528
0.9999676546182975
0.9999674294455672
0.9999670376380918
0.9999673906507682
0.9999673028336332
0.9999668008152702
0.9999671397205439
0.999967091487789
0.9999666200971302
0.9999667533150999
0.9999668745550264
0.9999663889983635
0.999966528539653
0.9999665948679144
0.9999660845284132
0.9999660821931281
0.9999664101655654
0.999965977822458
0.9999657963482441
0.9999661399744578
0.9999657284195042
0.9999655403703123
0.9999659365165291
0.9999656606238231
0.9999653491697117
0.9999656316007899
0.9999653517574586
0.9999649345747145
0.999965261528324
0.9999651817231003
0.9999648438074841
0.9999651545153123
0.999965167793108
0.9999646005258185
0.9999648885263525
0.999965021661622
0.9999645243285802
0.9999646256862594
0.9999649011328007
0.9999644061752757
0.9999643984367419
0.9999647484254002
0.999964351976447
0.9999642900461942
0.999964675380896
0.9999642380052579
0.9999641060918399
0.9999645317784011
0.999964269426099
0.9999639438998003
0.9999643570248089
0.9999642035397166
0.9999637673126108
0.9999640293123382
0.9999638904905737
0.999963452862342
0.9999636888440097
0.9999637655646555
0.9999632361138403
0.9999633391839734
0.9999635035329726
0.9999629689231416
0.9999630469047089
0.9999632640875732
0.9999628292256528
0.9999628173753115
0.9999631268639396
0.9999626236051469
0.9999625278542309
