0.9999962205952359
0.9999956919143546
0.9999941535416016
0.99999179029041
0.9999888881347273
0.9999857944915442
0.9999828734858354
0.9999804616842912
0.999978832852135
0.9999781709226585
0.9999785521382426
0.9999799392397449
0.9999821832067685
0.9999850369060754
0.9999881778861687
0.9999912374318247
0.9999938442921492
0.9999956716533677
0.9999964779336488
0.9999961626023802
0.9999947842141914
0.9999925669047334
0.9999898736677331
0.999987156639437
0.9999848715978465
0.9999834016656368
0.9999829889416455
0.999983692342061
0.9999853795916459
0.9999877602164657
0.9999904364872323
0.9999929730009687
0.999994959825106
0.9999960824158719
0.9999961589455305
0.999995157613767
0.9999931915862925
0.9999904994735145
0.9999874074105499
0.999984287442196
0.999981499188832
0.9999793661412429
0.999978134492469
0.9999779455643582
0.9999788232245543
0.9999806802864498
0.999983309162061
0.9999864126523058
0.9999896360166918
0.999992587132676
0.999994889386087
0.9999962464417027
0.9999964808475149
0.9999955700929184
0.9999936567376967
0.9999910526971064
0.9999881842463394
0.9999855308580156
0.9999835310244556
0.9999825147830447
0.999982641277232
0.9999838752152354
0.9999859969851849
0.9999886494194556
0.9999914032348134
0.9999938190489482
0.9999955085834571
0.9999962141828851
0.999995808489134
0.9999943311404673
0.9999919586471019
0.9999889853649087
0.9999857660520741
0.9999826883662584
0.9999801187744968
0.9999783549573426
0.999977603681205
0.9999779544679716
0.9999793752150473
0.9999817133536005
0.9999847021731583
0.9999879811106692
0.999991169505707
0.9999938596898393
0.9999957026421725
0.9999964572555982
0.9999960016387527
0.9999944309544918
0.9999919889277857
0.9999890710960117
0.9999861509310761
0.9999837063197742
0.9999821307217461
0.9999816780502414
0.9999824069039178
0.9999841801599013
0.9999866985579551
0.9999895515505601
0.9999922924292066
0.9999944853899082
0.9999957979454195
0.9999960100788927
0.9999950839698467
0.9999931295150125
0.9999903746278849
0.9999871710362903
0.9999839146339522
0.9999809975341687
0.9999787634651579
0.9999774884910915
0.9999773194535632
0.9999782770433171
0.9999802665973961
0.9999830510391325
0.9999863080060915
0.9999896342510467
0.999992606533066
0.999994839567311
0.9999960357256086
0.9999960271246285
0.9999948209654473
0.9999926091128855
0.9999897401640997
0.9999866608620396
0.9999838702884906
0.9999818121354568
0.9999808079792493
0.999981002330608
0.9999823549041844
0.9999846398056934
0.9999874762656402
0.9999904320824905
0.9999930256653567
0.9999948799935956
0.999995705357627
0.9999953642052967
0.9999939006635767
0.9999914777343833
0.9999884059280919
0.9999850848764588
0.9999819121350867
0.9999792847436713
0.999977528183717
0.9999768613604967
0.9999773576606449
0.999978969595552
0.9999815013477993
0.9999846445715225
0.9999880252146844
0.9999912008655049
0.9999937498473704
0.9999953527294617
0.9999957674406603
0.9999949417579251
0.9999929797993208
0.9999902069702717
0.9999870675653966
0.9999840276240411
0.999981572890203
0.9999800773895126
0.9999797613493822
0.9999806700587348
0.9999826407645676
0.9999853571046875
0.9999883882056902
0.9999912832644663
0.9999936021051509
0.9999949901599938
0.9999952305138394
0.9999942797623516
0.9999922555826575
0.9999894170202078
0.9999861326780113
0.9999828157270373
0.9999798837559635
0.9999777208524344
0.9999765853760175
0.9999766130380351
0.9999778120467915
0.9999800406495166
0.9999830203501059
0.9999863668258123
0.9999896468649044
0.9999924755524296
0.9999943947801555
0.9999951710738584
0.9999946907661529
0.9999930443313032
0.999990453516014
0.9999873205692167
0.9999841087090398
0.9999813270259964
0.9999794008625106
0.9999786158805262
0.9999790379718482
0.9999806403404872
0.9999831318721331
0.9999861497268446
0.9999892323067983
0.9999918993660207
0.9999937801383502
0.9999946021021995
0.9999941988719246
0.9999926293903904
0.9999900950242735
0.9999869405518914
0.9999835633467727
0.9999804138074296
0.9999778947648361
0.9999763108108487
0.9999758923955342
0.999976682679785
0.99997857026766
0.9999813372618882
0.9999846168305023
0.9999879696479972
0.9999909543372619
0.9999931530900139
0.9999942773450652
0.9999941671237396
0.9999928343624587
0.9999904605391556
0.9999874098624835
0.9999841447648236
0.999981135480782
0.999978830506936
0.9999775970448488
0.9999775806113831
0.999978781788891
0.9999810158218205
0.9999839273644443
0.9999871043888378
0.9999900584924206
0.9999923506430144
0.9999936511880855
0.999993780031418
0.999992680726553
0.9999905258765629
0.9999875668387121
0.9999842323715236
0.999980934381277
0.9999780943563782
0.999976141770387
0.9999752896902272
0.9999756717604661
0.9999772125049844
0.9999797250871229
0.9999828892042819
0.9999862442598699
0.9999893684841936
0.999991821775216
0.9999932828430201
0.9999935119089105
0.9999925097743617
0.9999904067251643
0.9999874905617416
0.9999841984021448
0.9999810028919185
0.9999784066757116
0.9999767484906898
0.9999762905593644
0.9999770797657737
0.99997897206845
0.9999816971245786
0.9999848724381272
0.9999880120591684
0.9999906328708584
0.9999923807429169
0.9999930168051778
0.999992427808189
0.9999906687005341
0.9999879931903228
0.9999847399931661
0.9999813602721546
0.9999783066057971
0.9999760092760119
0.9999747718522672
0.9999747250322357
0.9999758606627082
0.9999780803678963
0.9999810373754279
0.9999843559797365
0.999987578403944
0.9999902824027684
0.9999920358745948
0.9999926328117684
0.9999919743610399
0.9999901402898033
0.9999874052445754
0.9999841229586315
0.9999808318757147
0.9999779761393502
0.9999759467167882
0.9999750661810672
0.9999754086129065
0.999976954932903
0.9999794563568458
0.9999825456200918
0.9999857642194276
0.9999886619551818
0.9999908281075641
0.9999919264925233
0.9999918178233858
0.9999904697372513
0.9999880884026692
0.9999849853811037
0.9999816026752097
0.9999783936655259
0.9999757766606302
0.9999741432302492
0.9999736782447324
0.9999744343405635
0.9999763247554112
0.9999791040748744
0.999982357111788
0.9999856323615921
0.9999885208401541
0.9999905870034571
0.9999915309653492
0.9999912368462285
0.9999897431855858
0.9999872079667707
0.9999840582372312
0.9999807273159269
0.9999776590419709
0.9999753126306477
0.999974042617995
0.9999739739736847
0.999975118868488
0.9999773229424835
0.9999802719484114
0.9999835182291976
0.9999866307412832
0.9999891389227419
0.9999906723117541
0.99999101342702
0.9999901076952598
0.9999880789785331
0.9999852023073575
0.9999818940973851
0.9999785799769769
0.9999757272022538
0.9999737042159456
0.9999728200498924
0.9999731683528602
0.9999747030646834
0.9999771906248959
0.999980304870548
0.9999836312774444
0.9999866687901464
0.9999890204681077
0.9999903234183619
0.9999904198787486
0.9999892928419802
0.9999870494791989
0.9999840344426006
0.9999806688536228
0.999977468627351
0.9999748350833654
0.9999731705202286
0.9999726765661786
0.9999734196218749
0.9999753089319002
0.9999780355721524
0.9999812329450003
0.9999844457605497
0.9999872151626392
0.9999891190035335
0.9999899211401396
0.9999894834019917
0.9999878293946483
0.9999852364073071
0.9999820104018678
0.999978657272855
0.9999755898955917
0.9999732477924675
0.99997195769789
0.999971895838175
0.9999730620450477
0.9999752927441685
0.9999782496877136
0.9999815591520737
0.9999847219147819
0.9999873324610369
0.999989014710792
0.9999894876550087
0.9999887281078089
0.999986806971216
0.9999840114190942
0.9999807367311006
0.9999774334245929
0.9999745760327314
0.9999725564824274
0.9999716470756624
0.9999719931781926
0.9999735184889627
0.9999760425030874
0.9999791401757155
0.9999823924928539
0.9999853618009943
0.9999875994122426
0.9999887885313132
0.9999887664273406
0.9999875188199993
0.9999851800322482
0.9999821358067614
0.9999787677070416
0.9999755475904921
0.9999729354308949
0.9999712803165316
0.9999707940260224
0.999971517126193
0.9999733965747606
0.9999761342402346
0.9999793387231498
0.9999826104667912
0.9999854451883665
0.9999874377368557
0.9999883124104667
0.9999879278385805
0.9999863546427289
0.9999837755463905
0.9999806076019919
0.9999772320010966
0.9999741741275895
0.9999718345298665
0.9999705296417489
0.9999704791276256
0.9999716398540437
0.999973831099043
0.9999767890951444
0.999980068001266
0.9999831984812636
0.9999857647408351
0.9999873509127437
0.9999877672871089
0.9999869243487483
0.9999849269664699
0.999982093107154
0.9999787918943456
0.999975488551629
0.9999726282823981
0.9999706089512143
0.9999697237752345
0.9999700618531526
0.9999715661897008
0.99997405105744
0.9999771862640449
0.9999804645114616
0.9999834574461302
0.9999857634335575
0.9999870132037108
0.9999870723778319
0.9999858784649497
0.9999835671006497
0.9999805446715453
0.9999771834107593
0.9999739658231452
0.9999713573575213
0.9999696998317819
0.9999692164625781
0.9999699774697645
0.9999718528249395
0.9999745869447868
0.9999777980992063
0.9999810525553794
0.9999838496058777
0.9999857910195414
0.9999866259788761
0.9999861997633527
0.9999845711520394
0.9999819721643278
0.9999787738322762
0.9999753952961971
0.9999723418476592
0.9999700101843295
0.9999687195925235
0.9999686404115224
0.9999697699181691
0.9999719946865667
0.9999749337767597
0.9999782152057188
0.9999813616107409
0.9999839341722331
0.9999855641814118
0.9999859911884877
0.9999852152823655
0.9999832606574237
0.9999804429615505
0.9999771947392742
0.9999738893200095
0.9999710339396265
0.9999690324902725
0.9999681641774701
0.9999684805368715
0.9999700268920573
0.999972531213415
0.9999756447753959
0.999978946151169
0.9999819362088564
