0.9999914076032473
0.9999908492520186
0.9999892302381697
0.9999866215542259
0.9999831413548667
0.999978946032756
0.9999742203439628
0.9999691719892115
0.9999640252152153
0.999959015833702
0.9999543855377386
0.9999503752396248
0.9999472165067675
0.999945121548548
0.999944265455903
0.9999447722490323
0.9999466939466776
0.9999500055642607
0.9999545767237388
0.9999601820314133
0.9999664920161391
0.9999730999713334
0.999979552873443
0.999985382599117
0.9999901560314353
0.9999935084897312
0.9999951834423916
0.9999950564672229
0.9999931369406788
0.9999895719586558
0.9999846108458312
0.9999786055382347
0.9999719431073917
0.999965034466036
0.9999582773618624
0.9999520350271375
0.9999466225567737
0.9999422786934545
0.9999391896093102
0.9999374562889293
0.9999371259103612
0.9999381793891219
0.9999405486761657
0.9999441114324779
0.9999487028178364
0.9999541169270311
0.9999601069797631
0.9999663996472811
0.9999726966180702
0.999978685605664
0.9999840553418247
0.9999885120043867
0.9999918027486685
0.9999937415676962
0.9999942075972826
0.9999931766719722
0.9999907301615855
0.9999870561502023
0.9999824341943248
0.9999772238578402
0.9999718315699779
0.9999666613697168
0.999962094324809
0.9999584492492146
0.9999559561674076
0.9999547430899846
0.9999548201141627
0.999956124067082
0.9999584932041614
0.9999617032231579
0.9999654989311221
0.9999696270006104
0.9999738105408191
0.999977801517244
0.9999813827704623
0.9999843701858145
0.999986613545535
0.9999880188490445
0.9999885155691502
0.9999881004596082
0.9999868153303487
0.9999847387973735
0.9999820221129865
0.9999788394563143
0.9999754075792892
0.9999719971180883
0.9999688667496832
0.9999662846892178
0.9999644823471467
0.9999636206618907
0.9999638136525699
0.9999650793142982
0.9999673123162183
0.9999703479437296
0.9999739420790583
0.9999777875264444
0.9999815784805794
0.9999850025900608
0.9999877973559932
0.9999897445516809
0.9999907013766642
0.9999905908788352
0.9999893995875011
0.999987171045444
0.9999840367097717
0.9999801315305323
0.9999756352437215
0.9999707674292228
0.9999657481936163
0.9999608413419547
0.9999562834283328
0.9999523176805382
0.999949193132781
0.9999471058986253
0.9999462328788767
0.9999466578464017
0.9999484315471994
0.9999515202365032
0.9999557996278583
0.9999610187446074
0.9999668684607085
0.9999729847128731
0.9999789603645206
0.9999843539104938
0.999988800338923
0.9999919781297332
0.9999936451791454
0.9999936871900259
0.9999921041538111
0.9999890186798208
0.9999846216584679
0.9999792036499294
0.9999731064891468
0.9999667204030626
0.9999604004101599
0.9999545039346976
0.99994936869736
0.9999452127412014
0.9999422633143943
0.9999406427463614
0.9999404115112148
0.9999415514398339
0.9999439996881657
0.999947616787514
0.999952221890411
0.9999575704601465
0.9999633838805707
0.9999693703890481
0.9999752229686594
0.9999806133772617
0.9999852386801534
0.9999888565719434
0.9999912506603711
0.9999922785527218
0.9999918746391563
0.9999901185669604
0.9999870869971392
0.9999830022252827
0.9999781578429418
0.9999729111778545
0.9999676320638226
0.9999626796678625
0.9999584133011198
0.9999551170482217
0.9999529909065605
0.9999521365204268
0.9999525883380181
0.9999542570432873
0.9999569804752028
0.9999605619985283
0.9999647204216502
0.9999692080354732
0.9999737112380406
0.9999779559446001
0.999981716006264
0.9999847600949409
0.9999869634719714
0.9999881804748655
0.9999883695684818
0.9999875126399933
0.9999856669991544
0.999982949935717
0.9999795253121025
0.9999756257487658
0.9999715066003749
0.9999674229788197
0.9999636441552898
0.9999605067131851
0.999958203053316
0.99995695392286
0.9999568536596238
0.9999579394468113
0.9999601308074141
0.9999632541676089
0.9999670698128378
0.9999713091093392
0.9999756577542914
0.9999797750958372
0.9999833822594504
0.9999862314063355
0.9999881077121773
0.9999889157703971
0.9999885818172624
0.9999871291156998
0.999984601830647
0.9999811679165982
0.9999769990299316
0.9999723179097727
0.999967364741087
0.9999624259880774
0.999957775840494
0.999953663716101
0.999950381130608
0.9999480924836465
0.9999469701391325
0.9999471145325978
0.9999485699771967
0.9999512906198674
0.9999550934556419
0.9999597597563482
0.9999650329298675
0.9999705252379918
0.9999759023927577
0.9999808032291982
0.9999849468565519
0.9999879909859406
0.9999897568674566
0.9999901274952159
0.9999890736509224
0.9999866911610916
0.9999830797353946
0.9999784795279423
0.9999732100885815
0.9999675430087486
0.9999618512947643
0.9999564543201501
0.9999516576997798
0.9999477419752937
0.9999449493753514
0.9999434222499665
0.999943215924372
0.9999443275746002
0.9999467405452818
0.9999502613377343
0.999954703973163
0.9999597911655778
0.9999652452825285
0.9999707519456409
0.9999759762455648
0.9999805738319033
0.9999843263699301
0.9999869983697304
0.9999884303369436
0.9999885452213815
0.9999873414935918
0.9999848767984657
0.9999813475245974
0.9999769624900834
0.999972006385673
0.9999668048809124
0.9999617029209183
0.9999570303032599
0.9999530926124964
0.999950151950316
0.9999483853080565
0.9999478941056527
0.9999487125469693
0.9999507435525066
0.9999538239530604
0.9999577524991496
0.9999622625179422
0.999967085541158
0.9999718645941058
0.9999763454178494
0.9999801999783818
0.9999832477369436
0.999985325223804
0.9999862792049975
0.9999860526909671
0.9999846722480441
0.9999822307240986
0.999978870393037
0.9999747943376964
0.9999702527441037
0.9999655242124486
0.9999609043546269
0.9999567154203757
0.9999532551726595
0.9999507106720199
0.9999492575609062
0.999949068983462
0.9999500912517695
0.9999523097629576
0.9999555473814474
0.9999595703644217
0.9999641521743209
0.9999689222134963
0.9999735701526111
0.999977796906942
0.9999813560138069
0.9999839782743903
0.9999854837339859
0.9999858096160873
0.9999849420065351
0.9999829197657425
0.9999798328109096
0.9999758970950806
0.9999713417458453
0.9999663931141821
0.9999613638032976
0.99995654326792
0.9999522458183799
0.9999487380575153
0.9999462213202935
0.9999448885705953
0.9999448187232122
0.9999460396224208
0.9999484526875422
0.9999519295590356
0.9999562993265161
0.9999612123251168
0.999966381860027
0.9999715027093016
0.9999761846677832
0.9999801761323258
0.9999831662178248
0.9999849973865247
0.9999855914961999
0.9999848800563753
0.9999828873782175
0.9999797557922767
0.9999756778968844
0.9999708764446413
0.9999656705630392
0.9999603710099846
0.9999553008078159
0.9999507352545983
0.999947001069885
0.9999443079287326
0.999942805946578
0.9999426009749233
0.9999436908143189
0.9999459784658266
0.9999493810460307
0.9999536741416787
0.9999585773634923
0.9999637558068186
0.999968879787003
0.9999736837854213
0.9999778313425282
0.9999810814362572
0.999983206383823
0.9999841317705362
0.9999837768967326
0.9999821763394605
0.9999793969301993
0.9999756571139384
0.9999711427910138
0.999966155427247
0.9999609904752107
0.9999559756725978
0.9999514391466404
0.9999476956184424
0.9999449338070738
0.9999433532270107
0.9999430591662815
0.9999440345968503
0.999946241020977
0.9999495227014812
0.9999536139550159
0.9999583191348286
0.999963326212967
0.9999682690230995
0.9999728288404822
0.9999767556199108
0.999979772020148
0.999981754477374
0.9999825161114614
0.999982096930049
0.9999804130510662
0.9999776310733124
0.999973931375876
0.9999695035278497
0.9999646465166622
0.9999595994854154
0.999954749920266
0.999950356903808
0.9999467467876357
0.9999441010782986
0.9999426230919805
0.9999423931917938
0.9999434540532708
0.9999457012038933
0.9999490358037967
0.9999532013437193
0.9999579217020741
0.9999628857357008
0.9999677976372181
0.9999722902203527
0.9999761208049646
0.999979051200534
0.9999808564629991
0.9999814529386793
0.9999808028647229
0.9999789951154295
0.9999760477146477
0.9999721737617453
0.9999676251831112
0.9999626641448536
0.9999575784613982
0.9999526666845343
0.9999482627863642
0.9999446234488337
0.9999419719193893
0.9999405152749055
0.999940345455091
0.9999414292397935
0.9999437174862545
0.9999470788754327
0.9999512812683408
0.9999560520143976
0.9999611063268605
0.9999660969966475
0.9999707052838515
0.9999746373508528
0.9999776532577828
0.9999795445397813
0.9999802143050729
0.9999796184118465
0.9999777990669225
0.9999748777478339
0.9999709921455541
0.9999663869925279
0.9999613213006399
0.9999561659988265
0.9999511891020094
0.9999467291125345
0.9999430303963094
0.9999403574200294
0.9999388635498291
0.9999386616052058
0.9999397540291501
0.9999420651940851
0.9999454713446891
0.9999496929088435
0.9999544893357702
0.9999595246669437
0.9999645399392318
0.9999691339898201
0.9999731330744802
0.9999762021073149
0.9999781981985641
0.9999789435617631
0.9999783818418374
0.9999766637276506
0.9999737701963012
0.9999699386238825
0.9999653971811618
0.9999603984911815
0.9999552495530623
0.9999503200768132
0.9999458522393905
0.9999421562692545
0.9999394511832934
0.9999379453041705
0.9999377154165631
0.9999387745479691
0.999941055010428
0.9999444196614732
0.9999485656018231
0.9999533018188855
0.999958298244145
0.9999632611254934
0.9999678463316386
0.9999717604489713
0.9999747761506593
0.9999767234793857
0.9999774410353933
0.9999769247453735
0.9999751767586684
0.9999723251352691
0.999968513489494
0.9999639749801592
0.9999589924558219
0.9999538543286632
0.9999489366320894
0.9999444757020565
0.999940808659257
0.9999381184106425
0.9999366203234746
0.9999363848422052
0.9999374471904382
0.9999396990686324
0.9999430476183578
0.9999472309292426
0.9999519718128392
0.9999569709072699
0.999961908832417
0.9999664964709303
0.9999703703431088
