0.9999996925142499
0.9999992104122908
0.9999985563185276
0.9999987175085852
0.9999994327217584
0.9999996593442301
0.9999989809269177
0.9999985310478114
0.999998950119929
0.999999625468711
0.9999994908968238
0.9999987324567519
0.9999985794726618
0.9999991948717788
0.9999996969646
0.9999992420906599
0.9999985570686104
0.9999986661985838
0.9999993647927822
0.9999996629169515
0.9999990329692815
0.9999984672188156
0.9999987395882717
0.9999994543819006
0.9999996081511572
0.999998906579853
0.9999984421951413
0.9999988189554362
0.9999995271582818
0.9999995547847245
0.999998814535155
0.9999984706516477
0.9999989570378254
0.9999996178196184
0.9999994472259148
0.99999869332968
0.9999985534905964
0.999999175069914
0.9999996846271789
0.9999992336093702
0.9999985660230063
0.9999987137173225
0.9999994239994877
0.9999996391917955
0.9999989521400244
0.9999985038606254
0.9999989204046758
0.9999995926842863
0.999999467476528
0.9999986988800905
0.9999984976550867
0.999999079233511
0.9999996336529249
0.9999992674647126
0.999998532476965
0.9999985171112428
0.9999991779584266
0.9999996273111544
0.9999991325700871
0.999998458709333
0.9999985692177197
0.9999992702167747
0.9999996124641658
0.9999990206089994
0.9999984289071215
0.9999986737746295
0.9999993917929741
0.9999995530347084
0.9999988486678244
0.9999984198963161
0.9999988499991681
0.999999524240699
0.9999993928405194
0.9999986357958085
0.99999847837739
0.9999990949125088
0.9999995988041217
0.9999991400676442
0.9999984685973693
0.9999986090378101
0.9999993101385719
0.9999995368287992
0.9999988530183266
0.9999983570008748
0.9999987198996095
0.9999994061823335
0.9999993842728827
0.9999986207203988
0.9999983012581601
0.9999987987730217
0.9999994432703585
0.9999992594142815
0.9999984961226325
0.9999983130317481
0.9999988977622674
0.9999994756535737
0.9999991450278166
0.999998402841756
0.9999983606266948
0.9999990108275773
0.9999994546667105
0.9999989439998045
0.9999982892049909
0.9999984571557119
0.9999991669004422
0.9999993711342364
0.9999986799647809
0.9999982325520219
0.9999986491879729
0.9999993207538757
0.9999991912426112
0.9999984272965723
0.9999982542899006
0.9999988507101609
0.9999993547384061
0.9999989139636937
0.9999982072268313
0.9999982787165578
0.9999989603737116
0.9999992731892525
0.999998653222578
0.999998064008726
0.9999983167221005
0.9999990317342421
0.9999991861553704
0.9999984813639532
0.9999980145621401
0.9999983941131431
0.9999990936076035
0.999999089976657
0.999998331649908
0.9999979999258459
0.9999984937682634
0.9999991276258015
0.9999989079818502
0.9999981400155451
0.9999980143154663
0.9999986379571286
0.9999991223021967
0.9999986451608337
0.9999979749061989
0.9999981203751901
0.9999988239850011
0.9999990410031454
0.9999983503108045
0.9999978789171756
0.999998272589457
0.9999989400619815
0.9999988390750065
0.9999980594472271
0.9999978126510661
0.9999983568703122
0.9999989195206962
0.9999985736531811
0.9999978227519599
0.9999977677509019
0.9999984152121814
0.9999988670668997
0.9999983678244903
0.9999976884791334
0.9999977981138816
0.9999984908021541
0.9999988016636095
0.9999981755869568
0.9999975885612211
0.9999978449261469
0.9999985477422032
0.9999986467081654
0.9999979129283593
0.9999974983420262
0.9999979477727392
0.9999985955015032
0.999998434502011
0.9999976655846882
0.9999975041796251
0.9999981183646145
0.9999986174857645
0.9999981570457648
0.9999974618194117
0.9999975666100971
0.999998255234124
0.9999985093423611
0.9999978336776851
0.9999973057924546
0.9999976230345491
0.9999983050416882
0.9999983253882777
0.9999975672134266
0.9999972125144939
0.9999976878025003
0.9999983315317513
0.9999981443580948
0.999997372272605
0.9999971822521085
0.9999977567139798
0.9999983034844329
0.9999979368323939
0.9999972001538899
0.99999718051175
0.9999978465075147
0.9999982453865488
0.9999976745834989
0.9999970302879726
0.9999972167967469
0.9999979124051338
0.999998074602507
0.9999973641334367
0.99999692332577
0.9999973329514552
0.999997995330436
0.9999978636170714
0.9999970818143065
0.9999968754615576
0.9999974530925267
0.999997978622636
0.9999975600004987
0.9999968228288824
0.9999968411759308
0.999997493709179
0.9999978421150756
0.999997245201969
0.9999966292184608
0.9999968570892781
0.9999975618838006
0.9999977270442582
0.999997022057271
0.999996552165676
0.9999969370346342
0.9999976187904125
0.9999975722764112
0.9999967966207245
0.9999964944947444
0.9999970068236037
0.9999976047680164
0.9999973332556021
0.9999965703634812
0.9999964833211578
0.999997127618229
0.9999975722363933
0.9999970650113762
0.9999963970044381
0.9999965431516147
0.9999972367695987
0.999997442357799
0.9999967488849921
0.9999962514137014
0.9999966149962883
0.9999972933773124
0.9999972269916092
0.9999964480492892
0.9999961543352077
0.9999966768309018
0.9999972589979461
0.9999969492323096
0.9999961834579695
0.9999961230808262
0.9999967507071519
0.9999971933061325
0.9999966999677432
0.99999601835002
0.9999961249683365
0.9999968105550257
0.9999971023032784
0.999996452065359
0.9999958900599932
0.9999961771306336
0.9999968827263969
0.999996955333177
0.9999962002440855
0.9999958242676104
0.9999962863160873
0.9999969183413064
0.9999967096119838
0.9999959403304716
0.9999957930347407
0.9999963968708323
0.9999969129175075
0.9999964596982719
0.9999957563316563
0.9999958228435009
0.9999964928307628
0.9999967690940137
0.9999961247362429
0.9999955688964526
0.9999958666401013
0.9999965653353213
0.9999965992312638
0.9999958410286187
0.9999954482442095
0.9999959136146912
0.9999965423342032
0.9999963626562053
0.9999955754862723
0.9999953912600881
0.9999959743546943
0.999996503281809
0.9999961173448532
0.999995387365798
0.9999953981543912
0.9999960580934383
0.9999964163037705
0.9999958419357627
0.9999951989965178
0.9999954334169
0.999996135823266
0.9999962661963602
0.9999955557900191
0.9999951151435621
0.9999955230963871
0.9999961852559653
0.9999960551752846
0.9999952633667465
0.9999950359850815
0.9999955818647921
0.9999961185994906
0.9999957404144011
0.9999949891344431
0.9999949936727703
0.9999956445004308
0.9999960119864145
0.9999954347613382
0.999994802272422
0.9999950086370851
0.9999957028041387
0.9999958663434452
0.9999951716989284
0.9999946891331707
0.9999950701918623
0.9999957524921225
0.9999956679219038
0.9999948906778158
0.9999946268285405
0.9999951694050564
0.9999957440042031
0.9999954379222559
0.9999946664828301
0.999994587695343
0.999995194292192
0.9999956268611475
0.9999950975694509
0.9999944299105408
0.999994569553861
0.999995260788975
0.9999954833307979
0.9999947940805722
0.9999943062857793
0.9999946563082681
0.9999953388321692
0.9999952940304295
0.999994522144579
0.999994202308936
0.99999471002323
0.9999953095363432
0.9999950468069607
0.9999942758939198
0.999994179504347
0.9999948071137885
0.9999952753843576
0.999994771851244
0.9999940663022127
0.9999941740630355
0.9999948507693831
0.9999951074394356
0.9999944468865387
0.9999939029026698
0.9999942110402367
0.99999488602773
0.999994920152058
0.9999941562207174
0.9999938141333172
0.9999942928708515
0.9999949323548197
0.9999947088304274
0.9999939396119296
0.9999938032732881
0.9999944192554473
0.9999949279156746
0.9999944789826332
0.9999937643950325
0.9999938363515242
0.9999945141504253
0.9999948055817092
0.9999941492266246
0.9999935526619128
0.999993830191112
0.9999945171315322
0.9999945856361132
0.9999938280338222
0.9999934204510698
0.9999938673223117
0.9999945090963533
0.9999943118828912
0.9999935217915877
0.9999933333082152
0.9999939298521899
0.9999944446602164
0.9999940333657743
0.9999933153120227
0.999993332727876
0.9999940081642601
0.9999943588856834
0.9999937408935206
0.9999931492904159
0.9999933868754711
0.999994082941596
0.999994216752694
0.9999934818105751
0.9999930379047375
0.9999934646500644
0.9999941210754228
0.9999940117964781
0.9999932367608261
0.9999929949299315
0.9999935564195785
0.9999940947154861
0.9999937135673638
0.9999929855112615
0.9999929869598984
0.9999936302926526
0.9999940233096813
0.9999934424941582
0.9999928066432506
0.9999930051045105
0.9999937126459659
0.9999938764686453
0.9999931524431225
0.9999926616870746
0.9999930398811923
0.9999937147161289
0.9999936347080445
0.9999928731687843
0.9999925845890091
0.9999931047842453
0.9999936932600607
0.9999933656656814
0.9999926148979612
0.9999925454847837
0.9999931820759073
0.9999935991310792
0.9999930610311067
0.9999923769189096
0.999992527593662
0.9999932171363918
0.9999934355063688
0.9999927389988806
0.9999922414860275
0.9999925891898722
0.9999932778307536
0.9999932481782526
0.9999924827108227
0.9999921719747363
0.9999926804309416
0.9999932575911655
0.9999929923141598
0.9999922302113444
0.9999921321564504
0.9999927558012138
0.9999932500517444
0.9999927431066478
0.9999920445202257
0.9999921465946616
0.9999928260056214
0.9999930845397764
0.9999924252784725
0.9999918769788307
0.9999921658781542
0.9999928818112217
0.9999929187640024
0.9999921591727813
0.9999918226579795
0.9999923053930567
0.9999929278543537
0.9999927245088255
0.9999919517271486
0.9999918198965669
0.9999923967058202
0.9999928772262412
0.9999924361024922
0.9999917121369931
0.9999917988538005
0.9999924828625212
0.9999927866094941
0.9999921565622648
0.9999915775341346
0.9999918424496975
0.9999925379146943
0.9999926072871598
0.9999918629287897
0.9999914808152967
0.9999919294345292
0.9999925833201943
0.9999924176813765
0.9999916358129097
0.9999914703635443
0.9999920435782953
0.9999925731388787
0.9999921765728338
0.9999914488347674
0.9999914659870663
0.9999921097796652
