0.9999998660528723
0.9999994884689418
0.9999994489250399
0.9999998683545869
0.9999995269156956
0.9999994407525308
0.9999998648772859
0.9999995386086963
0.9999994112833814
0.9999998365412676
0.9999995424689628
0.9999993260094691
0.9999997484652734
0.9999995730919667
0.9999992488977281
0.9999996363758421
0.999999660781537
0.9999992437167139
0.999999506937135
0.999999679163352
0.9999992016831342
0.9999993240049868
0.9999995804254278
0.9999991232543947
0.999999207503505
0.9999995280366367
0.9999990915143868
0.9999991163626405
0.9999994474008931
0.9999989967406511
0.9999989120754509
0.9999992702777277
0.9999988706468305
0.9999986822065473
0.999999101596458
0.9999988395532948
0.9999985321268073
0.9999989170442053
0.9999987919006147
0.9999983685872373
0.9999986535172652
0.9999986559697983
0.9999981785262678
0.999998400866764
0.9999985002898284
0.9999980149513857
0.9999981758586225
0.9999983411259907
0.9999978212310319
0.9999979005316472
0.9999981497304837
0.9999976349282444
0.9999976040907635
0.9999979157738986
0.9999974532031207
0.9999973049176613
0.999997672246875
0.9999972970786375
0.9999970430691085
0.9999974224582424
0.999997127862677
0.9999967952816285
0.9999971509687653
0.9999969876498451
0.9999965901345912
0.9999968797804392
0.9999968410436856
0.9999963590386549
0.9999966124291613
0.9999966459102093
0.9999961528961137
0.999996288848186
0.9999964387730588
0.9999958955242244
0.9999959633243025
0.9999962006731561
0.9999957132798521
0.9999956656571944
0.9999959959843863
0.9999955302158564
0.9999953989959084
0.9999957435571889
0.9999953849455135
0.9999951248474424
0.9999954888406002
0.9999952152117085
0.9999948832649567
0.9999952166797197
0.9999950115273545
0.9999946076913476
0.9999948986960406
0.9999948620100163
0.9999943690700179
0.9999946023256527
0.9999946661894703
0.9999941096248928
0.9999942482219871
0.9999944082910535
0.9999939138747592
0.9999939344027019
0.999994148547175
0.9999936717014349
0.9999936041415601
0.9999938963198707
0.9999934357689176
0.9999933149787255
0.9999936573040507
0.9999932796124663
0.9999929977879859
0.9999933757487294
0.9999931002868806
0.999992707919713
0.9999930917213192
0.9999929176232117
0.999992522479597
0.9999928275251893
0.9999927734131249
0.9999922823751387
0.9999924927518606
0.9999925475672659
0.9999920415403976
0.9999921953784848
0.9999923611397423
0.9999918513969743
0.9999919195509858
0.9999921856730893
0.9999916987624448
0.9999916419801758
0.9999919850149848
0.999991567938271
0.9999913915749502
0.9999917621013531
0.9999913809243145
0.9999911446048334
0.999991519294935
0.9999912148259109
0.9999908852808609
0.9999912581325995
0.9999910958155548
0.9999906700664598
0.9999909315363255
0.9999908472748067
0.9999903989298654
0.9999906069392501
0.9999906821446947
0.9999901627747037
0.9999903349090791
0.9999904708930145
0.9999899829713664
0.9999900891947587
0.9999902871741946
0.9999897867387733
0.9999897204659042
0.9999900384467761
0.9999895407984082
0.9999893779429252
0.9999897556929443
0.9999893444689278
0.9999890806829334
0.9999894360054592
0.9999891630058805
0.9999888477265919
0.9999891278692448
0.999988944324287
0.9999885697925665
0.9999888932048825
0.9999888138681098
0.999988322985683
0.9999885556393378
0.9999886174971016
0.9999881225912765
0.9999882300387195
0.9999883663373821
0.9999878375568279
0.9999878635675717
0.9999881818979713
0.9999876844041549
0.9999875949264083
0.9999878721414284
0.9999874224460706
0.9999872869951395
0.9999876847629037
0.9999873021995875
0.9999870526312439
0.9999874174948367
0.9999871186375617
0.9999867753920648
0.9999872109210407
0.9999870594047193
0.999986634280381
0.9999869679599149
0.9999868926628688
0.9999863885140235
0.9999866453923748
0.9999866917904785
0.9999861909855671
0.9999863672888423
0.9999865250382125
0.9999860026781958
0.9999860484940205
0.9999862666226544
0.999985746920642
0.9999856774409033
0.999986012475519
0.9999855787150236
0.9999854291175232
0.9999857822950887
0.9999854624620875
0.999985156553725
0.9999854655186686
0.9999851844399419
0.9999847821599654
0.9999851344516959
0.9999849663266311
0.9999845048400793
0.9999848131840834
0.9999847813804512
0.9999843120391635
0.999984616041314
0.9999846999522728
0.9999842038799517
0.9999843945278697
0.9999845768464831
0.9999840815512205
0.9999841510040286
0.9999844414428346
0.9999839752601667
0.999983895657125
0.9999842298841916
0.9999837949172508
0.9999835838767471
0.9999839123274853
0.9999835363299627
0.9999832551781682
0.9999836608408975
0.9999833521807006
0.9999829981284377
0.9999833874939554
0.9999832022254489
0.9999827573244929
0.9999830125776733
0.9999829856072999
0.9999825125719956
0.9999827314883258
0.9999827806169025
0.9999822900425347
0.9999824407499894
0.9999825155252258
0.9999819846406203
0.9999820612164302
0.9999823287684831
0.9999817903902763
0.9999817312775231
0.9999820675236838
0.9999815751532651
0.9999814219193738
0.9999817902682295
0.9999814269230147
0.999981188743376
0.9999815820362622
0.9999812975421383
0.9999809754277734
0.9999813536306923
0.9999812035008078
0.9999808609543144
0.9999811908876136
0.9999811265322547
0.9999806418256155
0.999980956053473
0.9999809873799703
0.999980441776901
0.9999805332217121
0.9999807103972594
0.9999801842436132
0.9999802195012845
0.999980512707032
0.9999800129015947
0.9999799435562495
0.9999803191481429
0.9999798657084846
0.9999796727599899
0.9999800515689306
0.9999796455185692
0.9999793911133861
0.9999797641310827
0.9999794752126785
0.999979132418984
0.9999795599539332
0.9999793644699582
0.9999789393408894
0.9999792341560643
0.999979209699613
0.9999787323607047
0.9999790488430338
0.9999790375294818
0.99997857094151
0.9999787592758047
0.9999789076715899
0.9999783814030457
0.9999784566612921
0.9999787620791067
0.9999782272490249
0.9999781935758686
0.9999785037756286
0.9999780439336691
0.9999779283026146
0.9999783062756118
0.9999779289957428
0.999977696372225
0.9999780675579145
0.9999777516459302
0.9999774402313742
0.9999777686757408
0.9999775688618575
0.9999771545510883
0.9999774487320788
0.9999773878734269
0.9999768808295421
0.9999771174646235
0.9999770994876498
0.9999765451550741
0.9999766851510263
0.9999768516169146
0.9999763066590389
0.9999763272268554
0.9999765505720956
0.999976084880859
0.9999760543019265
0.9999764243873468
0.999976034827439
0.9999758666586129
0.999976164230188
0.999975678520131
0.9999754144427531
0.9999757810194772
0.9999755172496886
0.999975163919208
0.9999755020375342
0.9999753677522507
0.9999749587510771
0.9999752955010871
0.9999752043877853
0.9999747610428278
0.999974942376899
0.9999749751028252
0.9999744489489767
0.9999746165861578
0.9999748052182229
0.9999742919263519
0.9999743365601342
0.9999745418081201
0.9999740245950534
0.9999740540677058
0.9999743168154616
0.9999738393720662
0.9999737566678625
0.999974140739484
0.9999737376415193
0.9999734621062571
0.9999738321877643
0.9999735145239627
0.9999731896112223
0.9999735459255138
0.9999734099763544
0.9999729965196164
0.999973316015428
0.9999732803488915
0.9999727965101013
0.9999730804317782
0.9999732603166296
0.9999727181454573
0.9999728042058665
0.999972974687933
0.9999724683360044
0.9999726139338496
0.9999729231398353
0.999972435001498
0.9999723691341528
0.9999726793576447
0.999972255775138
0.9999720765030244
0.9999724329512751
0.9999720792693971
0.9999718724117822
0.9999722932937544
0.9999720339157262
0.9999717850263581
0.9999721341148258
0.9999720239259211
0.9999716019808036
0.9999719503059531
0.9999719067196048
0.9999714485072152
0.9999716854361965
0.9999717677040981
0.9999712520699845
0.9999714515793351
0.9999716145498703
0.9999710389525965
0.9999711059065347
0.9999713785869313
0.9999709162549311
0.9999707638659687
0.9999711978316161
0.9999707849851669
0.9999707291075677
0.9999710987066125
0.9999707720734156
0.9999705439037083
0.9999709442041514
0.9999707403678512
0.999970395309376
0.9999706898819591
0.9999704995313615
0.9999701010038947
0.999970400050756
0.9999703076957028
0.9999697797799715
0.9999699839561821
0.9999700600770904
0.9999695765414887
0.9999697787161613
0.9999699784715813
0.9999694870196288
0.9999695178297654
0.9999697712315427
0.9999692648624064
0.9999691898362798
0.9999694412132909
0.9999690230360446
0.9999688948160765
0.9999692549515957
0.9999688910383475
0.9999686062800994
0.9999689502139105
0.9999687078572305
0.999968423090736
0.9999687489943901
0.9999686070614991
0.9999682257303323
0.9999685165995286
0.9999684474669259
0.9999680341394636
0.9999683742520084
0.9999683443096556
0.9999678054029864
0.9999679403802013
0.9999681170103003
0.999967611298766
0.9999675456409092
0.9999677301561157
0.9999672342813875
0.999967258574545
0.9999676699869924
0.9999672392045696
0.9999670827896973
0.9999674236477363
0.999967015519223
0.9999668240103038
0.999967197282639
0.9999669198400591
0.9999664847513858
0.9999667568655297
0.9999666171365157
0.9999660725707171
0.9999663572029904
0.9999663347779832
0.9999658497895099
0.9999661341263516
0.9999661200734657
0.9999655988773516
0.9999657554644332
0.999965910053058
0.9999654044874859
0.9999654415721603
0.9999656710917214
0.9999651765204539
0.9999651935461972
0.999965607556842
0.9999651790377063
0.9999651020294048
0.9999655472345069
0.9999651575657045
0.9999648080694218
0.999965134101184
0.9999648599047934
0.9999644379160939
0.9999647812179042
0.999964694346131
0.9999643079979602
0.9999646395724863
0.9999646692369727
0.9999642431705382
0.999964450914771
0.9999645259528261
0.9999640040457254
0.9999641722471427
0.9999642809194339
0.9999637349849053
0.9999638057397385
