0.9999999294626232
0.9999996650810383
0.999999896739279
0.9999997270108704
0.9999998180751328
0.9999998082022306
0.9999997322165087
0.9999998825442308
0.9999996624786868
0.9999999123701505
0.9999996274945687
0.9999998583235226
0.999999654425108
0.9999997287261229
0.9999997463759236
0.9999996048159141
0.9999998304651776
0.9999995502903795
0.9999998006356712
0.9999995461993008
0.9999996380881235
0.9999995513327528
0.9999994548121457
0.9999995688417997
0.9999993348680865
0.9999995736080418
0.9999992880281856
0.9999995115727838
0.9999992523190767
0.9999993309119745
0.9999992189665827
0.9999991025309221
0.9999991873950035
0.9999989094326619
0.9999991328563571
0.9999988294609199
0.9999990157005828
0.9999988168019629
0.9999987826849744
0.9999987875909685
0.9999985555375318
0.9999987213275326
0.9999983828884731
0.9999985957281163
0.9999983118427156
0.9999984273147361
0.9999982689130694
0.9999981909444973
0.9999982391474981
0.9999979921120775
0.9999981722409405
0.9999978235035198
0.9999980043178929
0.999997717232271
0.9999977793426535
0.9999976616530923
0.9999975258241005
0.9999976230290767
0.9999972888837088
0.9999975034268062
0.999997178537946
0.9999973208652478
0.9999970887864966
0.9999970384272262
0.9999970075087905
0.9999967606604664
0.9999968642599603
0.9999965449126453
0.9999967414901556
0.9999964294773654
0.9999965332605042
0.9999963500818055
0.9999962681445069
0.9999963261813328
0.9999960268131924
0.9999961947793861
0.9999958300751896
0.9999960094790635
0.9999957170363596
0.9999957501041024
0.9999956441146427
0.9999954906276172
0.9999956268842094
0.9999953241226719
0.9999955218285906
0.9999951828045353
0.9999953185270982
0.9999950641187446
0.9999950276377999
0.9999949865570413
0.9999947782814591
0.9999949367059593
0.9999946158407413
0.9999948152581482
0.9999944977706156
0.9999946065689723
0.999994406589042
0.9999943066705387
0.9999943406686763
0.9999940514591151
0.9999942496802873
0.9999938931245019
0.9999940664227802
0.9999937739057351
0.9999937986537488
0.9999936633931031
0.9999934930720406
0.9999935977201648
0.9999932573669498
0.9999934532267098
0.9999931026334736
0.9999932463812149
0.999993022365833
0.9999929888377994
0.9999929427777527
0.9999927121692179
0.9999928570068328
0.9999925024897408
0.9999927129910748
0.9999924317556238
0.9999925617867752
0.9999924040933656
0.9999923149928045
0.999992320986576
0.9999920304287453
0.9999921856371636
0.9999918663085011
0.9999920378849674
0.9999917422825654
0.9999917568076635
0.999991633174871
0.9999914478875982
0.999991571929139
0.9999913017675934
0.9999914965834737
0.9999911124558046
0.9999912245067878
0.9999909547336553
0.9999909110691199
0.9999908632824509
0.9999906243761619
0.9999907731553336
0.9999903991594884
0.999990555597542
0.9999902376743718
0.999990323728613
0.9999901561644059
0.999990034648495
0.9999900929586399
0.9999897988781127
0.9999899370691642
0.9999896414294515
0.9999897329930753
0.9999893769620588
0.9999893896979123
0.9999892967588151
0.9999891529450721
0.9999892582866232
0.999988943171845
0.999989160542462
0.9999888481737296
0.9999889919626582
0.9999887538534206
0.9999887126797078
0.9999887212402565
0.9999884886374417
0.999988616001499
0.9999882906589888
0.9999884773351704
0.9999881445262364
0.9999882070997036
0.9999880732214631
0.9999879521961782
0.9999879936286576
0.9999877722220042
0.9999879154662761
0.9999875792048174
0.99998775263956
0.9999874871586626
0.9999875037263432
0.9999873916291835
0.999987214123827
0.9999873085395992
0.9999870006899148
0.9999872170682558
0.9999868439575813
0.9999869573047017
0.9999867368093394
0.9999867382496852
0.9999866752657353
0.9999864839001461
0.9999865778914327
0.9999862548588712
0.9999864608420768
0.9999861539377249
0.9999861878600053
0.9999860425854756
0.9999859798394982
0.9999859548304726
0.9999857293628563
0.9999859246741496
0.999985522492555
0.999985733415693
0.9999854165453106
0.999985509205072
0.9999853941277543
0.999985267764941
0.9999853422924737
0.9999850470877192
0.9999852211309593
0.9999847893477427
0.9999849429531167
0.9999847068184535
0.9999846839311431
0.9999846621157993
0.9999844786315383
0.9999846417532624
0.9999843154258087
0.9999844744348062
0.9999841585375583
0.9999842799930437
0.9999841204836168
0.9999840541475289
0.9999841103207828
0.9999838878744681
0.9999840670131513
0.9999837146617968
0.9999838293963209
0.9999835641065257
0.9999835618827954
0.9999834226817453
0.9999832516431989
0.9999832851570827
0.9999829650890714
0.9999831915054637
0.9999828606884202
0.9999830269600127
0.9999827697869745
0.9999827524642154
0.9999827026771302
0.9999824161056615
0.9999825625451557
0.9999822507078452
0.9999824317631362
0.9999821200676723
0.9999822563741277
0.999982102236609
0.9999820079711008
0.999982101633835
0.9999819066249178
0.9999821149131006
0.9999817946473577
0.9999819515078386
0.999981700208165
0.9999817374370681
0.9999816835805674
0.999981456653076
0.9999815710937957
0.9999812743327281
0.9999814882512973
0.9999810744618368
0.9999811919831292
0.9999809827710286
0.9999809211630177
0.9999809156883148
0.9999806793889384
0.9999808814181648
0.9999805762742145
0.9999808318167439
0.9999804796784667
0.9999806279881405
0.999980465859876
0.9999803328523302
0.9999803787032607
0.9999801228927145
0.9999802398130254
0.9999798559402218
0.9999799888872546
0.9999796841384984
0.9999797348692923
0.9999796591934398
0.9999795238807131
0.999979697324443
0.9999793539447679
0.999979551053196
0.9999792248751443
0.9999794116761244
0.9999792034833019
0.9999792112686092
0.9999792377800828
0.9999790578456554
0.9999791949700648
0.9999788228834271
0.9999790332977543
0.99997866268811
0.9999787174635206
0.9999785582973095
0.9999783960724259
0.9999784062705582
0.9999781583392898
0.9999782928289962
0.9999779723023984
0.9999781908458768
0.9999779007266276
0.999977980286877
0.9999778644497832
0.9999776562524912
0.9999777827374067
0.9999774742008766
0.9999776814182003
0.999977340294437
0.9999774509595729
0.999977252328892
0.9999772216610746
0.9999771473702007
0.9999769160452401
0.9999770441523247
0.9999766709134229
0.9999768699997187
0.9999765062538117
0.9999765313568625
0.9999762861219053
0.9999761676664426
0.9999761379441043
0.9999758154935053
0.9999759380047517
0.9999755693935245
0.9999758006448175
0.9999754945948038
0.9999754382552899
0.9999753570827984
0.9999752136244395
0.9999753080532529
0.9999750296175215
0.9999753023425098
0.9999749770581899
0.9999751652810265
0.9999749426941558
0.9999749369226216
0.9999749951368363
0.9999748471117847
0.99997498037779
0.9999746620660597
0.9999748596108848
0.999974546171736
0.9999746077787436
0.9999744380688282
0.9999743307479498
0.9999743332331928
0.9999741140342099
0.9999743449856113
0.9999740175285251
0.9999740522019261
0.9999738040273471
0.9999738035276732
0.9999736348604854
0.9999734750016446
0.9999736337216829
0.9999733200626876
0.9999735031051402
0.9999731768156923
0.9999733625132675
0.9999730711077137
0.9999730078732749
0.9999729158846469
0.9999725645714392
0.9999726946382654
0.9999724246358245
0.9999726465689421
0.9999723828555048
0.9999725118227085
0.9999723225980004
0.9999722565638307
0.9999723761973309
0.9999721492403028
0.9999723209880581
0.9999719099422796
0.9999721020600916
0.9999718554173731
0.9999719388369103
0.9999718598975726
0.9999716054401292
0.999971648785497
0.9999713191892889
0.9999714596487802
0.9999711422108538
0.9999712815076016
0.9999710875103042
0.9999711029033554
0.9999710994213141
0.9999708775026035
0.9999709588865782
0.9999705625243508
0.9999708234154537
0.999970479776129
0.9999705418803291
0.9999703623913833
0.9999702342750244
0.9999703078057303
0.9999701166544146
0.9999702891185337
0.9999699189693112
0.9999701614130339
0.9999698370592358
0.9999699330612354
0.9999698322830689
0.999969755320905
0.9999697838407761
0.9999694636381357
0.999969669729502
0.9999693329639674
0.9999695168061725
0.9999692594421606
0.9999691458273509
0.9999691324996371
0.9999688047563787
0.9999688863695705
0.9999685752962671
0.9999687137015957
0.9999684585999704
0.9999686085189881
0.9999684638383125
0.9999683227761431
0.9999683730850851
0.9999680993629297
0.9999683349200937
0.9999680517038886
0.9999682437167551
0.9999679709788483
0.9999680140316709
0.9999678975323621
0.9999676798237279
0.9999677274197726
0.9999673178602235
0.9999674787412882
0.9999671058557819
0.9999672422461293
0.999966940497545
0.9999669700315389
0.9999669376185591
0.9999667517647692
0.9999668700268802
0.9999665457118205
0.9999667704120655
0.9999664309177229
0.9999666563428795
0.999966524138533
0.9999663742193912
0.9999664102087301
0.9999661096234014
0.9999662510367442
0.9999658441600859
0.9999659684965791
0.9999656742970647
0.9999657059032736
0.999965590963297
0.9999653467255046
0.9999655027381636
0.9999651258512213
0.9999652486918511
0.9999649310589923
0.9999651012687264
0.9999649494328285
0.9999648109111853
0.9999647987145794
0.9999644746550816
0.9999645386078457
0.9999642139860088
0.9999643659706585
0.9999640474197755
0.9999641612568023
0.9999640017863193
0.9999639341587074
0.999964021108856
0.9999638733040579
0.999964058514355
0.9999637685588141
0.9999639732014144
0.9999636739501971
0.9999636960226227
0.9999635895140448
0.9999633911445939
0.9999633662646424
0.9999630211135934
0.9999633271853986
0.99996295772967
0.9999630710393342
0.999962848217443
0.9999627741088062
0.9999627255586463
0.9999625089286481
0.9999626081539468
0.9999623271192877
0.9999625295830499
0.9999622559149102
0.9999622952350358
0.9999620577764452
0.9999619820777255
0.9999619979233507
0.9999617074764762
