0.019052176163333392
0.019374304294597078
0.01971811559610608
0.020067805799798406
0.020411414400955064
0.020741847681015623
0.021057540922488106
0.021362425425343428
0.021665307226082495
0.021978700237928046
0.022316581631008033
0.02269271667639865
0.023118719739903013
0.023601888498464937
0.0241449498920976
0.02474606239775619
0.025399017844090318
0.026095162873896727
0.02682492052659345
0.02757992197504926
0.028349990699169728
0.029130085398517497
0.02991207808291857
0.030692326914314318
0.03146555411077997
0.03222916426197836
0.03298276842750683
0.03372762897626661
0.03446770103399282
0.03520737301375422
0.03595160467008535
0.03670727037478061
0.03747692500582286
0.03826453804769314
0.039069304661620605
0.039891186168218795
0.04072707560008209
0.0415737704847816
0.042430921859258036
0.0432926862425588
0.044159133257198106
0.04502797424709876
0.04589778300180277
0.04676682198479562
0.04763406504224709
0.04849945132780137
0.04936234842732415
0.05022333500692912
0.05108419456131193
0.05194505771065631
0.05280638258670878
0.05367166517502483
0.054540965721415896
0.05541335169689803
0.056289614100316784
0.05717016529850013
0.058053316425903105
0.05894030232779828
0.05982820407007028
0.06071923243426443
0.06161125885650379
0.06250341471527622
0.06339731379726976
0.0642905537129242
0.06518404656438
0.06607680889436184
0.06697070803330547
0.06786280691514562
0.06875511200028811
0.06965002160619631
0.07054309205433586
0.07143673171873575
0.07233088055114902
0.07322726453239252
0.0741239371997042
0.07502083418312427
0.07591799209650998
0.07681616301380305
0.07771480439211294
0.07861452052125004
0.07951274116196595
0.0804121897980207
0.08131080517159045
0.08221120559484872
0.08311098334141327
0.08401071456127852
0.08491211509895474
0.0858102616285817
0.08670930816287668
0.08760726607827864
0.08850710111543063
0.089406703868475
0.09030386752602806
0.0912031740701411
0.09210180930004847
0.09300011294075507
0.09389858040861775
0.09479659636878278
0.09569479424530253
0.0965907374421381
0.09748856206718402
0.0983859702294266
0.0992820409317803
0.1001790031398552
0.1010736182447701
0.1019715239945044
0.1028673222634778
0.10376323921741397
0.10465769648592911
0.10555112462148401
0.10644559757312955
0.10734014404304586
0.10823501928063735
0.10912831389502438
0.11001955280008704
0.11091271045217864
0.1118050596983952
0.11269459206561865
0.11358357190471421
0.11447355468518818
0.11536304016839068
0.11625324626878197
0.11714139570044743
0.11803013362887624
0.11891493650125826
0.11980149585428367
0.12068843998030736
0.12157499099091593
0.1224591564693912
0.12334295371819184
0.1242293991736021
0.125113363455047
0.12599714678294666
0.126879074352798
0.1277605570369393
0.12864406207287024
0.1295243321982834
0.13040290626750148
0.13128105995756548
0.13215891362929305
0.13303609811353473
0.13391312811841932
0.13478863582118691
0.13566296132869543
0.13653698640289913
0.13741040400572302
0.13828452724881013
0.13915528722571432
0.14002688118341705
0.14089836010999132
0.1417687301271839
0.14263907468170436
0.14350778221263003
0.1443741119449831
0.14524052551000138
0.14610670681702634
0.14697235936055036
0.14783624902301448
0.1487008124824229
0.14956354455858148
0.1504247146653986
0.1512843605166321
0.15214406674402012
0.1530028887464773
0.1538615073058683
0.15471938505037738
0.15557554359816722
0.1564313206170044
0.15728780000368495
0.15814200140131618
0.15899541133034809
0.15984755491181127
0.16069697021898766
0.16155030239917886
0.16240007033487583
0.16324774956235993
0.1640927074689311
0.16493991706241776
0.16578573044696926
0.16662964592821208
0.16747662171714778
0.1683169349320465
0.1691582982745464
0.1699986703632472
0.17083851900861066
0.17167698202623963
0.17251290233324107
0.17335125466572587
0.17418625170308172
0.1750208281626121
0.17585217596321595
0.17668418365761868
0.17751464396160635
0.17834588854933964
0.179174318930371
0.18000097610640334
0.18082897423780953
0.18165475833492953
0.18247979112805185
0.18330377186115493
0.18412900298639517
0.18495097875339894
0.18577055600295314
0.18658961623311088
0.18740826535908595
0.18822558700944203
0.18904216369535484
0.1898561384768536
0.19066988261313983
0.19148304660930046
0.19229396950400315
0.19310169837718164
0.19391038018678458
0.1947181985355694
0.19552493536509746
0.19632970207247957
0.1971327888498358
0.1979354556913023
0.1987387166926187
0.19953892140452686
0.20033705398968024
0.20113683992238277
0.20193534904079943
0.20273013321625463
0.20352695005407095
0.20432172453142386
0.20511494937561256
0.20590576821553605
0.206696733330208
0.2074864946652597
0.20827612524677594
0.20906297806700846
0.20984803552428008
0.21063302544893428
0.2114152424056278
0.2121965442678251
0.21297893983780528
0.21375872198064608
0.2145341215685087
0.2153104811215371
0.2160853444126735
0.2168595782013208
0.21763327614836736
0.21840172833794302
0.21917358353466876
0.21994094541378384
0.2207091185411625
0.22147541358990924
0.2222382344139935
0.22300054966597774
0.22376251735083813
0.2245234634247109
0.2252795154612496
0.2260401198066643
0.22679798598647313
0.22755176300610497
0.22830680865117797
0.22906226138635663
0.22981490316815822
0.2305665073803555
0.23131365133824844
0.23206155207700774
0.2328088749676823
0.23355152539858284
0.23429444197859967
0.2350348443263838
0.2357756573016743
0.23651434435763494
0.23725044302765402
0.23798427090252416
0.23872076434705208
0.23945448789407006
0.2401847722464747
0.2409144806345852
0.24164400185075266
0.2423728512684933
0.24310111647066177
0.2438274563296648
0.24454943373752794
0.24527044789981475
0.24598808081662518
0.2467092768510899
0.24742636504312046
0.24814065639715646
0.24885414790598606
0.24956441832022702
0.2502714801465787
0.2509845707331403
0.25169152968413383
0.2523979276310872
0.2531048680323315
0.25380700660732464
0.2545090696159145
0.2552086482480883
0.2559073539709509
0.25660465044945274
0.2573005409600634
0.25799232737676814
0.25868368139963965
0.25937578880962286
0.2600638595162059
0.26075444236452855
0.26144326264103024
0.2621268862096633
0.2628094568610505
0.2634923414932204
0.26416938903766835
0.26485135711464747
0.2655299506775353
0.26620519918137014
0.2668800754460015
0.2675533060801066
0.2682246537798405
0.2688941749654958
0.26956183470475326
0.27022752184858345
0.27089178676945674
0.27155832447261496
0.27221914953784404
0.2728796897266136
0.273538955422661
0.27419877166610307
0.2748538917586983
0.27550468821164786
0.27615582964671753
0.27680572504597334
0.27745514734834975
0.2781010773434846
0.2787481704501133
0.2793934268164991
0.28003711999647307
0.2806750494738654
0.28131440941909397
0.28195136616155964
0.28258871946456465
0.28322203581012506
0.2838530107160638
0.2844845335141349
0.2851137488051291
0.28574083494324254
0.28636581889364593
0.28699015872930816
0.2876134459134588
0.2882330529007569
0.28885337300144576
0.2894700708602758
0.2900834300614366
0.29069675386587435
0.29130831303591076
0.2919194061802753
0.29252695073702756
0.2931358888722616
0.29374282472816615
0.29434849808883595
0.29494884434586516
0.2955519096370938
0.2961500960014138
0.2967491380383066
0.29734131197979213
0.2979346824463655
0.2985304671679684
0.29912054737152144
0.2997080361290071
0.30029130315526503
0.3008770686527608
0.30146040659579926
0.3020453397248133
0.3026264314428734
0.30320446472554846
0.3037816002633504
0.3043537797995581
0.30492616183861887
0.30549831085712414
0.30606655149067236
0.30663531982889014
0.3072002237490704
0.3077652717097379
0.30832808986442906
0.3088879987071549
0.3094469818736039
0.31000459526381297
0.31055714233447185
0.31110778868698985
0.3116589782497924
0.3122081817494595
0.3127565191348992
0.3133034868826613
0.3138493251059667
0.31439043663182953
0.31493031436796226
0.31546819143016824
0.31600163417492905
0.31653903294327845
0.31706988607996967
0.3176023857830182
0.31813431055988844
0.318661970762541
0.31919079039521464
0.3197165533083634
0.3202408246084805
0.32076082543084655
0.3212814847215735
0.3217987893500832
0.3223158281197706
0.32282972868462734
0.32334176097084766
0.32385134012396005
0.3243602784028634
0.324867487665975
0.32537113900541453
0.3258720478895144
0.3263736733773429
0.326872166301534
0.32737084908296105
0.3278681353934843
0.32836183587256373
0.32885561070771757
0.3293468187798906
0.32983560030823855
0.33032622578926757
0.3308080474712424
0.33128832121517293
0.331768119441439
0.3322490586205987
0.3327275954312735
0.3332022319692581
0.33367211412643255
0.3341457897088904
0.3346136297324745
0.3350827552012568
0.3355500233423634
0.3360138318906447
0.3364771186811103
0.3369399358034943
0.3373998636702574
0.3378570287324649
0.33831014320721137
0.33876742162040757
0.33921915163735
0.33966896286673826
0.34011716436241995
0.3405642376135673
0.3410071461371755
0.34145152657204236
0.3418902933294831
0.3423253773501956
0.3427612511239879
0.3431984302681009
0.34363392087558664
0.34406507461271213
0.34449634256835526
0.3449231780217401
0.3453483370490719
0.34577088989190674
0.3461971331023893
0.34662089517704364
0.3470368499605672
0.3474530108499961
0.34786978559041265
0.3482816050289915
0.34869214650992303
0.34910277959323865
0.3495104479510821
0.34991605036502305
0.350318610971886
0.3507202752536333
0.35112211818043426
0.35152082234125737
0.3519184925784037
0.3523153082032727
0.3527061484796755
0.35309443063101054
0.3534837881300962
0.35386914320674084
0.3542563453299697
0.3546358554478104
0.35501537044668285
0.3553929132022883
0.3557718797150732
0.3561479088375391
0.3565229738041993
0.3568935239395854
0.35726052798969454
0.35763099737624027
0.3579948406907609
0.3583593855924006
0.35871969666687753
0.3590813279295051
0.3594392001424102
0.35979726177458154
0.36015226813209944
0.3605040726910224
0.36085403685672973
0.3612055131502634
0.3615536743073181
0.36190212113068587
0.3622457415995823
0.3625850220467845
0.3629234042925394
0.3632638786313043
