0.9999999326230629
0.9999996694226504
0.9999998995180847
0.9999997193161355
0.9999998130241188
0.9999998155454232
0.9999997169190152
0.9999999006624185
0.9999996584656662
0.9999999146192032
0.9999996487477342
0.9999998583216934
0.9999996694798076
0.9999997715782207
0.9999997195488771
0.9999996973179879
0.9999997804951413
0.9999996246073772
0.9999998038608927
0.9999995345487896
0.9999997527366077
0.9999994463707154
0.999999633533395
0.9999994315666718
0.9999995020681185
0.9999994897579094
0.9999993773515198
0.999999535138638
0.9999992635147239
0.9999994605427519
0.9999991422113281
0.9999993083075974
0.999999072543852
0.9999991360245866
0.9999990383936085
0.9999989893015312
0.9999990372779766
0.999998827812202
0.9999989712630405
0.9999986465693753
0.9999988406998642
0.9999985018675343
0.9999986543297119
0.999998439906512
0.999998471689587
0.9999984291994121
0.9999982781215688
0.9999983800964055
0.9999981086268964
0.9999982886914187
0.9999979529343019
0.9999980945184561
0.9999978202997827
0.9999978844142704
0.9999977491245194
0.9999976671866285
0.9999977071505739
0.9999974646364774
0.9999975983359718
0.9999972984146922
0.9999974649767363
0.999997149329581
0.9999972677417578
0.9999970366254288
0.9999970330368738
0.9999969512721583
0.9999967724097435
0.9999969004539092
0.9999965768227845
0.9999967739830333
0.9999964191291694
0.999996570040088
0.9999963211179572
0.9999963981372856
0.9999962524955006
0.9999961822954325
0.9999961877041132
0.9999959418933939
0.9999960521709491
0.9999957399094088
0.99999594066489
0.9999956270774215
0.9999957360596409
0.9999955234424267
0.9999955019201409
0.9999954124047634
0.9999952182085251
0.9999952775429474
0.9999949631388539
0.9999951163907896
0.9999947801817884
0.9999949719979985
0.9999946850302364
0.999994753143476
0.9999946107378866
0.9999945050667781
0.9999944944563602
0.9999942602647094
0.9999944044852977
0.9999940681680044
0.9999942534256098
0.9999939529636046
0.9999940617103207
0.9999938092772281
0.9999938074646152
0.9999937042357401
0.9999935457575793
0.9999936083571809
0.9999932799174984
0.9999934380715861
0.9999930542806036
0.9999932299820508
0.9999929484348202
0.9999930029243758
0.9999928725231687
0.9999928065506273
0.9999928322949655
0.9999926506368216
0.9999927866337973
0.9999924610184024
0.9999925999702074
0.9999923134742467
0.9999924576791033
0.9999922544100911
0.9999922468015865
0.9999921708312648
0.9999919967170494
0.9999920579662422
0.9999917627454673
0.9999918628529278
0.9999915342715548
0.9999916855602795
0.9999913957252112
0.9999914633100725
0.9999912760694785
0.9999911415391403
0.9999910904081851
0.9999908665814061
0.9999909670929015
0.999990662656699
0.9999908544298075
0.9999905484592878
0.9999907600655894
0.999990531721369
0.9999904939026486
0.9999904441945181
0.9999902662565102
0.9999903486327153
0.9999900244641604
0.9999902420144641
0.9999898750381272
0.9999899997733076
0.9999897236388211
0.9999898050833977
0.999989654985225
0.9999895177928706
0.9999894659420485
0.9999892410392872
0.999989362683684
0.9999890489932124
0.999989234745827
0.999988922782354
0.999989049898442
0.9999888265143052
0.9999888632599087
0.9999887898550431
0.9999886195401391
0.9999887640915276
0.9999885245141725
0.9999886880951375
0.9999883482145498
0.9999885244174767
0.9999882322127832
0.9999882570270944
0.9999880972437893
0.9999880235262275
0.9999880555120049
0.9999877656519756
0.9999878839090981
0.9999875739789552
0.9999877480101105
0.9999873892845855
0.9999874373643524
0.9999872141772476
0.9999871716218683
0.9999871450703618
0.9999869225032008
0.9999869877522044
0.9999867344915221
0.9999869093631806
0.9999865383646698
0.9999867479257962
0.9999864628932942
0.9999865461319604
0.9999864080675266
0.9999863339152822
0.9999863781072638
0.9999861387689793
0.9999863005621488
0.9999859987943914
0.9999861753680735
0.9999858548913678
0.9999860569766993
0.999985802210339
0.9999857567610916
0.9999857113434875
0.9999854908185535
0.9999855643346839
0.9999853095242006
0.9999854918803198
0.9999851980955924
0.9999853973857835
0.9999851016658777
0.9999851434746247
0.9999850078296696
0.9999848911752506
0.9999849850103607
0.999984762214999
0.9999848883926402
0.9999845529283442
0.9999847131368431
0.9999843406224879
0.9999844893741904
0.9999842703404422
0.9999842664786875
0.999984200564536
0.9999840466728401
0.9999841787062189
0.9999838911022242
0.9999840462307436
0.9999836658499696
0.9999837571137336
0.9999834571127155
0.9999834965447244
0.9999833738886245
0.9999832533511954
0.999983191079557
0.9999829043012255
0.999983013072314
0.9999826602330415
0.999982879159375
0.9999825883491917
0.9999827014309646
0.9999824363214936
0.9999823905952697
0.999982360515567
0.9999821870548344
0.9999822831054532
0.9999819660174151
0.9999821752862688
0.9999817892853905
0.9999819697611038
0.999981624612166
0.9999816527523007
0.9999815281542739
0.9999814854855218
0.999981512106159
0.9999812812874316
0.9999813976761013
0.9999810547296576
0.9999812343817045
0.9999808580660764
0.9999810558591004
0.9999807927498678
0.9999808453617768
0.9999808123372018
0.9999806723625783
0.9999807286742074
0.9999804965376125
0.9999806768761283
0.9999803112837766
0.9999804721977001
0.9999802196251831
0.9999802872021972
0.9999801186358506
0.9999800423187493
0.9999800503893506
0.9999798111605351
0.9999799378153678
0.9999795906993221
0.9999798190743577
0.999979464198673
0.9999795450962495
0.9999792839440962
0.9999793544508607
0.9999792978511163
0.9999791478020761
0.9999792471484901
0.999978935281561
0.9999790643195153
0.9999787958104132
0.999978949013863
0.9999786497932558
0.999978698847978
0.9999785073912446
0.9999785240058052
0.9999785529336522
0.9999782935801677
0.9999784607024225
0.9999781870771077
0.9999784683756915
0.9999781161132177
0.9999782437263743
0.9999780277202138
0.9999779394211821
0.9999778863918934
0.999977688959799
0.9999777732181049
0.9999774782107514
0.999977555828052
0.9999771962754376
0.9999773810318351
0.9999770915150201
0.9999772146396475
0.9999771012997546
0.9999770461639482
0.9999769956573298
0.9999767245063615
0.9999768437913313
0.9999765716620153
0.9999767201056374
0.9999763547667788
0.9999764603152377
0.9999762477815858
0.9999761917684138
0.9999761524250809
0.9999760195704396
0.9999761841545167
0.9999758896685639
0.9999760512673393
0.9999756385455016
0.999975809650902
0.9999755529887056
0.9999756249337569
0.999975572985533
0.9999754806932536
0.999975486480738
0.9999751847398434
0.9999753599103218
0.9999749987334828
0.999975219203172
0.9999749020752363
0.9999749898668815
0.99997475263691
0.9999748256593358
0.999974777717485
0.9999745513534085
0.9999746851264213
0.9999744106478785
0.9999745792678548
0.9999742127228531
0.9999743530094385
0.9999741339447087
0.9999742213447526
0.9999741290480644
0.9999740548323757
0.9999740971850061
0.9999738500827346
0.9999738995015268
0.9999735380535114
0.99997370888913
0.9999733124609151
0.9999733535228073
0.9999730804711626
0.9999730449191416
0.9999730372029085
0.9999729319826672
0.9999730495029595
0.9999727080438603
0.9999729222732908
0.999972585253957
0.9999727350702657
0.9999724328228855
0.9999724822062355
0.9999722905989844
0.9999722443765181
0.9999722669870932
0.9999719796429707
0.999972057701739
0.9999717367114921
0.9999720215071072
0.999971701840909
0.9999718368539424
0.9999715357049125
0.99997150174261
0.9999714139263269
0.999971258682785
0.9999713746814046
0.9999710402025894
0.9999711312805089
0.9999707443866452
0.999970892762322
0.999970702714289
0.9999707499091579
0.9999705617172974
0.9999705645292246
0.9999706462764141
0.9999704254961457
0.999970524168107
0.9999701522445478
0.9999703666880615
0.9999700373256631
0.999970154561717
0.9999699150110429
0.9999698928717616
0.9999698233210182
0.9999696775168283
0.9999697400102581
0.9999695052257154
0.9999697306621436
0.9999694332756626
0.9999696677349625
0.9999693711519106
0.9999694451788217
0.999969308416641
0.9999692240606592
0.9999692269075069
0.9999690198502705
0.9999691895293163
0.9999688830049434
0.9999690537236553
0.9999686784270697
0.9999688606288197
0.9999686416469175
0.9999686519414097
0.9999685862024893
0.9999683792795596
0.9999684285784614
0.9999681674265072
0.9999684052555109
0.9999680243903019
0.9999682091622447
0.9999679779255276
0.9999680893261644
0.9999679522495684
0.9999678568476517
0.9999678574657672
0.9999676790336369
0.9999678729542907
0.9999675250778662
0.999967716886062
0.9999674788983742
0.999967605782196
0.9999673390578452
0.9999673925350864
0.9999674041310116
0.9999672305471701
0.9999673258027276
0.9999671281216752
0.9999673534759216
0.9999669933105438
0.9999671327422425
0.9999668429427728
0.9999668515683349
0.9999667266302273
0.9999667307645619
0.9999668697462933
0.9999666544044438
0.9999668174625763
0.9999665017821681
0.9999666285321471
0.9999662667231504
0.9999663654488817
0.9999661261141912
0.9999661007486401
0.9999659719619373
0.9999657871641239
0.9999658700864379
0.9999656127067778
0.9999657617263576
0.9999654653546477
0.9999656575193443
0.9999654303115888
0.999965473598285
0.9999652987506582
0.9999651924764369
0.9999652593567651
0.9999649774222591
0.9999650827798111
0.9999648539785431
0.9999650159542496
0.9999646207884136
0.9999647868811516
0.9999645273413972
0.9999644104258333
0.9999644263925427
0.9999643153754838
0.9999644239322035
0.9999642071864467
0.9999644202258245
0.9999640595187302
0.9999642930466431
0.9999640981387
0.9999641389328635
0.9999640499548011
0.9999639570241284
0.9999639531218796
0.999963709920188
0.9999638586930198
0.9999635377578908
