0.9999999437877565
0.9999997193896336
0.9999999443348733
0.999999722353539
0.9999999439228798
0.9999997230717185
0.999999943445646
0.9999997201689782
0.9999999364872622
0.9999997046692979
0.9999999128008641
0.9999996767833379
0.9999998761463578
0.999999656651145
0.9999998460910775
0.9999996605288342
0.9999998198025336
0.9999996660451983
0.9999997691110507
0.9999996295073676
0.9999996808134374
0.9999995671489321
0.9999995975792068
0.999999510148383
0.9999995388121647
0.9999994722275033
0.9999994936061442
0.9999994224851503
0.9999994075914471
0.9999993254188454
0.9999992769230549
0.9999992111655291
0.9999991368334274
0.9999991266973595
0.9999990175991427
0.9999990520344632
0.9999989027006495
0.9999989805201641
0.9999987820964473
0.9999988540714541
0.999998618403491
0.9999987126213437
0.9999984725911819
0.9999985973577169
0.999998345733664
0.9999984805902475
0.9999982171616911
0.9999983348644959
0.9999980510624459
0.9999981946834043
0.999997884012527
0.9999980441019842
0.9999977270894318
0.9999978872308533
0.9999975883513147
0.999997733080205
0.9999974176828144
0.9999975561476102
0.9999972858463267
0.9999974374337979
0.999997157271271
0.9999972942039854
0.9999970346920922
0.9999971503054103
0.9999968919428469
0.9999969862788808
0.999996746797036
0.9999968213350261
0.9999966042482009
0.9999966674977682
0.9999964230528336
0.9999964656861406
0.9999962928842969
0.9999963079229977
0.999996141979148
0.9999961539292739
0.9999960314772438
0.9999959881060586
0.9999958776385849
0.9999958070298037
0.9999957386836107
0.9999956577667116
0.9999956184120269
0.9999954919901499
0.9999954721056498
0.9999953127049064
0.9999953381133301
0.9999951616063217
0.9999952272881253
0.9999949939057026
0.9999950705225749
0.9999948393689531
0.9999949397983144
0.9999946821900414
0.9999947826980801
0.9999944948618812
0.9999946402133825
0.9999943819404815
0.9999945358526321
0.999994257150036
0.9999944056992565
0.9999941107274737
0.9999942782359353
0.9999939678999616
0.9999941289291128
0.9999938129385164
0.9999939686786316
0.9999936702837421
0.9999938044799075
0.9999935125653066
0.999993626345698
0.9999933415226342
0.9999934409656895
0.9999931703866045
0.9999932343022154
0.9999929644073653
0.9999930541630234
0.9999928151909905
0.9999928834015614
0.9999926752373768
0.9999927428261973
0.9999925351600074
0.9999925843598273
0.9999924048778372
0.9999924058049084
0.9999922825573293
0.9999922484441287
0.9999921351561754
0.9999920442440265
0.9999919507037924
0.9999918531690577
0.9999917918031805
0.9999916320081509
0.9999916026129798
0.9999914465049062
0.9999914300171824
0.9999912744873247
0.9999913480067492
0.9999911556534262
0.9999912051210994
0.9999909807978958
0.9999910515696264
0.9999908552526349
0.9999909458110058
0.9999907359855134
0.9999908515318299
0.9999905705014994
0.9999907364575523
0.9999904955381952
0.9999906805061346
0.9999903725364132
0.9999905162335657
0.9999902413221878
0.9999903929645327
0.9999900856187603
0.9999902131345372
0.9999898790026038
0.9999899868756431
0.9999896799319297
0.9999898395062456
0.9999895765365225
0.9999897289235594
0.9999894767072626
0.9999896400719415
0.9999893786886963
0.9999895221766921
0.9999892744734963
0.999989366074075
0.9999891408654139
0.9999891789887104
0.9999889573181989
0.9999890140651826
0.9999888524555034
0.9999888463664857
0.9999887341385362
0.9999887424800118
0.999988640262803
0.9999886506617434
0.9999886002021016
0.9999885309208866
0.9999884707650762
0.9999883573672277
0.9999882760177311
0.9999881285171148
0.9999881192141404
0.9999879717479894
0.9999880088509742
0.9999878576150351
0.9999879057942322
0.9999877525442177
0.9999878541825383
0.9999875802038807
0.9999876378305235
0.9999873835195774
0.9999875487403812
0.9999872961218823
0.9999874516840223
0.9999872028840546
0.9999873312392428
0.9999871033383075
0.9999872509295811
0.999986896038178
0.9999869958906249
0.9999866943545991
0.9999868376032164
0.9999864905245233
0.9999866476502342
0.9999863495961837
0.9999865104265235
0.9999861889170055
0.9999862955016936
0.9999859877803166
0.9999860773961279
0.999985845224102
0.999985961959763
0.9999856918498751
0.9999858475791982
0.9999855989672074
0.9999856346482477
0.999985371808281
0.9999854068509261
0.9999851813829436
0.9999851868086924
0.9999850140796519
0.999985049635661
0.9999849471897111
0.9999849006927798
0.9999847581414711
0.9999846327071569
0.9999845297860137
0.9999843823397518
0.99998440910872
0.9999843146055674
0.9999842702409796
0.9999841749429016
0.9999842178199637
0.9999840867632587
0.9999841889817555
0.9999840118060898
0.999984067239827
0.9999838777935288
0.9999839466295737
0.9999837263380833
0.9999838330991593
0.9999835734128312
0.9999837559958824
0.9999835147880217
0.9999836422266892
0.9999833487930272
0.999983528499566
0.9999832629584898
0.9999834217992168
0.9999831093244396
0.9999832931506267
0.9999829940867115
0.9999831827487068
0.9999828366999668
0.9999829833004881
0.9999826719889778
0.9999828251784459
0.9999825381002361
0.99998266127679
0.9999824005890032
0.9999825055336917
0.9999822617792637
0.9999823708711489
0.9999820775571628
0.9999821043609216
0.9999818650961245
0.9999819162841214
0.9999817201838807
0.9999817830431632
0.9999815782497221
0.999981581440311
0.9999814612849076
0.9999814671425787
0.9999813664584706
0.9999813118358567
0.9999812354607335
0.9999811605664429
0.9999811340505702
0.999980984078302
0.9999810325260606
0.9999808876312827
0.9999809082119888
0.9999807444075484
0.9999807796498109
0.9999805779133908
0.9999806509356766
0.9999804139897374
0.999980441286154
0.9999801903720859
0.9999802448068142
0.9999799588906857
0.9999800730067124
0.9999798518480629
0.9999800032731679
0.9999797789113954
0.999979981174835
0.9999796819933631
0.999979856492848
0.9999795306340001
0.999979720622678
0.9999794229787429
0.9999795791477657
0.9999792909675255
0.999979524157786
0.999979188442875
0.9999793327595835
0.9999790084556939
0.9999791204854069
0.9999788251182361
0.9999789675023845
0.9999787656774294
0.9999788323827065
0.9999785514147919
0.9999786704937698
0.9999784154766423
0.999978495119218
0.9999782516577269
0.999978334942928
0.9999781543122758
0.9999782374176489
0.9999780914976142
0.9999780782255006
0.9999779224013028
0.9999779084360461
0.9999778118811401
0.9999776896787186
0.99997760827989
0.9999775711351939
0.9999774116837767
0.9999772841510705
0.9999772585334961
0.9999770672674483
0.9999769897954534
0.9999768268772
0.9999769515357628
0.9999767771784844
0.9999768678667507
0.9999766714300989
0.9999768247018576
0.9999766050707076
0.9999767507766235
0.9999764386587756
0.9999765271412836
0.9999762744921442
0.999976438477755
0.9999761529803903
0.9999763044230152
0.999975997742108
0.9999761603673261
0.9999759056363985
0.9999760847068786
0.9999758860530784
0.9999760463995883
0.9999757369555142
0.999975967286142
0.9999757056583914
0.9999758952097675
0.9999756177658334
0.9999756880664862
0.999975379009417
0.9999754727776917
0.9999752258031144
0.9999752805300113
0.9999750345574961
0.9999750224483772
0.9999747556287463
0.9999747862529033
0.9999745785904138
0.9999745568428742
0.9999743741515632
0.9999742720499988
0.9999741284453729
0.9999741054889807
0.9999739171755833
0.9999738823183263
0.9999737726189541
0.9999736764565422
0.9999736143444713
0.9999734469411712
0.9999734466850344
0.9999733357667697
0.9999733640289611
0.9999731866539129
0.9999732024233324
0.9999731207597067
0.9999731362375051
0.9999729317719103
0.9999729919867845
0.9999727631512803
0.9999728414558477
0.9999724841406161
0.9999725818362858
0.9999723273285788
0.99997256840897
0.999972270082489
0.9999724833702782
0.9999720712754084
0.999972165519235
0.999971805616233
0.9999720186773505
0.9999716942990335
0.9999718157150144
0.9999715034287333
0.999971668127353
0.9999713654343713
0.9999714913823415
0.9999711281520707
0.9999712328534306
0.9999709373055022
0.9999710118372558
0.9999707474789854
0.9999708465413569
0.9999706211023659
0.9999707658077039
0.9999705350171787
0.9999705066260389
0.9999702952954435
0.9999703368473107
0.9999701530372033
0.9999701808740268
0.9999700351762613
0.9999700943474665
0.9999699326511066
0.9999698607873175
0.999969788388506
0.999969759799383
0.9999697306511597
0.999969693506175
0.9999696668205027
0.9999695730526594
0.9999695690920825
0.999969415513217
0.9999693942458548
0.9999692413072834
0.9999692520715192
0.9999689489687607
0.9999689665633311
0.9999687375186451
0.9999687647018529
0.9999685711864122
0.9999686392262801
0.9999683895496019
0.9999684931454846
0.9999681973002728
0.9999684073366456
0.9999681114479934
0.9999682504035003
0.999968031630749
0.9999681024087479
0.9999676737068944
0.9999678293468989
0.9999675540303672
0.9999677229338085
0.9999674935147216
0.9999676372398673
0.9999673978704902
0.9999675079568805
0.9999671859005149
0.9999672301454163
0.9999669921765312
0.9999670793314965
0.9999667935367704
0.9999669264674163
0.9999667606608842
0.999966789314393
0.999966552365751
0.9999665674652113
0.9999663976200673
0.9999664162228096
0.9999661823279807
0.999966192972857
0.9999660832031387
0.9999661589079338
0.9999660230482129
0.9999659663140661
0.9999658826364617
0.9999658710150547
0.9999658320715256
0.9999657237394165
0.9999656277812818
0.9999655184108582
0.9999654427583647
0.9999653446460863
0.9999653215473379
0.9999651308375678
0.9999651521834292
0.9999649302226135
0.9999650214281618
0.9999648045149842
0.9999649061899761
0.9999646048911853
0.999964773110468
0.9999645205567241
0.9999646055391856
0.9999642685198733
0.9999643979849597
0.9999640212312969
