0.9999983449095174
0.9999978497044476
0.9999964341543327
0.9999945921409485
0.9999930080720353
0.9999922551379387
0.9999925605628487
0.9999937732553225
0.9999954835518552
0.9999971652233719
0.9999982834668532
0.9999984237571776
0.9999974664926433
0.9999957069907055
0.9999937696710499
0.9999923364060327
0.9999918471022732
0.9999923696243881
0.9999936628736206
0.9999953224712891
0.9999968888755172
0.9999979225782056
0.9999980855927996
0.9999972585185339
0.9999956387552229
0.9999937072702745
0.9999920625323208
0.9999911937963608
0.9999913164889183
0.9999923490229543
0.9999939910548774
0.9999958257762234
0.9999973921462536
0.9999982505222609
0.9999980968265691
0.9999969339064648
0.9999951500131784
0.9999933980597651
0.9999923185503726
0.999992271591252
0.9999932183947671
0.999994821902446
0.9999965795792919
0.999997947372019
0.9999984518560265
0.999997854023696
0.9999963049781536
0.9999943408688616
0.9999926592601288
0.9999918145410218
0.9999920026569304
0.9999930749546209
0.9999946636106201
0.9999963220213831
0.99999759123554
0.9999980831077924
0.9999975871507575
0.9999961901208502
0.9999942923531846
0.9999924835472052
0.9999913166925364
0.9999911070314956
0.9999918648538697
0.9999933492589407
0.9999951701926536
0.9999968682485212
0.9999979873006726
0.9999981639476178
0.9999972862560589
0.999995624944858
0.9999937713929108
0.9999924108817582
0.999992010433521
0.9999926551870134
0.9999940916694224
0.9999958606475874
0.9999974231401101
0.9999982649359175
0.9999980523073266
0.9999967867694706
0.9999948849180136
0.9999930229104615
0.9999918326043215
0.9999916502563059
0.9999924402907279
0.9999939012600364
0.9999955947221869
0.999997056326588
0.9999978672172247
0.9999977240835272
0.9999966023829204
0.999994811326738
0.9999928988115899
0.9999914666437877
0.9999909245591214
0.9999913841571314
0.9999926707867731
0.9999944260735653
0.9999962082656711
0.9999975433511198
0.9999980243560745
0.9999974454803249
0.9999959597548722
0.999994075650115
0.9999924837413103
0.9999917386962405
0.9999920602925206
0.9999932881051531
0.9999950064212249
0.9999967006913613
0.9999978428133413
0.9999980132057411
0.9999970860135583
0.9999953410529114
0.99999337789827
0.9999918876341749
0.9999913241199037
0.9999917863594061
0.9999930570373088
0.9999947316749626
0.9999963423822847
0.9999974377859189
0.9999976565871742
0.9999968674941307
0.9999952527826134
0.9999933103675454
0.9999916553252832
0.9999907846536387
0.9999909228875465
0.9999919682188282
0.9999936158442517
0.9999954272289006
0.999996931516245
0.9999976839589518
0.9999974106602056
0.9999961456611228
0.9999942873596441
0.9999925119723666
0.9999914562401608
0.9999914362511826
0.9999923975234427
0.9999940077050532
0.999995765256459
0.9999971481655594
0.9999976877680908
0.9999971345327702
0.9999956180307622
0.9999936548427537
0.9999919179779896
0.9999909814288968
0.9999910863607321
0.999992100064192
0.9999936837741515
0.9999953733246544
0.9999967056588099
0.9999972766251272
0.9999968377786072
0.9999954620877114
0.9999935511084331
0.9999917292095641
0.9999905616246174
0.9999903728754698
0.9999911500043207
0.9999926418044228
0.9999944351500973
0.9999960670071762
0.9999970731088191
0.9999971120189715
0.9999960912263619
0.9999943493152306
0.9999924819475763
0.9999911466853658
0.9999907869661394
0.9999914547464075
0.9999928980533332
0.9999946716832739
0.9999962341216247
0.9999971075086908
0.999996937461507
0.9999957285410117
0.999993842083207
0.9999919443288868
0.9999906807652621
0.9999904015932062
0.999991118954125
0.9999925528898971
0.9999942582778341
0.9999957939089695
0.9999966928736368
0.9999966195730875
0.9999955444394552
0.9999937584996086
0.9999918303725324
0.9999903940409173
0.9999898622036024
0.9999903412452157
0.9999916501024692
0.9999934048825343
0.9999951292752353
0.9999963542864
0.9999966829529556
0.9999959519566655
0.9999943552442261
0.999992435537097
0.9999908615958811
0.9999901600364308
0.9999905120443479
0.9999917525340084
0.9999934726409396
0.9999951693955966
0.9999963215416503
0.9999965401799535
0.9999956760881205
0.9999939778101917
0.9999920120236947
0.9999904438592336
0.9999897920837187
0.999990162742675
0.9999913814234435
0.9999930624295503
0.9999947141404809
0.9999958785861914
0.999996170924356
0.999995430246122
0.9999938325405481
0.9999918816250363
0.9999902035227006
0.9999893406739269
0.999989511652647
0.9999906025788912
0.9999922572158837
0.9999940283172167
0.999995427255269
0.9999960422276104
0.9999956147056028
0.9999942266134291
0.9999923007972071
0.9999905492580028
0.9999895401291153
0.9999895645949739
0.9999905467062445
0.999992151972999
0.9999939038326403
0.9999952967112146
0.9999958592977022
0.9999953782767047
0.9999939147738506
0.9999919702814404
0.9999901900226457
0.9999891720650904
0.9999891902709611
0.9999901423674046
0.999991724607666
0.9999934565793027
0.999994860904579
0.9999955071360613
0.999995117833715
0.9999937754302635
0.9999918765612298
0.9999900549751831
0.9999888674170814
0.9999886960325765
0.999989475417838
0.9999909683970315
0.999992730461418
0.9999943041817622
0.9999951952416517
0.9999950875424768
0.9999939603264647
0.9999921369686493
0.9999902714948321
0.9999889797546337
0.9999886567572577
0.9999893517759217
0.9999907907759593
0.9999925654496232
0.9999941213795547
0.9999949992289652
0.9999948778889808
0.9999937195369568
0.9999918900281728
0.9999899853723591
0.999988661943741
0.9999883153011914
0.9999889865726587
0.9999903891710725
0.9999921251341827
0.9999937140122591
0.9999946733649044
0.9999946774481434
0.9999936478425426
0.9999918597315046
0.9999899248932677
0.9999884738723771
0.999987960940839
0.9999884654619712
0.9999897924230838
0.9999915280448565
0.9999932174493409
0.9999943622970363
0.9999945782459149
0.9999937151551596
0.9999920533939738
0.9999901126624627
0.9999885598097237
0.9999879151426733
0.9999883118339685
0.999989558141679
0.9999912565049429
0.9999929376961082
0.9999941055958238
0.9999943500476646
0.9999935281428748
0.9999918630125525
0.9999899074376793
0.9999883171829596
0.9999876175661465
0.9999879244990785
0.999989113139717
0.999990804999995
0.9999925121887149
0.9999937398134352
0.9999940863758618
0.999993403853602
0.9999918083791259
0.9999898473911752
0.9999881687401901
0.9999873071585998
0.9999874970417238
0.9999885860843134
0.9999902216962582
0.999991960070261
0.9999933053979739
0.9999938475938632
0.9999933376447808
0.9999918735874542
0.9999899426740698
0.9999882043535379
0.9999872247330037
0.9999872882047806
0.9999882903454401
0.9999898971477328
0.999991645424352
0.9999930186163042
0.9999936101856306
0.999993136672649
0.9999916953785922
0.9999897538479088
0.9999879568951592
0.9999869032578366
0.999986875142454
0.9999878058772275
0.9999893676574717
0.9999911205954591
0.999992560280006
0.9999932211521865
0.9999928640021873
0.9999915379541747
0.9999896307783354
0.999987772835691
0.9999865965847234
0.9999864314105826
0.9999872460717547
0.9999887462038578
0.9999904957388154
0.9999920298301475
0.9999928557073419
0.9999926693894855
0.9999914695577682
0.9999896250508999
0.9999877407074942
0.9999864797289549
0.99998619281893
0.9999869165647051
0.9999883502016854
0.9999901129878919
0.999991679083717
0.9999925500508978
0.9999924439191865
0.9999913058178013
0.9999894687688704
0.9999875542533034
0.9999861965357227
0.9999858045549203
0.9999864458794885
0.9999878283211812
0.9999895690079061
0.999991177945602
0.9999921485446019
0.9999921665928045
0.9999911461000547
0.9999893564966111
0.9999874077727562
0.9999859653723447
0.9999854568616532
0.9999859673086393
0.9999872879393439
0.9999890190077011
0.9999906704271727
0.9999917857728882
0.9999919616452808
0.9999910637568524
0.9999893570584442
0.9999873920618695
0.9999858581160923
0.9999851966829981
0.9999856077045314
0.9999868741784714
0.9999886023783435
0.9999902903740497
0.9999914671979466
0.999991731046908
0.9999909355510375
0.9999892818886013
0.9999873179488078
0.9999857165018567
0.9999849684746533
0.9999852712894698
0.999986439701526
0.9999881283328481
0.9999898223449936
0.9999910523925339
0.9999914230479041
0.9999907193064748
0.9999891498653067
0.9999871781161987
0.9999855028672526
0.9999846453932402
0.9999848288848735
0.9999859282314356
0.9999875566227597
0.9999892848309975
0.9999906224151348
0.9999911294304847
0.999990571930759
0.9999890933454019
0.9999871485438747
0.999985410239855
0.9999844355418707
0.9999844871804908
0.9999854990394821
0.9999871123837016
0.9999888387807967
0.9999902111175697
0.9999908062823936
0.9999903674357454
0.9999889697379394
0.99998704141989
0.9999852448552788
0.9999841658135955
0.9999841198297272
0.9999850391279655
0.9999865788698011
0.999988328255862
0.9999897666279033
0.999990480972536
0.9999901663329782
0.9999888495017186
0.9999869626743674
0.9999851349967508
0.9999839566460044
0.9999837884789397
0.9999846017037568
0.9999861149347807
0.9999878580855834
0.9999893865896599
0.9999901841000592
0.9999899972443274
0.9999887603042121
0.9999868974538257
0.9999850093776893
0.9999837181304193
0.9999834255322567
0.9999841598511211
0.9999856214552778
0.9999873700236115
0.9999889462945178
0.9999898430816718
0.9999897553960521
0.9999886180176839
0.9999868033130664
0.9999848861207917
0.9999835355052032
0.9999831509008861
0.9999837809289565
0.999985183651391
0.9999869237439768
0.9999885364183677
0.9999895486898092
0.9999895890307822
0.9999885805550681
0.9999867928172231
0.99998483256177
0.9999833847912181
0.9999828624002071
0.9999833968593707
0.9999847325460653
0.9999864644563029
0.9999880932371361
0.9999891505137152
