0.9999995739953261
0.9999990691763935
0.9999981473883857
0.9999978838627712
0.9999984933856494
0.9999993336321977
0.9999994838914904
0.999998709006746
0.9999979170375156
0.9999979636364554
0.9999987456498626
0.9999994801519124
0.9999993348832071
0.999998440959813
0.9999978669081151
0.9999982124181127
0.999999090595618
0.9999995725674083
0.9999990474306618
0.9999981562316057
0.9999979809829806
0.9999986694524602
0.999999468768372
0.9999994231646134
0.9999985456383931
0.9999979624459262
0.999998328241938
0.9999991990891988
0.9999995764548285
0.9999989355969783
0.9999980761835028
0.9999980217084865
0.9999987659543134
0.999999494912818
0.9999993277789913
0.9999984135382896
0.9999978476717528
0.9999982029309957
0.9999990680334324
0.9999995332269995
0.999999010735645
0.999998093397315
0.9999978245308873
0.9999984256301514
0.999999283322048
0.9999994788781996
0.999998731650521
0.9999979352377367
0.9999979776615846
0.9999987669504626
0.9999994859243373
0.9999992810092494
0.9999983700207151
0.9999978834098708
0.9999983369094592
0.9999992132954295
0.999999515829895
0.9999988191239891
0.9999980091319348
0.9999980593288991
0.9999988587184164
0.9999995139590141
0.9999991916776859
0.9999982586071288
0.9999978685537975
0.9999983997881006
0.9999992472942174
0.9999994395387064
0.9999986731789815
0.9999978648345588
0.9999979093147003
0.9999986879087644
0.999999392113613
0.9999991994473337
0.999998285867552
0.9999977224890804
0.9999980707822098
0.9999989429003671
0.9999994399840795
0.9999989471268834
0.9999980328246476
0.99999776024123
0.9999983684086808
0.9999992128381467
0.9999993477149317
0.9999985525339533
0.9999978140933772
0.9999979709608146
0.9999988074108724
0.9999994005735741
0.9999989907685931
0.999998072015261
0.9999977896432781
0.9999984120115615
0.9999992336955632
0.9999992745959099
0.9999984233636051
0.9999977406937434
0.9999979788729121
0.9999988190863999
0.9999993321654596
0.9999988412594712
0.9999979100235293
0.999997615600457
0.9999982022290992
0.9999990429263315
0.9999992011242722
0.9999984298228344
0.9999976355525968
0.9999976803519904
0.9999984612175805
0.9999991825861733
0.9999990082714324
0.9999981002800867
0.9999975380995728
0.9999978970931189
0.9999987632130208
0.9999992006961844
0.9999986292459591
0.9999977331254334
0.9999975759890402
0.9999982685782947
0.9999990502413044
0.9999989796047157
0.9999980908308155
0.9999975030262565
0.999997861843769
0.9999987325515342
0.9999991242082014
0.9999984976260291
0.9999976172898004
0.9999975180291851
0.9999982348339752
0.999998976894465
0.999998839779997
0.9999979275943928
0.9999973277629943
0.9999976426170959
0.9999984965530169
0.9999989769762966
0.9999984657901265
0.9999975440519357
0.9999972684546709
0.9999978690021111
0.9999987111567544
0.9999988729249861
0.999998100603463
0.9999973119885701
0.999997376941645
0.9999981662243552
0.999998836577279
0.9999985719831802
0.9999976447601415
0.9999971837559926
0.9999976487447827
0.9999985189096676
0.999998786516187
0.9999980704497756
0.9999972475940776
0.9999972853469745
0.9999980779486624
0.9999987408808846
0.9999984422748698
0.9999974985804331
0.9999970593457398
0.9999975451027592
0.9999983916029253
0.9999986294663031
0.9999978834142274
0.9999970411431588
0.9999970302680931
0.9999977897588581
0.9999985088609618
0.9999983354408902
0.999997416877679
0.9999968477353799
0.9999971966111988
0.9999980623035557
0.999998528207352
0.9999979884919158
0.9999970692797142
0.9999968282086569
0.9999974593143972
0.9999982791334066
0.999998340148262
0.9999974973008188
0.9999967760212821
0.9999969643346689
0.9999977981153143
0.9999983532324035
0.9999979097727897
0.9999969888907033
0.9999966965808024
0.9999973006984891
0.9999981145324998
0.9999981830974418
0.9999973330918492
0.9999966133906599
0.9999968034422153
0.9999976205620505
0.9999981737427214
0.999997731290736
0.9999967817813128
0.999996438523585
0.9999969889446774
0.9999978307428833
0.9999980035554797
0.9999972399982587
0.9999964313930825
0.9999964690815687
0.999997244427285
0.999997946568706
0.9999977316188899
0.9999968028289719
0.9999962729961638
0.999996668287421
0.9999975213847494
0.9999979099463611
0.9999972780562277
0.9999963840107368
0.9999962487626063
0.9999969447280783
0.9999977084323316
0.9999976098867251
0.9999967073396712
0.9999961179876409
0.999996452123757
0.9999973097614406
0.9999977209108621
0.9999971147679492
0.9999962167751582
0.9999960670288603
0.9999967520236716
0.9999975219915874
0.9999974386698699
0.9999965489993246
0.9999958902357345
0.9999961688889107
0.9999970159396029
0.999997495489627
0.9999970026079944
0.9999960663302958
0.9999957829997341
0.9999963753579323
0.9999972126228679
0.9999973302848068
0.9999965253657781
0.9999957597467444
0.9999958702820382
0.9999966697029963
0.9999972972137032
0.9999969547125832
0.9999960110955479
0.9999955881614354
0.9999960709070227
0.9999969256878605
0.9999971516521626
0.9999964069288048
0.9999955823523055
0.9999956045606379
0.9999963758843179
0.999997041277219
0.9999967655762582
0.9999958249843165
0.9999953542891618
0.9999958099451306
0.9999966671055034
0.999996951410694
0.9999962511551895
0.9999954104602398
0.999995363629931
0.999996108802519
0.9999968353875184
0.999996683864682
0.9999957640735754
0.9999951764894955
0.999995518679148
0.9999963705769779
0.9999968122862163
0.99999623360159
0.999995315354282
0.9999951153343654
0.9999957601295202
0.99999655958253
0.9999965664702503
0.9999957018521912
0.9999950084446693
0.999995238335574
0.9999960719435633
0.999996602396812
0.9999961274487331
0.9999951900009862
0.9999948971184631
0.999995493331217
0.9999963072047913
0.9999963800251825
0.9999955473567916
0.999994797551603
0.9999949365007792
0.9999957523480181
0.9999963415684205
0.9999959572106676
0.9999950167842434
0.9999946441910181
0.9999951695433197
0.9999960135835749
0.9999962290672576
0.9999954703387759
0.9999946547932757
0.9999946978339134
0.9999954690412803
0.9999961589323189
0.9999959085191726
0.9999949685126601
0.999994454372017
0.9999948622846468
0.9999957087180558
0.999996036789997
0.9999953736157733
0.9999944974916054
0.9999944107567109
0.9999951223906811
0.9999958630744445
0.9999957351963378
0.9999948279771529
0.9999942271751247
0.9999945580786738
0.9999954205987729
0.9999958352330445
0.999995242569283
0.9999943342962466
0.9999941587348401
0.9999948318500954
0.9999956036399814
0.9999955678122516
0.9999946800106034
0.9999940022265986
0.9999942310826668
0.9999950826214042
0.9999955951277282
0.9999951156898939
0.9999941812224976
0.9999938901821602
0.9999944788639757
0.9999953039573944
0.99999540382933
0.9999945743794055
0.9999937778299084
0.9999939135320509
0.9999947363741609
0.9999953369862933
0.9999949657311854
0.9999940156850914
0.9999936033959685
0.9999941000899208
0.9999949223683285
0.9999951343129965
0.9999943963842657
0.9999935788067997
0.9999935954311394
0.9999943680788943
0.9999950288616966
0.9999947816390151
0.9999938239514824
0.9999933317122205
0.9999937687742002
0.9999946311532159
0.9999949481664037
0.9999942464629282
0.9999933729709576
0.9999933029416073
0.9999940317642132
0.9999947599643472
0.999994592559276
0.9999936829619545
0.9999930938822256
0.9999934325043917
0.9999942668312639
0.9999946955250545
0.9999941158781445
0.9999932008648783
0.999992998613308
0.9999936685897977
0.9999944522580302
0.9999944274556178
0.9999935566517948
0.9999928784870196
0.9999931191207697
0.9999939414704544
0.9999944456710921
0.9999939623570044
0.9999930270911025
0.99999271578526
0.9999933127163428
0.9999941353067239
0.9999942279431826
0.9999934011510551
0.9999926736554416
0.9999928228431209
0.9999936311348544
0.9999942403932559
0.9999938637053577
0.9999929073273368
0.9999925282861466
0.9999930420672904
0.9999938745491823
0.9999940553230472
0.9999933209884333
0.9999925196357438
0.9999925481132586
0.9999933160392449
0.9999939877044606
0.9999937182034091
0.9999927836291721
0.999992288500714
0.9999927092930453
0.9999935807114777
0.9999939015280924
0.999993223559133
0.9999923257142647
0.9999922488169062
0.9999929803233154
0.9999937096981457
0.9999935768508492
0.9999926587008109
0.9999920842759348
0.9999924201601534
0.9999932892129813
0.9999937044978139
0.9999931091689561
0.9999921842408945
0.9999920002239034
0.9999926774636893
0.999993459246072
0.999993435878165
0.9999925486264541
0.9999918817646481
0.9999921228216979
0.9999929578529937
0.9999934720403346
0.9999929796342871
0.9999920254208639
0.9999917267293746
0.9999923114242502
0.9999931176057687
0.9999932169129195
0.999992410064083
0.9999916623793929
0.9999917869932704
0.999992595332868
0.9999931974649278
0.9999928356255492
0.9999918727653615
0.9999914590713573
0.9999919706479804
0.9999927888200885
0.9999929907094275
0.9999922228867393
0.9999913925575487
0.9999914184417492
0.9999921913507974
0.9999928601856031
0.9999926138572635
0.9999916939448901
0.9999911787483567
0.9999916266847418
0.9999924814480416
0.9999927916035343
0.9999921139672341
0.9999912441851168
0.999991177458129
0.9999918923982305
0.9999926257863435
0.9999924853023913
0.9999915593993874
0.9999909686343736
0.9999913085163143
0.999992185254277
0.9999926191492683
0.9999920387419858
0.9999911151195308
0.9999908955052209
0.9999915600871561
0.999992343067841
0.9999923475958403
0.9999914515211279
0.9999907635790322
0.9999910006725851
0.9999918224566033
0.9999923544723045
0.999991860637929
0.9999909379313375
0.9999906555230557
0.9999912479881278
0.9999920719525697
0.9999921598858583
0.999991336858833
0.999990580314031
0.9999907193347296
0.9999915193070219
