0.9999996163497287
0.9999991376955217
0.9999983456701099
0.9999982755224216
0.9999990816584619
0.9999996510566511
0.9999992062688821
0.999998372172967
0.9999982331176742
0.9999989809651195
0.9999995725601978
0.9999992015535507
0.999998320559507
0.9999979183210861
0.9999984642431538
0.9999993035224889
0.9999994109600616
0.9999986930800568
0.9999979815767567
0.9999980891717013
0.9999989262518175
0.9999993880697194
0.99999886789047
0.9999980345473122
0.9999979366332586
0.9999987195036983
0.9999992773114883
0.9999988285286611
0.9999979448146992
0.9999976956878741
0.9999983544281111
0.9999989827975024
0.9999986894883941
0.9999977863584888
0.9999972731987128
0.999997700604609
0.9999985236951949
0.9999986623922943
0.999997919166876
0.9999971277128806
0.9999971912191966
0.9999979728945776
0.9999983718035893
0.9999978032381612
0.9999969449615617
0.9999968048447002
0.9999975314464791
0.9999980762045417
0.9999976416012413
0.9999967166214746
0.9999963469276404
0.9999969365027118
0.9999976085237441
0.99999741989837
0.9999965434438878
0.9999959225006602
0.9999962634066124
0.9999970684414305
0.9999972171930933
0.9999964697871148
0.9999956704399084
0.9999957229681214
0.999996489926549
0.9999968850578791
0.9999963015890898
0.9999954154685361
0.9999952154929244
0.9999959116182734
0.9999965097367105
0.9999961606330005
0.9999952513707373
0.999994795793887
0.9999953330593305
0.9999960584362425
0.9999959766025736
0.9999950867619225
0.9999943908862707
0.9999946645320779
0.9999954461716184
0.9999956341603282
0.9999948836521612
0.9999940528644388
0.999994004393693
0.999994738709941
0.9999951560623571
0.9999946149514884
0.9999936889539762
0.9999934257099127
0.9999940995493661
0.999994728082508
0.9999944194579969
0.9999935421489915
0.9999930186277849
0.9999935000403193
0.9999942298405524
0.9999941575911349
0.9999932999873765
0.9999925643850333
0.9999927663069882
0.9999935632017352
0.9999937975099108
0.9999931081567491
0.9999922672409297
0.9999922505506347
0.9999930072570787
0.9999934766019145
0.9999929655883649
0.9999920698950611
0.9999917598978197
0.999992383874714
0.999993017149407
0.999992745296812
0.9999918503627814
0.99999131864796
0.9999916973259122
0.9999924829990484
0.9999924779502136
0.9999916596443733
0.9999908971440045
0.9999910691072887
0.9999918645865922
0.9999921406972583
0.9999914889303703
0.999990632456545
0.9999905636697335
0.9999912737860984
0.9999917721897174
0.9999913139054126
0.999990359275284
0.9999899681317743
0.9999905729150639
0.9999912863259195
0.9999910546024998
0.9999901701670504
0.9999895357520542
0.9999898822948647
0.9999906980842442
0.9999907590458138
0.9999899119663235
0.9999891955230762
0.9999893490587656
0.9999901795485671
0.9999904752258015
0.9999898641114996
0.9999889739545866
0.9999887772300096
0.9999895507321943
0.9999900955203548
0.9999897277029539
0.9999888013607013
0.9999883673764864
0.999988896931046
0.9999896279130894
0.9999894866302407
0.9999886009586383
0.9999879829105113
0.9999883329506324
0.9999891774298856
0.9999892654150626
0.9999885380302215
0.9999877435679355
0.9999878747856368
0.9999886498158863
0.9999890187986401
0.9999883947191927
0.9999875135049634
0.9999872841635502
0.9999880216060778
0.9999886566991095
0.999988307352548
0.9999874365650847
0.9999869891778744
0.9999874735241073
0.9999882450437044
0.9999881005912754
0.9999871971562478
0.9999865145261816
0.999986778843423
0.9999875507539756
0.999987740481095
0.9999870476523617
0.9999862812798587
0.9999862725045424
0.9999870193975193
0.9999874151415968
0.9999868996831618
0.9999860066842922
0.9999857990190871
0.9999864334340457
0.9999870432099259
0.9999866985755397
0.9999858223293664
0.999985273788806
0.9999856766820162
0.9999863999625365
0.9999863693426666
0.9999855666159688
0.9999849000097588
0.999985089197146
0.9999859188043249
0.9999861709440234
0.9999854857026909
0.9999846445236668
0.9999845914348799
0.9999853167207977
0.9999857787562438
0.9999852678816673
0.9999843408027982
0.9999840183415647
0.9999846743470047
0.9999853887905416
0.9999850873372057
0.9999841655749079
0.999983625074786
0.999984023059295
0.9999847745949151
0.9999847870717822
0.9999839877251117
0.9999832234540731
0.9999834777058276
0.9999842485714904
0.9999844912780389
0.9999837849933926
0.9999829493657081
0.9999828769867022
0.9999836465850497
0.999984171577192
0.9999836773694377
0.9999827743235131
0.9999823663975739
0.9999829529764712
0.9999836007831255
0.9999833835887066
0.9999825778520094
0.9999820495869385
0.9999824496351996
0.999983226060548
0.9999833018965001
0.9999824918500082
0.9999817578292738
0.9999818739076859
0.9999827225752437
0.9999830713622351
0.9999824876663309
0.999981594699676
0.9999814841221084
0.9999821659358268
0.9999827343481674
0.9999823393659483
0.999981390637575
0.9999809560143704
0.9999815338804038
0.9999822164806769
0.9999820894651296
0.9999812493426393
0.9999806477445308
0.9999809620791419
0.999981798980448
0.9999818461912499
0.9999810372970295
0.9999802095815917
0.9999802531915165
0.9999810943148375
0.9999814994547739
0.9999809068374295
0.9999800154311131
0.9999798074201173
0.9999804455506022
0.9999810789487227
0.9999807513481107
0.9999798026921087
0.9999793878139104
0.9999798466219225
0.9999805899688646
0.9999804779099729
0.9999795808717737
0.9999788429394076
0.9999791283709379
0.9999799362623768
0.9999801276013336
0.9999793716624243
0.999978551498798
0.9999786016851344
0.999979316385114
0.9999797477567475
0.999979208884519
0.9999782154523705
0.9999779291453288
0.9999785646435045
0.9999791505876567
0.9999788489844074
0.9999778886192909
0.9999773763140212
0.9999778665867611
0.9999786454011388
0.9999785100213675
0.9999776951515511
0.9999769475455637
0.9999771825296259
0.9999780073133943
0.9999782643913284
0.999977526481003
0.9999767005706697
0.9999766367146078
0.9999773840412512
0.9999778358437986
0.9999773781794613
0.9999765039107472
0.9999761187240649
0.999976830374941
0.9999773879063584
0.9999771096308648
0.9999761370544282
0.9999756506685538
0.9999760602916357
0.999976795944903
0.9999767853120973
0.9999759172126763
0.9999751765159006
0.9999753634642609
0.9999761983618436
0.9999764930219326
0.9999757845861009
0.9999749057477181
0.9999748371825483
0.9999755347952822
0.999976080929441
0.9999755892323512
0.9999747288469892
0.9999743666276948
0.9999749389609689
0.9999756589109903
0.9999754715232624
0.9999745754599476
0.9999740190693458
0.999974356373438
0.9999750948345761
0.9999752039983324
0.9999744754931235
0.9999737153880643
0.9999738525697921
0.9999746203600022
0.99997494957383
0.9999742347220412
0.99997338159253
0.9999732203293372
0.9999739563848481
0.999974566823707
0.9999741517757321
0.9999732615531042
0.999972865967553
0.999973368455672
0.9999740783854826
0.9999739213841192
0.999973059795408
0.9999724268117307
0.9999727542117676
0.9999735005647121
0.999973613818837
0.999972872998265
0.9999720818991613
0.9999721183654424
0.9999728731602007
0.9999731977343878
0.999972563360179
0.9999716763493862
0.999971442906788
0.9999720948373656
0.99997266483402
0.9999722860201874
0.999971360347112
0.9999709538264282
0.9999714727418598
0.9999722259172356
0.999972173000497
0.9999712216580705
0.9999706323601341
0.9999708341967875
0.9999716476832664
0.9999718848643346
0.9999712037641786
0.999970388638487
0.9999704595387716
0.9999712574059316
0.9999716937402965
0.9999711210860276
0.9999701675240774
0.99996985336045
0.9999704777509932
0.9999711268471836
0.99997078678668
0.999969910816828
0.9999694634535047
0.9999699470599144
0.9999706777955815
0.9999706193937409
0.9999697470326181
0.9999689857219165
0.9999691616372494
0.9999699906797925
0.9999702361769002
0.9999695782910543
0.9999687001020426
0.9999686610419403
0.9999694017218617
0.9999698785928206
0.9999693150031322
0.9999683886686612
0.9999680892382419
0.9999686818980441
0.9999693356542592
0.9999690931173493
0.9999681819983262
0.9999676828055456
0.99996817236007
0.999968878125554
0.9999689479702982
0.9999681703708825
0.9999673794074582
0.9999675138921311
0.9999682725752552
0.9999685986017433
0.9999679381721837
0.9999670842752693
0.9999669990595568
0.9999677475551071
0.9999682888938506
0.9999678353768325
0.9999669578731327
0.9999667631706626
0.9999673451166429
0.9999680352997797
0.9999678686169523
0.9999670056185874
0.9999664781487747
0.9999667372040766
0.9999674658479546
0.9999675661047837
0.9999668429197264
0.9999661837703163
0.9999663091923156
0.999967036645193
0.9999673761904213
0.9999667159048834
0.9999658200567135
0.9999656812402108
0.9999664656228214
0.9999670377595524
0.9999667269491685
0.9999658959726981
0.9999654990822141
0.9999660285688331
0.9999667496000245
0.9999665924388297
0.999965700835238
0.9999650692118943
0.9999653837332453
0.9999662203797195
0.9999663531356185
0.9999654969263434
0.9999647223721737
0.9999648373935172
0.9999656675153056
0.9999661478592432
0.9999655760930162
0.9999646927374923
0.9999645599344885
0.9999652952022043
0.9999659608553756
0.9999656623889954
0.9999648106236725
0.9999643679577853
0.9999648727082796
0.9999655215026656
0.9999654588396233
0.9999645860639694
0.9999640012750685
0.9999642499376831
0.9999650507096721
0.9999652205174016
0.9999644418606991
0.9999636365573029
0.9999636380719479
0.9999645295528731
0.9999649358972005
0.9999644099524755
0.9999635939667348
0.9999632857400678
0.9999638599912787
0.9999644560735965
0.9999641777572996
0.9999631628455714
0.9999625699895789
0.9999630612110355
0.9999637880189977
0.9999638726192247
0.9999629987488413
0.9999622986160402
0.9999624726455741
0.9999633412181881
