0.9999996692395132
0.9999992083617665
0.9999983942187223
0.9999983749551139
0.9999990630400515
0.9999996054082174
0.9999993395748613
0.9999985202442023
0.9999983024712775
0.999998930580429
0.9999995712391865
0.9999994277980058
0.9999986125509378
0.9999983778249398
0.9999990193923393
0.9999995914573869
0.9999992769123126
0.9999984585418948
0.9999983969001393
0.9999990615708777
0.9999994813547212
0.9999990066644425
0.9999981546262995
0.999998088708255
0.9999987588264505
0.9999992840979359
0.9999989875346993
0.9999981361593758
0.9999979060887687
0.9999985035578234
0.9999990602766363
0.9999988197054952
0.9999979483652573
0.9999977095895339
0.9999983188931744
0.9999988558498714
0.9999985119359384
0.9999976462872812
0.99999751275785
0.9999981200648023
0.9999985504946723
0.9999980976947087
0.9999971958108892
0.9999970637435581
0.9999976899248001
0.9999981804254734
0.9999978248492263
0.9999969586759603
0.9999967415584695
0.9999973440614615
0.9999978624966503
0.999997516954029
0.9999966116231109
0.9999963551036717
0.999996916403047
0.9999974004221406
0.999997033220499
0.9999961544215443
0.999995958096285
0.9999965326382
0.9999970203624974
0.9999966520679802
0.9999957500508283
0.9999955602118431
0.9999961770301553
0.9999966516564622
0.9999962918076519
0.9999953904324178
0.9999951702769427
0.999995763044089
0.9999962493715435
0.9999958891480455
0.9999949753734262
0.9999947458137265
0.9999953553600262
0.9999958552012532
0.9999954662161912
0.999994534073906
0.999994356317067
0.9999949321405178
0.9999954111020486
0.9999950433006939
0.9999941523890096
0.9999939196522002
0.9999945145385928
0.9999949700048819
0.9999945692964225
0.9999937084322399
0.9999935075460923
0.9999940769141539
0.9999945396465372
0.9999941835237279
0.9999932899749434
0.9999930623613672
0.9999936187293768
0.9999941127524252
0.9999937340323141
0.9999928267624701
0.9999926619038582
0.9999932798819272
0.999993776700566
0.9999934004654369
0.9999925018229726
0.9999923242346354
0.9999929246978247
0.9999934095374693
0.999993048103382
0.9999921389754021
0.9999919658518348
0.99999256969371
0.9999930526054114
0.999992708100809
0.9999918300037993
0.9999915995636997
0.9999921930036806
0.999992657516204
0.9999922606474695
0.9999913714708285
0.9999911661389479
0.9999917786424979
0.9999922322118411
0.999991843926837
0.9999909048514425
0.999990711871689
0.9999913114660253
0.9999917968258485
0.9999914286888142
0.9999905484948982
0.9999903630411152
0.9999909285186751
0.9999913878723768
0.9999910053488987
0.9999901425085737
0.9999899303053762
0.9999905470825802
0.9999910122685804
0.9999906059444041
0.9999897056269996
0.9999894970000605
0.9999900887488128
0.9999905640730566
0.9999901918810876
0.9999893006072589
0.9999890525626006
0.9999896524618773
0.9999901126865773
0.999989745436812
0.9999888803645884
0.9999886936230152
0.9999892952188251
0.9999897665554394
0.9999893608699616
0.9999884483260344
0.999988256890789
0.999988890921862
0.9999893031645579
0.9999888765489321
0.9999879403031668
0.9999877462642361
0.9999883534718135
0.9999888405654003
0.9999884705978498
0.9999875930256684
0.9999874072216699
0.9999880086752488
0.9999884686147772
0.9999880884731761
0.9999871964140187
0.9999870042502501
0.9999876020346065
0.9999881016548139
0.999987748873459
0.9999868601628096
0.9999866180683468
0.999987173336566
0.9999876447381739
0.9999872684651243
0.9999863526100385
0.9999861113256121
0.9999867219550423
0.9999871886951338
0.9999867698871621
0.9999858553835526
0.9999856664931126
0.9999862677593634
0.999986778067966
0.9999864264561038
0.9999855028341957
0.9999852854156852
0.9999858847647735
0.9999863425364428
0.9999859989297004
0.9999851101063936
0.9999848898108011
0.999985466258874
0.9999859641899234
0.9999855957398222
0.9999846911218145
0.9999845780630471
0.9999852017437211
0.9999856974187252
0.9999853114160414
0.9999844011949287
0.99998419833352
0.9999847522309719
0.9999852436986166
0.9999848439214417
0.999983959328838
0.9999837506233683
0.9999843603472229
0.9999848390120297
0.9999844701034543
0.9999835155320543
0.9999833562829354
0.999984018095491
0.9999845520830829
0.9999841605071237
0.99998322583593
0.9999830288534427
0.9999835938848598
0.9999841208873793
0.999983708109705
0.9999827508326312
0.9999825526322731
0.9999832127596666
0.9999837162985378
0.9999833212716307
0.9999823913049868
0.9999822121189026
0.999982793691456
0.9999832260169387
0.9999828824144856
0.9999819874887063
0.9999817814910885
0.9999823499476959
0.9999828614221268
0.9999824913301931
0.9999816334152478
0.9999813817673892
0.9999820391326483
0.999982512073095
0.9999821337912744
0.9999813181770669
0.9999811579040649
0.9999816999743916
0.9999821957593069
0.999981870674073
0.9999810064179057
0.9999808242261878
0.9999814216252599
0.9999819778204135
0.9999816219743454
0.9999807094197718
0.9999804450791099
0.9999809828615422
0.9999814335955216
0.9999811236054856
0.9999802933147165
0.9999800767546528
0.999980721106349
0.9999812097200939
0.9999808989664969
0.9999800569211598
0.9999798260462187
0.9999804036387231
0.9999809090381324
0.9999805020523922
0.9999796434435009
0.9999793969412151
0.9999799811842424
0.999980445042998
0.9999800705792646
0.9999792418116898
0.999979041301389
0.999979660840636
0.9999801051911588
0.9999796610817507
0.9999788090528996
0.999978589933921
0.9999791095826287
0.9999795994525318
0.9999791614022867
0.9999782788264626
0.9999780682217945
0.9999786374040655
0.9999791522158942
0.9999788178052529
0.9999779464573275
0.999977690820623
0.999978291997682
0.9999787307092356
0.9999783208327693
0.9999774851129606
0.9999772482578053
0.9999778962624467
0.9999783659368383
0.9999780435345086
0.9999771655069724
0.999976964544679
0.9999775137441124
0.9999778731916005
0.9999775044591913
0.9999765934245199
0.999976399307391
0.9999770118034403
0.9999775177360566
0.999977187203688
0.9999762690279017
0.9999760771964202
0.9999767301114957
0.9999772126058454
0.9999768669342366
0.99997592945078
0.9999757063775288
0.9999763227341248
0.9999767149369776
0.9999762862101639
0.9999754289486928
0.9999752220548331
0.999975752384923
0.9999761621819492
0.9999757789275501
0.9999749410083849
0.9999747485468944
0.9999753861899812
0.9999757884518473
0.9999754117493412
0.9999745502041553
0.9999743274914161
0.999974971254034
0.9999754344446706
0.9999751340883698
0.9999742620643876
0.9999740522604237
0.9999746779219953
0.9999751029902672
0.9999748211108654
0.9999739210159055
0.9999736790400376
0.9999742923409736
0.9999746989579319
0.999974293604615
0.9999733496948817
0.9999732051879207
0.99997380455635
0.9999743288659283
0.999973969978991
0.9999730497122485
0.9999727699392972
0.999973437742001
0.9999738124612957
0.9999735037102975
0.9999726508174135
0.999972413985991
0.9999729571429781
0.9999733846007338
0.999973080455831
0.9999722912599428
0.9999721466889087
0.9999727879092066
0.9999732066495324
0.9999728507489003
0.999972006012913
0.9999719135374162
0.9999725260000111
0.9999729819461076
0.9999725932702089
0.9999716841720321
0.9999715622067369
0.9999721482850299
0.9999726119024588
0.999972224384488
0.9999713440385951
0.9999711506677993
0.9999717941626575
0.9999722314708606
0.9999717466336657
0.9999709084538662
0.9999708263530552
0.9999714722209109
0.999971910972155
0.9999715053473862
0.9999705844660425
0.9999703712038263
0.9999709344342814
0.9999714471671927
0.9999711207850818
0.9999702604284387
0.9999701587705441
0.9999707440165206
0.9999712592369969
0.9999708397570025
0.9999699533236599
0.9999697266574471
0.9999703465409665
0.9999708899844751
0.9999704774937126
0.9999696609777486
0.9999694522080542
0.9999700655267101
0.9999704652726986
0.9999701569390225
0.9999692151860899
0.9999690214782396
0.9999695832233965
0.9999700594180687
0.9999696107556454
0.9999685943207195
0.9999684899994625
0.9999690844684027
0.9999696281667377
0.9999692221125379
0.9999683318263355
0.9999681735710246
0.9999688634616114
0.9999693327310799
0.9999689310135002
0.9999679731414973
0.9999677628560715
0.9999683805804047
0.9999689214183398
0.9999685051338597
0.9999675443040119
0.9999673350992978
0.999967893591351
0.9999683390426379
0.9999679724198646
0.9999671106614196
0.9999669459501747
0.9999675912112905
0.9999681077466368
0.9999676871429474
0.9999668391198567
0.9999666070563791
0.9999672517785617
0.9999678314500823
0.9999674564098758
0.9999665484648849
0.9999663202829122
0.9999669142110693
0.9999673112361203
0.9999669651790258
0.9999661091046378
0.9999658480247986
0.9999664102435871
0.9999670068003362
0.9999666270843894
0.9999656779065212
0.9999654582082295
0.9999661529347842
0.9999666942954452
0.9999662806594846
0.999965373992525
0.9999651434590885
0.9999656700703674
0.9999660999922654
0.9999657730531145
0.9999649590023274
0.9999647534915114
0.9999653764887059
0.9999658495763815
0.9999654155095307
0.9999644806283019
0.9999642691057256
0.9999649555721205
0.9999655577166796
0.9999651384793292
0.9999642104941768
0.9999640597065431
0.9999646209758813
0.9999651594704704
0.9999647146321718
0.9999637539220676
0.9999635208497418
0.9999641332290775
0.9999646306092117
0.9999642163502149
0.9999633452912622
0.9999630494885595
0.9999636206029695
0.9999641308237827
0.9999637860775304
0.9999629578776679
0.9999627295084805
0.9999633611368829
0.9999639371070168
0.9999635912033551
0.9999627938645592
0.9999625934258412
0.9999631701151489
0.9999636730642943
0.9999633142328579
0.9999623337019229
0.999962151513325
0.9999626951842695
0.9999631989404715
0.9999628313793544
0.9999619394130771
0.9999616802663371
0.9999622125861284
