0.9999998518095321
0.9999994527050995
0.9999993000684735
0.9999997640865329
0.9999996682814185
0.9999992332958576
0.999999549092889
0.9999998273365778
0.9999993648357166
0.9999993459311248
0.9999997969079875
0.999999537406783
0.999999232416319
0.9999996660161927
0.999999658204313
0.9999992153262787
0.9999995338092429
0.9999997290191194
0.9999992207957004
0.9999993151010702
0.9999996622750211
0.9999992322273328
0.9999990278929776
0.9999994683509944
0.9999993573928817
0.9999989067562242
0.9999992093163427
0.9999994516683055
0.9999989422988576
0.9999989053006008
0.9999992959587864
0.9999989650495634
0.9999986249623322
0.9999990150446773
0.9999989512832902
0.9999984706938143
0.9999987518973383
0.9999989240486443
0.999998379959075
0.9999984084676584
0.9999987560527019
0.9999983323362898
0.9999980629617056
0.9999984560606333
0.9999983335972992
0.9999978267447649
0.9999980785794166
0.9999982719077328
0.9999977168901474
0.9999976613912575
0.9999980300247985
0.9999976424064658
0.999997337540185
0.9999977181857719
0.9999976186155092
0.9999970949983532
0.9999973446538153
0.9999975140823627
0.9999969588407787
0.9999969676385136
0.9999973100024114
0.9999968937004757
0.99999661205386
0.999996997805951
0.99999683998724
0.9999963517282762
0.9999965908565089
0.9999967701430209
0.9999962396464714
0.9999962229940732
0.9999965643885573
0.9999961740210832
0.9999958658228577
0.9999962617778009
0.9999961275035651
0.9999956257490058
0.9999958825842831
0.9999960559184323
0.9999954837024253
0.9999954708984076
0.9999958422451697
0.9999954242020405
0.9999951026442401
0.999995481152279
0.9999953263129626
0.9999948200900373
0.9999950500164381
0.9999952372658117
0.9999946826248167
0.9999946740086605
0.9999950600719336
0.9999946393458353
0.9999943407507308
0.9999947288584315
0.9999945721121122
0.9999940683282488
0.9999943397398487
0.999994514866801
0.9999939539107612
0.9999939046424887
0.9999942363976881
0.9999938130855327
0.9999934864362233
0.9999938490906718
0.9999937360558826
0.999993198319669
0.9999934716535166
0.9999936561005381
0.9999930947393693
0.9999930837505996
0.999993443801701
0.9999930631213755
0.9999927486808478
0.9999931459214606
0.9999929817800838
0.9999924507343992
0.999992660820066
0.9999927985663111
0.9999922213420395
0.9999922467581641
0.9999926403664591
0.9999922338725394
0.9999919317488435
0.9999922927214779
0.999992178220896
0.9999916254088669
0.9999918612341064
0.9999920472249878
0.9999915278480832
0.9999914606361802
0.9999918116115865
0.9999913985632887
0.9999911024235723
0.9999914928640314
0.9999914434594546
0.9999909256460936
0.9999911958589448
0.9999913455663876
0.9999907770718331
0.9999907231507101
0.9999910747997338
0.999990643990869
0.9999903375663344
0.9999907014269547
0.9999905820858024
0.9999900767883582
0.9999903008316654
0.9999904328173799
0.9999898921485456
0.9999898547383854
0.9999902037253886
0.9999898052334989
0.9999895187996866
0.9999899027372231
0.9999898428017882
0.9999893907983133
0.9999896087446951
0.9999897755588552
0.9999891742387991
0.9999891513021334
0.9999894625291639
0.9999890694133917
0.9999887484106568
0.999989075454973
0.999988986525028
0.9999884678531628
0.9999887189846746
0.9999889106449541
0.9999883521630375
0.9999883487109468
0.9999887368681408
0.99998829709659
0.9999880157060754
0.9999883769955146
0.9999882637415175
0.999987702987339
0.9999879382212638
0.9999880892912396
0.9999875097795612
0.999987519655196
0.9999878710991092
0.9999875081263092
0.9999872413414368
0.999987627365399
0.9999875053481582
0.9999869971276548
0.9999871532231748
0.9999873837235341
0.9999868097137014
0.9999868118093428
0.999987161503849
0.9999868199217289
0.9999864591329755
0.9999868056783991
0.999986669572538
0.999986206636668
0.9999864381250584
0.999986600375028
0.9999860141754946
0.9999860626684131
0.9999864535980875
0.999986013801146
0.9999857360272464
0.9999861322968375
0.9999859781311959
0.9999854872474813
0.9999857330070367
0.9999858859390693
0.9999853403694949
0.9999852918894054
0.9999856428985388
0.9999852112887483
0.9999849027436746
0.9999852356855199
0.9999851711550418
0.9999845999365653
0.9999847937543308
0.9999849987842879
0.9999844398485033
0.9999844193321886
0.9999847313258842
0.999984340779571
0.9999841108441012
0.9999845141391845
0.9999844187974676
0.9999839285515518
0.9999841791428579
0.9999843445767594
0.9999838239455329
0.9999838302430623
0.9999841920164991
0.9999838154545567
0.9999835066404047
0.9999839910159659
0.9999838653967958
0.9999833536069767
0.9999835384819488
0.9999836399557177
0.999983077468223
0.9999830192622772
0.999983362904184
0.999982906048961
0.9999826083632911
0.9999830249950419
0.9999828340230835
0.9999823270388479
0.9999825088037629
0.9999825884188083
0.9999819086847038
0.9999818838310668
0.9999822023310633
0.9999818643056784
0.9999815801219105
0.9999819872649564
0.9999819002030301
0.9999813617125087
0.9999816031173726
0.9999817643944364
0.999981245932716
0.9999812663689469
0.9999815929122855
0.9999811302736321
0.9999807912778558
0.9999811702451167
0.9999810303882279
0.9999804757589339
0.9999806861046491
0.9999808226989807
0.9999803055432146
0.9999803420598088
0.9999807086427104
0.9999803314622296
0.9999800912854144
0.9999804088986284
0.9999802423573183
0.9999796486097615
0.9999798665695849
0.9999799596620195
0.9999794172707833
0.9999793441890024
0.9999797251219105
0.9999793770573603
0.9999790398717205
0.9999794187759588
0.999979320508154
0.9999788508555552
0.9999790791780133
0.999979246530377
0.9999787311757048
0.9999787766199302
0.9999790834482042
0.9999787210777016
0.9999783607804766
0.9999786910555262
0.9999785161649647
0.9999779769101312
0.9999781874059213
0.9999783768925801
0.9999778327492769
0.9999777780020087
0.9999781556459468
0.9999777375441917
0.9999773607363447
0.9999777721514277
0.9999776840951773
0.9999771727803545
0.9999774120963295
0.9999775752279512
0.9999769949560328
0.9999770042496988
0.999977262522506
0.9999768697001321
0.99997654558538
0.999976894965543
0.9999767828956656
0.9999762482952879
0.9999765167367766
0.9999766864679328
0.999976105345314
0.9999761618507698
0.9999765501342368
0.9999761468786258
0.9999758917942453
0.9999762677789545
0.9999761413694168
0.9999756308180603
0.9999758420550933
0.9999759166007273
0.9999754535110356
0.9999754243246157
0.9999757600524951
0.9999754143629045
0.9999751343702472
0.9999755627106928
0.999975420693505
0.9999748749098081
0.9999751698659303
0.9999753419744895
0.9999747225676877
0.9999746927352204
0.9999750211274814
0.9999745822487319
0.99997433498243
0.9999747440945033
0.9999746758807155
0.999974203948739
0.9999743865456309
0.9999745240961233
0.9999740140770856
0.9999740989402851
0.9999744342475588
0.999974086604638
0.9999737636125631
0.9999740968722406
0.999974041254231
0.9999735680798876
0.9999738542946045
0.9999739909450543
0.9999734599440542
0.9999734430601888
0.9999737552685675
0.999973361194652
0.9999730089441098
0.9999733866322644
0.9999732566470358
0.9999727148208264
0.9999729868189265
0.9999731336987736
0.9999724859735529
0.9999724489162364
0.9999728611340446
0.9999723436199788
0.9999720500029148
0.9999724877791485
0.9999723642603305
0.9999718726750779
0.9999722019337237
0.9999723430906728
0.9999716944647646
0.9999717312625092
0.9999720855341379
0.9999715840504539
0.9999712910796799
0.9999717094905833
0.9999715202535844
0.9999710024171368
0.9999712333225359
0.9999713840637593
0.9999708271996178
0.9999708439329735
0.9999711335467777
0.9999707561805855
0.9999705707180918
0.9999709618217986
0.9999708786021667
0.9999703858962692
0.9999706484056635
0.9999707923307852
0.9999702096413114
0.9999702910012064
0.99997059941755
0.999970263646556
0.9999699826019761
0.9999704019730594
0.9999702819769514
0.9999696580177379
0.9999698967083976
0.9999701140837856
0.9999696388133102
0.999969599615344
0.9999698920359125
0.9999694934511316
0.9999691692746275
0.9999695157615643
0.9999693455982862
0.9999688053230827
0.9999690833294266
0.9999692891505094
0.9999687831148225
0.9999687747326389
0.9999689959816841
0.9999685437609291
0.9999682212684968
0.9999685150819598
0.999968398684135
0.9999678466470434
0.9999680933678982
0.9999682434394569
0.9999676617283487
0.9999676693001547
0.9999679670987471
0.9999675473113955
0.9999671716186443
0.9999675892224575
0.999967442597415
0.9999669594081386
0.9999671797706247
0.9999673345440232
0.9999667369027846
0.9999667381436463
0.9999670728645754
0.9999666626530991
0.9999663449170888
0.9999666840339984
0.9999665521389026
0.9999660809466454
0.9999663458606549
0.9999664676032122
0.9999658955526405
0.9999659054871969
0.9999662340934217
0.9999658289553447
0.9999655316061183
0.9999658665651225
0.9999657205410138
0.9999652918610581
0.9999655542695248
0.9999657354977641
0.9999652475486256
0.9999652197052762
0.999965624431897
0.9999651552553721
0.9999648266059417
0.9999651480648205
0.9999651026322821
0.9999647016139078
0.9999649718530456
0.9999652362083804
0.9999646631449997
0.9999646243398144
0.9999649212538833
0.9999644807667417
0.9999641923284714
0.9999646695028095
0.9999644566621335
0.9999639791337489
0.9999642121185234
0.9999644348435852
0.9999638685486567
0.9999638480871134
0.9999641769502604
0.9999637843192045
0.9999634511241157
0.999963821902725
0.9999637070742894
0.9999631866781598
0.9999634152365192
0.9999635468361995
0.9999628929220574
0.9999629447127033
0.9999632528677436
0.9999627614317625
0.9999624443780667
0.9999627805566502
0.999962709629812
0.9999621820874196
0.999962396716593
0.9999625988516123
0.9999620394242733
0.9999620286310121
