0.9999995737135348
0.9999990835080924
0.9999981566323155
0.9999977372388521
0.9999982830036008
0.9999992041850526
0.9999994957613172
0.9999988996265342
0.999998048454473
0.9999978421201822
0.9999985751988358
0.9999994252258525
0.9999993954002165
0.9999985729751192
0.999997934440398
0.9999982826375088
0.9999992010276542
0.9999994883558357
0.9999987971804095
0.9999979159497807
0.9999978051762657
0.9999985668470202
0.9999992363762158
0.9999989986970952
0.999998109983077
0.999997444333331
0.999997693614106
0.9999986041092664
0.9999991262256622
0.9999986742475951
0.9999977328690558
0.9999972811594238
0.9999978325534113
0.9999986709961184
0.9999987232999101
0.9999979138082535
0.9999971371427541
0.9999972769495754
0.9999981281065181
0.9999985594782663
0.9999979955344361
0.9999970134758696
0.9999965829547297
0.9999971196609359
0.9999979688528989
0.9999980359519477
0.9999972756591777
0.9999964166351063
0.9999963706632927
0.999997154088686
0.9999977891076781
0.9999974799604048
0.9999965350057213
0.9999959448584256
0.999996339566584
0.9999972241469038
0.9999974069154552
0.9999966619331718
0.9999957662756973
0.9999956376401803
0.9999964090247523
0.9999970434206754
0.999996737365268
0.9999958123340734
0.9999951522949311
0.9999954640896396
0.999996312390529
0.9999965957619826
0.9999959618294473
0.999995049160502
0.9999947711548173
0.9999954353944265
0.9999961731172385
0.9999960176766566
0.9999951250939849
0.9999943868194145
0.9999945550101946
0.9999954055882752
0.9999958002357255
0.9999952301414833
0.9999942673523007
0.9999938934521713
0.999994481624897
0.9999952569949161
0.999995215518434
0.9999942932639195
0.9999934734200486
0.9999935732381169
0.9999944094891708
0.9999948947672491
0.9999943978724251
0.9999934589162321
0.9999929778743908
0.9999934472272644
0.9999942404664224
0.9999942927783307
0.9999935105919556
0.9999926441875757
0.999992624547259
0.999993449503717
0.9999940262557335
0.9999936714277993
0.9999927258928665
0.9999921572682698
0.9999926219741391
0.9999934681102749
0.9999936416285599
0.9999929017807573
0.999991962787487
0.9999918074371023
0.9999925333721759
0.9999931796521805
0.9999928765904607
0.9999919149884458
0.9999912305441774
0.9999915111108597
0.9999923979664622
0.9999926727576285
0.999992005265314
0.9999910162675726
0.9999907654471445
0.9999914208854864
0.9999921434002746
0.9999919923423329
0.9999910886816624
0.999990381771816
0.9999905676797277
0.9999914374099242
0.9999918204792956
0.9999912687556557
0.9999903003572661
0.9999899185438399
0.9999905564623338
0.9999913426517649
0.9999912735119948
0.9999904253078686
0.99998962207225
0.9999896962779062
0.9999905048304
0.9999909908566855
0.9999905366348572
0.9999896199004233
0.9999891402604909
0.9999896378075825
0.9999904459956152
0.9999905121932285
0.9999897023882217
0.9999887877636641
0.9999887879787474
0.999989606643476
0.9999901808974541
0.9999898029617755
0.9999888535458799
0.9999882618911368
0.9999886724888042
0.999989541722391
0.9999897288480173
0.9999889678270047
0.9999880050135541
0.9999878485387028
0.9999885680190244
0.9999891799326759
0.9999889366130016
0.999987973803786
0.9999872825072937
0.9999876255570469
0.9999884995397481
0.9999888017713918
0.9999880811679834
0.9999871273987092
0.9999868702698705
0.9999875902699517
0.999988307460673
0.9999881442998676
0.9999872023816678
0.9999863997687983
0.9999866370700483
0.9999874735874418
0.9999878862638961
0.9999873009577935
0.9999863394301494
0.9999859788563616
0.999986563527092
0.9999873811334826
0.9999873068622834
0.9999864494650669
0.9999856176366453
0.999985736608365
0.9999865646515858
0.9999870625017357
0.9999866096903027
0.9999856507280542
0.9999851650053571
0.9999856724906429
0.9999865216072885
0.9999866126853012
0.9999858279997332
0.9999849462924284
0.9999849160378579
0.999985705933476
0.9999862928049974
0.9999859198672235
0.999984946913046
0.9999843484168357
0.9999847407935525
0.999985635157967
0.9999858332461917
0.9999850263728185
0.9999840809109476
0.9999839831942288
0.9999847211736872
0.9999853200921428
0.9999850691451299
0.99998410469743
0.9999834258970945
0.999983673980318
0.9999845495086208
0.9999848357744803
0.999984157521497
0.9999831924184508
0.9999829656862022
0.9999835820519228
0.9999843020914035
0.9999840787597645
0.9999831528960377
0.9999823864311974
0.9999825469388426
0.9999834029343788
0.9999837763700532
0.9999832476937398
0.9999823186517005
0.999981921614642
0.9999825117182434
0.9999832932000617
0.9999832563648857
0.9999824192581948
0.999981653276817
0.9999817128144839
0.999982517186648
0.999983030584184
0.9999825538169396
0.999981614060312
0.9999811575172852
0.999981686829711
0.9999824877502174
0.9999825909634342
0.9999818017185697
0.9999809560566505
0.9999809285568476
0.9999817283536214
0.9999822906198597
0.9999818499053006
0.9999809004014864
0.9999802473653229
0.9999806891728668
0.9999815171123383
0.9999816503345856
0.9999809083780782
0.9999799436771171
0.9999797724870413
0.9999805142625725
0.9999812026440134
0.9999809417304928
0.9999800271627394
0.9999793987728057
0.9999797210039957
0.9999805939596927
0.9999809187431008
0.9999802783334413
0.9999792924240699
0.9999790182635387
0.9999797388800916
0.9999804741166466
0.9999803385569166
0.9999794458492849
0.9999786820857243
0.9999788541843742
0.9999796870156228
0.9999799951803878
0.9999794245673722
0.9999785059077096
0.9999780994361724
0.9999787258567772
0.9999795436520825
0.9999794846201112
0.9999785629667196
0.9999777925220884
0.9999778351270978
0.9999787079685786
0.9999791767056389
0.9999787266910423
0.9999778407129261
0.9999774097353556
0.9999778138206665
0.9999786443763753
0.9999786506088566
0.9999778913332737
0.9999770898986022
0.9999770013609643
0.9999778316890495
0.9999784468937046
0.9999780844114529
0.9999771749533343
0.9999765916349762
0.9999770144399199
0.999977897541781
0.9999781444666831
0.9999774025190318
0.9999764432256578
0.9999762085432493
0.9999769523273664
0.9999776729573795
0.9999773476116862
0.9999762577341967
0.9999756614630547
0.9999759311096301
0.9999767980365633
0.9999770826465528
0.999976431251479
0.9999754484519779
0.9999751429261678
0.9999758234948877
0.9999766452179808
0.9999764510485316
0.9999755900040106
0.9999748058262258
0.9999749670041105
0.9999757910120826
0.9999761738643357
0.9999755339757165
0.9999746277490605
0.9999742358677044
0.9999748387230503
0.9999755975652758
0.9999755836068521
0.9999747738194354
0.9999739563391287
0.9999739594001996
0.9999747084362479
0.9999751377130964
0.9999745678535872
0.9999735587510932
0.9999731202403802
0.9999736682431554
0.9999745288977647
0.9999746390127253
0.999973856172711
0.9999730624957878
0.999973036315885
0.9999737924616181
0.9999743400425728
0.9999739535588205
0.9999729513809867
0.9999723189323152
0.9999726390982919
0.9999734592158838
0.9999736336114363
0.9999729090546557
0.9999719574474452
0.999971881548632
0.9999726373970556
0.9999732671048719
0.9999730959387388
0.9999721703964434
0.9999715199131137
0.9999718180324584
0.9999726047660624
0.9999728992450952
0.9999722536372189
0.9999713441371656
0.9999710278436568
0.9999717031536214
0.9999723748424737
0.9999721503042269
0.9999712552636305
0.9999705317481499
0.9999707096801224
0.9999716400532177
0.9999719939207158
0.9999714336357313
0.9999704813635153
0.999970076844838
0.9999706821710751
0.9999715058183161
0.9999715083252496
0.9999706564763969
0.9999698079445368
0.9999699160987443
0.9999707660770252
0.999971249038609
0.9999707397477738
0.9999698240130941
0.9999693967842033
0.9999699394807643
0.9999707722529367
0.9999708618795431
0.9999701093053873
0.9999692298124362
0.9999691972654894
0.9999699828119389
0.9999705814467906
0.9999702038013476
0.9999691964646424
0.999968655891056
0.9999690085828072
0.9999697826625994
0.9999699828063517
0.9999691825530505
0.9999682949096549
0.9999681636106271
0.9999688666218975
0.9999695471212928
0.9999693259316713
0.9999683672567286
0.9999676628234244
0.9999679409489955
0.999968765117474
0.9999690246079954
0.9999683112315776
0.999967340073486
0.9999670453473466
0.9999677359747371
0.9999684742011008
0.9999682509572043
0.9999673360935201
0.9999665534217622
0.9999667906506797
0.9999676122518946
0.9999680731898145
0.9999674858793042
0.9999665274439512
0.9999661041331008
0.9999667484021394
0.9999675587064704
0.9999675924259906
0.9999666468905231
0.9999659105959501
0.9999659300504378
0.9999666582926366
0.9999670584115335
0.9999665888453425
0.9999657041660899
0.9999651931823033
0.9999657313154828
0.9999664311279785
0.9999665915598552
0.9999657576530123
0.9999649183215232
0.9999648576801138
0.9999656186367929
0.9999662227174787
0.9999658830726422
0.999964975666785
0.9999643280295839
0.9999646785111965
0.9999655297139696
0.9999656949765717
0.9999649632131257
0.9999640024988943
0.9999638341083762
0.9999645522689534
0.9999651863060957
0.9999649336253442
0.9999639933090221
0.9999633288934123
0.9999636610328557
0.9999645830620718
0.9999649637410448
0.999964311934151
0.9999633617283564
0.9999631136128903
0.9999637465958953
0.9999645591732481
0.9999644660755213
0.9999636258720522
0.9999628075855147
0.9999630639608427
0.9999638930802578
0.9999642872234598
0.999963657764011
0.9999627413701218
0.9999623051207659
0.999962997618614
0.9999638124369044
0.9999637226808799
0.9999628504935595
0.9999620143830815
0.999962056858833
0.9999628191045143
0.999963339229521
0.9999628608001977
0.9999618688860582
0.999961369925298
0.9999619323482168
0.9999627439871887
0.9999628199476518
0.9999619758647205
0.9999610846822535
0.9999610265542768
0.9999617924975304
