0.9999994726089251
0.9999989920216471
0.9999979329705321
0.9999971809642443
0.9999973926171821
0.9999983514667699
0.9999992219935216
0.9999993258887577
0.9999985980031061
0.9999976372688214
0.9999973423887557
0.9999980422965082
0.9999990586829981
0.9999994326040015
0.9999988319718004
0.9999978208092754
0.9999974445894046
0.9999980969186959
0.9999990451984784
0.999999316467974
0.999998626592449
0.9999975276233269
0.9999969622162124
0.9999974224699159
0.9999984088677708
0.9999990376808002
0.9999987852700605
0.9999978318214037
0.9999969606384862
0.9999969596804857
0.9999978134297655
0.9999986742065895
0.9999987425692115
0.999997919689508
0.9999969196419966
0.9999967221088589
0.9999974864639573
0.9999983689091244
0.9999984840445493
0.999997669940284
0.9999965779494088
0.9999961832056007
0.9999967909036342
0.9999977090012899
0.9999980582210142
0.9999975180077436
0.9999964710228373
0.999995774865897
0.9999960708340531
0.9999970274187334
0.9999976642105826
0.9999974066562513
0.9999963966058366
0.9999954988669307
0.9999955480103674
0.9999964164844408
0.9999971575221894
0.9999970353678775
0.9999961108594021
0.9999950980891685
0.9999949031845928
0.9999956655240965
0.9999965507556375
0.9999966952006323
0.9999959257485561
0.9999948267601859
0.9999943599083373
0.999994936953737
0.9999958993829189
0.9999963161668404
0.9999958114794533
0.9999947401673013
0.9999940236188651
0.9999943200617583
0.9999952598727347
0.9999958663267944
0.9999955713046178
0.9999945210155117
0.9999936116850578
0.9999936574311279
0.9999945396125275
0.999995295496681
0.999995190747139
0.9999942465137049
0.9999932412248073
0.9999930797685024
0.9999938302285744
0.999994723341098
0.9999948944855636
0.9999941650013239
0.9999930665533829
0.9999926098974248
0.999993140580597
0.9999941009595088
0.9999944705457993
0.9999938971643517
0.9999927955504676
0.9999921195836456
0.9999924590410312
0.9999933996998104
0.9999939895659723
0.9999936564099102
0.9999926123846637
0.9999917366678827
0.999991815834141
0.9999926835741924
0.9999934018078421
0.9999933166104067
0.9999924072900046
0.9999913811396931
0.9999911605958701
0.9999918994434999
0.9999928221408596
0.9999929682945051
0.9999921965051513
0.9999911357939408
0.9999906751454275
0.9999911875906574
0.9999921046049248
0.9999924619656912
0.9999919067788318
0.9999908378863172
0.999990131079971
0.9999904608938108
0.9999914465633243
0.9999920296926806
0.9999917142112629
0.9999906716758998
0.999989810281617
0.9999898369200738
0.9999906775340638
0.9999914469955529
0.9999913441544612
0.9999904544383961
0.999989418188736
0.9999891880301437
0.9999899129484153
0.9999907958240302
0.9999909425171309
0.9999901959528451
0.9999891210020591
0.9999886584773232
0.9999891920984811
0.9999900527630283
0.9999904412036842
0.9999898998100701
0.9999887552654665
0.999987991676062
0.9999882932225331
0.999989260096391
0.9999898586746048
0.9999895353291739
0.9999885263123124
0.9999876199464219
0.9999876811162665
0.9999885518959596
0.999989276900179
0.9999891298123158
0.9999882330587907
0.9999871780158284
0.9999869844805862
0.9999877169138963
0.9999886318771463
0.9999887651231325
0.9999879914419355
0.9999869126442612
0.9999864348223817
0.9999869905710024
0.9999879210855847
0.999988367900892
0.9999878090777344
0.9999867013557192
0.9999860449413364
0.9999863906427497
0.9999873197153554
0.9999879376563069
0.9999876028207968
0.9999865305375887
0.9999856231054508
0.9999857113862555
0.9999865852672112
0.9999873744278319
0.9999872919942877
0.9999863597771017
0.9999853524691169
0.9999851308462989
0.9999857855766336
0.9999866337616281
0.9999867764855012
0.9999860175220999
0.9999849291069045
0.9999844334853949
0.9999849209585686
0.9999858895295601
0.9999862471575385
0.9999856833198211
0.9999845353237756
0.9999839207403307
0.99998417170606
0.999985084597052
0.9999856700122219
0.9999853431329094
0.9999843117522957
0.9999833388052679
0.9999834386785692
0.9999843374331506
0.9999850509649625
0.9999849838665221
0.9999840336447402
0.9999830285201031
0.9999827928990279
0.9999835903367678
0.999984513906273
0.9999846937884741
0.9999839944339859
0.9999828946862994
0.9999824291507394
0.9999829284331238
0.9999838454429716
0.9999841892181156
0.9999836215695648
0.9999825463126174
0.9999818822205104
0.9999821836887015
0.9999830877383249
0.9999837219339148
0.9999833224683911
0.9999823382835649
0.9999814458193452
0.9999815760233927
0.9999825251185013
0.999983303430663
0.9999832198307838
0.9999823159622853
0.99998124785793
0.9999810144539482
0.9999818039605277
0.9999826378884445
0.9999828335224343
0.9999821047267257
0.9999810682666932
0.9999805838971869
0.9999811381774396
0.9999820595612493
0.999982455824752
0.9999818524474807
0.999980715678978
0.9999800571584125
0.999980377322496
0.999981324290878
0.9999819447500374
0.9999815826184141
0.9999805430957732
0.999979722608037
0.9999798044515251
0.9999806658023318
0.9999814145782889
0.9999813395508221
0.9999804697767319
0.9999794697923138
0.9999792958725788
0.9999800569901892
0.9999809350403537
0.9999811197512958
0.999980363179373
0.9999792320090097
0.9999787583177576
0.9999792646565099
0.9999802048990023
0.9999805410256363
0.9999800572742429
0.9999789455801859
0.9999782238743911
0.9999785732001839
0.9999794604107406
0.9999799936246865
0.9999795919342449
0.9999785953045794
0.9999776909884547
0.9999777931511502
0.9999786315401726
0.9999793880553235
0.9999793463366613
0.9999784123210637
0.9999773813816941
0.9999772081848922
0.9999779171027617
0.9999787598240704
0.999978893687543
0.9999781322883342
0.9999769872100123
0.999976450479545
0.9999769847299723
0.9999778729835093
0.9999782818039045
0.9999776898804053
0.9999765637461143
0.9999758921525176
0.9999762477886
0.9999771592688319
0.999977675730069
0.9999773925123334
0.9999762854403309
0.9999753487408676
0.999975422940448
0.9999762482236222
0.9999770195272878
0.9999769845101766
0.999976125853233
0.9999750861063389
0.9999749099778034
0.9999756691167155
0.9999766234117142
0.9999767251481253
0.9999759485917501
0.9999748235532804
0.9999743038461479
0.9999748576636257
0.9999758244943312
0.9999762837183831
0.9999756860818688
0.9999745960961863
0.9999739151955468
0.999974177891784
0.9999751055564733
0.9999757423093261
0.9999754382934346
0.9999744391674337
0.9999734904677695
0.9999734964751776
0.9999743413547372
0.9999750757160747
0.9999749278488158
0.9999739945352155
0.9999730167709278
0.9999728327032537
0.9999735493327966
0.9999744046008746
0.9999745136443737
0.9999737075874247
0.9999726313017989
0.9999721330108948
0.9999727056583874
0.9999736348150924
0.9999740494813254
0.9999733583550826
0.9999722349923649
0.9999714992382209
0.9999717980180036
0.9999727411744774
0.9999733379519341
0.9999730531714963
0.999972054973646
0.9999711598629917
0.9999712371660036
0.9999721114035564
0.99997283672296
0.999972719585126
0.9999718230145659
0.9999707733437139
0.9999706431765227
0.999971372259988
0.999972212887778
0.9999723228452658
0.99997163905997
0.9999705410568053
0.9999700815934283
0.9999705705451012
0.9999715237838471
0.9999718786852525
0.9999712504985963
0.9999701317846129
0.9999694423985457
0.9999697937208977
0.9999707779491596
0.9999713587759643
0.9999710529359932
0.9999700729285761
0.999969144299243
0.9999692739976092
0.999970183118722
0.9999709391546794
0.9999709179526894
0.9999700323454839
0.9999690037271391
0.9999688175676453
0.9999695804144274
0.9999704902753564
0.9999706819285772
0.9999699165344265
0.9999688108311588
0.9999683530915427
0.9999688482798457
0.9999697874924159
0.9999701647167045
0.9999696170958859
0.9999685935462438
0.999967884784247
0.9999681166942331
0.9999690539358881
0.9999697129788417
0.9999693290030851
0.9999682731543278
0.9999674170592256
0.99996749862978
0.9999683664772492
0.9999691714959112
0.9999690521662014
0.9999681351193415
0.9999671045439306
0.9999669219264228
0.9999676568451965
0.9999685453199789
0.9999686523209736
0.9999679997768294
0.9999669410172015
0.999966554406015
0.999967083484411
0.9999680377853323
0.9999684412385882
0.9999677733673812
0.9999666220438508
0.9999659434082707
0.9999662933888602
0.9999671452872803
0.9999678111911603
0.9999674540776763
0.9999664233436901
0.9999655890055719
0.9999655819652002
0.9999663779228654
0.9999672159588626
0.9999671376914703
0.9999661821771528
0.999965137607062
0.9999648869910437
0.9999656147731436
0.9999664923371556
0.9999665859449005
0.9999659350858392
0.9999647641850195
0.9999642729250564
0.9999647467571137
0.9999656229252926
0.9999660081277041
0.9999655045208823
0.9999643512565088
0.999963672519548
0.9999640663115332
0.999964958664383
0.9999655824773379
0.999965231089894
0.9999642406425916
0.999963328391322
0.999963328697323
0.9999641544014221
0.9999648697830482
0.9999648068956654
0.9999639388274274
0.9999629591880473
0.9999626744670447
0.9999633851210609
0.9999643255713817
0.9999644671642821
0.999963699891162
0.9999626806103661
0.9999622586147834
0.9999627281143144
0.9999637422437999
0.9999641406036197
0.9999636009155489
0.9999624900118538
0.9999616838902021
0.9999619614818335
0.9999628812336492
0.9999634094955676
0.9999630494743157
0.9999619946278645
0.9999610923282514
0.9999611048676359
0.9999619615466674
0.9999626985463643
0.9999625654014559
0.9999615253996219
0.9999603947948966
0.9999601836871644
0.999960913622259
0.9999617784825084
0.9999619044991621
0.9999611790479959
0.9999600541346524
0.9999595346706339
0.9999600657837099
0.9999609481242011
0.9999614169139247
0.9999608612203279
0.9999598166792044
0.999959061693714
0.999959375061836
0.9999603477447695
