0.9999844642455427
0.9999840618076556
0.9999825522161567
0.9999800042393326
0.999976543944031
0.9999723561455838
0.9999676763816784
0.9999627793226866
0.9999579551391345
0.9999534838878891
0.9999496089033504
0.9999465169358234
0.9999443224265532
0.9999430614168219
0.9999426999618737
0.9999431526490943
0.9999442778939132
0.9999459186563613
0.9999479145236404
0.9999501087167674
0.9999523523541299
0.9999545327558069
0.999956548091701
0.9999583269657658
0.999959820195163
0.999961003087942
0.9999618650136026
0.9999624122756823
0.9999626651345728
0.9999626523968184
0.9999624105135639
0.9999619865916435
0.999961418153678
0.9999607610273723
0.9999600709493397
0.9999594045331778
0.9999588255492811
0.9999584050065823
0.9999582195057817
0.9999583326276534
0.9999588077692924
0.9999596863709298
0.9999609801672282
0.9999626640028872
0.9999646672644296
0.9999668844781964
0.9999691731968765
0.9999713637819971
0.9999732867306373
0.9999747837286044
0.999975710944539
0.9999759574060186
0.9999754625311256
0.9999741845806875
0.9999721334457463
0.9999693579434001
0.9999659065173645
0.9999618758221095
0.9999573822903512
0.9999525623472867
0.9999475630918641
0.9999425479439158
0.9999376815278402
0.9999331297499904
0.9999290875043635
0.9999257146841676
0.9999231688070409
0.999921596043787
0.9999211087983667
0.999921783824312
0.9999236610293032
0.9999267414415809
0.999930954586928
0.9999361973344948
0.9999423056756278
0.9999490456678936
0.9999561472641324
0.9999632997718643
0.9999701776827978
0.9999764278078239
0.9999817480908186
0.9999858554627062
0.999988536393866
0.9999896102202398
0.9999890051112896
0.9999867050538167
0.9999827536872457
0.999977273010646
0.9999704017912792
0.9999623652555101
0.9999533736994647
0.9999436927765416
0.999933590291784
0.9999233614009645
0.9999132917170913
0.999903708788102
0.99989490749372
0.9998871886712535
0.9998808428712602
0.9998761175508128
0.9998732611450886
0.9998724222168092
0.9998737238493569
0.9998771818913323
0.9998827490730989
0.9998902579410911
0.9998995021568204
0.999910117319006
0.9999217057870806
0.9999337845669058
0.9999458363450469
0.9999573128608074
0.9999677114922185
0.9999765459117964
0.9999834054992591
0.999987981417848
0.9999900459641431
0.9999895277031522
0.9999863989327049
0.9999807701223643
0.9999728213645073
0.9999628008231426
0.999951036680896
0.9999378713187346
0.9999236915890596
0.9999089241642112
0.9998939666057166
0.9998792970316298
0.9998653347236535
0.9998525026521254
0.9998412296845114
0.9998319179917838
0.9998249419571066
0.9998205755967757
0.9998190155153176
0.9998204173279872
0.9998248141192464
0.9998321271420799
0.9998421531089204
0.9998545291667423
0.9998688262896266
0.9998844816096101
0.9999008634313695
0.9999172873830655
0.9999330396110887
0.9999474552251282
0.9999599012393422
0.9999698578227069
0.9999768835386459
0.9999806765874036
0.9999810776878636
0.9999780759015376
0.9999717708342699
0.9999623840066311
0.999950240386189
0.9999357368705111
0.9999193299195045
0.9999015063794094
0.9998828329429228
0.9998638680342838
0.9998451598043339
0.9998272881608032
0.9998108242001623
0.9997962921933319
0.9997841733757705
0.9997749314506488
0.9997689096919512
0.9997663621637264
0.9997674562976762
0.9997722573821446
0.9997806352849005
0.9997923380918873
0.9998070065323794
0.9998240901164605
0.9998429399267441
0.9998628323800436
0.9998829291208529
0.9999024384629532
0.999920526002335
0.9999364722120071
0.99994960593224
0.9999593546753481
0.9999653767619877
0.9999673917855371
0.9999653702976184
0.9999593448576185
0.9999494827895152
0.9999362349690224
0.9999200065773003
0.9999013392979238
0.9998808248789941
0.9998591025058264
0.9998368626373891
0.9998147813300611
0.9997935983648387
0.9997739383001485
0.9997564665596845
0.9997417510355665
0.9997303095393203
0.9997225619891315
0.9997188338603751
0.9997192897323387
0.9997240069336246
0.9997328429221687
0.9997455464332371
0.9997616910002863
0.9997807289592032
0.9998018871133332
0.9998244144825639
0.9998474480826429
0.9998700455006682
0.9998913106683525
0.9999104074358647
0.9999265552877673
0.9999391223620246
0.9999476192446358
0.9999516933358095
0.9999511954647562
0.9999461241633568
0.9999367183637072
0.99992326377782
0.9999062394851388
0.999886223964194
0.9998639010480023
0.9998399857693301
0.9998152765796263
0.9997905562872141
0.9997666369723841
0.9997442788893613
0.9997242046270538
0.9997071368075086
0.99969360012698
0.9996841192444769
0.9996790536696144
0.9996785956972184
0.9996828053875952
0.9996915631923808
0.9997046222061772
0.9997215386543332
0.9997416510666282
0.9997643147528678
0.9997886820810317
0.9998138426618366
0.9998388475413463
0.99986270750473
0.9998845330953461
0.9999034040319933
0.9999186587665244
0.9999296445204476
0.9999359923130097
0.9999374730203807
0.9999339475349027
0.9999255885621872
0.9999127103472333
0.9998957347421518
0.9998752402877024
0.9998519438903024
0.9998266452706177
0.9998001946478509
0.9997734838764034
0.9997474070339152
0.9997228192450401
0.9997005675835758
0.9996813565226867
0.9996658708909937
0.9996546546783809
0.9996480922109477
0.9996464107715174
0.9996497357536851
0.999657941542017
0.9996707991124597
0.9996878105214968
0.9997084205903277
0.9997319295045268
0.9997574746118614
0.9997841408711146
0.9998108986526345
0.9998367714351275
0.9998607646862891
0.9998820354096986
0.9998997064338087
0.9999131439695228
0.9999218480285209
0.9999254354197914
0.999923782311847
0.9999169239456012
0.9999051180986269
0.9998887666332769
0.9998684520684004
0.999844907501575
0.9998189142243331
0.9997914023357106
0.9997633267399781
0.9997355965671717
0.9997091762006799
0.999685012803019
0.9996638868429658
0.999646550328342
0.9996335987315271
0.9996254188793021
0.9996223590939084
0.9996245403366946
0.9996318406123572
0.9996440029135987
0.9996606796978069
0.9996812415413833
0.9997050211141768
0.9997311083680345
0.9997586109637142
0.9997865573493583
0.9998139408792562
0.9998396556451159
0.999862869691074
0.9998826462354561
0.9998982707872845
0.9999091534369345
0.9999148547711235
0.9999151975593276
0.9999101166674125
0.9998997683236921
0.9998845370307844
0.9998649506133307
0.9998417139004684
0.9998156275873079
0.9997876129409586
0.9997586836959422
0.9997298277821157
0.9997020702812757
0.9996763358501547
0.9996535373024632
0.99963446114661
0.9996197561173715
0.9996099499191704
0.999605307284979
0.9996060357870516
0.9996120580516635
0.9996231874242122
0.9996390426412234
0.9996590948112505
0.9996826343392659
0.9997088077035116
0.9997367234209643
0.99976535418968
0.9997937710389233
0.999820842791429
0.9998456790550966
0.9998673050277026
0.9998849407721696
0.9998979201838905
0.9999057832809984
0.9999081854200406
0.9999050005486089
0.9998963380503726
0.9998824988796029
0.999864029793086
0.9998414695647674
0.9998157227780571
0.9997876636548472
0.9997583140634991
0.999728732856129
0.999699946322797
0.9996729616332364
0.9996486922144714
0.99962802881975
0.9996116911606627
0.9996001428506627
0.9995938736111363
0.9995930067760488
0.9995975787159022
0.9996074665198676
0.9996222487363087
0.9996414304221498
0.9996643700404589
0.9996902736677276
0.9997182099769147
0.9997472453832638
0.9997763012886713
0.9998043857886266
0.9998305075595095
0.9998537126454694
0.9998731103503702
0.9998880373306762
0.9998979210969602
0.9999023208926325
0.9999010844940821
0.9998942516390855
0.9998820240381662
0.9998648647902797
0.9998433334327071
0.9998182576995367
0.9997905609768123
0.9997611951852108
0.9997311772350546
0.9997016064231178
0.9996735572189028
0.9996480132945578
0.9996258896891028
0.9996079315764937
0.9995946854373711
0.9995866806918157
0.9995841712090149
0.9995871003130905
0.9995954699576918
0.9996089328235476
0.9996270223618459
0.9996490992849155
0.9996744384196918
0.999702105366839
0.9997311569999441
0.9997605719716516
0.9997893495935407
0.9998164588982654
0.9998409684540481
0.9998619575194504
0.9998786720292641
0.9998904423082398
0.999896813064768
0.9998975492365654
0.9998926177157259
0.9998821281832897
0.9998664846838142
0.9998462144925958
0.9998221082123013
0.9997949436668631
0.9997657634513567
0.9997356165392094
0.999705594995914
0.9996767535344271
0.9996501075813795
0.9996266179758488
0.9996070859269183
0.9995922568066612
0.9995824911717549
0.9995781836302449
0.9995794136268623
0.9995861430384583
0.9995981132391335
0.9996149172519233
0.9996359490111649
0.9996604622122081
0.9996876459946383
0.999716539431127
0.9997461405810024
0.9997754422426719
0.9998034115118084
0.9998290609622784
0.9998514527653372
0.999869755564047
0.9998833093251884
0.9998915937289631
0.9998943020910581
0.9998912703428341
0.9998825820699677
0.9998685911997164
0.999849787590383
0.9998267710246561
0.9998003530647477
0.9997716004963368
0.9997415173820732
0.9997111558094479
0.9996816676774698
0.9996540844456131
0.999629358432645
0.9996083690749198
0.9995918589517488
0.9995803559192291
0.9995742527400749
0.9995736568746872
0.9995786811134717
0.9995890733531673
0.9996044281350389
0.999624244673453
0.9996477708496738
0.9996742656368987
0.999702799238836
0.9997323467437925
0.9997619725431638
0.9997906003983464
0.9998171486228056
0.9998407659876196
0.9998606146720761
0.9998759322234189
0.999886062714355
0.9998906846965875
0.999889553004283
0.9998827464311693
0.9998704513889077
0.9998530964524674
0.9998313236719014
0.9998059127072749
0.9997777917546758
0.9997479360997513
0.9997174695307668
0.9996875192034924
0.9996591304949606
0.9996333315572935
0.9996110009631519
0.999592970568401
0.9995797080213229
0.9995717839516411
