0.9999998274109496
0.9999994143074334
0.9999991548305074
0.9999996539072
0.9999997401302485
0.9999992010284238
0.9999992941706785
0.9999997955390696
0.999999546190955
0.9999991185802856
0.9999995038974224
0.9999998112104471
0.9999993288238107
0.9999991846983141
0.9999997127690017
0.9999996868655642
0.9999991681241984
0.9999993911137228
0.9999998263210076
0.9999994435459721
0.9999991649582226
0.9999996611061935
0.9999997402198408
0.9999992093409497
0.999999364388818
0.9999998247410725
0.9999994723795522
0.9999991637905556
0.9999996471625611
0.9999997493971816
0.9999992134870676
0.9999993333320177
0.9999998103895612
0.9999994970026972
0.9999991280138042
0.9999995708204278
0.999999773780369
0.9999992465722692
0.999999221141617
0.9999997457044438
0.9999996014178574
0.9999991139469842
0.9999994148945887
0.9999998045340189
0.99999938160271
0.9999991292371742
0.9999996306321283
0.999999721929611
0.9999991850500819
0.9999992856747497
0.9999997784104802
0.9999994978412247
0.9999991083292843
0.999999537269688
0.9999997522649304
0.9999992297298158
0.9999992357672969
0.9999997492517105
0.9999995277548813
0.9999991060862118
0.999999509833778
0.9999997549834566
0.9999992378930923
0.9999992061516424
0.9999997211027158
0.999999534815876
0.9999990726984915
0.9999994228641199
0.9999997342077223
0.9999992465806224
0.9999990911479018
0.9999996125607645
0.9999995845296975
0.9999990567999537
0.9999992568983531
0.9999997116223931
0.9999993666547927
0.9999990187823077
0.9999994729487397
0.9999996701517115
0.9999991415741363
0.9999991219003888
0.9999996395414064
0.9999994711760597
0.9999989987709906
0.9999993325675481
0.9999996603777025
0.9999991808381022
0.9999990411459738
0.9999995654647749
0.9999994864027691
0.9999989882578543
0.9999992801472116
0.999999649607634
0.999999197529415
0.999999014403965
0.9999995294943433
0.9999994892183445
0.9999989628514357
0.9999991944994084
0.9999995991225765
0.9999991882026826
0.9999989045195279
0.9999993887147224
0.9999994784764584
0.999998933974962
0.999999013813251
0.9999995112374032
0.9999992603344497
0.999998830840035
0.9999992168950415
0.9999995119841874
0.999999018490101
0.9999988809309318
0.9999994015830067
0.9999993451972911
0.9999988169492989
0.9999990387922478
0.9999994526679494
0.9999990365287604
0.9999987644275636
0.9999992569192234
0.9999993177817333
0.9999987848459634
0.999998941786056
0.9999993990888821
0.9999990454843874
0.9999987232478181
0.9999991917370574
0.9999993021126589
0.999998754285584
0.9999988474848608
0.9999993248843533
0.9999990222206867
0.9999986254131178
0.999999041893961
0.9999992550988553
0.9999987231015764
0.9999986759722381
0.9999991956426184
0.9999990525049748
0.9999985609998847
0.9999988543805255
0.9999992313866977
0.9999987937121346
0.9999985475280563
0.9999990450007339
0.9999991025823748
0.999998555023841
0.999998670911536
0.9999991336672557
0.999998815902986
0.9999984345452625
0.9999988676450877
0.9999990452243777
0.9999985048458985
0.9999985154183626
0.9999990214918986
0.9999987898039938
0.9999983544761436
0.9999987447907037
0.9999989937550811
0.9999984749318602
0.9999984154835789
0.9999989248871652
0.9999987477005876
0.999998261643488
0.9999985731220096
0.9999989030731093
0.9999984144896463
0.999998224095767
0.9999987369667956
0.9999987178784215
0.9999981771731058
0.9999983622692723
0.9999988075413253
0.9999984538682241
0.9999981062234439
0.9999985523766932
0.9999987239656872
0.9999981769086485
0.9999981773760059
0.9999986834078488
0.9999984656501583
0.9999979934215908
0.9999983413162307
0.9999986416515935
0.9999981423726276
0.9999980123226978
0.9999985243189625
0.9999984207746749
0.9999979092871306
0.9999981911082686
0.9999985516449229
0.9999980952065857
0.9999978862568237
0.9999983865754464
0.9999983571976356
0.9999978118139556
0.9999980135156447
0.9999984211187225
0.999998024343755
0.9999977074443454
0.999998179507765
0.9999982745759144
0.9999977202135666
0.999997775697061
0.9999982617450076
0.9999980072605444
0.9999975648724022
0.9999979472766132
0.9999982194455032
0.9999977082556032
0.9999975801856487
0.9999981004784045
0.9999980031716281
0.9999974824809531
0.9999977322804346
0.9999981189529364
0.9999976846271649
0.9999974283970732
0.9999979244568988
0.9999979535777899
0.9999974070506509
0.9999975633504709
0.9999980074980865
0.9999976499864018
0.9999973128156908
0.9999977792239115
0.9999978947729415
0.9999973401658703
0.9999973966349186
0.9999978772064068
0.9999975987199494
0.9999971733037644
0.9999975627421273
0.9999977999037678
0.9999972698367391
0.9999971973219484
0.9999977097495307
0.9999975732904374
0.9999970704463752
0.9999973539726775
0.9999977165775427
0.9999972757650907
0.999997031789924
0.9999975386675893
0.9999975682840636
0.9999970165832524
0.9999971594922886
0.9999976177846837
0.9999972655287479
0.9999969069186886
0.9999973539116638
0.9999975059267364
0.9999969581232894
0.9999969852785766
0.9999974841888587
0.9999972349748905
0.999996800747059
0.9999971632508533
0.9999974137938015
0.9999968817063073
0.9999967954510998
0.9999973107206712
0.999997161177763
0.9999966666332938
0.9999969609192734
0.9999973004315785
0.9999968344356261
0.9999966280371029
0.9999971256478506
0.9999971206809467
0.9999965768520394
0.9999967459309739
0.9999971813678704
0.999996822997414
0.9999964651045763
0.9999969168001597
0.9999970707420112
0.9999965243758507
0.999996538812816
0.9999970164825572
0.9999967625819993
0.9999963060700413
0.9999966656208823
0.9999969495308558
0.9999964453202428
0.9999963451885219
0.9999968574756377
0.9999967435807865
0.9999962282091868
0.9999964962607895
0.9999968643878534
0.9999964126304908
0.999996182711185
0.9999966835804369
0.9999966728850158
0.9999961290360047
0.9999963041162971
0.9999967397796881
0.9999963700250459
0.9999960226610467
0.9999964763335187
0.9999966116347078
0.9999960457947035
0.9999960814769688
0.9999965724731759
0.9999963101620947
0.9999958753020808
0.9999962544015554
0.999996524976276
0.9999960177431151
0.9999959154365256
0.9999964205304304
0.9999962956771454
0.9999957666879585
0.9999960276944334
0.9999964115612521
0.9999959545815531
0.9999957162071706
0.9999962045301611
0.9999962065466096
0.999995649858992
0.9999958118846919
0.9999962499683028
0.9999958798071554
0.9999955508776375
0.9999959976087124
0.9999961306038446
0.9999955695952554
0.9999955992274991
0.999996087960705
0.9999958307158037
0.9999953931383814
0.999995780592105
0.9999960232504997
0.9999955081556071
0.9999954041112994
0.9999959124470039
0.9999957767136837
0.9999952679711166
0.9999955469032581
0.9999959084422474
0.9999954469948146
0.9999952097662606
0.9999957149488824
0.999995718552217
0.9999951862356474
0.999995342064399
0.9999957866352593
0.9999954258140207
0.9999950752601
0.9999955279422088
0.9999956731732164
0.9999951169329208
0.9999951278225004
0.9999956177328042
0.9999953495463576
0.9999949051047086
0.999995289484408
0.9999955359308297
0.9999950318653805
0.9999949346365004
0.9999954468161515
0.9999953106098383
0.9999947871913808
0.9999950497915678
0.9999954336636362
0.999994969371798
0.9999947400485758
0.9999952456125573
0.9999952513790871
0.9999946976484931
0.9999948579347894
0.9999952972110442
0.9999949317207036
0.9999945651807024
0.9999950024584646
0.9999951429130293
0.9999945924640181
0.9999946180780879
0.9999951143125554
0.9999948593810266
0.9999944112950756
0.9999947789815458
0.9999950360655986
0.9999945202177241
0.999994398549712
0.9999949143853559
0.9999947730075948
0.9999942562003205
0.9999945359275041
0.9999948893751062
0.9999944298346958
0.9999941873526359
0.9999946900541575
0.9999947126823893
0.9999941680351255
0.9999943172465335
0.999994756225404
0.9999943970440023
0.9999940639409673
0.9999945156356865
0.9999946438954118
0.9999940961400915
0.999994141524569
0.9999946387699503
0.9999943881044304
0.9999939286632524
0.9999942813737561
0.9999945423071944
0.9999940195060503
0.9999939140779993
0.9999944169411855
0.9999942988914637
0.9999937950202421
0.9999940726286043
0.9999944340168698
0.9999939654822875
0.999993714048475
0.9999941983454615
0.9999942022123656
0.9999936604351685
0.9999938196682644
0.9999942610129106
0.9999938981371752
0.9999935486320878
0.9999939881126282
0.9999941244865572
0.9999935896399301
0.9999936227763633
0.9999941294618344
0.9999938673243491
0.9999934200700203
0.9999938086264668
0.9999940614412924
0.9999935419844627
0.9999934578107513
0.9999939610288012
0.9999938480637061
0.9999933310839867
0.9999936119382009
0.9999939577269671
0.9999934945510022
0.9999932587532951
0.9999937687535269
0.9999937872911066
0.9999932583893453
0.9999934014560844
0.9999938366437814
0.9999934692748961
0.9999931287147629
0.9999935700967838
0.9999937199119674
0.9999931579572234
0.9999931903777958
0.9999936728133456
0.9999934216314126
0.9999929773004226
0.9999933439375791
0.9999936005067519
0.9999930904387582
0.9999929908815243
0.99999349616141
0.99999336389821
0.9999928526166838
0.9999931314246268
0.999993468721114
0.9999930131723491
0.9999928000587459
0.9999932955380512
0.9999933144681904
0.9999927885832116
0.9999929449466796
0.9999933929068744
0.9999930351458209
0.9999927036968687
0.9999931498473015
0.9999932623830114
0.9999927227349913
0.9999927315718787
0.9999932353423167
0.9999929814710459
0.999992533086052
0.9999929083312309
0.9999931798137718
0.9999926581285298
0.9999925638338109
0.9999930673443362
0.9999929480022058
0.9999924371604281
0.9999927256811995
0.9999930645608236
0.9999925986309742
0.9999923483373497
0.999992860646651
0.9999928637983957
0.9999923221496932
0.9999924818856708
