0.999999949539692
0.9999997499284269
0.9999999466711164
0.9999997588748138
0.9999999357695122
0.9999997754139617
0.999999916427602
0.9999997988731778
0.9999998897559956
0.9999998270976569
0.9999998587381892
0.9999998569171341
0.9999998272440975
0.9999998847974998
0.9999997987355775
0.9999999081288575
0.9999997754639461
0.9999999253106383
0.999999758533503
0.99999993678951
0.9999997477111787
0.9999999427798233
0.9999997423738987
0.9999999448275673
0.9999997419097034
0.9999999433709528
0.9999997456262977
0.999999938392882
0.9999997530627291
0.9999999289120443
0.9999997639730558
0.9999999134642582
0.999999778244112
0.9999998919837302
0.9999997967298826
0.9999998659129319
0.9999998201611765
0.99999983513854
0.9999998458332078
0.9999998029897891
0.9999998737219052
0.9999997747542562
0.9999998989816986
0.9999997517350393
0.999999917628984
0.9999997357229158
0.999999926067
0.9999997261571816
0.9999999235987608
0.9999997221779331
0.9999999121843123
0.9999997233891794
0.9999998938576447
0.9999997278436886
0.99999987345279
0.9999997381510883
0.9999998547880831
0.9999997531727121
0.9999998356318319
0.9999997698497284
0.9999998152302821
0.9999997873005165
0.9999997919512958
0.9999998024847205
0.9999997625328547
0.9999998152778672
0.9999997296880404
0.999999826035823
0.9999996990383676
0.9999998366976017
0.9999996725309296
0.999999843996535
0.999999655194356
0.9999998491929495
0.999999649713592
0.999999846871894
0.9999996532865015
0.9999998350674798
0.9999996635735167
0.9999998116202874
0.9999996746691622
0.9999997780865644
0.9999996857417173
0.9999997370927696
0.9999996932013797
0.9999996945992967
0.999999698214658
0.9999996576971336
0.9999997083708876
0.9999996283256696
0.999999720973384
0.9999996061480286
0.9999997332228328
0.9999995874937263
0.9999997429971785
0.999999570471538
0.999999745001448
0.9999995486365237
0.9999997347530906
0.9999995247396476
0.9999997159570256
0.9999995059246318
0.999999694873705
0.9999994993682936
0.9999996655428411
0.9999995022253609
0.9999996362291341
0.9999995153264164
0.9999996029789784
0.999999536598488
0.9999995665793647
0.9999995581288177
0.999999527889626
0.9999995738463864
0.9999994863888009
0.999999581570869
0.9999994420416222
0.9999995767674821
0.9999994020803191
0.999999567377781
0.9999993673834444
0.9999995486491705
0.9999993447631668
0.999999539723024
0.9999993324777898
0.9999995312048052
0.9999993292183176
0.9999995190952833
0.9999993322260968
0.999999497414429
0.9999993293823384
0.9999994624540748
0.9999993247724787
0.9999994149889672
0.999999315310982
0.999999363497561
0.9999993162603482
0.9999993110248157
0.9999993162915408
0.9999992598991932
0.9999993266204396
0.9999992182817109
0.9999993382990614
0.9999991892399027
0.9999993462971964
0.9999991593992527
0.9999993435504869
0.9999991362546903
0.999999321313767
0.9999991076630345
0.9999992920202507
0.999999097593276
0.9999992580695621
0.9999990771543329
0.9999992149347264
0.9999990670573814
0.9999991743851625
0.9999990670745377
0.9999991455871021
0.9999990727489045
0.9999991071553079
0.9999990766428585
0.9999990615714627
0.9999990703044316
0.999999013527151
0.9999990678456527
0.9999989606086194
0.999999057910942
0.9999989074302789
0.9999990411153022
0.9999988672472064
0.9999990411467855
0.9999988436876938
0.9999990254729669
0.9999988171760212
0.9999990067732475
0.9999988023375496
0.9999989798994166
0.9999987991293534
0.9999989492839397
0.9999987924395474
0.9999988929272178
0.9999987794563632
0.9999988391665455
0.9999987720600378
0.9999987708867071
0.9999987578169162
0.9999987216737515
0.9999987553833986
0.9999986759467486
0.9999987524217351
0.9999986287817821
0.9999987431092554
0.9999985849589607
0.9999987292407575
0.9999985466835217
0.9999987186797197
0.9999985173158684
0.9999986967729246
0.9999984798390426
0.9999986602484219
0.9999984428145086
0.9999986108539376
0.9999984137813511
0.9999985711149312
0.9999983916110547
0.9999985077313006
0.999998387927104
0.9999984649382081
0.9999983845564697
0.9999984029309194
0.9999983855551431
0.9999983499230581
0.999998378992553
0.9999982919465678
0.9999983721520791
0.9999982323146483
0.9999983483374539
0.999998175933689
0.9999983276080704
0.9999981251281089
0.9999982975228829
0.9999980855277665
0.9999982685681316
0.9999980477898784
0.9999982297065146
0.9999980163135679
0.9999981864040999
0.9999979992641815
0.9999981459099568
0.9999979706625179
0.9999980898616696
0.9999979517297247
0.999998030482801
0.9999979384136757
0.9999979709020007
0.9999979202593241
0.9999979097765189
0.9999979128851937
0.9999978349941709
0.9999979056815349
0.9999977881238492
0.9999978927465306
0.999997726636962
0.9999978716800845
0.9999976890970362
0.9999978572332545
0.9999976458819425
0.999997823675538
0.9999976012238265
0.9999977799073775
0.9999975764056217
0.9999977312690461
0.9999975370202245
0.9999976829669781
0.9999975115302512
0.9999976135302734
0.9999974874084352
0.9999975525865594
0.9999974694264044
0.9999974978621023
0.9999974642000327
0.9999974527337823
0.9999974675105544
0.9999974008714008
0.9999974599449467
0.9999973490255543
0.9999974464910272
0.9999972887450747
0.999997425971829
0.9999972365894791
0.9999973998736719
0.999997182975479
0.9999973681333276
0.9999971559391485
0.9999973410515974
0.9999971316546707
0.9999972869625466
0.9999970841927857
0.9999972257523115
0.9999970531457469
0.9999971694584464
0.9999970479861141
0.9999971024936829
0.9999970247435042
0.9999970312053488
0.9999969982456317
0.9999969629515209
0.9999969889722233
0.9999969284003759
0.9999969834066088
0.9999968468059303
0.999996948744429
0.9999967781727889
0.9999969268956357
0.9999967242567609
0.9999968917049761
0.999996675197795
0.9999968571049219
0.9999966337513394
0.9999968052844246
0.9999965913853038
0.9999967584524252
0.9999965540930452
0.9999966936391206
0.9999965296536831
0.9999966625510373
0.999996529589143
0.9999966037845842
0.9999965322920887
0.9999965690788806
0.9999965455571542
0.9999965023091141
0.9999965351594454
0.9999964539162471
0.9999965157772029
0.999996387523867
0.9999965062453704
0.9999963183601911
0.9999964586347857
0.9999962597060181
0.9999964268670184
0.999996220263281
0.9999964023466658
0.9999961757401432
0.9999963561253075
0.9999961362011988
0.9999963035761207
0.9999960949195245
0.9999962319881989
0.9999960570807845
0.9999961735333732
0.9999960466505479
0.9999961325369426
0.9999960542207709
0.9999960705888036
0.9999960320405263
0.9999959993468276
0.9999960197795954
0.9999959404979397
0.9999960251781882
0.9999958893766886
0.999996002893907
0.9999958460853475
0.9999959920220649
0.9999958008796676
0.9999959745345037
0.9999957538302132
0.9999959236379147
0.9999957036279951
0.9999958878413868
0.9999956764133673
0.9999958526436501
0.9999956509262661
0.9999957930650338
0.9999956352711317
0.9999957276681356
0.9999955960703002
0.999995675484292
0.9999955702624642
0.999995590355613
0.9999955692728484
0.9999955436800569
0.9999955510027541
0.9999954749405108
0.9999955437947885
0.9999954297216676
0.9999955507411733
0.9999953921132454
0.9999955271355129
0.9999953334370488
0.9999954948971556
0.999995291380588
0.9999954645558307
0.9999952483028779
0.999995422496101
0.999995197747812
0.999995351228732
0.9999951576531151
0.9999953058395428
0.9999951510183059
0.9999952674543274
0.9999951412120084
0.9999952079588136
0.9999951139279991
0.9999951267244185
0.9999950943474575
0.9999950527664916
0.9999950622886257
0.999994990536006
0.9999950678786353
0.9999949524659856
0.9999950638938069
0.9999948919551014
0.9999950618144521
0.9999948818309766
0.9999950514633192
0.9999948399612129
0.9999950170816047
0.9999947995452552
0.9999949890334527
0.9999947760786579
0.9999949497049421
0.9999947824478728
0.999994907684885
0.9999947315280011
0.999994837673993
0.9999947100994714
0.9999947808074023
0.9999947058529005
0.9999947225808654
0.999994683119015
0.9999946642536559
0.9999946769761894
0.9999945907492632
0.9999946362948845
0.9999945235234684
0.9999946230167054
0.9999944564149189
0.9999945786739598
0.9999944010548852
0.9999945717009523
0.9999943660191604
0.999994545033211
0.999994319682405
0.9999945003535686
0.99999427088981
0.9999944292646399
0.9999942578639128
0.9999943997982201
0.9999942259825222
0.9999943416870793
0.9999942122370806
0.9999942775294688
0.9999941981857098
0.9999942144253718
0.9999941742286649
0.9999941455277187
0.9999941574373987
0.9999940772458822
0.9999941348891953
0.9999940046241922
0.999994122744577
0.9999939459394894
0.9999940907195106
0.9999938913911484
0.9999940545438141
0.9999938431490507
0.9999940173358016
0.999993798395872
0.9999939772600123
0.9999937725551672
0.999993941179274
0.9999937255597572
0.9999938790333172
0.9999937158928541
0.9999938183251708
0.9999936952410062
0.999993763428271
0.9999936942579569
0.9999937217565742
0.9999936898880176
0.9999936448049458
0.9999936496720465
0.9999935633477011
0.9999936336158813
0.9999934879623134
0.9999935856296542
0.9999934230530853
0.999993589765018
0.9999933961597031
0.9999935610852543
0.9999933553441186
0.999993530124924
0.9999933180966407
0.9999934861209608
0.9999932634660802
0.9999934296786118
0.9999932348379675
0.9999933900069478
0.9999932130775556
0.9999933074743266
0.9999931764594578
0.9999932306957352
0.9999931586881387
0.9999931715832763
0.9999931465407975
0.9999931082696237
0.9999931123110647
0.9999930311157291
0.9999931036372336
0.9999929831365052
0.9999930843331772
0.9999929185686682
0.9999930718105414
0.9999928978678123
0.9999930854727431
0.9999928592703076
0.9999930419723099
0.9999928170017294
