0.9999988848067977
0.9999983790514229
0.9999971029415254
0.9999954639415911
0.9999940290922407
0.9999933904371154
0.9999938687051234
0.9999952839939159
0.9999970218426387
0.9999983717096274
0.9999988707838068
0.9999984085527314
0.9999971957802929
0.999995763931094
0.9999948964932825
0.9999951668334432
0.9999964429134656
0.9999979245179028
0.9999987919141203
0.9999986553523044
0.9999975904968419
0.999995965954637
0.9999943886155882
0.9999935226055304
0.9999937833549543
0.9999950074067433
0.9999965919718932
0.999997850588667
0.9999983436794272
0.9999979316092522
0.9999967954967868
0.9999953605341468
0.9999942717397805
0.9999941885311017
0.9999951772481653
0.9999966626210276
0.9999978021578568
0.9999980616319973
0.9999973489338837
0.9999959459432222
0.9999943621219468
0.9999932649131232
0.9999932432368149
0.9999942448114952
0.9999956711100744
0.9999968624415964
0.9999972944806144
0.9999968728187933
0.9999957152750445
0.9999942270811719
0.9999930311858138
0.9999927864850587
0.9999936104590157
0.9999950178569091
0.9999962631662558
0.9999967645744903
0.999996353084694
0.9999951333773476
0.9999935884819168
0.9999923545186734
0.9999920676013758
0.9999928694271313
0.9999942462608803
0.9999954886620537
0.99999602621806
0.9999956830712035
0.9999945460636305
0.9999930664858745
0.9999917941937323
0.9999913859692595
0.9999920654661887
0.9999934254073004
0.9999947897035771
0.9999954419070488
0.9999951680624793
0.9999940874072407
0.9999925556342736
0.9999911753607562
0.9999906596272935
0.9999912240395917
0.9999925954631181
0.9999939325674849
0.9999946187191197
0.9999944133680406
0.9999933831672023
0.9999918830958128
0.9999904808800297
0.9999898928237433
0.9999903854859956
0.9999917044703431
0.9999930808087546
0.9999938678505592
0.9999937734216164
0.99999283212608
0.999991339166326
0.9999898967809775
0.9999892226706838
0.9999896339831548
0.9999908935449803
0.9999922783214474
0.9999931402810449
0.9999930898420198
0.9999922326090406
0.9999908031935634
0.9999893294411591
0.9999885552222384
0.999988876585631
0.999990077267923
0.999991460977898
0.9999923769298678
0.999992434971512
0.9999916202519579
0.9999902145342291
0.9999887117470884
0.9999878733287045
0.9999880273239319
0.9999891935084297
0.9999906374545685
0.9999916159361345
0.9999917507916359
0.9999910134419976
0.9999896256985162
0.9999881293614824
0.9999871690759408
0.9999872643293057
0.9999883069973609
0.9999897355469918
0.9999907936271917
0.9999910316077811
0.999990365528854
0.9999890468755108
0.999987542492572
0.9999865316681449
0.9999864884649904
0.9999875106846323
0.9999889343380133
0.9999900425275178
0.9999903480422534
0.999989739379218
0.9999884424107064
0.9999869301369556
0.9999858235174361
0.9999856947956547
0.999986617678094
0.9999880501046232
0.9999892418414292
0.9999896233713653
0.9999891436888839
0.9999878996014613
0.9999863915886711
0.9999852158483348
0.9999850206980594
0.9999859358341738
0.9999873098967773
0.9999885029119733
0.9999889614991541
0.9999885533771337
0.9999873439761383
0.9999858080686984
0.9999846056231007
0.9999843418770247
0.9999851109549033
0.9999865346731422
0.999987785251636
0.9999882688109287
0.9999879320559091
0.9999868295398596
0.9999853500667492
0.999984067250802
0.9999836746115562
0.9999843439207414
0.9999856816594861
0.9999869673207934
0.9999875645182594
0.9999871932561749
0.9999861162901719
0.9999845788724644
0.9999832293707981
0.9999827676828018
0.9999833707412817
0.999984697081588
0.9999860209590171
0.9999867252497449
0.9999864689762473
0.9999854418192975
0.9999839075141653
0.9999825455994782
0.9999819728108902
0.9999825276446956
0.9999838281631516
0.999985172745912
0.9999859633573233
0.9999858201350712
0.9999848020679688
0.9999833136471197
0.9999818726883776
0.9999811640451253
0.9999815144222667
0.9999827870533697
0.9999841680224305
0.9999849611056864
0.999984982795894
0.9999840743743234
0.9999826706971097
0.9999812252218054
0.9999804788425798
0.9999808011414941
0.9999820326983186
0.999983447545558
0.9999843695896149
0.9999844340496079
0.9999835893242117
0.9999821370104903
0.9999806070446595
0.9999797621250254
0.9999800231481929
0.999981098837393
0.9999825612143355
0.9999835462457094
0.9999836239362742
0.9999828457057478
0.9999814615480824
0.9999799427317485
0.9999789989470972
0.9999790839529822
0.9999801853925728
0.9999815720198252
0.9999825319181552
0.9999827680659624
0.9999820943936994
0.9999807052102013
0.9999792290200822
0.9999782313448813
0.9999781577083651
0.9999792033588034
0.9999806696295046
0.9999817331397876
0.9999820412325694
0.9999814535967753
0.9999801452626625
0.9999786168048939
0.9999774813481666
0.9999774329033511
0.9999783933853518
0.9999798523649208
0.9999809424671487
0.9999813534609637
0.9999808188110617
0.9999796663794671
0.9999781605688156
0.9999769395177739
0.999976739297967
0.9999775754852718
0.9999790288147282
0.9999801810076607
0.9999806822910668
0.9999802146513935
0.9999790988420274
0.9999776262406638
0.9999764382548599
0.999976193407754
0.9999769319778788
0.9999783377252818
0.9999795613334636
0.99998012071546
0.9999797256393126
0.9999785430771285
0.9999770191195245
0.9999756972516705
0.9999753051744781
0.9999759910822404
0.9999774767937588
0.9999787307850296
0.9999793589016129
0.9999790875473707
0.9999780229070756
0.9999765411911373
0.9999751812134936
0.9999746611026693
0.9999752382946424
0.9999766023877344
0.9999778936445897
0.9999786077330929
0.9999783723290182
0.9999773806454061
0.9999758596085588
0.9999745468990162
0.9999739452879647
0.9999744538473235
0.9999756977759219
0.9999770288680716
0.9999777623791432
0.9999776545480383
0.9999766558664454
0.999975141740319
0.9999737533771236
0.9999730685973985
0.9999734469043483
0.9999746522713479
0.9999760381283658
0.9999768669973772
0.9999769191434239
0.999976082621186
0.9999746773713247
0.9999731950111238
0.9999724331237139
0.9999727466087592
0.9999739671702043
0.9999754785871466
0.9999763972613057
0.9999764077742672
0.9999756351920305
0.9999742674287382
0.9999728171065329
0.9999720074745284
0.9999722053835085
0.9999733420563606
0.9999747848999199
0.9999757909390972
0.9999759251960476
0.9999752242088699
0.9999739068622517
0.9999723686643456
0.9999714737871067
0.9999715758994606
0.9999726380431562
0.9999740498466072
0.9999749940010497
0.9999752256869472
0.9999745153058711
0.9999731401546363
0.9999716273639105
0.9999705936844276
0.999970512405137
0.9999715075352329
0.9999729329804109
0.9999740227941294
0.9999743349340177
0.999973804979535
0.999972478458077
0.99997101451309
0.9999699294007833
0.9999698045875567
0.999970711937415
0.999972055854032
0.9999732148692417
0.9999736196387301
0.9999731062619525
0.9999718752458576
0.9999703955898454
0.9999692267206772
0.9999690980181708
0.9999700205437638
0.9999714509952993
0.9999727114258543
0.9999731214917893
0.9999727004625589
0.999971438295094
0.9999698472412072
0.9999686839226201
0.9999683437100629
0.9999691161038735
0.9999704916146448
0.9999717846689613
0.9999723205872981
0.9999719552563328
0.9999708521334687
0.9999693389111672
0.9999680523890573
0.9999676162419837
0.9999683367241695
0.9999696627436769
0.9999709487738164
0.9999715661218971
0.9999712955475267
0.9999701988973004
0.9999687520513506
0.9999674041387516
0.9999668775538947
0.9999674913731571
0.9999689307502355
0.9999703173884249
0.9999710032072584
0.9999707831325501
0.9999697415472559
0.9999682062204152
0.999966787851983
0.9999662647163678
0.9999667800168485
0.9999680459601669
0.9999694377735028
0.999970117848463
0.999969976801633
0.9999690710829123
0.9999676175625779
0.999966250393151
0.9999655567363039
0.9999659721270278
0.9999671902276416
0.9999685728479119
0.99996935603976
0.9999693595447128
0.9999684178658256
0.9999670082887173
0.9999654495294257
0.9999646948285951
0.9999649762952693
0.9999661708976652
0.9999676194094529
0.9999685265367322
0.9999685470924874
0.9999677280326719
0.9999663162442115
0.9999646798136922
0.9999637987761002
0.9999639225504712
0.9999651052703464
0.9999665912456724
0.9999675745102228
0.9999676978380118
0.999966874158093
0.9999655823348911
0.9999639745384854
0.9999630784943535
0.9999631474594624
0.999964238367466
0.9999656765448773
0.9999666902361951
0.9999669177322644
0.9999662324828151
0.9999649560376146
0.9999633681201318
0.9999623690362425
0.9999623504689388
0.9999632528168875
0.9999647221351305
0.999965907558948
0.9999661667076045
0.9999655172522728
0.9999641680572989
0.9999626068258769
0.9999614623339097
0.9999613719618231
0.9999623298352639
0.9999637728985307
0.9999649019729623
0.9999652812662015
0.9999646370122469
0.9999634063015866
0.9999618358844522
0.9999607374421469
0.9999605582126414
0.9999613667522038
0.9999627960922873
0.9999640413308253
0.9999644466590116
0.9999640276951565
0.9999628323141296
0.9999614351926674
0.9999602563318818
0.9999599236046955
0.9999607129662047
0.9999621088340864
0.9999632698943587
0.9999637988095288
0.9999635149382077
0.9999624134564159
0.9999607729352445
0.999959525196189
0.9999590728459136
0.9999598487057201
0.9999611851891955
0.999962392743398
0.9999629953679063
0.9999627165692638
0.9999616051770644
0.9999601082406365
0.999958716464891
0.9999582872891472
0.9999588233299784
0.9999601958537084
0.9999613678947513
0.999962040626916
0.9999619123289356
0.9999608732745832
0.9999593293128963
0.9999578690502505
0.9999572006957181
0.9999577709308393
0.9999591935556553
0.9999605319334046
0.9999614220182795
0.9999613444246249
0.9999603983218821
0.9999589080560985
0.999957397433111
0.9999566585826746
0.9999570793352552
0.9999582941140127
0.9999597187148691
