0.9999999473563317
0.9999997368195316
0.9999999471158636
0.9999997412832745
0.9999999442345558
0.9999997485761748
0.9999999379077636
0.9999997589398602
0.9999999277562573
0.9999997719673527
0.9999999141792795
0.9999997865901572
0.9999998982389482
0.9999998014427811
0.9999998811947748
0.9999998149483366
0.9999998646792125
0.9999998266878257
0.9999998495672179
0.9999998358532631
0.9999998369921095
0.9999998433923858
0.9999998267441926
0.9999998500819602
0.9999998188188014
0.9999998564602595
0.9999998117647061
0.9999998628772878
0.9999998041310371
0.9999998694852459
0.9999997948630345
0.9999998766703673
0.9999997835043071
0.9999998844724151
0.9999997696727484
0.9999998928348588
0.9999997551773887
0.9999999021005123
0.9999997415990562
0.9999999118010707
0.9999997307788567
0.9999999204828501
0.9999997234354245
0.9999999265989529
0.9999997193670694
0.999999928048299
0.9999997165338027
0.9999999242686929
0.9999997138428146
0.9999999149093829
0.9999997097956542
0.9999999028408247
0.9999997063205502
0.9999998902216714
0.9999997037427348
0.9999998793744
0.9999997041562243
0.9999998728546724
0.9999997074694813
0.9999998676622838
0.9999997121168597
0.9999998606139261
0.9999997149917338
0.9999998499230232
0.9999997165071244
0.9999998335925881
0.9999997165793331
0.9999998113434422
0.9999997186301106
0.9999997872629811
0.9999997223814637
0.9999997611724701
0.9999997338227621
0.9999997384447508
0.9999997480355798
0.9999997162888022
0.9999997639931028
0.9999996946099335
0.9999997760509652
0.9999996707171952
0.999999782935027
0.9999996475230094
0.9999997820948665
0.9999996213612276
0.9999997749071082
0.999999597041805
0.999999766903906
0.9999995759084399
0.9999997590199223
0.9999995637656365
0.9999997585037376
0.9999995580449921
0.9999997575828897
0.9999995514783623
0.9999997549782601
0.9999995428729901
0.999999746588392
0.9999995287459498
0.9999997318907188
0.9999995106033199
0.9999997115234248
0.9999994909718053
0.9999996905877555
0.9999994744325081
0.9999996664802414
0.9999994638684149
0.9999996468687262
0.9999994638576529
0.9999996294779118
0.999999468584465
0.9999996084291988
0.9999994732669248
0.9999995839629762
0.9999994760373053
0.9999995540584766
0.9999994694967653
0.9999995151945107
0.9999994524236981
0.9999994750514243
0.9999994414629381
0.9999994364586761
0.9999994276832117
0.9999994101860229
0.9999994263137125
0.9999993897024111
0.9999994261454724
0.9999993750587831
0.9999994229429188
0.999999355881646
0.9999994177458819
0.9999993260666913
0.9999994053748051
0.9999992887627857
0.9999993857286503
0.9999992466049195
0.9999993672146483
0.9999992089882107
0.9999993498362386
0.9999991756138092
0.9999993427775362
0.9999991526083907
0.9999993370041436
0.9999991344086527
0.9999993325098923
0.9999991215555224
0.9999993259986034
0.9999991063477309
0.9999993041281077
0.9999990833890879
0.9999992756005104
0.9999990576343865
0.99999924787953
0.9999990336895461
0.999999215054113
0.9999990123442324
0.9999991831626185
0.9999990017307385
0.9999991640265862
0.999998988372685
0.9999991401868438
0.999998981491213
0.9999991182371031
0.999998962694692
0.9999990789967714
0.9999989448794244
0.9999990440717439
0.999998928247956
0.9999990048578459
0.999998910602253
0.9999989608835077
0.9999988976405878
0.9999989210817571
0.9999988869246883
0.9999988783997067
0.9999988778792978
0.9999988365801924
0.9999988712636769
0.9999987945990861
0.999998859473617
0.9999987487714024
0.9999988489352221
0.99999870854459
0.9999988240013011
0.9999986582482376
0.9999987986546357
0.9999986200810479
0.9999987744360815
0.9999985784778942
0.9999987439918995
0.9999985411736158
0.9999987235263538
0.99999850210164
0.9999986887431696
0.9999984736679397
0.9999986710690794
0.9999984458236102
0.999998629955947
0.9999983970318103
0.9999985898600761
0.9999983628282996
0.9999985517785617
0.9999983230676203
0.9999985276888578
0.9999983116058787
0.999998486307228
0.9999982817988515
0.9999984574034493
0.9999982663917183
0.9999984164252844
0.9999982499123299
0.9999983844180266
0.999998239046516
0.999998343147627
0.9999982138057273
0.9999982918282257
0.9999981910419474
0.9999982413895314
0.999998168429044
0.9999981935514792
0.9999981383517235
0.9999981375118966
0.9999981005849439
0.9999980850979127
0.9999980840788587
0.9999980349149461
0.9999980592800827
0.9999980113430244
0.9999980494976664
0.9999979656776002
0.9999980185713341
0.9999979155599155
0.9999980109390209
0.999997877716572
0.9999979862780217
0.999997838048835
0.9999979602584994
0.9999977855405916
0.9999979260385083
0.9999977382531244
0.9999979000123232
0.9999976953207346
0.9999978606597576
0.9999976494449527
0.9999978299041055
0.9999976136248571
0.9999978031797151
0.9999975772022565
0.9999977689291162
0.9999975412306386
0.9999977336790973
0.9999975074939459
0.9999976989102054
0.9999974707742851
0.9999976449168229
0.9999974405507518
0.9999976128050195
0.9999974108707782
0.9999975624155364
0.9999973673602228
0.9999975182769792
0.9999973509962768
0.9999974744155098
0.9999973142868183
0.9999974169092543
0.9999972948748277
0.9999973892970787
0.9999972864914869
0.9999973395297646
0.9999972517923501
0.9999972846992431
0.9999972186909946
0.9999972324356609
0.9999972086676275
0.9999971862718108
0.9999971794549382
0.99999713835174
0.9999971596815843
0.999997085511476
0.9999971459429905
0.9999970380569314
0.9999971347774794
0.9999969996544124
0.999997103604877
0.999996964698032
0.9999970858112152
0.9999969090269499
0.9999970584897646
0.9999968688774938
0.9999970346915115
0.9999968289308209
0.9999969993456771
0.9999967945573841
0.9999969776581723
0.9999967599776021
0.999996957108015
0.9999967311534022
0.9999969164312353
0.9999966765930687
0.9999968689747956
0.9999966280789793
0.9999968200060424
0.9999965907848725
0.9999967777820699
0.9999965566079781
0.999996716262616
0.9999965134175035
0.9999966877547577
0.9999965000345511
0.9999966445987211
0.9999964689408171
0.9999965862312274
0.999996425248805
0.9999965273563058
0.9999963872309858
0.9999964653108077
0.9999963635951689
0.9999964279005519
0.9999963478155729
0.9999963767860015
0.9999963099368826
0.9999963110285713
0.9999962750995354
0.999996257892855
0.9999962442943121
0.99999620359959
0.9999962103362796
0.9999961469558911
0.9999961828713544
0.9999960903692561
0.999996163490126
0.9999960369902838
0.9999961315096085
0.9999959918876024
0.9999961062838205
0.9999959533696657
0.9999960711502063
0.9999958904344949
0.9999960450820545
0.9999958444631707
0.9999960170329522
0.999995812446526
0.9999959775538958
0.9999957579159485
0.9999959415908766
0.9999957321691818
0.9999959352375595
0.9999957038729835
0.9999958931512416
0.9999956521632575
0.9999958353844122
0.9999956302806502
0.9999958248747169
0.9999955974597209
0.9999957762399916
0.9999955698170614
0.9999957353129894
0.9999955252726298
0.9999956945119666
0.999995517502807
0.9999956545997244
0.9999954889984988
0.9999956047631873
0.9999954554213282
0.9999955554283588
0.9999954310030761
0.9999955223612808
0.9999954056583062
0.9999954688711474
0.999995390574255
0.9999954340316564
0.9999953793820509
0.9999954078210732
0.999995393611237
0.9999953675619391
0.999995378880003
0.9999953300757934
0.9999953749379992
0.9999952909692789
0.9999953343458834
0.9999952266414341
0.9999953159122867
0.999995180740025
0.9999952754960523
0.9999951235685836
0.9999952363228546
0.9999950583287308
0.999995199596736
0.9999950063113604
0.9999951787430081
0.9999949827761423
0.9999951626192577
0.9999949447428539
0.9999951368385299
0.9999949143980017
0.9999950894348113
0.9999948801902931
0.999995072823953
0.9999948358367345
0.9999950356881736
0.9999947982961823
0.9999949933645039
0.9999947668622572
0.9999949611928396
0.9999947482865058
0.9999949419556154
0.9999947459776383
0.9999949287814491
0.9999947315625017
0.9999948881468131
0.9999947296868072
0.9999948559991334
0.9999947049045185
0.9999948054396266
0.9999946680739832
0.9999947593867123
0.9999946524013236
0.9999947303439407
0.9999946475242266
0.9999946731804695
0.9999945969133939
0.9999945999470237
0.9999945517427091
0.9999945335665447
0.9999945178859988
0.9999944688347181
0.9999944874676641
0.9999944286208752
0.999994482878791
0.9999943969489279
0.999994465128956
0.9999943486882326
0.9999944344057888
0.9999942907744482
0.9999944068056528
0.9999942395437091
0.9999943560565406
0.9999941786458949
0.999994321030327
0.9999941220973854
0.9999942688982192
0.9999940642270153
0.9999942322047706
0.9999940245032427
0.9999941990226565
0.9999939797818466
0.999994167760759
0.999993930958606
0.9999941113426767
0.9999938721444496
0.9999940661748069
0.9999938415862556
0.9999940341078518
0.9999938080070376
0.9999939964543567
0.9999937807173656
0.9999939408139242
0.9999937513387457
0.9999939047694222
0.999993738068632
0.9999938814382977
0.999993696566823
0.9999938188720576
0.9999936775264897
0.9999937411140455
0.9999936191930999
0.9999937149254248
0.9999936111542538
0.9999936728878781
0.9999935938322254
0.9999936132325868
0.9999935555132197
0.9999935575023327
0.9999935351869887
0.9999935188830223
0.9999935104384036
0.9999934545182195
0.9999934729112556
0.9999933872009741
0.9999934262349812
0.9999933179138653
0.9999933809278447
0.999993261828859
0.9999933493488751
0.9999931906487538
0.9999933060457681
0.9999931259521687
0.9999932641351442
0.9999930752546854
0.9999932276007654
0.9999930129039657
0.999993186856571
0.9999929671048925
0.9999931440080715
0.999992929117683
0.9999931193504832
0.9999929006457171
0.999993100306142
0.9999928721031085
0.9999930597787552
0.9999928189427859
