0.9999988058904374
0.9999982145065184
0.9999968262252944
0.9999952747086438
0.999994144463229
0.9999938468367591
0.999994546567895
0.9999960194139791
0.9999976232211099
0.999998588675657
0.9999984779229633
0.999997416177552
0.999995928841149
0.9999946186948289
0.9999939757113483
0.9999943026176945
0.9999955683188823
0.9999972634380913
0.9999985540835414
0.9999987849547121
0.9999979112352634
0.9999964478332428
0.9999950924567627
0.9999944259935384
0.9999947881222643
0.9999961010001401
0.999997735967727
0.9999987863651592
0.9999986797099288
0.9999975384225337
0.999995982430956
0.9999946957639074
0.9999941902233159
0.9999947146285224
0.9999960936306568
0.9999976744921569
0.9999986387490503
0.9999985048897775
0.9999973941179431
0.9999958502392761
0.9999944806113991
0.9999937656761574
0.9999939995921501
0.9999951719216698
0.9999968375585974
0.9999982320805558
0.99999868700884
0.999998042606864
0.999996687054592
0.9999952366094303
0.999994278357654
0.999994213180379
0.99999517020385
0.999996791054411
0.9999982769982131
0.9999988256556273
0.9999981962247018
0.9999968006318298
0.9999953364260724
0.999994440191226
0.9999945217349543
0.9999956194219736
0.9999972384953386
0.9999985021342854
0.9999987117139955
0.9999978042942274
0.9999962846284355
0.9999948248862084
0.9999939825688315
0.9999940982875437
0.9999951842516842
0.999996790317229
0.9999981403608782
0.9999985615922584
0.9999978951426317
0.9999965121535466
0.9999950129340145
0.9999939522107684
0.9999937287404826
0.9999945022221356
0.9999960344738653
0.9999976591381206
0.9999985667946852
0.9999983444517769
0.9999971843238779
0.99999568127505
0.999994486047292
0.9999940978292803
0.9999947577017633
0.9999962439265595
0.9999978350382212
0.9999986502373448
0.9999982773603492
0.9999969887361979
0.9999954524584619
0.9999943409760056
0.9999941140168798
0.9999949269096263
0.9999964544642487
0.9999979173408621
0.9999985155010791
0.9999979684539405
0.9999966000055853
0.999995043264849
0.9999938871498316
0.999993568513634
0.9999942483324962
0.9999957154549801
0.9999973165062795
0.999998272295831
0.9999981364633286
0.9999970461790655
0.9999955417931717
0.9999942314094363
0.9999936072958191
0.9999939666317857
0.9999952524845738
0.9999969271124194
0.9999981467310781
0.9999982887402359
0.9999973473304579
0.999995864431399
0.9999945054058004
0.9999938471352581
0.9999942126753311
0.999995520166522
0.9999971521706642
0.9999982202396537
0.9999981423589263
0.9999970265287018
0.9999954701145207
0.9999941492754592
0.999993581485121
0.9999940396118184
0.9999953755797902
0.9999969669629137
0.9999979829797729
0.999997912878223
0.9999968479110977
0.9999953142115903
0.9999939346965804
0.9999932113740223
0.999993441690921
0.9999946186872439
0.9999962758934879
0.9999976227172552
0.9999979973661577
0.9999972725898653
0.9999958693205591
0.9999944088680495
0.9999934745925925
0.9999934639919559
0.9999944596476094
0.9999960756175648
0.9999975070898719
0.9999979854599199
0.999997302575255
0.9999958811075551
0.9999944114136847
0.9999935100523744
0.999993560712777
0.9999946274470423
0.999996243012053
0.9999975512897765
0.9999978338669988
0.9999969983325824
0.99999549232585
0.9999940094966001
0.9999930980346958
0.9999931354731373
0.999994161450462
0.9999957567843344
0.9999971403512714
0.9999976008878583
0.9999969538006558
0.9999955632405185
0.9999940533123154
0.9999929927702693
0.9999927909809246
0.9999935913433582
0.999995134835462
0.9999966934887597
0.9999974830506934
0.9999971494342378
0.9999959064650835
0.9999943776563562
0.999993206806338
0.9999928736276462
0.9999935802761463
0.9999950730583895
0.9999966388769179
0.9999974338380675
0.9999970475727052
0.9999957594451669
0.999994215693451
0.9999930702403781
0.9999927867987475
0.9999935340952799
0.9999950351928278
0.9999965481991635
0.999997250254718
0.9999967990104685
0.9999954817038778
0.9999939263688561
0.9999927414378357
0.9999923653851885
0.9999930036982533
0.9999944483883135
0.9999960428860817
0.999996977815933
0.9999968012544408
0.9999956577965401
0.9999941277121768
0.9999928249150899
0.9999922569440802
0.999992677729157
0.9999939874294054
0.9999956366378261
0.9999967606924487
0.9999967821315817
0.9999957586282451
0.9999942349465925
0.9999928837013554
0.9999922491084361
0.9999926335125149
0.9999939386667414
0.9999955729955292
0.9999966616801819
0.9999966158492798
0.9999955332957451
0.9999939833586182
0.9999926334973867
0.9999920013209509
0.9999923835300568
0.9999936605463541
0.9999952760008574
0.999996379618921
0.9999964066065006
0.9999953914734896
0.9999938605666866
0.9999924536691348
0.9999917017364417
0.9999919170184035
0.9999931041393063
0.9999947483996021
0.9999960310391683
0.9999963121219588
0.9999954965048372
0.9999940470418492
0.9999926069760449
0.9999917258563548
0.9999917679176065
0.9999928093917931
0.999994430669156
0.9999957980322175
0.9999961819761016
0.9999954458187188
0.9999939854432957
0.999992517664346
0.9999915962972296
0.9999916150886475
0.9999926560000318
0.9999942605718999
0.9999956141132784
0.9999959930073684
0.9999952399615986
0.9999937993214947
0.999992311977333
0.9999913604662171
0.9999913368691564
0.9999923006734815
0.9999938687799913
0.9999952744716457
0.9999957766360374
0.9999951602904291
0.9999937847203556
0.9999922612044659
0.9999912176976383
0.9999910432529628
0.9999918721192712
0.999993406974982
0.9999949281806867
0.999995630071991
0.9999951738633412
0.999993874431422
0.9999923538549613
0.9999911995575815
0.9999909044167006
0.9999916393031484
0.9999931406335992
0.9999946982562595
0.9999954424464742
0.9999950519151307
0.9999937595062954
0.9999922067453914
0.9999910408448343
0.999990711870769
0.9999914142443259
0.9999929018895721
0.9999944313471513
0.9999952013103856
0.9999948491744493
0.9999935853825718
0.9999920304157103
0.999990814594392
0.9999904100422681
0.9999910201962443
0.9999924409178446
0.9999940221433662
0.999994954135667
0.9999947539993989
0.9999935927964838
0.9999920536949963
0.9999907556508812
0.9999902046176549
0.999990666541291
0.9999920149576208
0.9999936303239992
0.9999946861721104
0.9999946219303162
0.9999935520139115
0.9999920196383363
0.999990674382684
0.9999900501046334
0.9999904339936903
0.9999917395531843
0.9999933591656955
0.999994465537757
0.9999944649643381
0.9999934221224547
0.9999918806604365
0.9999905136310748
0.9999898383239293
0.9999901772781558
0.9999914250161291
0.9999930423986458
0.9999942124769655
0.999994294402589
0.9999933256373804
0.9999917968876305
0.9999904029654296
0.9999896275776304
0.9999898355082224
0.9999909993760614
0.9999926323022945
0.9999938987589172
0.9999941415914152
0.9999932861300894
0.9999918024069033
0.9999903660720227
0.999989531290495
0.9999896196594225
0.9999906897289933
0.9999923290640955
0.9999936499174945
0.999994002818156
0.9999932304866631
0.999991774787901
0.9999902967282576
0.9999893656305943
0.999989386197228
0.9999903944114291
0.9999919899333122
0.9999933579077729
0.9999937718040203
0.9999930654952489
0.9999916225799468
0.9999901414474099
0.9999891529053734
0.9999890914607558
0.9999900426733006
0.9999916267732437
0.999993056683883
0.9999935910524095
0.9999929945129511
0.9999916045475277
0.9999900691700607
0.9999890233915051
0.9999888667983816
0.9999897132226218
0.9999912495361641
0.9999927360053978
0.9999933940948494
0.9999929157207134
0.9999915893524495
0.9999900384509224
0.9999889190084124
0.9999886550386694
0.9999894298180728
0.9999909344393562
0.9999924396298826
0.9999931847411941
0.9999927619737721
0.9999914578756527
0.999989913037846
0.9999887435220616
0.9999883826553824
0.9999890537662732
0.999990536248527
0.9999920807198835
0.9999929000982338
0.9999925656352725
0.9999913107632359
0.9999897648929928
0.9999885287186607
0.9999880893310686
0.9999886665284901
0.999990108366797
0.9999917034426891
0.9999926307765215
0.9999924282496694
0.9999912495858901
0.9999897011547576
0.999988414278599
0.9999878799396918
0.999988364897918
0.9999897475328258
0.9999913623151995
0.9999923823422324
0.9999923084291931
0.999991192999038
0.9999896452282592
0.9999882991056218
0.999987701875408
0.9999881028816267
0.9999893997175816
0.9999910225135286
0.999992135943259
0.9999921452346423
0.9999911053570593
0.9999895754710483
0.9999882016720408
0.9999875099048222
0.999987833871947
0.999989066977982
0.9999906900193226
0.9999918652026214
0.9999919333794617
0.999990971243609
0.999989448896518
0.9999880522353984
0.9999872738076027
0.9999874941275081
0.9999886763093196
0.9999903258165369
0.9999915789248516
0.9999918204776851
0.9999909350259979
0.9999894549696862
0.999988005102408
0.9999871811522528
0.999987290784659
0.9999883883375099
0.9999899963193393
0.9999913295426238
0.9999916412526928
0.9999908229513447
0.9999893621599912
0.9999878846190606
0.9999869540744257
0.9999869743249515
0.9999879966783211
0.999989590130492
0.9999909984834146
0.9999914349143285
0.9999907378153023
0.9999892907557123
0.9999877816469
0.9999868008572081
0.999986743205071
0.9999876849370393
0.999989262004262
0.9999906880211663
0.9999912154395807
0.9999905946037857
0.9999892010043139
0.9999876946771821
0.9999866452607442
0.9999864857951531
0.9999873562777352
0.9999889129556128
0.9999904036244848
0.9999910477106078
0.999990543178717
0.9999891841846815
0.9999876599774099
0.9999865455725041
0.999986267970606
0.9999870335350265
0.9999885526090393
0.9999900739946785
0.9999908050036387
0.9999903883841168
0.9999890956921779
0.9999875462646378
0.9999863734688028
0.9999860338955742
0.9999867154724309
0.9999881720097477
0.9999897190420954
