0.9999947586928077
0.9999941973926946
0.9999926489599544
0.99999025719393
0.9999872249980879
0.9999837891690005
0.999980200194722
0.999976709615877
0.9999735605596384
0.9999709803939134
0.9999691712868709
0.9999683001206935
0.999968479353368
0.999969753077278
0.9999720788547597
0.9999753133995106
0.9999792072174438
0.9999834298042382
0.9999875831857472
0.9999912577402742
0.9999940837091835
0.9999957754944971
0.9999961770518405
0.9999952801150954
0.9999932144672011
0.999990236105422
0.9999866867180432
0.9999829565646415
0.9999794455726947
0.9999765203897358
0.9999744903113771
0.99997355002148
0.999973785154956
0.9999751337191923
0.999977422393864
0.9999803738230996
0.9999836503341597
0.9999868950025033
0.9999897657141246
0.9999919856734767
0.9999933555680139
0.9999937669855133
0.999993200096887
0.9999917229195316
0.9999894764310647
0.9999866606115612
0.9999835172300835
0.9999803167897333
0.9999773439752506
0.9999748857947257
0.9999732041786843
0.9999725201425722
0.999972970108662
0.999974589485703
0.9999772676639536
0.9999807702498461
0.9999847164824462
0.9999886631684374
0.9999921272479343
0.9999946931318631
0.9999960535778853
0.9999960629968089
0.9999947349116362
0.9999922340422666
0.9999888476217778
0.999984913261921
0.9999808070690746
0.9999768869632228
0.9999734682023711
0.9999708211563263
0.9999691466523963
0.9999685616503551
0.9999690893056129
0.9999706837000778
0.9999731978511477
0.9999764126740914
0.9999800487824755
0.9999837961643799
0.9999873346197969
0.9999903574800266
0.9999926271168857
0.9999939630915576
0.9999942841368463
0.9999935921186343
0.9999919999945366
0.9999896879004861
0.9999869247233958
0.9999839837033004
0.9999811971383239
0.9999788628414844
0.9999772594697455
0.9999765883134473
0.9999769577228348
0.9999783555045079
0.9999806297377243
0.9999835140293571
0.9999866365338462
0.999989614205184
0.9999920801412882
0.9999937505746039
0.9999944148896919
0.9999940197192926
0.9999926095279548
0.999990308666062
0.9999873388008567
0.9999839349988695
0.9999803593175652
0.9999768732493417
0.9999737401973053
0.9999712001683637
0.9999694537625199
0.9999686580485959
0.9999689374015583
0.9999703060510736
0.9999726990955851
0.9999759430926641
0.9999797912019742
0.9999838737092741
0.9999877995901514
0.9999911882715234
0.9999936732049403
0.9999950422813609
0.9999951449277797
0.9999940304131948
0.9999918268897715
0.9999888031584223
0.9999852737073549
0.9999816219598763
0.9999782175642867
0.9999753966337552
0.9999734519958557
0.9999725679265945
0.9999728223761438
0.9999741722707101
0.9999764710962065
0.999979449707156
0.9999827691045232
0.9999860757381298
0.9999890232411083
0.9999913176852758
0.9999927595730528
0.9999932109338053
0.9999926518117187
0.9999911539600195
0.9999888647597307
0.9999859969104553
0.9999827913180552
0.9999795482091827
0.9999765349861656
0.9999740430600833
0.999972366436941
0.9999716379396949
0.9999720211347183
0.9999735262953869
0.9999760679799985
0.9999793898450466
0.9999831473287564
0.999986928369287
0.9999903052401369
0.9999928730619813
0.9999943410285923
0.9999945750695682
0.9999935415396234
0.9999913908929484
0.9999883446740913
0.999984710890173
0.9999808172956287
0.999977023595482
0.9999736533867897
0.99997097792828
0.9999692313470232
0.999968535980675
0.9999689663336182
0.9999704753900338
0.9999729461153599
0.9999761559830393
0.9999797899646504
0.9999835225547611
0.9999870011195998
0.999989898428675
0.9999919613415807
0.9999930091913712
0.9999929942071281
0.9999919242511994
0.9999899557714504
0.9999872922661562
0.9999841843137465
0.9999809617432183
0.9999779615834781
0.9999754593046789
0.9999737276096087
0.999972977671557
0.9999733178151479
0.9999747187820868
0.9999770637312912
0.9999800723960339
0.9999834056614919
0.9999866751789336
0.999989505268746
0.9999915799575338
0.999992687606068
0.9999926904462862
0.9999916262096666
0.9999896059549203
0.9999868168470196
0.9999835065411936
0.9999799604708886
0.9999764602134787
0.9999732981999566
0.9999707419628643
0.9999690124952786
0.9999682656585996
0.9999686229458624
0.9999700632492586
0.9999725034775092
0.9999757408350257
0.9999794814529235
0.9999833505182063
0.9999869453945844
0.9999899256255169
0.9999919635031291
0.9999928662714795
0.9999926049003346
0.999991195854046
0.9999888203974866
0.9999857199858976
0.9999822093141274
0.999978639190455
0.9999753580398572
0.999972688514492
0.9999708436862006
0.9999700443465462
0.9999703589616218
0.9999717639680206
0.9999741216835597
0.999977182074401
0.999980599552007
0.9999840349312693
0.9999871122509042
0.999989517812233
0.9999910336881486
0.9999915188423854
0.9999909457436822
0.9999893840327883
0.9999870144390244
0.9999840106798806
0.9999806990192354
0.9999773564015165
0.9999742453827106
0.9999717023001082
0.9999699756533701
0.999969217784363
0.9999695734407021
0.9999710091875612
0.9999734441997588
0.9999766522957168
0.9999802827028494
0.9999839209437364
0.9999872077818786
0.9999897612904521
0.9999913139408874
0.999991716328548
0.9999909556146565
0.9999891167679402
0.9999864021179657
0.9999830482352425
0.9999793889760691
0.9999757771435935
0.999972517860503
0.9999698685674199
0.9999680942994431
0.999967340468841
0.9999677211474648
0.9999691784126881
0.9999716136345822
0.9999747864580546
0.9999783839057432
0.9999820446185487
0.9999854035405799
0.9999881192459156
0.9999899362530004
0.9999906816727685
0.9999903130456087
0.9999889117721933
0.9999866246600789
0.9999836705473608
0.9999803332956426
0.999976934071088
0.9999737977913409
0.99997120916367
0.9999694092501433
0.9999686441526441
0.9999689786625954
0.9999703884132138
0.9999727563503136
0.9999758591601717
0.9999793467184798
0.9999828290705938
0.99998595504837
0.9999883601442854
0.9999897797729351
0.9999901219199505
0.9999893652659809
0.9999875967055396
0.999984962332128
0.9999817502448446
0.999978258842945
0.9999747570137152
0.9999715857553543
0.9999690138031718
0.9999672548674813
0.9999664961786553
0.9999668393944761
0.9999682969351495
0.9999707149205691
0.9999738928552222
0.999977522347744
0.9999812092525766
0.9999845815364348
0.9999872877977194
0.99998904744038
0.9999897239966947
0.9999892063991129
0.999987618180994
0.9999851157442311
0.9999819863743714
0.9999785070991709
0.9999749739297611
0.9999717377199097
0.9999691147853692
0.9999673169052232
0.9999665308083102
0.999966867756457
0.9999683093609262
0.9999707084824206
0.9999738117089124
0.9999772999861767
0.999980818959284
0.9999840183123596
0.9999865316759173
0.9999881343588786
0.9999886600246235
0.9999880809312508
0.9999864765663341
0.9999840039227078
0.9999809381809968
0.9999775193083384
0.9999740837227071
0.9999709298304144
0.9999683513592469
0.9999665462841537
0.9999657865482944
0.9999661373397942
0.9999675876501257
0.9999699997546091
0.9999731548754407
0.999976709341034
0.9999803261359981
0.9999835940751967
0.9999861577190301
0.9999877771467236
0.999988266975192
0.9999876483234583
0.999985938000852
0.9999833649979348
0.9999801547518793
0.9999766353749463
0.9999731121393571
0.9999698935092216
0.9999672605496354
0.9999654867096512
0.9999647315364961
0.9999650725779203
0.999966501245326
0.9999688995203614
0.99997203229008
0.999975593145966
0.9999791832449382
0.9999824615733474
0.9999850536671343
0.9999867328371115
0.9999873465954758
0.9999868309605063
0.9999852300392242
0.9999827784075999
0.9999796837580379
0.999976241155909
0.9999727709719117
0.9999695685096841
0.9999669424672896
0.9999651522496037
0.9999643896821905
0.9999647092460127
0.999966161386783
0.9999685530711675
0.9999716702740381
0.9999752002444035
0.999978774746423
0.999981998413469
0.9999845283878165
0.9999860901433358
0.9999865816245589
0.9999859510969453
0.9999842871318835
0.9999817601008804
0.9999786000838383
0.9999751473474
0.9999716491835374
0.9999684446336888
0.9999658320220084
0.9999640557659962
0.9999633080311952
0.999963652039251
0.9999650720431781
0.9999674659591665
0.9999705935102818
0.9999741509085954
0.9999777566192509
0.9999810508753357
0.9999836372777648
0.9999853043468321
0.9999858769137511
0.999985303342245
0.9999837000604258
0.9999812203676831
0.9999780906783157
0.9999745941844151
0.9999710921794951
0.9999678763875891
0.9999652459620854
0.9999634607312597
0.9999626951210352
0.9999630302448578
0.9999644568083569
0.9999668640568996
0.9999699832728972
0.9999735401862229
0.999977131398672
0.9999803620730816
0.9999829080473409
0.9999845516460293
0.9999850813308386
0.9999845089823272
0.9999828933389969
0.9999803640175463
0.9999772578415067
0.9999737639466024
0.9999702662333866
0.9999670736860298
0.9999644734276055
0.9999626919836854
0.9999619201958712
0.9999622513772233
0.9999636541850253
0.99996605486468
0.9999691922860379
0.9999727376164037
0.9999763453791587
0.9999795653057291
0.9999821293078729
0.9999837536936986
0.9999842968053085
0.9999837194371217
0.9999820622112395
0.9999795294174663
0.9999763954592543
0.9999729189536242
0.9999694240007364
0.9999662196207266
0.9999635831476552
0.9999617860351787
0.9999610090401991
0.9999613454293866
0.9999627909527353
0.9999651823427624
0.9999682992106357
0.9999718547717227
0.9999754576928361
0.9999786851608278
0.9999812707425185
0.9999828941078256
0.9999834471163432
0.9999828833579377
0.9999812720092193
0.9999787987778175
0.999975685666653
0.9999722232755082
0.9999687439829491
0.9999655556909359
0.9999629284461357
0.9999611239603408
0.9999603340199369
0.9999606631158953
0.9999621201261737
0.9999645002851517
0.9999676502206659
0.9999711814005295
0.9999747644119193
0.9999780554646687
0.9999806223417743
