0.999999903802512
0.9999995696990762
0.9999997208753874
0.9999998376509609
0.9999995102456352
0.9999998574816518
0.9999996913953993
0.9999995802055417
0.9999999002324931
0.999999555045492
0.9999997265021691
0.999999832090794
0.9999995097864951
0.9999998605977342
0.9999996867547621
0.9999995919860655
0.9999998996232021
0.9999995486293041
0.9999997575894432
0.9999998066791426
0.9999995270108741
0.9999998873527843
0.9999996338119014
0.9999996578922097
0.9999998748598892
0.9999995219743176
0.9999998334278208
0.9999997234137754
0.9999995766919896
0.9999999005375689
0.9999995573534172
0.9999997409641902
0.9999998108515862
0.9999995122450229
0.9999998689460077
0.9999996414772979
0.9999996067925295
0.999999875304189
0.9999995120041223
0.9999997576994595
0.9999997716505059
0.9999995008488184
0.999999865245171
0.9999996208135414
0.9999996066345833
0.9999998686586473
0.9999995056087779
0.9999997599747412
0.9999997567550833
0.9999995018885967
0.9999998610581377
0.9999995862792483
0.9999996259014863
0.9999998330610704
0.9999994785389303
0.9999997902904558
0.9999996799027814
0.9999995322938311
0.999999856554731
0.9999995145002802
0.9999997038599855
0.9999997630071299
0.9999994761981784
0.9999998333466393
0.9999995795355993
0.9999995851709987
0.9999998119493598
0.9999994468852706
0.9999997324599601
0.9999996697895757
0.9999994555718176
0.9999998059971016
0.9999995022199993
0.9999995777840494
0.999999767854492
0.9999994122333524
0.9999997224556573
0.9999996390300049
0.9999994440811695
0.9999997933851412
0.9999994799334865
0.999999572368501
0.9999997371730799
0.9999993848550346
0.9999997033741829
0.9999995667406449
0.999999430340853
0.9999997457248615
0.9999993965882682
0.999999587096218
0.9999996431217064
0.9999993582454453
0.9999997173399842
0.9999994629151625
0.9999994817380088
0.9999996980733598
0.9999993365217187
0.9999996357602927
0.9999995329694903
0.9999993531489257
0.9999996813262868
0.9999993392867248
0.9999994709733635
0.9999995881721773
0.9999992511805711
0.9999995892107719
0.9999994244720397
0.9999993061689889
0.9999996248223194
0.9999992785058706
0.9999994496387978
0.9999995449400149
0.9999992211822377
0.9999995666345126
0.9999993738033597
0.9999992804108219
0.999999568956571
0.9999992000989154
0.9999994058501428
0.9999994317442081
0.9999991520415147
0.9999995034711995
0.9999992353151945
0.999999263217125
0.9999994754277737
0.9999991180196508
0.9999994245294087
0.9999993124075152
0.9999991541312706
0.9999994775274837
0.9999991308325455
0.9999992901898758
0.99999936556973
0.9999990436680777
0.9999993875946713
0.9999991616137617
0.9999991022619423
0.999999367692286
0.9999989965038465
0.9999992286916781
0.9999992415610661
0.999998962302162
0.9999993210354864
0.999999071560178
0.9999990584478975
0.9999993057667166
0.9999989329181967
0.9999991842639411
0.9999991515772788
0.9999988973721797
0.9999992448800312
0.9999989457030419
0.9999989937866777
0.9999991779860282
0.9999988131800245
0.99999911731215
0.9999989892517562
0.9999988410232199
0.9999991579962357
0.9999988087998581
0.9999989856497582
0.9999990449615502
0.9999987385913167
0.9999990909400472
0.9999988347727761
0.9999988110531276
0.9999990427813895
0.9999986581207286
0.9999989188822836
0.9999988565469523
0.999998612831574
0.9999989535893132
0.9999986459078394
0.9999987069729477
0.9999989016390555
0.9999985388142203
0.9999988372173269
0.9999987388040329
0.9999985411087609
0.9999988766634301
0.999998542968943
0.9999986427660517
0.999998782787169
0.9999984199667622
0.9999987419909591
0.9999985774996449
0.9999984524583526
0.9999987492535524
0.99999838722126
0.9999985830641988
0.9999986236816064
0.9999983363909396
0.999998694232541
0.9999984263339913
0.9999984289666992
0.9999986505602478
0.9999982797025483
0.9999985608273445
0.9999984657539313
0.999998261112476
0.9999985840602875
0.9999982465674613
0.9999983423251567
0.9999984564726171
0.9999981038526841
0.999998423751908
0.9999982620613019
0.9999981218350524
0.9999984267688856
0.9999980653836855
0.9999982337238681
0.9999983086891157
0.9999979788388886
0.999998327244576
0.9999981005945471
0.999998016026257
0.9999982804008376
0.9999979136803056
0.9999981224056811
0.9999981188374241
0.9999978398706005
0.9999981880716271
0.9999979029358914
0.9999979291637433
0.9999981235388125
0.9999977582018357
0.9999980622597363
0.999997945688664
0.9999977687809561
0.9999980854775351
0.999997729641683
0.9999978674473439
0.9999979534126703
0.9999976078099667
0.9999979418799881
0.9999977310239485
0.9999976472412822
0.999997911711018
0.9999975233081164
0.9999977456497462
0.999997765370855
0.9999974816854972
0.9999978354892879
0.9999975698695216
0.9999975584717582
0.9999977907555049
0.9999974168001604
0.999997677046198
0.999997620685922
0.9999973820541713
0.9999977166713396
0.9999973957241262
0.9999974579688995
0.9999976149374604
0.9999972492648757
0.9999975642463537
0.9999974166679094
0.999997265685604
0.9999975627086543
0.9999972030074965
0.9999973742344066
0.9999974386342877
0.9999971211816885
0.9999974682233028
0.9999972281785684
0.999997186958796
0.9999974225711299
0.9999970337078458
0.9999972721114746
0.9999972413283318
0.999996981139613
0.9999973259333139
0.9999970165655498
0.9999970667921871
0.9999972517839973
0.9999968813812582
0.999997183580318
0.9999970655562695
0.9999968661885275
0.9999971929176112
0.999996854333282
0.9999969542930611
0.9999970644972443
0.999996715499858
0.9999970320685727
0.9999968525814552
0.9999967328721198
0.9999970137247484
0.9999966498608981
0.9999968528371681
0.9999968896423271
0.9999965901941317
0.9999969430567085
0.999996671445826
0.9999966547748583
0.9999968722867149
0.9999965022708581
0.9999967695512346
0.9999966974570035
0.9999964813616492
0.9999968116865567
0.9999964681234228
0.9999965580500534
0.9999967080303253
0.999996356072469
0.9999966721907707
0.9999965028446832
0.9999963484235521
0.9999966372664373
0.999996272294681
0.9999964392240355
0.9999965006337121
0.9999961940503028
0.9999965385744131
0.9999962940143631
0.9999962261953704
0.9999964832504682
0.9999960982143599
0.9999963423410388
0.9999963376631595
0.9999960506190595
0.9999963908381685
0.9999960856918161
0.9999961320874564
0.9999963180080912
0.9999959415091323
0.9999962320878788
0.9999961122788721
0.9999959247500094
0.9999962531264565
0.9999959114992986
0.9999960444003785
0.9999961531686642
0.999995800296481
0.9999961434033797
0.9999959413162445
0.9999958380085107
0.9999961211751442
0.999995726500253
0.9999959281701222
0.9999959480510066
0.9999956547661085
0.9999959789283077
0.9999957164917657
0.9999957115259691
0.9999959617076365
0.9999955624652179
0.9999958242890169
0.9999957590419969
0.9999955163253054
0.9999958333882993
0.9999955069117532
0.9999955926091078
0.9999957456427643
0.999995373476878
0.9999956703427417
0.9999955028717614
0.9999953477617277
0.9999956723840281
0.9999953187457554
0.999995491257821
0.999995558271872
0.9999952379891438
0.999995578315239
0.999995337411848
0.9999953133555278
0.9999955625638833
0.9999951718574484
0.9999954200564889
0.9999954087050008
0.9999951437636052
0.9999955053207784
0.9999951834310247
0.9999952154998044
0.9999954198675601
0.9999950357279127
0.999995341358512
0.9999952113627373
0.9999950216929789
0.9999953295027671
0.9999949972993932
0.9999951162155514
0.999995235674199
0.9999948829642676
0.9999951942084994
0.9999949833403147
0.999994877064003
0.9999951593102512
0.9999947867196954
0.9999949727936436
0.9999949843201806
0.9999946813111941
0.9999950157085625
0.9999947542979116
0.9999947422989311
0.9999949704923943
0.9999945847028683
0.9999948575992474
0.9999947836477807
0.9999945545708556
0.9999948915972846
0.9999945616078569
0.9999946242425856
0.9999947550720021
0.9999943961605365
0.9999947096866941
0.9999945440319846
0.9999943884231971
0.9999946841619533
0.999994321579414
0.9999944846116849
0.9999945563550047
0.9999942406037702
0.9999945662846222
0.9999943217309194
0.9999942687645808
0.9999945170625633
0.9999941470123126
0.9999943791877918
0.999994361973475
0.9999940886531495
0.9999944200134728
0.9999941226727698
0.9999941610438208
0.9999943352896022
0.9999939526021496
0.9999942427865025
0.9999941280000475
0.9999939421941798
0.9999942727384257
0.9999939362104652
0.999994079224563
0.9999941738926182
0.9999938340305675
0.9999941718912616
0.9999939637299088
0.9999938614820684
0.9999941448847519
0.9999937625393729
0.9999939533694683
0.9999939666818072
0.9999936794145893
0.9999940116836417
0.9999937434282377
0.9999937396741697
0.9999939584716682
0.9999935870002878
0.999993838251535
0.9999937658200024
0.9999935291945616
0.9999938713991587
0.9999935354144328
0.999993630247866
0.9999937540310707
0.999993395160206
0.9999936803547722
0.9999935070643239
0.9999933713576393
0.9999936594807743
0.9999932868015214
0.9999934537911511
0.999993528596073
0.9999932212316597
0.9999935464195531
0.9999933017097979
0.9999932416514256
0.999993498917198
0.9999931003801856
0.9999933321614951
0.9999933148135648
0.9999930673109927
0.9999934205847452
0.999993127328664
0.9999931625518986
0.9999933275693811
0.9999929550484085
0.9999932524007357
0.9999931329693618
0.9999929396863186
0.9999932528223281
0.999992911262018
0.9999930275956195
0.999993125986035
0.9999927886125078
0.9999931299590566
0.9999929174086526
0.9999928154520562
0.9999930985604235
0.999992721566105
0.9999929049631658
0.9999929260824533
0.9999926188597706
0.9999929566943777
0.9999926946980817
0.9999926774043616
0.9999929026122146
0.9999925226123192
0.9999927993258144
0.9999927175674946
0.9999924972487488
