0.9999986484150222
0.9999981323465634
0.9999967345904257
0.9999949893647951
0.9999935507595211
0.9999929120889071
0.9999932441888452
0.9999943960502122
0.9999959805073652
0.9999974817028148
0.9999983851453439
0.999998346945261
0.9999973560924748
0.9999957825979068
0.9999942381398734
0.9999933143794927
0.9999933441039988
0.9999943099348914
0.9999958755127764
0.9999974939185321
0.9999985587521638
0.9999986242016534
0.9999976386738326
0.9999960277656131
0.9999945065962519
0.9999937242150331
0.9999939740954685
0.999995122978567
0.9999967070988838
0.9999980990996348
0.9999987125467402
0.999998251763234
0.9999968710634102
0.9999951304688007
0.9999937190405351
0.9999931445719016
0.9999935539712724
0.9999947571001451
0.9999963245700997
0.9999977169596326
0.999998430884185
0.999998173422824
0.9999970081113913
0.9999953577508639
0.9999938365719162
0.9999929934279553
0.9999931033663316
0.9999941132868605
0.9999956931814217
0.9999973148186904
0.9999984057388613
0.9999985372320006
0.9999976348345727
0.9999960688014352
0.999994514900588
0.9999936276866117
0.999993750981246
0.9999948131132415
0.9999963970597865
0.9999978828375787
0.9999986565503295
0.9999983524765056
0.9999970684943261
0.9999953508382902
0.9999939200064571
0.9999933230210778
0.999993736768404
0.9999949584109165
0.9999965225272114
0.999997854830111
0.9999984404421473
0.9999980174517965
0.9999967056691774
0.9999949923341894
0.9999935044734702
0.9999927620294535
0.9999929858017635
0.9999940726797815
0.9999956608532773
0.9999972387969752
0.999998258276528
0.9999983304528486
0.9999974051474937
0.9999958425148415
0.9999942830722706
0.9999933557764964
0.9999934087283308
0.9999944068652569
0.9999959766391091
0.9999975313553677
0.9999984547540575
0.9999983344028457
0.9999971905890472
0.9999955137515824
0.9999940325431241
0.999993346584547
0.9999936857301622
0.9999948773915956
0.9999964463608263
0.9999977872139699
0.9999983628462509
0.9999978939566785
0.9999965193657796
0.9999947787235076
0.9999933207346339
0.9999926534406107
0.9999929681288563
0.9999941166060483
0.9999957008081289
0.9999971962453156
0.9999980776054456
0.9999979914144297
0.9999969591124258
0.9999953514091576
0.9999938036861328
0.9999929063578005
0.999992974457483
0.9999939610064807
0.9999955189188724
0.999997094219343
0.9999980944750055
0.9999980941654404
0.9999970553991168
0.9999954195347088
0.9999938937350631
0.9999931078673038
0.9999933464715552
0.9999944783617143
0.9999960526625603
0.9999974584873037
0.9999981238346052
0.9999977203164889
0.9999963841860952
0.9999946494137013
0.9999931919236827
0.9999925521624898
0.9999929010236644
0.9999940772131848
0.9999956414099114
0.9999970552761703
0.9999977965980371
0.9999975511810958
0.9999963786256489
0.9999947178199682
0.9999931941652029
0.9999923703985336
0.9999925130910811
0.9999935482153841
0.9999951148742257
0.9999966795210594
0.9999976688977377
0.9999976835313595
0.9999966785953093
0.9999950673172809
0.9999935153791953
0.9999926558875794
0.9999928058096137
0.9999938760902288
0.999995444632887
0.999996927047937
0.9999977109609975
0.9999974429156987
0.9999961906869247
0.9999944778929534
0.9999929989427563
0.9999923239883436
0.9999926497252396
0.9999938211512264
0.9999953791848413
0.9999967643948283
0.9999974346014527
0.99999708801832
0.9999958234130478
0.99999411733642
0.9999926162175432
0.9999918665917091
0.9999920886881558
0.9999931745732286
0.999994743697865
0.9999962796342502
0.9999972047782159
0.9999971435503975
0.9999961089133302
0.9999944790439175
0.9999929199149853
0.9999920379661433
0.9999921578226083
0.9999931866731118
0.9999947402837233
0.9999962681344847
0.9999971418621526
0.9999969882996913
0.999995823430984
0.9999941440295675
0.9999926319623366
0.9999918986043296
0.999992176643888
0.9999933235864173
0.9999948901899121
0.9999962943378113
0.9999969697178647
0.9999966175556214
0.9999953281608637
0.999993594091538
0.9999920915970859
0.9999913671239532
0.9999916264256671
0.9999927565198135
0.9999943295407745
0.999995796935336
0.9999966327125094
0.9999964909202931
0.9999953837345756
0.9999937333755833
0.9999921866705497
0.9999913352707386
0.9999914726940679
0.9999924964254877
0.9999940674287936
0.9999955983879725
0.9999964960298913
0.999996387533799
0.999995279328805
0.9999936156639975
0.9999920962747637
0.9999913094621041
0.9999915151079185
0.9999926283004836
0.9999941910152778
0.9999956354884036
0.9999963736987179
0.9999960668057083
0.9999948142636172
0.9999930996787458
0.9999916023934884
0.9999908868398272
0.9999911670674607
0.9999923033642285
0.9999938651900506
0.9999953112213034
0.999996079937214
0.9999958401438
0.9999946762570473
0.9999930005206131
0.9999914820869481
0.9999906770216359
0.9999908588086799
0.9999919168365549
0.9999934875085947
0.9999950129321006
0.9999958959490662
0.9999957893832099
0.999994692695946
0.9999930244550214
0.9999915084721106
0.9999906957938786
0.9999908856520334
0.9999919616027129
0.9999935160488547
0.9999949959107267
0.9999957919685405
0.9999955574508046
0.9999943498683928
0.9999926456786402
0.9999911353078209
0.9999904034723004
0.9999906725869397
0.9999917889200558
0.9999933582965995
0.9999947984692305
0.9999955430595318
0.9999952784585123
0.9999940471523605
0.9999923613107258
0.9999908277543333
0.9999900485388661
0.9999902568910239
0.9999913413603982
0.9999929070086222
0.9999944215250348
0.9999952759097964
0.9999951353614633
0.9999940249064457
0.9999923652791103
0.9999908240315466
0.9999899898257177
0.9999901651411773
0.999991227600688
0.9999928039450486
0.9999942867802614
0.9999951062724416
0.9999949053396316
0.9999937200954151
0.999992032333972
0.9999905308836655
0.9999897560971182
0.9999899962706482
0.9999910935480479
0.9999926459842766
0.9999940984918779
0.999994846066385
0.999994592909354
0.9999933789497503
0.9999916772189312
0.9999901576636558
0.9999893830406641
0.9999896155426194
0.9999907068391228
0.9999922662544054
0.9999937389948719
0.9999945845751613
0.9999944134500397
0.9999932682799473
0.9999915839597522
0.9999900378822003
0.9999892298197511
0.9999894250318412
0.9999904860377011
0.9999920483169896
0.9999935314977266
0.9999943743337687
0.9999941860127858
0.999993048644169
0.9999913682675408
0.9999898348242815
0.9999890392330217
0.999989240955137
0.9999903394317414
0.9999918990178721
0.9999933518058272
0.9999941328067151
0.9999939028190932
0.9999927312579702
0.999991040753863
0.9999895156229446
0.9999887316856164
0.999988956644693
0.9999900603790365
0.9999916342895337
0.9999930889733867
0.9999939008215993
0.9999936878555339
0.9999925109555992
0.9999908054682354
0.9999892904977896
0.9999884921769948
0.999988694443578
0.9999897720075657
0.9999913328797081
0.9999928150148322
0.9999936436477093
0.9999934736544912
0.9999923120399129
0.9999906178633303
0.9999890989584626
0.9999883030660802
0.9999885076311478
0.9999895851424424
0.9999911477673867
0.9999926256921042
0.9999934374835536
0.9999932106804802
0.9999920333469999
0.9999903514169473
0.9999888325338885
0.9999880471418631
0.9999882831729757
0.9999893849867956
0.9999909520483402
0.9999924097836934
0.999993213574155
0.9999929936437739
0.9999918018997178
0.9999901132375928
0.9999885692113721
0.9999877891811453
0.9999880107289094
0.9999891011990352
0.9999906686815009
0.9999921321415568
0.9999929563448987
0.9999927425465985
0.9999915947087381
0.9999899100255687
0.9999883858599562
0.9999876001751782
0.9999877933006925
0.9999888732400832
0.99999046328105
0.9999919243903422
0.9999927374025764
0.9999925371031765
0.9999913546832634
0.9999896758294742
0.9999881500182844
0.9999873748564645
0.9999876032579665
0.9999886978579783
0.9999902844053105
0.9999917328844536
0.9999925358487332
0.9999923171883413
0.9999911432853836
0.9999894503552292
0.9999879442644222
0.9999871448455273
0.9999873715207743
0.9999884666853444
0.9999900423895752
0.9999915000995477
0.9999923152990826
0.9999920973802779
0.9999909405404271
0.9999892633092871
0.9999877361771037
0.9999869331971764
0.9999871629393305
0.9999882353275553
0.9999897941799192
0.9999912607686433
0.9999920781571147
0.9999918789091138
0.999990709006545
0.9999890175063323
0.9999874823968071
0.999986699238348
0.9999869402327679
0.9999880263107807
0.9999895832698733
0.9999910507822336
0.9999918522846306
0.999991627899203
0.9999904521672602
0.9999887854699935
0.9999872570877933
0.9999864921790104
0.9999867031543015
0.9999878046447869
0.9999893778254363
0.999990842134595
0.999991628920184
0.9999914196754265
0.9999902217959808
0.9999885362392417
0.9999869978460467
0.9999862263793301
0.9999864280936775
0.9999875321289823
0.9999890878376346
0.9999905468850586
0.9999913640279977
0.9999911712006305
0.9999899770387252
0.9999882814069536
0.9999867303183463
0.999985938319915
0.9999861452900352
0.9999872191975501
0.9999887645533856
0.9999902282462505
0.999991034157024
0.9999908247008611
0.9999896571265576
0.9999879811284668
0.999986451677206
0.9999856700103426
0.9999858849596869
0.9999869548696183
0.9999885209676578
0.9999900069840928
0.9999908119261052
0.9999906368356881
0.9999894469465209
0.9999877497363618
0.9999862429882744
0.9999854502406677
0.9999856682570256
0.9999867721682579
0.9999883335706364
0.999989777991498
0.9999905886033205
0.9999903641973823
0.9999891834127901
0.9999874940566235
0.9999859518206358
0.9999851708440111
0.9999853681648696
0.9999864797632982
0.9999880522511335
0.9999895141922088
0.9999903478027838
0.9999901258016677
0.9999889291017723
0.9999872381877366
0.9999857011208938
0.9999848949084184
0.9999850943095373
0.9999861841913261
0.999987766610547
0.9999892476958406
