0.9999999388478985
0.9999996956024282
0.9999999359422848
0.9999997036113176
0.9999999274132829
0.9999997158472831
0.9999999149265945
0.9999997308949333
0.9999998993312245
0.999999748199499
0.9999998807538822
0.9999997678796461
0.9999998587181282
0.9999997903441091
0.9999998326940777
0.9999998155935288
0.9999998027484264
0.9999998431937628
0.9999997703121052
0.9999998719268505
0.9999997381912512
0.9999998986757238
0.999999711046583
0.9999999198854285
0.9999996926312653
0.9999999319345468
0.999999686274383
0.9999999326010551
0.9999996921956494
0.9999999212923742
0.9999997077411813
0.9999999006415784
0.9999997295482088
0.999999873212222
0.9999997539648428
0.9999998438334978
0.99999977853883
0.999999815761928
0.9999998027527753
0.9999997899673385
0.9999998259586039
0.9999997664917119
0.9999998477758542
0.9999997446738871
0.9999998676078572
0.9999997233087616
0.9999998844336778
0.9999997013559396
0.9999998967167928
0.9999996802818332
0.9999999029138319
0.9999996619160357
0.999999900834955
0.9999996522005282
0.9999998930923859
0.9999996553102101
0.9999998765375554
0.9999996716116915
0.9999998514835288
0.9999996986815467
0.9999998190388453
0.9999997317136117
0.9999997807884285
0.999999763430638
0.9999997391158376
0.9999997906633338
0.999999698549252
0.9999998068359236
0.9999996617157573
0.9999998190085062
0.9999996329381469
0.9999998275218936
0.9999996138974877
0.999999834633412
0.9999996030778243
0.9999998392004668
0.9999995980415917
0.999999839691137
0.9999995960501316
0.999999830575023
0.9999995922710382
0.9999998115797731
0.9999995934134722
0.9999997825228532
0.9999995958396314
0.9999997428270098
0.9999996052746019
0.9999996978819999
0.9999996285884364
0.9999996536395558
0.9999996566507111
0.9999996118856239
0.9999996902122936
0.999999573380474
0.9999997163996138
0.9999995392797518
0.9999997309251267
0.9999995059244617
0.9999997253958879
0.9999994753474467
0.9999997077632149
0.9999994547928087
0.9999996879672373
0.999999444028591
0.9999996622691537
0.9999994426048058
0.9999996398992915
0.9999994503095969
0.9999996162431368
0.9999994621574368
0.9999995893502754
0.9999994757006517
0.9999995572193572
0.9999994897969232
0.9999995149802354
0.9999994947548337
0.999999460235257
0.9999994974652614
0.999999397630961
0.9999995001370501
0.9999993517217984
0.9999995092893356
0.9999993112633806
0.9999995154134752
0.9999992814973112
0.9999995173662851
0.9999992674955004
0.9999995091230152
0.9999992586739925
0.9999994823537088
0.9999992569315449
0.9999994452267619
0.9999992504723786
0.9999993858026376
0.999999244660529
0.9999993290518558
0.9999992440324368
0.9999992802022086
0.9999992479776525
0.9999992359285051
0.9999992587531886
0.9999991944352351
0.9999992725996322
0.999999161042704
0.9999992787951144
0.9999991207056167
0.999999278312845
0.999999077974222
0.9999992694017015
0.9999990333224482
0.9999992427256789
0.9999989883440923
0.9999992128094087
0.9999989574721885
0.9999991848200782
0.9999989400981142
0.9999991512694618
0.9999989439923557
0.9999991130821297
0.999998947980873
0.9999990647077075
0.9999989616446477
0.9999990100598966
0.999998976045235
0.9999989629490924
0.9999989869066135
0.9999988959439505
0.9999989802041276
0.9999988368842977
0.9999989783383396
0.999998786573441
0.9999989665733626
0.9999987510667461
0.9999989632338034
0.9999987196911432
0.9999989464848343
0.9999986933374025
0.9999989245065913
0.9999986683485294
0.9999988909869649
0.9999986466256916
0.9999988529023923
0.9999986229667649
0.9999987859034307
0.9999985952642847
0.9999987226597093
0.9999985875793148
0.9999986658259656
0.999998593435574
0.9999986082317
0.9999986068829431
0.9999985456147782
0.9999986179554079
0.9999984974417616
0.9999986299689645
0.9999984425929151
0.9999986160601496
0.9999983876515357
0.9999985941750681
0.9999983459566837
0.99999856855739
0.999998318615833
0.9999985441234658
0.9999983031037625
0.9999985154251244
0.9999982800152665
0.9999984652004154
0.9999982615230042
0.9999984267707286
0.9999982641073769
0.9999983760307927
0.9999982628498384
0.9999983214188856
0.9999982533856615
0.9999982567542666
0.9999982421572062
0.9999981911511633
0.9999982413463299
0.9999981298465749
0.9999982295194788
0.9999980647352458
0.9999982258352027
0.9999980104955285
0.999998211979397
0.9999979695124063
0.9999982000876306
0.9999979378402551
0.9999981660359036
0.9999979100693718
0.9999981242437577
0.9999978799821675
0.9999980718274185
0.9999978766856299
0.9999980184468692
0.9999978650852541
0.9999979565934226
0.9999978596312783
0.9999979004673579
0.9999978631840719
0.9999978475729643
0.9999978547165568
0.9999977846987075
0.9999978522051163
0.9999977357311619
0.9999978594100751
0.9999976843376314
0.9999978490417007
0.9999976346660527
0.9999978223505985
0.9999975864133902
0.9999978044854393
0.9999975517018985
0.9999977759417533
0.999997504115461
0.9999977344198899
0.9999974852443996
0.9999976839621931
0.999997460071876
0.999997622305748
0.999997445401451
0.999997550517721
0.9999974312636276
0.9999974890479637
0.999997435022642
0.9999974196624591
0.9999974321819558
0.9999973539782684
0.9999974196396243
0.9999972764893593
0.9999974083250645
0.9999972330513093
0.999997399077096
0.9999971820517444
0.9999973638867744
0.9999971072926105
0.9999973250834595
0.9999970685273725
0.9999972758211407
0.9999970194820681
0.9999972424556838
0.999996996791684
0.9999972011471624
0.9999969739187384
0.999997132606555
0.9999969592069976
0.9999970750096404
0.9999969493726842
0.9999970159448559
0.9999969517068215
0.9999969522324387
0.9999969504771224
0.999996897355353
0.9999969631408867
0.9999968377834365
0.9999969586847622
0.9999967726901581
0.9999969395240353
0.9999967085975854
0.9999969210350172
0.9999966722216216
0.9999968916695188
0.9999966259859848
0.9999968532915483
0.9999965934780908
0.9999968083086465
0.9999965746874494
0.999996756348658
0.9999965559783917
0.9999967108279334
0.9999965399276384
0.9999966383135132
0.9999965314376641
0.9999965880431031
0.9999965085165213
0.9999964867636834
0.9999964863334335
0.9999964178296415
0.9999964632432085
0.9999963484150564
0.9999964462780286
0.9999962637994764
0.9999964192547037
0.9999962064551509
0.9999964118864841
0.999996167792611
0.9999963852216345
0.9999961210274656
0.9999963404778103
0.9999960880031699
0.999996312843223
0.9999960739979052
0.9999962821789674
0.9999960798764762
0.9999962361448227
0.9999960664305027
0.9999961673375599
0.9999960409602269
0.9999960839332753
0.9999960218734835
0.9999960066199831
0.9999960110125036
0.9999959526343678
0.9999960101120253
0.9999958690508682
0.9999959878740414
0.9999958007261689
0.9999959724950468
0.9999957470327318
0.9999959442358403
0.9999956949025431
0.9999959123397498
0.9999956549540838
0.9999958785155351
0.9999956161390341
0.9999958234455553
0.9999955678755712
0.9999957707561975
0.9999955742818777
0.9999957392128531
0.9999955682975896
0.9999956657518557
0.99999554096545
0.999995596583928
0.9999955352284935
0.9999955202402653
0.9999955250284587
0.999995459851917
0.9999955232947563
0.9999953862327507
0.9999955109073064
0.9999953239645106
0.9999955061607362
0.9999952741939951
0.9999954779002538
0.9999952366324698
0.9999954551625346
0.9999951830278817
0.9999954121588751
0.9999951623161921
0.9999953632349534
0.9999951107277265
0.9999953133035354
0.9999951023991979
0.9999952660829575
0.9999950641025075
0.9999951875150425
0.9999950660671357
0.9999951295044739
0.9999950631522373
0.9999950580730986
0.9999950521496388
0.9999949811080896
0.9999950256626394
0.9999948896385812
0.9999950029792067
0.9999948340954077
0.9999950039028797
0.9999947735714237
0.9999949552509876
0.9999947151171248
0.999994925245209
0.9999946585543422
0.9999948844295475
0.9999946263966834
0.9999948433472791
0.9999945903140134
0.9999947744514956
0.999994576661599
0.9999947227624094
0.9999945768609613
0.9999946749749782
0.9999945593466935
0.9999945929786801
0.9999945358160764
0.9999945312681121
0.9999945294490874
0.9999944744441126
0.999994528478471
0.9999943853075973
0.9999944986103678
0.9999943320982707
0.999994495818934
0.9999942688501674
0.9999944689279623
0.9999942041571303
0.9999944228676687
0.9999941464764679
0.9999943626628919
0.99999410030385
0.9999943168116773
0.99999409272074
0.9999942981189468
0.9999941042029421
0.999994264225525
0.9999940812794564
0.9999941808610853
0.99999408231223
0.9999941330849319
0.9999940718178644
0.999994055193146
0.9999940641827303
0.9999939863087494
0.9999940393426786
0.9999939156219613
0.9999940425928462
0.9999938701146004
0.9999940266490295
0.9999938001204476
0.9999939983193191
0.9999937485464953
0.9999939696845743
0.9999937118774083
0.9999939329661726
0.9999936815270807
0.999993883169528
0.9999936580810932
0.9999938513573831
0.9999936414646851
0.9999938073362037
0.9999936391946572
0.9999937484409284
0.9999936339109777
0.9999936734896098
0.9999936084023119
0.9999935771267834
0.9999935815263233
0.9999935184860881
0.9999935641655796
0.9999934291508781
0.9999935500529057
0.9999934006186512
0.9999935492588005
0.9999933265900918
0.9999935211382291
0.9999932677240041
0.9999934722045075
0.9999932090548819
0.9999934242655758
0.999993163267655
0.9999933837620899
0.99999313653597
0.9999933268454464
0.9999931264949152
0.9999932747439549
0.9999930860773272
0.9999931941175829
0.9999930883671402
0.9999931490970426
0.9999930742972881
0.9999930598680539
0.9999930492850588
0.999992953255629
0.9999930056498924
0.9999928867421488
0.9999930077824668
0.9999928394727464
0.999992988814937
0.9999927432055103
0.9999929511946557
0.999992705871763
