0.9999999293688323
0.9999996528717688
0.9999998872547498
0.9999997220159264
0.9999997916052809
0.9999998369848914
0.999999691887661
0.9999999189310692
0.9999996431314737
0.999999912272311
0.99999968331368
0.9999998302587936
0.9999997933835506
0.999999726829914
0.9999998966217991
0.9999996561788721
0.9999999271317085
0.9999996562195695
0.9999998797708212
0.999999728439474
0.9999997916298965
0.9999998320261618
0.9999997046451178
0.9999999091715465
0.9999996530767531
0.999999923947156
0.9999996607269087
0.9999998760684019
0.999999730005366
0.9999997897985584
0.9999998302431515
0.9999996989173803
0.9999999062411571
0.9999996415754837
0.9999999119030138
0.9999996545470845
0.9999998437595244
0.9999997427850001
0.9999997382024202
0.9999998537368722
0.9999996486835314
0.9999999083913097
0.9999996271400142
0.9999998720687157
0.9999996955338301
0.9999997756220363
0.9999998102119204
0.9999996748474053
0.9999998909187293
0.9999996195456764
0.9999998888839035
0.9999996400210118
0.999999818314591
0.9999997239059165
0.9999997215626126
0.9999998210498023
0.9999996391683982
0.9999998778649559
0.9999996038894382
0.999999869439793
0.9999996330211778
0.9999998033679575
0.9999997160507417
0.9999997066981399
0.9999998077117641
0.9999996153368669
0.99999985548216
0.999999570906738
0.9999998264073713
0.9999996052440958
0.999999732755078
0.9999997031127603
0.9999996214291874
0.9999997986949566
0.9999995480457733
0.9999998212222696
0.9999995551289017
0.999999758049827
0.9999996430958812
0.9999996494192572
0.9999997506131417
0.9999995525190639
0.9999997979170747
0.9999995116818761
0.9999997616464344
0.9999995454848722
0.9999996680366301
0.9999996342257753
0.999999566196178
0.9999997200286851
0.9999994924275405
0.9999997523647867
0.9999994747192066
0.9999997182906796
0.9999995204069784
0.9999996332616463
0.999999607762857
0.9999995249287285
0.9999996812307561
0.9999994357721131
0.9999996914267201
0.9999994028283165
0.9999996231449026
0.9999994572018093
0.9999995126116566
0.9999995569780117
0.9999994010105437
0.9999996258521084
0.9999993472378714
0.9999996136251139
0.9999993800568835
0.9999995250707414
0.9999994725019766
0.9999994085987208
0.999999563314035
0.999999318687683
0.9999995775554477
0.9999992899930215
0.9999995056232818
0.9999993352357959
0.9999993950327002
0.9999994195989048
0.9999992911365083
0.9999994875605577
0.999999226785611
0.999999494452655
0.9999992242819548
0.9999994325469281
0.9999992818019546
0.9999993295160364
0.9999993724381613
0.999999219923168
0.9999994203769493
0.9999991371249358
0.9999993945394848
0.9999991340338003
0.9999992991997637
0.9999992010807028
0.9999991787353105
0.9999992954330909
0.9999990827457825
0.9999993369311517
0.9999990497973575
0.999999290791471
0.9999990998473555
0.9999991790861016
0.9999991947410098
0.9999990647688959
0.9999992634281178
0.9999989838821441
0.999999243534269
0.99999896904149
0.999999145950436
0.9999990307365272
0.9999990307842423
0.9999991129415741
0.9999989279495474
0.9999991531751914
0.9999988721188615
0.999999130711632
0.9999988870213355
0.99999904136509
0.999998953745941
0.9999989308703605
0.9999990306200299
0.9999988179186611
0.9999990561618839
0.9999987642616299
0.9999990013676847
0.9999987734057452
0.9999988768781796
0.9999988561083232
0.9999987552242149
0.999998930818153
0.9999986674362609
0.9999989279018251
0.9999986532316903
0.9999988552473987
0.9999987278715087
0.9999987345666433
0.9999988165533732
0.9999986200385645
0.9999988439129986
0.9999985447748713
0.9999987862060579
0.9999985600908293
0.9999986800864299
0.9999986186718919
0.999998548525822
0.9999986834334627
0.9999984459985326
0.9999986984592714
0.9999984108966382
0.9999986489466522
0.9999984400077097
0.9999985338084181
0.999998508786369
0.9999984025519234
0.9999985641622631
0.9999983096539362
0.9999985641400716
0.9999982725736618
0.9999984732051207
0.9999983037158212
0.999998336478169
0.9999983866798026
0.9999982197664066
0.9999984435395531
0.9999981520529966
0.9999984067452881
0.9999981578866208
0.9999983025906525
0.9999982326663579
0.9999981782577102
0.9999983095902671
0.9999980605253673
0.9999983060679729
0.9999980140517274
0.9999982377400863
0.9999980536473121
0.9999981220856803
0.9999981321524269
0.9999980031427176
0.9999981847225543
0.9999979253286554
0.999998179353922
0.9999979041633548
0.999998110432886
0.9999979580439815
0.9999979857329165
0.9999980309368328
0.9999978681883738
0.9999980714861771
0.9999977843937569
0.9999980313930975
0.999997778290823
0.9999979270901089
0.9999978280148151
0.9999977815185437
0.9999978959986139
0.9999976716901425
0.9999979064802298
0.9999976028843234
0.9999978248618929
0.9999976113993562
0.9999977011273867
0.9999976999244066
0.9999975752273262
0.9999977524933792
0.9999974719453452
0.9999977230368254
0.9999974400587911
0.9999976100148511
0.9999974716882869
0.9999974636071868
0.9999975371392219
0.9999973532433747
0.9999975661903411
0.9999972812356875
0.9999975298202358
0.9999972788791258
0.9999974239735617
0.9999973438542388
0.999997282189879
0.9999974037052446
0.9999971680990513
0.9999974030152651
0.9999971045214506
0.9999973430935593
0.9999971527644191
0.9999972387054997
0.9999972200728534
0.9999971035892073
0.9999972768732911
0.999996995881326
0.999997250120119
0.9999969635796283
0.9999971608074375
0.999997028917812
0.9999970399362667
0.9999971055998117
0.9999969087517215
0.999997126917823
0.9999968252122463
0.9999970763867191
0.9999968257413688
0.9999969768061473
0.9999969016524329
0.9999968404056595
0.9999969701503055
0.9999967287642636
0.9999969831818224
0.9999966849898592
0.9999969176786191
0.9999967139826845
0.999996800309698
0.9999967714678502
0.9999966620602634
0.9999968203750823
0.9999965431836106
0.9999967967777559
0.9999965101778145
0.9999967048609236
0.9999965440872935
0.9999965601379402
0.9999966112497806
0.999996417754718
0.9999966342558365
0.9999963366310095
0.9999965991092694
0.9999963536183584
0.9999964795394826
0.9999964015209369
0.9999963240164308
0.9999964237828386
0.9999961878631153
0.9999964450401084
0.9999961456454265
0.9999963711510907
0.9999961826329089
0.9999962569377717
0.9999962538800985
0.999996127053229
0.9999963030268415
0.999996035562209
0.9999962739550315
0.999995975851766
0.9999961600519096
0.9999959918411175
0.9999960250043027
0.9999960920796221
0.9999959017718628
0.9999961186193262
0.9999958251010318
0.9999960813692661
0.9999958221744247
0.99999597509851
0.9999958827368586
0.9999958259048914
0.999995930570528
0.9999956928407742
0.9999959465297824
0.999995650924522
0.9999958767201622
0.999995664245216
0.9999957576092883
0.9999957515694512
0.9999956299345027
0.9999958051387993
0.9999955253179507
0.9999957802317537
0.9999955021852762
0.9999956811969054
0.9999955409136794
0.9999955462561063
0.9999955935774856
0.9999954070482701
0.9999956159784327
0.9999953235458391
0.9999955730149487
0.9999953228462316
0.9999954572496075
0.9999953760480557
0.9999953207417186
0.9999954281335758
0.9999951932678192
0.9999954209481507
0.9999951160936399
0.9999953555801245
0.9999951408267083
0.9999952259788268
0.999995223309151
0.9999950855442549
0.999995257189578
0.9999949599775727
0.9999952174234402
0.9999949331115356
0.9999951155705412
0.9999949731712283
0.9999949879726114
0.999995049997792
0.9999948645777826
0.999995076058696
0.9999948068935197
0.9999950399428928
0.9999947909821999
0.9999949273993772
0.9999948411115345
0.9999947864120405
0.9999949010869043
0.9999946624079525
0.9999949099359592
0.9999945930206953
0.9999948228456617
0.9999946117657749
0.9999946977419641
0.999994697163772
0.9999946065027263
0.9999947801454968
0.9999945301259255
0.9999947733167913
0.9999944938001075
0.9999946736572336
0.9999945262171418
0.9999945513531635
0.9999945990204274
0.9999944276254397
0.9999946653927887
0.9999943653508284
0.9999946043898108
0.9999943492917055
0.9999944746035381
0.999994397629608
0.9999943433812997
0.9999944351871041
0.9999942118201371
0.9999944555935661
0.9999941470822922
0.9999944086080202
0.9999942049598246
0.9999942821334347
0.9999942755187791
0.9999941606418884
0.999994325544317
0.9999940612098899
0.9999943145060716
0.9999940389421174
0.9999942245871585
0.9999940721763343
0.9999940822848727
0.9999941374507617
0.9999939551115822
0.999994166283321
0.999993873457911
0.999994132357855
0.9999938560367327
0.9999939786336565
0.9999939043078296
0.9999938318199705
0.9999939451638521
0.9999937075659676
0.9999939504763125
0.9999936509081291
0.9999938908392654
0.9999936934046517
0.9999937694619538
0.9999937617953484
0.9999936205871005
0.999993784935819
0.9999935164431283
0.9999937565988674
0.9999934827688757
0.9999936975761564
0.9999935635127433
0.9999935843218458
0.9999936467295941
0.9999934519435693
0.9999936847243704
0.9999933932701138
0.9999936283888412
0.9999933738228878
0.9999934988437594
0.9999934172171666
0.9999933602628844
0.999993484537769
0.9999932570903671
0.9999934850383316
0.9999931853381293
0.9999934103450607
0.9999932057582817
0.9999932760302745
0.9999932701384184
0.999993137903887
0.9999933244987762
0.9999930485342919
0.9999933018384348
0.9999930041405258
0.9999932091011743
0.9999930593644125
0.9999930878031983
0.9999931246763762
0.9999929252640524
0.9999931505946866
0.9999928603509883
0.999993101057023
0.9999928511699347
0.9999929725124244
0.999992889419225
0.9999928358600936
0.999992955753584
0.9999927091254105
0.9999929394902017
0.9999926543965133
0.999992915762369
0.9999927280862722
0.9999928026639093
0.9999927830366486
0.9999926803655409
0.9999928601572761
0.9999926014464181
