0.9999972797909995
0.9999967616022413
0.9999953290700148
0.999993282910549
0.9999910536659611
0.9999891193595319
0.9999879069796842
0.9999876963724545
0.9999885507826258
0.9999902937192697
0.9999925437870071
0.9999948015585667
0.9999965675376054
0.9999974550742748
0.999997269632028
0.9999960447456472
0.9999940126833332
0.9999915492287492
0.9999890973210875
0.9999870805772717
0.9999858292375606
0.9999855341310578
0.9999862218932392
0.99998775168153
0.9999898499206475
0.9999921553170107
0.9999942802815444
0.9999958732682787
0.9999966764643758
0.9999965682544907
0.9999955802021296
0.9999939034262791
0.9999918467620887
0.9999898068896718
0.9999881864527322
0.9999873294048263
0.999987445128338
0.9999885458026156
0.9999904400882436
0.9999927509052123
0.9999949983815735
0.9999967052134225
0.9999975053194675
0.9999972287272211
0.9999959398284676
0.9999939093629617
0.9999915560571339
0.9999893528118132
0.9999877233926854
0.9999869718907044
0.9999872147375186
0.9999883719825963
0.9999901854751917
0.9999922958512832
0.999994289259573
0.9999957987825567
0.9999965443614913
0.9999964013674781
0.9999953866106759
0.9999936730070862
0.999991541467893
0.9999893521210282
0.9999874771605191
0.9999862549647948
0.9999859243103885
0.9999865801898343
0.9999881400314207
0.9999903472175423
0.9999928113043857
0.9999950740457143
0.9999967052796078
0.9999973748565735
0.9999969698651274
0.9999955857177039
0.9999935176928932
0.9999912125569912
0.9999891596033956
0.9999877937653336
0.9999873961256408
0.9999880464972573
0.9999895815758213
0.9999916582720637
0.9999938391014924
0.9999956556445567
0.9999967415845772
0.9999968736117786
0.9999960174178204
0.9999943106126932
0.999992044592856
0.9999896000247364
0.9999873807571358
0.9999857472726824
0.9999849636337779
0.9999851675002376
0.9999863326055795
0.9999882772843772
0.9999906785645989
0.9999931341713336
0.99999522076924
0.9999965732211714
0.9999969598736053
0.999996321908044
0.9999947965762944
0.9999926960115517
0.9999904576699624
0.9999885450341608
0.9999873631516123
0.9999871777911394
0.9999880433432365
0.9999897742803963
0.9999920056332373
0.9999942631977439
0.9999960413416681
0.9999969689535951
0.9999968476673201
0.9999956965506159
0.9999937242531225
0.999991310123154
0.9999888778355831
0.9999868517570033
0.9999855897763014
0.9999852817713791
0.9999859717036294
0.999987511544723
0.9999896278491692
0.9999919436459201
0.9999940560716634
0.9999955918662243
0.9999962970207219
0.9999960609167089
0.999994931697999
0.9999931164545122
0.9999909556719457
0.9999888644256079
0.9999872430051958
0.9999864222469333
0.9999865874711783
0.9999877429585547
0.9999896687426625
0.9999919855387772
0.9999942207308555
0.9999959103657595
0.9999967060001572
0.9999964351811138
0.999995159791939
0.9999931417679597
0.9999907747718344
0.999988531205225
0.9999868389019768
0.9999860136755001
0.9999861782180589
0.9999872872112396
0.9999891065246692
0.9999912783368954
0.99999338081575
0.9999950118362629
0.9999958582971987
0.999995789118994
0.9999948111721975
0.99999307751053
0.9999908996816773
0.9999886643612179
0.9999867543145666
0.999985519528301
0.9999851969104545
0.9999858670920654
0.999987428130444
0.9999895927306515
0.9999919918344381
0.9999941460396496
0.9999956537953031
0.9999962328850486
0.9999957317108028
0.9999942959923469
0.999992203276318
0.9999898887775517
0.9999878137074913
0.9999863991624566
0.9999859249549857
0.9999864637011079
0.9999879211308308
0.9999899691898565
0.9999921924621421
0.9999941299103364
0.99999539877531
0.9999957309409298
0.9999950602054735
0.9999935181389257
0.999991372965467
0.9999889813707745
0.9999867909841755
0.9999851456528704
0.9999843345648557
0.9999845168884134
0.9999856750894396
0.9999875895909195
0.9999899207340939
0.9999922518208476
0.9999941607109021
0.999995307772414
0.9999954621730218
0.9999946313085006
0.9999929686738954
0.9999907955065155
0.9999885371121138
0.9999866512595744
0.9999855144818747
0.9999853710480904
0.9999862489235828
0.9999879755399455
0.9999901908924981
0.9999924409227756
0.9999942614809095
0.9999952889756336
0.9999952999532009
0.9999943028796644
0.9999924705954066
0.9999901454177009
0.9999877692605412
0.9999857616237409
0.9999844631069714
0.9999841150106374
0.9999847732897599
0.999986312803977
0.9999884231328966
0.9999907266927456
0.9999928045067853
0.9999942513631705
0.9999948318313813
0.9999944269471027
0.9999931285591575
0.9999911539413011
0.9999888852371844
0.9999867578846836
0.9999851654234501
0.9999844101736404
0.9999846589934278
0.9999858717690553
0.9999878239916316
0.9999901270310676
0.99999232699152
0.9999939754340686
0.9999947459883595
0.9999944631967586
0.9999932099403428
0.999991230389819
0.9999888724833931
0.999986610923409
0.9999848763226686
0.999983986338489
0.9999840811229609
0.9999851481571697
0.9999869702636947
0.9999891810765581
0.9999913690913025
0.9999931002358048
0.9999940497098876
0.9999940379928932
0.9999930687833147
0.9999913264478332
0.9999891104805029
0.9999868142195538
0.99998489536985
0.9999836761656691
0.9999833804119094
0.9999840881381011
0.9999856977350867
0.9999878561081157
0.9999901850084242
0.9999922307070389
0.9999936028067207
0.9999940429093945
0.9999934535279892
0.9999919322546397
0.999989807647464
0.9999874758728545
0.9999853869250367
0.9999839460036759
0.9999834294306996
0.9999839183068412
0.9999853178797958
0.9999873436276102
0.9999896110292077
0.9999916577771786
0.9999930503672834
0.9999935835563308
0.9999930826637056
0.9999916665470029
0.999989605610277
0.9999872514438614
0.999985055791282
0.9999833859757136
0.99998257676737
0.9999827733168815
0.9999839327006658
0.9999858277365797
0.9999881305589794
0.9999903708577154
0.9999921511778743
0.9999931380203495
0.9999931416668555
0.9999921601710035
0.9999903655483843
0.9999881297596042
0.999985850773646
0.9999839854658304
0.9999828850379138
0.9999827584534691
0.9999836295397017
0.9999853408831184
0.9999875408920202
0.9999898165766868
0.9999916673291367
0.9999927711808901
0.9999928990029308
0.9999920148172153
0.9999902947278322
0.9999880592517538
0.999985707414829
0.9999836930759224
0.9999823790195015
0.9999819914988398
0.9999826473190657
0.9999841596625777
0.9999862597515182
0.9999885588980071
0.9999906106373784
0.999992018053053
0.9999925122709459
0.9999920167513588
0.9999905901940218
0.9999885486835183
0.9999862262451099
0.9999840991763962
0.9999825226096849
0.9999818023998339
0.999982087188897
0.9999833449186977
0.9999853059587
0.999987601447175
0.9999897774782489
0.9999913795071658
0.9999921302618668
0.9999918634116123
0.9999906272789498
0.9999886649938015
0.9999863317689588
0.9999840914530158
0.9999823132473529
0.9999813735344397
0.9999814160999028
0.9999824494277064
0.9999842544205295
0.9999864823660177
0.9999886980697543
0.9999904682707165
0.9999914897240461
0.9999915221052412
0.9999905666151502
0.9999887908657588
0.9999865471197823
0.9999842497009531
0.9999823100279717
0.9999811023826615
0.9999808153436968
0.9999815391304099
0.999983132749429
0.9999853178602124
0.9999876168633647
0.9999896118308031
0.9999909042760208
0.999991265066593
0.9999905844120066
0.9999890439454352
0.9999869059589932
0.9999845485663719
0.9999824392686697
0.9999809951546632
0.9999804757349854
0.9999809541352461
0.9999823708292321
0.9999844071525777
0.9999866875472632
0.9999887765056036
0.9999902409174172
0.9999908270353323
0.9999903790498377
0.9999890126773933
0.9999869915958198
0.9999846666441787
0.9999824760890642
0.9999808088259379
0.999979978374444
0.9999801648685201
0.9999813107739697
0.9999832171984977
0.9999855057889081
0.9999877389802437
0.9999894537044296
0.9999903639368671
0.9999902885824371
0.9999891984345285
0.9999873662839548
0.9999850875364147
0.9999828149731537
0.9999809586832169
0.9999798596170066
0.9999797343970523
0.9999806121778227
0.9999823103480456
0.9999845184782913
0.9999867999182197
0.9999886925926559
0.9999898475890456
0.9999900335432333
0.9999892051061705
0.9999875332727642
0.9999853178579737
0.9999829934846093
0.9999809740433716
0.9999796546703323
0.9999792799004205
0.9999799180820503
0.9999814090525047
0.9999835009896973
0.999985784200895
0.9999878219120965
0.9999892070587432
0.999989681482438
0.9999891561603097
0.999987726203208
0.9999856506398607
0.9999833084432688
0.9999811615968478
0.999979583721068
0.9999788812830175
0.9999791709887581
0.9999804136475542
0.9999823791927912
0.9999846686802546
0.9999868068157133
0.9999884200510362
0.9999891712074266
0.9999889087732372
0.9999876799501428
0.9999857230567724
0.9999834097398895
0.9999811427160076
0.9999793668156862
0.9999784198439107
0.9999784656191467
0.9999795088860355
0.9999812909382936
0.999983523784229
0.9999857362615265
0.9999875267856244
0.9999885467915767
0.9999885763308615
0.9999876339773189
0.999985878957596
0.9999836283792114
0.999981294892235
0.9999793520396014
0.9999781363061784
0.9999778674943395
0.9999785786480622
0.9999801632345172
0.9999823510942563
0.9999846423585329
0.9999866372165582
0.9999879106697299
0.9999882504437023
0.9999875662566381
0.9999859824158979
0.9999838294111778
0.9999815036540936
0.9999794128011942
0.9999779360874506
0.9999773626482209
0.9999778216546998
0.9999792084956237
0.9999812364809684
0.9999835252972678
0.999985622257856
0.9999871248523565
0.9999877456287831
0.9999873599054248
0.9999860096548419
0.9999839813936716
0.9999816582384624
0.9999794819129117
0.9999778260625235
0.9999769858053683
0.9999771626910954
0.9999782863612658
0.9999801780226694
0.9999824313082957
0.9999846466821392
0.9999863675492355
0.9999872520535265
