0.9999999481506798
0.999999736911964
0.9999999475779447
0.9999997428016432
0.9999999414721038
0.999999753810699
0.9999999293725534
0.9999997670968347
0.9999999081938598
0.9999997682781381
0.9999998708016862
0.9999997483504113
0.9999998328896255
0.9999997279727559
0.9999998099119852
0.999999717912849
0.9999998014904284
0.9999997059371903
0.999999768383826
0.9999996667247003
0.9999996939079465
0.9999996049745693
0.9999995967200005
0.9999995502098874
0.9999995218047105
0.9999995300664247
0.9999994609290431
0.9999994984175993
0.9999993653524456
0.9999994054433125
0.9999992149318921
0.9999992733225244
0.999999057528756
0.9999991612574727
0.9999989697813374
0.9999990931305798
0.999998886560912
0.999999005668217
0.9999987731541409
0.999998883836763
0.9999986432916579
0.9999987593305741
0.9999984845664875
0.9999986136108852
0.9999983486520275
0.999998499168674
0.9999982236481223
0.9999983750915269
0.9999980936087302
0.9999982359055725
0.999997927082395
0.999998033226386
0.9999977615328227
0.9999978959138766
0.9999976488421928
0.9999977864724355
0.9999975338652407
0.9999976385864991
0.9999974000956605
0.9999974882384463
0.9999972447222263
0.9999973059052126
0.9999970915679912
0.9999971454284377
0.9999969440338753
0.999996958127252
0.9999968089555314
0.9999967953827963
0.9999966753180548
0.9999966336418942
0.999996503270396
0.9999964416434424
0.9999963679219267
0.9999962583959844
0.9999962186446529
0.9999961174760517
0.9999960830015181
0.9999959459465276
0.999995954414372
0.9999957759309209
0.999995781022195
0.9999956199813587
0.9999956622613834
0.9999954617352943
0.9999955310042165
0.9999952727964079
0.9999953528420488
0.9999950999656038
0.99999522245938
0.9999949562130124
0.9999950625817231
0.9999947951181917
0.9999949143289636
0.9999946293214971
0.9999947603212771
0.9999945047052523
0.9999946050155206
0.9999942784103141
0.9999944233102116
0.9999941394865669
0.9999942726942557
0.9999939660011996
0.9999940901834186
0.9999938483358717
0.99999395895564
0.9999936839385449
0.9999937917719011
0.9999935554510008
0.9999936555076381
0.9999933911636743
0.9999934282161677
0.9999931893992557
0.9999932315266609
0.9999930578428157
0.9999930777415522
0.9999929132248477
0.9999929255786852
0.9999927193785202
0.9999927358666922
0.999992588468972
0.9999925398391064
0.9999924197631507
0.9999923228842225
0.9999922618317882
0.9999921505409152
0.999992072366145
0.9999919374225589
0.9999918597242683
0.9999916693766201
0.9999916564215462
0.9999914732366064
0.9999915149799002
0.9999913306318581
0.9999914026766372
0.9999912007948643
0.9999912318660098
0.9999909585330915
0.9999910679588955
0.9999908400814623
0.9999909531748683
0.9999906941407477
0.9999908126065856
0.9999905421971373
0.9999906638386414
0.999990412139103
0.9999905992420695
0.9999903193894978
0.9999904604165754
0.9999901642800014
0.9999902633447509
0.9999899442611155
0.9999900614030068
0.999989831208626
0.9999899490321897
0.999989654364698
0.9999897571080489
0.9999895301890106
0.9999896169616439
0.9999894035285871
0.9999895644027389
0.9999893670504082
0.9999893984646714
0.9999891211229801
0.9999891175196977
0.9999889183105105
0.9999888830953549
0.9999887098864202
0.9999887187796195
0.9999885707520396
0.999988517779931
0.9999884105579518
0.9999883586445537
0.9999882997944273
0.9999882306975577
0.9999881944269212
0.999988031234125
0.999988011390652
0.999987895818264
0.9999879478553357
0.9999877845259515
0.9999878186777394
0.9999875980240756
0.9999876583595888
0.9999874435057565
0.9999875113168532
0.9999872865712777
0.9999873851192456
0.9999871307616323
0.999987225423377
0.9999869343272805
0.9999870248197822
0.9999867987632478
0.9999869271694009
0.9999866720943391
0.9999867668450988
0.9999865201519056
0.9999866670485016
0.9999863882222136
0.9999864996759275
0.9999861178425296
0.9999862372237195
0.9999859596066559
0.9999860525062664
0.9999857871613816
0.9999858986668183
0.9999856291577683
0.9999857649623745
0.999985503612368
0.9999855984765058
0.9999853632265051
0.9999854438720074
0.9999851842225583
0.999985234492167
0.9999850201708996
0.9999850307677092
0.9999849083453646
0.9999849043989347
0.9999848087387292
0.9999848211897057
0.9999846825793782
0.999984580447365
0.9999844537701899
0.9999843761401777
0.9999842682290133
0.9999841347426394
0.9999840146626211
0.9999838555448258
0.9999838710223484
0.999983766932302
0.9999837816904381
0.999983600859382
0.9999836298953089
0.9999833951539403
0.9999834979552019
0.99998320117947
0.9999833223951934
0.9999830657562183
0.9999832751442098
0.999982977390825
0.9999830724820112
0.9999827688753984
0.999982874850542
0.9999825685590568
0.9999826579586889
0.9999823068434478
0.9999824589022439
0.9999821084372655
0.999982263278648
0.9999820144536636
0.9999820966036634
0.9999818398841704
0.9999819780810844
0.9999816940632835
0.9999817971738142
0.9999815606202824
0.999981697252114
0.9999814017615479
0.9999814870211906
0.9999813017978312
0.9999814160826155
0.9999811668776905
0.9999812320146556
0.9999810482604812
0.9999811080915815
0.9999808919265367
0.9999808822808265
0.9999807442852864
0.9999807548953652
0.9999805722683853
0.9999805436031541
0.99998051473529
0.9999804694747106
0.9999803549753569
0.9999801897503356
0.9999801665407653
0.9999800116253726
0.999979988429238
0.999979837680835
0.9999798564198312
0.9999796906373257
0.99997970796276
0.99997954003954
0.9999795077378233
0.9999793135151787
0.9999794041421352
0.9999791328152441
0.9999791793766329
0.9999789939104589
0.9999790822993968
0.999978842250243
0.999978991159257
0.9999786898997519
0.9999788060781813
0.9999785433317381
0.9999787146819984
0.999978381992141
0.9999784906113591
0.9999782344773771
0.9999782972241146
0.9999780477773905
0.9999781219429261
0.9999778757411547
0.9999779933800147
0.9999776870620329
0.9999778089825088
0.999977528814273
0.9999776444640792
0.9999773884473243
0.9999774503650125
0.9999771869967332
0.999977257074313
0.9999771038009081
0.9999770982773319
0.9999769211916308
0.9999769308322058
0.999976712911982
0.9999767214115701
0.9999766195677274
0.9999767266800504
0.9999766427984739
0.9999765745105206
0.9999764640314541
0.9999763955235245
0.9999763247487173
0.999976215455159
0.9999762055590687
0.9999760597379345
0.9999760525042788
0.9999759089024055
0.9999759216694433
0.9999757242769521
0.9999757104118058
0.9999755499903313
0.9999756187540226
0.9999754911314294
0.9999755731305059
0.9999752214300248
0.9999753645458884
0.9999751738461319
0.9999753031800168
0.9999750128263403
0.9999751442060675
0.9999748782532002
0.9999749603064281
0.9999747920558751
0.9999748609438912
0.9999745574911785
0.9999746662356072
0.9999743299542926
0.9999744264821296
0.9999742077487529
0.9999743875610805
0.999974172391891
0.999974368322811
0.9999740713652111
0.9999741758423425
0.9999738948072071
0.9999740215398153
0.9999737442439801
0.9999738338261414
0.9999736091211817
0.9999737355928424
0.9999735015792917
0.9999735695342419
0.9999733172099563
0.9999733762725833
0.9999732408464884
0.9999732054758977
0.999973044591817
0.9999730130834007
0.9999729815159634
0.9999729291058888
0.999972818503302
0.9999726960836487
0.9999726686881286
0.9999725191711489
0.999972490236146
0.9999723914220324
0.9999723315492253
0.9999721291871813
0.999972078933542
0.9999717954031712
0.9999718423516315
0.9999716302852143
0.9999716158733123
0.9999713931951433
0.9999715123280104
0.9999712863463656
0.9999713251525663
0.9999711048883639
0.9999711571861811
0.9999708116156651
0.9999709311368287
0.9999706740696453
0.9999707549214883
0.9999704288805416
0.9999705783150967
0.9999702994636067
0.999970444213808
0.9999701376896599
0.9999702899487481
0.999969990931456
0.9999700045617275
0.9999697890797027
0.9999699141567417
0.9999696603009214
0.9999698207072714
0.9999695760720051
0.9999696695783038
0.999969396653086
0.9999694893066567
0.9999693090927912
0.9999693868569202
0.9999692621392334
0.9999693402346003
0.9999691806148329
0.9999692445203658
0.99996903190206
0.9999690285852955
0.99996892538352
0.9999689115541475
0.9999688591443671
0.9999687678376016
0.9999688127864893
0.9999687457902778
0.9999687192113781
0.9999686204032888
0.9999686059187928
0.9999684588479287
0.9999684820140774
0.9999683466531039
0.9999683792729278
0.999968180124251
0.9999682849888291
0.9999680716489603
0.9999681676914238
0.9999679286981433
0.9999680533629198
0.9999677876040572
0.9999678958974102
0.9999676663032768
0.9999677185169435
0.9999674476598864
0.9999675889328523
0.9999673505500141
0.9999675356872852
0.9999673172220359
0.9999674097645179
0.9999670826066828
0.9999672117402928
0.9999669558070257
0.9999670517834122
0.9999667352006865
0.9999669063388812
0.9999665973441414
0.9999666125097588
0.999966273804215
0.99996635576103
0.9999660823451343
0.9999661332345547
0.9999659273207345
0.9999660900832803
0.9999659363243889
0.9999659744609736
0.9999657629566355
0.9999658226031662
0.999965673082873
0.9999657357647
0.9999656316928403
0.9999655523721775
0.9999654110837674
0.9999653421323577
0.9999652142275495
0.9999650927540249
0.9999650417586626
0.9999649241410771
0.9999649449875665
0.9999648287140639
0.9999647814036866
0.999964671797433
0.9999647531490279
0.999964582005812
0.9999646465277264
0.9999643877663391
0.9999645396322987
0.9999644131582074
0.9999644852254462
0.999964272496648
0.999964422057763
0.9999640967757838
0.9999642166566766
0.9999639590771087
0.9999640555089129
0.9999637329641007
0.9999639332142652
0.9999636437229203
0.9999638066342927
0.9999635332076822
0.9999636595386173
0.9999631891338513
