0.999999848039217
0.9999994553807291
0.9999993019441995
0.9999997990333835
0.9999996314486894
0.9999992530038945
0.9999996726274566
0.999999770436975
0.9999992912064071
0.9999995139688614
0.9999998449208825
0.9999993975016658
0.9999993620058698
0.9999998356509376
0.9999995505417929
0.999999258398197
0.9999997287638085
0.9999997151880358
0.9999992509997481
0.9999995375013166
0.9999998275865146
0.9999993655901824
0.999999333200305
0.9999998170051851
0.9999995671617474
0.9999992247366171
0.9999996656238846
0.9999997582512852
0.9999992725059982
0.9999994499913594
0.9999998394963714
0.9999994374297841
0.9999992848723193
0.9999997822554464
0.9999996269446826
0.9999992322309665
0.9999996339005981
0.999999769579668
0.999999286053222
0.9999994654404707
0.9999998329252981
0.9999994073722523
0.9999993249590978
0.9999998099209136
0.9999995598076646
0.9999992415833142
0.9999997002687773
0.999999704980938
0.999999237083097
0.999999518200879
0.9999997979108398
0.9999993290942124
0.9999993178430099
0.9999997880972371
0.9999995032695971
0.9999991897775897
0.999999648996774
0.9999996908893164
0.9999992100072748
0.9999994311823317
0.999999790114272
0.9999993653228655
0.9999992424546542
0.9999997386759093
0.9999995624056554
0.9999991705013923
0.9999995688824652
0.9999997088111658
0.9999992192236877
0.999999370439959
0.9999997565789269
0.9999993460594552
0.9999992208835725
0.9999997118107344
0.9999995030997617
0.9999991523672074
0.9999995945401529
0.9999996435989431
0.9999991686836743
0.9999994225232612
0.9999997203706241
0.9999992550082643
0.9999992336436259
0.9999996966436947
0.999999401050866
0.9999990959087052
0.999999554708221
0.999999555654029
0.9999990783786167
0.9999993330955236
0.9999996545367594
0.9999992078040567
0.9999991289017592
0.9999996216039688
0.9999994096598326
0.9999990365284078
0.999999452836712
0.9999995683853661
0.9999990730511154
0.9999992284171673
0.9999996100863382
0.9999992007544537
0.9999990498199639
0.9999995357196549
0.9999993522651878
0.9999989727767804
0.9999993918905488
0.9999994819001842
0.9999990007835078
0.9999992181141166
0.9999995487121204
0.9999990976932587
0.9999990454759127
0.999999515435928
0.9999992336179508
0.9999989150749159
0.9999993694820603
0.999999361882058
0.9999988770798659
0.9999991367749421
0.9999994287635254
0.9999989637678529
0.9999989130394753
0.9999993899269904
0.999999141648943
0.9999987948390004
0.9999992315179957
0.9999993118465915
0.9999988211122742
0.9999990027319864
0.9999993694667934
0.9999989505884103
0.9999988035025742
0.9999992853774108
0.9999990926537583
0.9999986974501304
0.9999991004473072
0.999999200125865
0.9999987061287817
0.9999988892039419
0.9999992456227795
0.9999988126596856
0.9999987263751182
0.9999992072703188
0.9999989568062723
0.9999986209890811
0.9999990643209727
0.9999990788438498
0.9999985910237333
0.9999988467984653
0.9999991289645533
0.9999986543059013
0.9999986030125299
0.999999072145757
0.9999987896006305
0.999998457515078
0.9999989038593163
0.9999989463671758
0.9999984611104883
0.9999986750800295
0.9999990200899899
0.9999985835244387
0.9999984690720369
0.9999989546430111
0.9999987395068962
0.9999983498401629
0.9999987462059351
0.999998835356237
0.9999983366483994
0.9999985036672109
0.9999988650273559
0.9999984307187471
0.9999983110971951
0.9999987965988908
0.9999985683991561
0.9999982095250305
0.9999986368959892
0.9999986866154713
0.9999982056890776
0.999998433595597
0.9999987443265804
0.9999982729546548
0.9999982147059154
0.9999986735122647
0.9999983799718537
0.9999980481592908
0.9999984955899265
0.9999985155701338
0.9999980207741849
0.9999982534169394
0.9999985719463059
0.9999981159707187
0.9999980243591455
0.9999985072286816
0.9999982807716904
0.9999979035214174
0.9999983256878718
0.9999984087181719
0.9999979138497381
0.9999980811751528
0.9999984336535797
0.999997987349643
0.9999978637916862
0.9999983435708752
0.9999981323760921
0.9999977518208459
0.9999981778273911
0.9999982468860551
0.9999977560290432
0.9999979601564526
0.9999982941428037
0.999997837367597
0.9999977576165664
0.9999982317798609
0.9999979755507098
0.9999976287329082
0.9999980546828602
0.9999980715261825
0.9999975894131156
0.9999978268071679
0.9999981368459416
0.9999976761132998
0.9999975871498616
0.9999980620467679
0.9999978053566639
0.9999974470516099
0.9999978757788602
0.9999979444667012
0.999997450747324
0.9999976400047618
0.9999979830978324
0.9999975441407654
0.9999974143729062
0.9999978908464882
0.9999976606528613
0.9999972749891631
0.9999976797927119
0.9999977466746285
0.9999972349067805
0.9999974178719638
0.9999977552820137
0.9999973116626891
0.9999972184460216
0.9999976750434285
0.9999974251079973
0.9999970721368308
0.9999975201251623
0.9999975506249836
0.999997057568526
0.9999972864462966
0.9999975810259555
0.9999971166017311
0.9999970470143255
0.9999975006619523
0.9999972296772147
0.9999968678233649
0.999997298677826
0.9999973423371015
0.9999968384754535
0.9999970478527057
0.9999973769370243
0.9999969286321871
0.9999968214835384
0.9999972950084275
0.9999970620747364
0.9999966798556861
0.9999971044622564
0.9999971842416069
0.9999966867823853
0.9999968643060871
0.9999971887480334
0.9999967405292932
0.999996630418214
0.9999971043062292
0.9999968639571766
0.9999964923535714
0.999996919912792
0.9999969673877667
0.9999964646608815
0.9999966830227441
0.999996995873404
0.999996519163782
0.9999964323215763
0.9999969014715894
0.999996645904281
0.9999962901310692
0.9999967167499768
0.9999967484334689
0.999996249060637
0.9999964716141247
0.9999967895912173
0.9999963265764863
0.9999962254247696
0.9999967113722392
0.9999964689670556
0.9999961010333035
0.9999965266969258
0.9999965936878439
0.9999960883612249
0.9999962906769657
0.9999966245712238
0.9999961679527231
0.9999960509523963
0.9999965322709419
0.9999962998627899
0.9999959250221139
0.9999963565641694
0.9999964082382571
0.9999959023698577
0.9999961029588951
0.9999964199628665
0.9999959498637597
0.9999958535442613
0.9999963154622675
0.9999960689616112
0.9999956962794015
0.9999961440874544
0.9999961779958735
0.9999956844618496
0.9999959061104605
0.9999962315725037
0.9999957648776109
0.9999956630746923
0.9999961367811195
0.99999587969694
0.9999955122823857
0.9999959239878731
0.9999959944677466
0.999995490958337
0.9999956846042096
0.9999960300861571
0.999995570582862
0.9999954689452152
0.9999959466109567
0.999995697826011
0.9999953293302959
0.9999957643552816
0.9999958060426396
0.999995302161775
0.9999954996514009
0.9999958028103918
0.9999953625661836
0.9999952401657104
0.9999957145726659
0.9999954629638533
0.9999951173942367
0.9999955377760061
0.9999955870908296
0.9999951048467146
0.9999953075387521
0.9999956194121372
0.999995157909506
0.9999950802263128
0.9999955369027437
0.9999952849867637
0.9999949326513964
0.999995347172278
0.9999954091405476
0.9999949114033867
0.9999951043301764
0.9999954326563179
0.9999949724523404
0.9999948793861059
0.9999953321997482
0.9999950954547149
0.999994735704757
0.9999951453125686
0.9999952032087915
0.9999946992309815
0.9999948737733962
0.9999952080051996
0.9999947572899787
0.9999946624112795
0.9999951445260352
0.9999948921049622
0.9999945162959762
0.9999949443818528
0.9999949984852442
0.9999944865559446
0.999994701242614
0.9999950259670949
0.9999945785437183
0.9999944755469354
0.9999949384796383
0.999994681989869
0.9999943274005544
0.9999947601191089
0.9999948073284743
0.9999943113036784
0.9999945186240288
0.9999948199359383
0.9999943537488275
0.9999942710735155
0.9999947569809531
0.9999945170353274
0.999994156338053
0.9999945770099412
0.9999946247465301
0.999994109695296
0.99999432174795
0.9999946606248372
0.9999942048195596
0.9999941007481965
0.9999945591454807
0.9999943148575104
0.9999939345749236
0.9999943557537361
0.9999944151138906
0.999993906514568
0.9999941102416898
0.999994424495148
0.9999939617872831
0.9999938681081909
0.9999943509773913
0.9999940968758555
0.9999937301110047
0.9999941464063012
0.9999941904377145
0.9999937184801504
0.9999939001168848
0.9999942166042236
0.9999937599994203
0.9999936640923651
0.9999941315890718
0.9999939083233971
0.9999935331113048
0.999993962161314
0.9999940228612613
0.9999935316498665
0.9999937390481148
0.9999940690779082
0.9999936073872414
0.9999935141201935
0.9999939863191225
0.9999937503702105
0.9999933725524525
0.9999938132708178
0.9999938558766094
0.999993374370772
0.999993567658625
0.9999939005079928
0.9999934432865757
0.9999933546496896
0.9999938186027632
0.9999935851387413
0.9999932195459037
0.9999936250981473
0.9999936729578113
0.9999931859352132
0.9999933672528718
0.9999936994988187
0.9999932287749967
0.9999931481132863
0.9999935889377981
0.999993350606391
0.9999929782226805
0.9999934167999791
0.9999934713581224
0.999992971569812
0.9999931690361463
0.9999935168414177
0.9999930484547372
0.9999929654845002
0.9999934396368798
0.999993188408526
0.9999928350199915
0.9999932540005819
0.9999933250629685
0.9999928290102428
0.9999930435688243
0.9999933852289165
0.9999929239201305
0.999992840481908
0.9999933025762642
0.99999306279342
0.9999926967390752
0.9999931082244712
0.9999931695079116
0.9999926867063905
0.9999928956307842
0.9999932081142708
0.9999927638057052
0.9999926709850232
0.9999931502832032
0.9999929024875794
0.9999925485806107
0.999992974800646
0.9999930380981226
0.9999925415212089
0.9999927570848841
0.9999930766279023
0.9999926265206022
0.9999925400451006
0.9999929956968747
0.9999927471182064
0.9999923875934723
0.9999928151467388
0.9999928745865677
0.9999923837375709
0.9999925874769999
