0.9999997834004513
0.9999993405060176
0.9999989269592042
0.999999317671442
0.9999997767782354
0.999999357561425
0.9999989145711866
0.999999266013679
0.999999768283475
0.9999994060741234
0.9999989214190445
0.9999992163271428
0.999999758262058
0.9999994579735705
0.9999989438291971
0.9999991955460307
0.9999997546213287
0.999999482989027
0.9999989622347581
0.9999992114563258
0.9999997629909143
0.9999994688711271
0.9999989663743645
0.9999992550906168
0.9999997768923736
0.9999994248614865
0.9999989594538338
0.9999993040331238
0.999999782811592
0.9999993717973514
0.9999989438266836
0.9999993296604587
0.999999775614054
0.9999993338621863
0.9999989202219582
0.9999993133740721
0.9999997622664175
0.9999993307724624
0.9999988985268072
0.9999992647689174
0.9999997516628193
0.9999993678288822
0.9999988969959703
0.9999992117413148
0.999999740668477
0.999999418289986
0.9999989109041673
0.999999174155921
0.9999997264877116
0.9999994438605192
0.9999989215990793
0.999999168336614
0.9999997200808896
0.9999994329275413
0.9999989213643667
0.9999991938326559
0.9999997253427427
0.9999993921466471
0.9999989125984843
0.9999992377352134
0.9999997325023064
0.9999993411394228
0.9999988986882664
0.9999992677485964
0.9999997239778463
0.9999992906753805
0.9999988687612752
0.9999992546769857
0.9999996998955814
0.9999992617258685
0.999998831530823
0.9999992043427675
0.9999996769694718
0.9999992757323726
0.9999988164796192
0.999999149209064
0.9999996631444934
0.999999318170792
0.9999988226424507
0.9999991032701316
0.999999645158474
0.9999993448694373
0.9999988219062285
0.9999990713457331
0.999999614414045
0.9999993214518897
0.9999988032887664
0.9999990647173241
0.9999996012234662
0.9999992812894671
0.9999987888611118
0.9999990958025764
0.9999996037590756
0.9999992301683298
0.9999987727955478
0.999999124427851
0.999999590996689
0.9999991679994921
0.9999987328357669
0.9999991056250345
0.9999995470203648
0.9999991057155129
0.9999986699571048
0.9999990438343499
0.9999995069356395
0.9999990920580452
0.9999986389702769
0.9999989816067836
0.9999994815960075
0.999999115084503
0.9999986326576111
0.9999989279806707
0.9999994564271928
0.9999991287966129
0.9999986119526627
0.9999988691984159
0.9999994045243416
0.9999990932069127
0.9999985719050142
0.999998826461044
0.9999993552514304
0.999999036132416
0.9999985335398283
0.9999988237774916
0.9999993385000113
0.9999989798308566
0.9999985092987775
0.9999988444665958
0.9999993284087079
0.999998924708959
0.999998472872285
0.9999988321139636
0.9999992848338313
0.999998850870316
0.9999984107509257
0.9999987726375724
0.9999992289755497
0.9999988073959954
0.9999983556919364
0.999998704332043
0.9999991861070878
0.9999988003393863
0.999998324026229
0.9999986352009458
0.9999991497394444
0.9999988009895465
0.9999982966917367
0.9999985713516184
0.9999991004974866
0.9999987758564303
0.9999982579582447
0.9999985142408189
0.9999990391142645
0.9999987094485269
0.999998202207713
0.9999984765888487
0.9999989935365337
0.9999986454168047
0.999998161729606
0.9999984808645346
0.9999989730976335
0.9999985835345231
0.9999981211698735
0.9999984671237652
0.9999989334833935
0.9999985137364977
0.9999980513310618
0.9999983999823503
0.999998855351061
0.9999984322894659
0.9999979697438423
0.9999983223676953
0.999998796409268
0.999998400616709
0.9999979281513383
0.9999982492653013
0.9999987536814405
0.9999983893706299
0.9999978948805565
0.9999981868606116
0.9999987065109116
0.9999983558161647
0.9999978416497008
0.9999981077181377
0.9999986301224667
0.9999982991863511
0.99999779190881
0.9999980642880074
0.9999985865727682
0.9999982350618676
0.9999977415605065
0.9999980476088035
0.999998549487573
0.9999981645411988
0.9999976896151275
0.9999980213407901
0.9999984897789103
0.9999980805743971
0.9999976229825823
0.9999979644919387
0.9999984295501404
0.9999980079005791
0.9999975456758976
0.9999978826533059
0.9999983551248527
0.9999979500747184
0.9999974765738104
0.9999977864335495
0.9999982827849091
0.9999979000556216
0.9999974177570331
0.9999977189133565
0.9999982274395355
0.9999978809515981
0.9999973766143777
0.9999976545552299
0.9999981545415604
0.9999978100440764
0.9999973030913946
0.9999975798571259
0.999998082982909
0.9999977311825994
0.99999723589628
0.999997528770862
0.9999980249647701
0.9999976453226979
0.9999971629940609
0.9999974733992261
0.999997948407063
0.9999975398809079
0.9999970687523542
0.9999973900523278
0.9999978521436985
0.999997434921063
0.9999969582296607
0.9999972937470487
0.9999977704204269
0.9999973748969364
0.9999969032361631
0.9999972374729394
0.9999977232143318
0.9999973266967613
0.9999968456662272
0.9999971546231807
0.9999976600098801
0.9999972887104395
0.9999967906733551
0.9999970647944473
0.999997578030456
0.9999972240771873
0.9999967153824925
0.9999969890893798
0.9999975060944246
0.9999971517131201
0.9999966463880182
0.9999969466324437
0.9999974657942785
0.9999970979036231
0.9999966058515354
0.9999969049488422
0.9999973838704224
0.9999970027951463
0.9999965273685506
0.9999968424290914
0.9999973200627141
0.9999969090695257
0.999996433687663
0.9999967562785644
0.9999972340079529
0.9999968333730554
0.9999963569246682
0.9999966656241143
0.9999971493548151
0.9999967595199672
0.9999962756785277
0.9999965805558544
0.9999970735738744
0.9999967020532077
0.9999961994094639
0.9999964920635547
0.9999969861269381
0.9999965922604505
0.999996086149505
0.9999963790257496
0.999996878279953
0.9999964994504819
0.9999960022149009
0.9999962913554533
0.9999967852634989
0.9999964293458049
0.9999959262809697
0.9999962361850855
0.9999967230175818
0.9999963487143597
0.9999958588557657
0.9999961710101095
0.9999966538358729
0.9999962585123819
0.9999957839687605
0.999996104493149
0.9999965715013953
0.9999961725796163
0.9999956827453306
0.9999960075438274
0.9999965044424056
0.999996124985842
0.9999956299538137
0.9999959286159155
0.9999964139822421
0.999996035613996
0.9999955534638414
0.9999958615133091
0.9999963575990941
0.9999959885921098
0.9999954851412958
0.99999579651478
0.9999962783069415
0.9999959088785253
0.9999954142023085
0.9999956923827438
0.9999961889056092
0.9999958233605877
0.9999953279178394
0.9999956282417927
0.9999961267959944
0.9999957463631745
0.9999952515898684
0.9999955492100785
0.9999960281342937
0.9999956391050241
0.9999951569027391
0.9999954690977697
0.9999959572265615
0.999995556830113
0.9999950757746066
0.999995385948284
0.9999958583970863
0.9999954668684858
0.9999949733840583
0.999995289218711
0.9999957734453693
0.9999953902978169
0.9999948920678878
0.9999952068955639
0.9999957089868358
0.9999953466513264
0.999994849296071
0.999995162325502
0.9999956724749899
0.99999528398208
0.999994797057546
0.9999950886521437
0.9999956000221272
0.999995215525187
0.9999947133145973
0.9999950283713628
0.9999955069944159
0.9999951290116824
0.9999946320495295
0.9999949337541881
0.9999954306907798
0.9999950343194124
0.9999945530534751
0.9999948749144408
0.9999953665658391
0.9999949643993963
0.9999944795071861
0.9999947864531297
0.9999952702017251
0.9999948744849395
0.9999943867731418
0.9999946910934381
0.9999951790103142
0.9999948001448314
0.9999943017275298
0.9999946151089674
0.9999950951442385
0.9999947185479403
0.9999942214967915
0.9999945229474296
0.9999949975209116
0.9999946078829414
0.9999941098507354
0.9999944141640891
0.9999949249091592
0.9999945444756594
0.9999940509283236
0.9999943416564788
0.9999948328766134
0.9999944540789478
0.999993973135646
0.9999942701797032
0.9999947532862916
0.9999943821714505
0.9999939082282342
0.9999942250660515
0.9999947129547427
0.9999943156742498
0.9999938221707972
0.9999941486162424
0.9999946280611849
0.9999942313535232
0.9999937309697353
0.999994028784809
0.9999945220952152
0.9999941038629351
0.9999936119245159
0.9999939108258382
0.9999944053625118
0.9999940280696699
0.9999935314028294
0.9999938389962353
0.9999943436631314
0.9999939539322737
0.999993451845301
0.9999937634878248
0.9999942445618973
0.9999938811598342
0.9999934077542788
0.9999937118946226
0.9999942165449494
0.9999938388178098
0.9999933358354983
0.9999936351758131
0.9999941111278267
0.9999937191996905
0.9999932390701306
0.9999935410787582
0.9999940189775035
0.9999936255411791
0.9999931304014135
0.9999934380766742
0.9999939230892155
0.9999935320496263
0.999993057900309
0.9999933574006505
0.9999938374979501
0.999993451619318
0.9999929712612852
0.9999932740385814
0.999993766753762
0.9999933974348941
0.9999928983507026
0.9999931880794379
0.9999936831943441
0.9999933072599649
0.9999928103720773
0.9999931056091653
0.999993609845712
0.9999932375606355
0.9999927283850722
0.9999930317720622
0.9999935339393154
0.9999931562222204
0.9999926554674534
0.9999929761262158
0.9999934730447437
0.99999306947683
0.9999925660695087
0.9999928634489257
0.9999933561211312
0.9999929795951935
0.9999924994938577
0.9999928253403364
0.9999933052873384
0.9999929209069832
0.9999924303134798
0.9999927525886357
0.9999932433920554
0.9999928824945882
0.9999923969101431
0.9999926975220981
0.9999931730235493
0.9999927868577875
0.9999922947387232
0.9999925963711843
0.999993077832338
0.9999926847542505
0.9999921943580536
0.9999924790871585
0.9999929623486448
0.9999925729738934
0.999992078379551
0.9999923638765028
0.9999928558654948
0.9999924769562263
0.9999919768260727
0.9999922716401629
0.9999927720873857
0.9999924039824322
0.9999919206370421
0.9999922163754793
0.9999927060389664
0.9999922888373695
0.9999918081458289
0.9999921232478072
0.99999263569905
0.9999922667950999
0.9999917641639152
0.999992069938019
