0.9999990477173444
0.99999854858603
0.9999973043129583
0.999996092529681
0.9999957211251742
0.9999964317188785
0.9999977515920421
0.9999988622493888
0.999999092058777
0.9999982517593783
0.9999967540168619
0.9999954030455772
0.9999948869200318
0.9999953817804788
0.9999965577740776
0.999997835565051
0.9999986386600163
0.9999985990135443
0.999997701659165
0.999996392390108
0.9999953884233184
0.9999953058181589
0.99999617740513
0.9999975143964932
0.9999985596946107
0.9999987108387319
0.9999978333759856
0.9999964028986065
0.9999952664907182
0.9999950426906803
0.9999957677260259
0.9999969400296113
0.9999979061225394
0.9999981233047965
0.9999974187797115
0.9999960892536225
0.9999947805803681
0.9999941487355938
0.999994510981074
0.999995635104163
0.9999969414731195
0.9999977498795711
0.9999976116560932
0.9999965370647712
0.9999950984412758
0.9999941193412664
0.9999941510309512
0.9999950707142632
0.9999963090318563
0.999997151205963
0.9999970747195246
0.9999960731201205
0.9999945978307357
0.9999933913978377
0.999993095941923
0.9999937882424605
0.999995060395766
0.9999961889958717
0.999996606644338
0.9999960527582501
0.9999947425402208
0.999993375090213
0.9999926701418651
0.999993017396765
0.9999941341613864
0.9999953223268659
0.9999959720886177
0.9999956480650011
0.9999944557332656
0.9999929601511381
0.9999919870950316
0.9999920538286715
0.9999929680290432
0.9999941988916942
0.9999951143016924
0.9999951438599335
0.999994206731414
0.9999927587066284
0.9999915585069282
0.9999912342524395
0.9999918912719741
0.9999931421407906
0.9999942343613412
0.9999946170851078
0.9999939967911892
0.9999926139390836
0.9999912115807943
0.99999055475951
0.9999909194251928
0.9999920228548912
0.9999932748251943
0.9999939268652691
0.9999936605533672
0.9999924818983229
0.9999910279670159
0.9999900362965422
0.9999900570030338
0.9999909827807772
0.9999922169275133
0.999993103814621
0.9999931548972312
0.9999922279575375
0.9999907906549808
0.999989549244937
0.9999892418791289
0.9999899052871049
0.9999911146144882
0.9999921766306964
0.999992514550751
0.9999919284276523
0.999990556254883
0.9999891674239941
0.999988559386665
0.9999889123588342
0.9999900090486444
0.9999912071050303
0.9999918239172787
0.999991530941863
0.9999903774820291
0.9999888811473414
0.9999879150633423
0.9999879331740065
0.9999888408594109
0.999990132385072
0.9999910210205779
0.9999910457802683
0.999990113988071
0.9999886322519693
0.9999874267022
0.999987111140349
0.9999877567986024
0.9999889683846614
0.9999900081132124
0.9999904030187705
0.999989773166775
0.999988464779682
0.9999870954980303
0.9999864425007128
0.9999868457769264
0.9999879613095545
0.9999891514619224
0.9999898288459509
0.9999895280182418
0.9999883761441842
0.9999869443071461
0.9999860414813913
0.9999860081649837
0.9999869765747167
0.999988256435232
0.9999891631758843
0.9999891797981653
0.9999882226209401
0.9999867311050821
0.9999855059398767
0.9999851803263178
0.9999858566282752
0.9999871005382723
0.9999882119883253
0.999988547643326
0.9999879076400148
0.9999865479479197
0.9999851832994745
0.9999845132926104
0.9999848293051109
0.9999859178839321
0.9999871551224435
0.99998781913534
0.9999875243625225
0.9999863406351368
0.9999848513952647
0.9999838236924158
0.9999838540410231
0.9999847840548993
0.9999860823909664
0.9999869913262559
0.999987056909496
0.9999861641395407
0.9999846925667316
0.9999834343891982
0.9999830968006846
0.9999837860781591
0.9999850375342538
0.9999861255548586
0.9999864976309791
0.9999858842088164
0.9999845368597415
0.9999831362602467
0.9999824808634561
0.9999828417425616
0.9999839367943071
0.999985119049588
0.9999857669907122
0.9999854872433709
0.9999842959308973
0.9999828324875999
0.999981960228263
0.9999819619603945
0.9999828978544768
0.9999842192184153
0.9999850630134736
0.9999851366438094
0.9999842491041274
0.9999827852991363
0.9999815655270702
0.9999812474885476
0.9999818840207831
0.9999831110052539
0.9999842438621601
0.9999845887547304
0.9999839512167874
0.999982615202857
0.9999812306928397
0.9999805646392731
0.999980957547625
0.9999821082657602
0.9999832780743503
0.9999839836562692
0.9999836724768123
0.9999825112268186
0.9999810289686027
0.9999800638421065
0.9999800890388811
0.9999810129772829
0.9999822640328807
0.9999831486769054
0.9999832297890876
0.9999823313055023
0.9999808824446814
0.9999796773022672
0.9999793566030828
0.9999800775029806
0.9999813148145371
0.9999823961333938
0.9999826947653441
0.9999820418619374
0.9999807113107104
0.9999792950157189
0.999978544796902
0.9999789619393028
0.9999800733418405
0.9999812808114131
0.9999818514117339
0.9999815894794658
0.9999803650756077
0.9999788786434233
0.9999779073878912
0.9999779284361463
0.9999788697335767
0.999980105273092
0.9999810355281813
0.9999810538740574
0.9999800980641246
0.9999786035474719
0.9999773479655183
0.9999770713272832
0.9999777802594502
0.9999790520830999
0.9999801407491385
0.9999805098533918
0.9999798729840527
0.9999785051463238
0.9999771601242899
0.9999764802168603
0.9999768029893754
0.9999779397823235
0.9999792442716888
0.999979883204582
0.9999795595169895
0.9999783870768235
0.9999769636178051
0.9999759568707469
0.9999759340194625
0.999976797619138
0.9999780763170154
0.999978950871218
0.9999789917906232
0.9999781004400772
0.9999766866960437
0.9999754933702304
0.999975123345023
0.9999758415594664
0.9999770202951821
0.9999780925462113
0.9999784487922999
0.9999778313230042
0.9999764544823818
0.9999750390240746
0.9999743650372581
0.9999747354092017
0.999975860758509
0.9999771066408741
0.9999777566882504
0.9999774580649671
0.9999762654684398
0.9999748103239824
0.9999738313260396
0.9999738723725395
0.9999748676453866
0.9999761464129855
0.9999770705424078
0.9999771480337895
0.9999761650146476
0.9999747454780084
0.9999735842402706
0.9999733082714933
0.9999739705972825
0.99997523791967
0.9999763810298038
0.9999767084879224
0.9999761009568824
0.9999747299760599
0.9999733198925299
0.9999726243387222
0.9999729600164025
0.9999740627985705
0.999975355343093
0.9999759818430979
0.9999756569446301
0.9999744984748999
0.9999730280034186
0.9999721285247308
0.9999722082131639
0.999973053047251
0.9999743041348478
0.9999751858484617
0.9999751797142193
0.9999741971684494
0.9999727705359074
0.9999716376916806
0.9999712463752624
0.9999718603176929
0.999973049306916
0.9999740882680981
0.999974376379745
0.9999737518075319
0.9999723977897348
0.9999710266444559
0.9999704226107985
0.9999707874691022
0.9999718805734782
0.9999730785062738
0.9999737799964867
0.9999735654154118
0.9999724858460042
0.9999710380992651
0.9999700958049127
0.9999701012985129
0.9999709712435371
0.9999721901956337
0.9999731581437068
0.9999731941933149
0.9999723016729022
0.9999708448036665
0.9999696013045231
0.9999691935852161
0.9999698558283785
0.9999711613799742
0.9999722974986174
0.9999726326839988
0.9999720769469929
0.9999707331090053
0.9999693732764731
0.9999686995167707
0.9999690549910791
0.9999701820934082
0.9999714261879857
0.9999720654506828
0.9999717935479062
0.9999705981703765
0.9999691577415255
0.9999681291197549
0.9999681376578361
0.9999690578943758
0.9999703318468119
0.9999711912311606
0.9999711853608646
0.9999702807208376
0.9999688930553534
0.9999675951390484
0.9999672864935815
0.9999678987440476
0.9999691305671327
0.9999701458293578
0.9999705183747645
0.9999699120711424
0.9999685329321
0.9999671744709782
0.9999664702196954
0.9999668129678393
0.9999680099032251
0.9999692609762527
0.9999699675827098
0.9999696419692253
0.9999684180971596
0.999966990305022
0.9999659825157344
0.9999659861746379
0.9999668387653872
0.9999680639436945
0.9999689742972855
0.9999690026206569
0.9999680514504355
0.9999666255523589
0.9999654821548887
0.9999651324258083
0.9999657822292816
0.9999669553545998
0.999968055586201
0.9999683845909473
0.9999676541296448
0.9999662999994974
0.9999648717543022
0.9999642085514129
0.999964504911184
0.999965693201845
0.9999668361802785
0.9999674745476044
0.9999672673494331
0.9999661490961863
0.9999646201245754
0.9999636905183398
0.9999637412948303
0.9999646793215515
0.9999660665677266
0.999967010976553
0.9999669811776273
0.9999660315952968
0.9999645850966571
0.9999633984987856
0.999963053779463
0.9999637046121586
0.9999649728177801
0.9999660269252562
0.9999663765010618
0.9999658284679104
0.9999644879034556
0.9999631444654776
0.9999624966020313
0.9999628152044819
0.9999639390909838
0.9999651169478508
0.9999658034331718
0.9999655153912798
0.9999643616698023
0.9999628387563609
0.9999617970970879
0.9999617903349884
0.9999626945363822
0.9999639385257496
0.9999647946095788
0.999964874206761
0.9999639430322347
0.9999624866207046
0.9999613070325553
0.9999609795675427
0.99996166872368
0.9999629211180371
0.9999640468111869
0.9999644532537783
0.9999638911859786
0.9999625748571097
0.9999612886273773
0.9999605768413313
0.9999609112413271
0.9999619732220917
0.9999630666821301
0.9999637649222608
0.9999634553048838
0.9999622130822396
0.999960847164712
0.999959828461957
0.9999598743802711
0.9999608171600955
0.9999621413036102
0.9999630949057825
0.9999631278703358
0.999962172324724
0.9999607375880496
0.999959641418363
0.9999593026258203
0.9999600368732222
0.9999612559150195
0.9999624047616594
0.9999627702890749
0.9999621556365115
0.9999608577128617
0.9999593215738685
0.9999587145863027
0.9999590430684957
0.9999601806309475
0.9999614853116049
0.9999621585595654
0.9999617943984577
0.9999605998692208
0.9999591554893189
0.9999581398985111
0.9999581631993274
0.9999591070117352
0.9999604683024936
0.9999613639104493
