0.9999999031836785
0.9999995811340047
0.999999688795861
0.999999858526035
0.9999995179719472
0.9999998071995327
0.999999758745413
0.9999995268810828
0.9999998844713176
0.9999996461636679
0.9999996006891736
0.9999998965858976
0.9999995550330816
0.9999997175987415
0.9999998379955026
0.9999995162751466
0.9999998366762355
0.9999997243248052
0.9999995563589402
0.9999999001469646
0.999999599206037
0.9999996755900054
0.9999998642552665
0.9999995263198641
0.9999998196058126
0.9999997424201218
0.9999995534168996
0.9999998989296512
0.9999996042196098
0.9999996697128736
0.9999998648414045
0.99999952133639
0.9999998028169992
0.999999748487955
0.9999995266195791
0.9999998783197607
0.9999996159354912
0.9999996053922446
0.9999998726839869
0.999999522668273
0.9999997206275507
0.9999998020217404
0.9999994926621844
0.9999998248472937
0.9999996941694663
0.9999995307075795
0.9999998769185333
0.9999995813698306
0.9999996278834944
0.9999998489714057
0.9999994982384981
0.9999997516730628
0.9999997425325267
0.9999994930354262
0.9999998442672096
0.9999996010262282
0.9999995834911244
0.9999998446095111
0.999999497315666
0.999999728715424
0.9999997441735327
0.9999994844190385
0.9999998347100353
0.9999995995965903
0.9999995613316977
0.9999998308429093
0.9999994770065201
0.9999996753049294
0.9999997311607429
0.999999428277914
0.9999997645524208
0.9999995952500158
0.999999463618755
0.9999997975374272
0.9999994820262289
0.9999995627630839
0.9999997636175312
0.9999994153662267
0.9999996778546941
0.9999996674898193
0.9999994051765864
0.9999997513151833
0.999999527451029
0.9999994585243895
0.9999997492118159
0.9999994005959453
0.9999995691346751
0.9999996553765735
0.9999993468333433
0.9999996797393665
0.9999995099141089
0.9999994025251665
0.9999997164118833
0.9999993827309783
0.9999995319586072
0.9999996405879993
0.9999993212960894
0.9999996439248044
0.999999490985455
0.9999993457217715
0.9999996685483217
0.9999993391771285
0.9999994259012468
0.999999597112453
0.9999992468049858
0.999999525273135
0.9999994777778891
0.9999992409794451
0.9999995936072517
0.999999353628474
0.9999993089650525
0.9999995982796078
0.9999992521428118
0.9999994144198846
0.9999995162571236
0.9999991891770892
0.9999995038667764
0.9999993659513865
0.9999991989509985
0.999999527399794
0.9999992087855529
0.9999992866012035
0.9999994616502268
0.99999911619797
0.9999994054699612
0.9999993219889379
0.9999991273558286
0.9999994705783897
0.9999991698511355
0.9999992159804417
0.9999994098932535
0.9999990536055333
0.9999993162692273
0.9999992697918246
0.9999990202154911
0.9999993619336419
0.9999991016529124
0.9999990712852181
0.9999993348597589
0.9999989749129641
0.9999991636291212
0.9999992435797793
0.9999989299444547
0.9999992576257953
0.9999991100513895
0.9999989454527592
0.9999992773119608
0.9999989653580471
0.9999990200445852
0.999999217163352
0.9999988576498037
0.9999991120865737
0.9999990626263167
0.9999988094076124
0.9999991548576006
0.9999988924061365
0.9999988698322311
0.9999991147736971
0.9999987611872719
0.9999989873564644
0.9999990006762782
0.999998732268265
0.9999990728617281
0.9999988341323495
0.9999987697421522
0.9999990386427947
0.9999986775591889
0.9999988534529023
0.9999989084347105
0.9999985875423297
0.9999989042649047
0.9999987368610096
0.9999985830353196
0.9999989075528746
0.999998589913791
0.9999986556564362
0.9999988425639522
0.9999984895612508
0.9999987483445191
0.9999987258180418
0.9999984628777802
0.999998803381965
0.9999985578324864
0.9999985017616616
0.9999987711824618
0.9999984083520819
0.9999985801091403
0.9999986367757774
0.9999983161457631
0.9999986422691963
0.9999984564153732
0.9999983398664792
0.9999986371304947
0.9999982944201359
0.9999984273262055
0.999998541503727
0.9999982024105731
0.9999985020356521
0.9999983445178056
0.9999981747516012
0.9999984904861219
0.9999981673194326
0.9999982317938003
0.9999984042488189
0.9999980383814343
0.9999982917306103
0.9999982491935722
0.9999980024777406
0.9999983438042591
0.9999980998475841
0.9999980490649323
0.9999983274998687
0.999997971091349
0.9999981398887756
0.9999982031993597
0.9999978773007356
0.999998185309027
0.9999980282477288
0.99999787358798
0.9999981790057414
0.9999978440336774
0.999997924445526
0.999998081302977
0.9999977348506532
0.9999980271762885
0.9999979294431942
0.9999977309588669
0.9999980641843439
0.9999977783508619
0.9999977960647328
0.9999980006595272
0.9999976464693441
0.9999978842809127
0.9999978420427571
0.9999975821656768
0.9999979120309661
0.9999976584424076
0.9999975979728694
0.9999978647994
0.999997497452907
0.9999976754751829
0.9999977534600908
0.9999974269302301
0.999997754320103
0.9999976061830689
0.9999974311602732
0.9999977489017969
0.9999974096779087
0.9999974737143956
0.999997642367923
0.999997283157757
0.9999975390962439
0.9999974659778378
0.9999972397636618
0.9999975750616059
0.9999972990019651
0.9999972764652115
0.9999975136736854
0.9999971428965527
0.9999973552437808
0.9999973708021578
0.9999970761743724
0.9999974038005073
0.9999971678397057
0.99999707428132
0.9999973584129058
0.999997002697394
0.9999971582109234
0.9999972389795919
0.9999969061561186
0.9999972159233953
0.9999970651356787
0.9999969055613103
0.999997242413384
0.9999969323633681
0.999996993114017
0.9999971713432012
0.9999968169206991
0.9999970654583
0.9999970093451264
0.9999967510890673
0.9999970872602931
0.9999968102699291
0.9999967778814715
0.9999970208806973
0.999996647666545
0.999996822650524
0.9999968620883588
0.9999965506070121
0.9999968751795799
0.9999966787678857
0.9999965622908366
0.9999968669731125
0.999996515047152
0.9999966373986632
0.9999967546812905
0.9999964217742274
0.9999967307876783
0.999996593919786
0.9999963989636247
0.9999967240174252
0.9999964013712811
0.9999964381783989
0.9999966194186377
0.9999962611016086
0.9999965078239289
0.9999964716909123
0.9999962153987381
0.9999965546550938
0.9999963027793859
0.9999962473663665
0.999996505217697
0.999996139546456
0.9999963206328155
0.9999963701847286
0.9999960538336842
0.9999963672666144
0.9999961853778351
0.9999960529102198
0.9999963521148101
0.9999960095557461
0.9999960986227837
0.999996248782104
0.9999958996120821
0.9999961856122073
0.99999607975499
0.99999585905603
0.9999962083469052
0.9999958987026178
0.9999959106980548
0.9999961050898251
0.9999957515527853
0.9999959688935336
0.9999959404353332
0.9999956675550259
0.9999960047962726
0.9999957474522945
0.9999956965552513
0.9999959677009381
0.9999956099407648
0.9999957740422397
0.9999958583415345
0.9999955336943419
0.9999958566148207
0.9999956899119977
0.999995515107064
0.9999958430746477
0.9999955135456123
0.999995592763125
0.9999957417659165
0.9999953664504978
0.9999956271080948
0.9999955523581525
0.9999953157323298
0.9999956414103219
0.9999953538705826
0.9999953332111371
0.9999955618770447
0.9999952080068982
0.9999954100248851
0.9999954332265995
0.999995146710346
0.9999954820414746
0.9999952378662137
0.9999951481462463
0.9999954426677024
0.9999950830300978
0.9999952256240242
0.9999953151519858
0.9999949769691372
0.9999952667970684
0.9999951128020702
0.9999949407084975
0.9999952654207704
0.9999949286535953
0.9999949897880578
0.9999951659219856
0.9999948029330782
0.9999950508749978
0.9999949953751154
0.9999947340566536
0.9999950774062674
0.9999948134268338
0.9999947931700948
0.9999950351135639
0.9999946762132161
0.9999948690876059
0.9999949070338444
0.999994608023686
0.9999949436226381
0.9999947446115741
0.9999946419846373
0.9999949321096846
0.9999945817411903
0.9999947053472847
0.9999948067388108
0.9999944655036206
0.9999947547343606
0.999994620674356
0.9999944137164933
0.9999947452878106
0.9999944292757824
0.9999944594181432
0.9999946598539613
0.9999943079224746
0.9999945422266415
0.9999945137633434
0.9999942612722453
0.9999946007544736
0.9999943493411403
0.9999942986822185
0.9999945652093307
0.9999942092601735
0.9999943717808238
0.999994405600993
0.9999940818386006
0.9999943929205503
0.9999942123210086
0.9999940833228648
0.9999943863395792
0.999994038937426
0.999994157556664
0.9999942953157411
0.9999939413069495
0.9999942007188128
0.9999940928106863
0.9999938705553622
0.999994195144706
0.9999938909926038
0.9999938973636079
0.9999940981740284
0.9999937265237807
0.9999939643134007
0.9999939410546012
0.9999936522071176
0.9999939790242156
0.9999937558394992
0.9999936799000942
0.999993939210868
0.9999935839602304
0.9999937343942656
0.9999938168380073
0.9999934875134351
0.9999937953044341
0.9999936156547055
0.9999934660507586
0.9999937863002968
0.9999934486443531
0.9999935295421676
0.999993707887362
0.9999933333579879
0.9999936114355749
0.999993528253749
0.9999933037512273
0.9999936313785025
0.9999933625092335
0.9999933573607337
0.9999935939236785
0.9999932140575445
0.9999934223637957
0.9999934355807604
0.9999931591083923
0.9999935020160693
0.9999932594150913
0.9999931650765833
0.9999934666126242
0.9999931132189845
0.9999932407093194
0.9999933143618688
0.9999929742297621
0.9999932895763287
0.9999931350058336
0.9999929591484751
0.9999932765831292
0.9999929463293961
0.9999930031962291
0.9999931693846894
0.999992806256313
0.9999931001939856
0.9999930424435002
0.9999928112062437
0.9999931451560674
0.9999928903865676
0.9999928651073714
0.99999309432966
0.9999927393513854
0.9999929454118551
0.9999929778669873
0.9999926710463624
0.9999929815416351
0.9999927601044675
0.9999926440373733
0.9999929526239096
0.9999925946298854
0.9999927009580362
0.9999928352688349
0.9999924884183413
0.9999927627917826
0.9999926411570091
0.9999924664884123
