0.9999972499891207
0.9999966743063858
0.9999951175649503
0.9999928206074916
0.9999900918893069
0.9999872674997798
0.9999846929319578
0.9999827223747225
0.9999817085273366
0.9999819218082677
0.9999835246719629
0.9999863911165321
0.9999900869887839
0.9999938510946562
0.9999968405365574
0.9999983542051506
0.9999980511461036
0.9999960499572342
0.9999928194115467
0.9999890130942982
0.9999853400640922
0.9999823822608342
0.9999805758115363
0.9999801645380902
0.9999811803327644
0.9999834152585677
0.9999865152991138
0.9999899645470901
0.9999932038338475
0.9999957314349981
0.9999971306770614
0.9999972326709671
0.9999960302658417
0.9999938573783584
0.9999911177839578
0.9999883631258819
0.9999861771089883
0.99998500024596
0.9999851337951938
0.999986471677261
0.9999886830115005
0.9999912482862915
0.9999936055879837
0.999995248030621
0.9999958572187267
0.9999953915493788
0.999993934749203
0.9999917419262753
0.9999891358520341
0.9999866230010364
0.9999846213520451
0.9999835052878642
0.9999835797197897
0.9999848675919003
0.9999871389046542
0.9999899235577222
0.9999926282296681
0.9999945775025048
0.9999953819791831
0.9999949349206182
0.9999933091819935
0.999990845722568
0.9999879380786869
0.9999850983164472
0.9999827454459306
0.9999813170994717
0.9999810990650845
0.9999821511643752
0.9999842933242793
0.9999871323048651
0.9999900747359952
0.9999925571228951
0.9999940508445136
0.9999942879676383
0.9999932525692908
0.9999911270503221
0.9999883311933803
0.9999853522971881
0.9999827103808132
0.9999809221805483
0.9999802604568139
0.9999808916710342
0.9999827296675129
0.9999853759261873
0.9999883229950849
0.9999909663871377
0.9999927397925037
0.9999933340673556
0.9999926214783513
0.9999908234816363
0.999988226181403
0.9999853406207491
0.9999826101054647
0.9999804679958462
0.9999794721484585
0.9999797114487451
0.9999811993622003
0.9999836430671047
0.9999865047225743
0.9999892509230794
0.9999912157395845
0.9999921032759311
0.9999917229897443
0.999990163140421
0.9999877902984777
0.9999849169844457
0.9999820578312322
0.9999797592299456
0.9999783756670456
0.9999782780653641
0.9999794112892063
0.9999816163486764
0.9999844587015886
0.9999873288683692
0.9999896148992325
0.9999908461468664
0.9999908537675827
0.9999896088120379
0.9999873742812813
0.9999845813862404
0.9999816657364764
0.9999791617341375
0.9999774340490708
0.9999769036757606
0.9999777260908348
0.9999796369992787
0.999982338146921
0.9999852568573487
0.9999877700118991
0.9999893266473437
0.9999897023454479
0.9999887822430935
0.9999868308815058
0.9999841480193621
0.9999812309587258
0.9999785778220887
0.9999766338486404
0.9999757868364811
0.9999761946069811
0.9999778761162507
0.9999804499845626
0.9999833622062105
0.9999860466560694
0.9999879140732479
0.9999886521449508
0.9999880937576191
0.9999864349657936
0.9999838851771012
0.9999809968068414
0.999978213198434
0.9999760054827403
0.9999748172060703
0.9999748518728959
0.9999761391228645
0.999978486363496
0.9999814142504575
0.999984254152828
0.9999864221249956
0.999987452357374
0.9999872356496108
0.9999858409933511
0.9999835525295963
0.9999806973278778
0.999977823935205
0.9999754001085871
0.9999738541105568
0.9999735302164017
0.999974506980378
0.9999765763051648
0.9999793365118014
0.9999822152858301
0.9999845679640117
0.9999859802513936
0.9999861168254601
0.9999850496456063
0.9999829538048053
0.9999802621799541
0.9999773455679888
0.9999747111476386
0.9999728875711121
0.9999722090846691
0.9999727867030624
0.9999745916606511
0.9999772348086714
0.99998015753251
0.9999827492587373
0.9999844777741742
0.9999850883646769
0.9999843514391543
0.999982538924456
0.9999799451235406
0.9999770562353953
0.999974287701301
0.999972167665929
0.9999711458911903
0.9999714010753812
0.9999728881870539
0.9999753367280386
0.9999782292457112
0.9999810102410145
0.9999830489262366
0.9999839413205069
0.9999836096383912
0.999982038884435
0.9999795711060362
0.9999766799633497
0.9999738651242973
0.9999715159155187
0.9999701805729484
0.999970018724624
0.9999711214396843
0.9999733237132261
0.9999761572307376
0.9999790427405154
0.9999813055214078
0.9999825327318941
0.9999825092579614
0.9999813175903386
0.9999791074752364
0.9999762242484086
0.9999733530547128
0.9999708168860857
0.999969140279097
0.9999686228571409
0.9999694012793481
0.9999713552457301
0.9999740701143298
0.9999769768588754
0.9999794187817708
0.9999809612472804
0.999981275425178
0.9999804011690627
0.9999784515885732
0.9999758063289537
0.9999728737073492
0.9999702017746624
0.9999682887174128
0.9999674170032059
0.9999678183568786
0.9999694393871862
0.9999720384335329
0.9999749501574753
0.9999776231623254
0.9999794676382151
0.999980221756518
0.999979627848462
0.99997794289
0.999975463270471
0.9999725879954613
0.9999698718468542
0.9999676375578251
0.9999664062221615
0.9999663829279078
0.9999676713188912
0.9999700691655685
0.9999729419338548
0.9999757340147756
0.999977881664939
0.9999788795464949
0.9999786322035751
0.9999772030733997
0.9999749072983384
0.9999720834789938
0.9999691957402034
0.9999668430260411
0.9999652651254141
0.9999649288561371
0.9999659173329154
0.9999680402677005
0.9999708230290583
0.9999736963944293
0.9999761197555248
0.9999775062662446
0.9999776712645243
0.9999766362526573
0.9999744998356963
0.9999717512848937
0.9999688047287223
0.9999662069603105
0.9999643913556624
0.9999638101690445
0.9999644149042045
0.9999661941362357
0.9999688171596611
0.999971729746417
0.9999743229243558
0.9999761450543243
0.9999765991235084
0.9999758394542456
0.9999740059902428
0.9999714782549651
0.9999684984692414
0.9999657785972805
0.9999637613041521
0.9999627390896427
0.9999630207082989
0.9999645016525924
0.9999669380606233
0.9999698172096746
0.9999725583701514
0.9999745670902835
0.9999754687676178
0.9999750672500348
0.999973523406415
0.9999710681901789
0.9999681566638673
0.9999653607231755
0.9999630493570911
0.9999616674825251
0.9999615074817289
0.9999626669498907
0.9999649059796817
0.9999678503664747
0.9999707068224929
0.9999730333426216
0.9999742186792457
0.9999741551564139
0.9999729435429398
0.9999707849411416
0.9999679869505047
0.9999650267726055
0.9999625300870303
0.9999609048656111
0.9999604353062466
0.9999611827702722
0.999963172632199
0.9999658932529925
0.9999687256174777
0.9999711632845015
0.9999727517106047
0.999973067703649
0.9999721263118221
0.9999701190751678
0.9999673895665436
0.9999643986219596
0.9999616929183344
0.9999596540913535
0.9999586560904523
0.9999590308130277
0.9999607171945862
0.9999632298692873
0.9999662292488678
0.9999688905983056
0.9999707948391862
0.9999715392157967
0.9999709498955901
0.9999692046511209
0.9999667791434709
0.9999639229266325
0.9999611677237433
0.999958917718262
0.999957646059962
0.9999575852729112
0.9999589268683882
0.999961207640137
0.9999640782715737
0.999966894538881
0.9999691264077091
0.9999701902962835
0.9999700780308891
0.9999686316067332
0.9999663023145869
0.999963571731367
0.9999608205084487
0.9999583597847869
0.9999568154120106
0.9999564695327818
0.9999573993184769
0.9999594261731688
0.9999621822843693
0.9999650973838808
0.9999674999358726
0.9999689332924753
0.999969048304439
0.9999679275090217
0.9999657191393023
0.9999629858025056
0.9999601544733483
0.9999575462392418
0.9999558842816731
0.9999551608428023
0.9999556240539167
0.9999574100681569
0.9999600285566189
0.999962938706648
0.9999655196256682
0.999967207045055
0.9999677671339477
0.9999669688584187
0.9999650409701724
0.9999624667017389
0.9999595427152739
0.9999567830093999
0.999954718749913
0.9999536639359419
0.9999539084735838
0.9999554023984547
0.9999578492387414
0.9999606957839206
0.9999633986542501
0.9999653353179935
0.9999662260143781
0.9999658307928916
0.9999642745470317
0.9999618620834433
0.9999590647794153
0.9999562542531398
0.9999538812998441
0.9999525089352904
0.9999524032792069
0.9999535796894193
0.999955830167474
0.99995879067917
0.9999615929683818
0.9999638489280863
0.9999650705081439
0.9999650345829549
0.9999638498307509
0.9999615943397244
0.9999588387204349
0.9999559814670116
0.9999534280984165
0.9999517953594528
0.9999513048610875
0.9999520392443092
0.9999540358111791
0.9999567746880067
0.9999597157384192
0.9999622301744723
0.999963777825798
0.9999640515779291
0.9999631553731464
0.9999612585376886
0.9999586069168077
0.9999555948314311
0.9999530148789013
0.9999511261407064
0.9999501906934674
0.9999506475678474
0.9999523020350071
0.9999548559735808
0.9999578146313335
0.9999604977886272
0.9999624469819507
0.9999631279942608
0.9999625489953989
0.9999608421149819
0.9999584306779659
0.9999555646966635
0.9999527499567082
0.9999505407011783
0.9999492920331107
0.9999493727076456
0.9999506867590998
0.9999529733060726
0.9999558702257436
0.9999586560757617
0.9999608490974791
0.9999618832901951
0.9999616995844108
0.999960261887384
0.9999578726207065
0.9999550594143201
0.9999522047675519
0.9999497330806634
0.9999482416044134
0.9999479930019232
0.9999490085398963
0.9999511376553434
0.9999539028252118
0.9999567517712734
0.9999590442327654
0.999960383162505
0.9999605898020925
0.9999595308195702
0.9999574601187523
0.9999548114398744
0.9999520020726667
0.9999493596320331
0.9999475160713256
0.9999468704336774
0.9999474704333206
0.9999492301782138
0.9999519021631132
0.9999548418023475
0.9999574999111628
0.9999592470174203
0.9999597363617284
0.9999589981599429
0.9999572442248816
0.9999546343844984
0.9999516784734849
0.9999489649949427
0.9999469072170519
0.9999459126751907
0.9999460883706136
0.9999474857616326
0.9999500341227539
0.9999530139154661
0.9999557830689195
