0.9999991915400083
0.9999986646740835
0.9999975226194723
0.9999964605517224
0.9999961183023729
0.999996800494983
0.9999981189860585
0.9999991207022804
0.999999097911518
0.9999981527663042
0.9999969396608597
0.999996186080757
0.9999963991817789
0.9999975131482584
0.9999987507338682
0.9999992068903881
0.9999986179439512
0.9999974254692985
0.9999963153228624
0.9999958962056316
0.9999964686025493
0.9999977298615823
0.9999988436864322
0.9999990805609358
0.9999983603974191
0.9999971616595326
0.9999961198533752
0.99999579057679
0.9999964389702422
0.9999977472461101
0.9999988765330308
0.9999991032551284
0.9999983648419852
0.9999971775102406
0.9999962219653936
0.99999607299518
0.9999969251699662
0.9999982708806275
0.9999991513360821
0.9999989774200748
0.9999979576338043
0.9999967759687002
0.9999961439832552
0.9999965155570013
0.9999977172925726
0.9999988884377203
0.99999916770161
0.999998424622336
0.9999971969002671
0.9999961948147555
0.9999960011746141
0.9999968007597888
0.999998105893411
0.999999009300523
0.9999989238228277
0.9999979758854952
0.9999967452674
0.9999958690932826
0.9999958420037983
0.9999967626233676
0.999998104927598
0.9999989923256336
0.9999988876888263
0.9999979441001652
0.9999967475618121
0.999995948406083
0.9999960417140328
0.9999970720179118
0.9999984037381123
0.9999991054373937
0.9999987476386436
0.9999976534552223
0.9999965173429081
0.999996021329537
0.9999965482311735
0.9999978166950474
0.999998910366667
0.999999037625855
0.9999981844971774
0.9999969518383818
0.9999960630724454
0.9999960650518974
0.9999970337617335
0.9999983219884047
0.9999990085735497
0.9999986498310006
0.9999975491944738
0.9999963479641802
0.9999956752039402
0.9999959482830103
0.9999970755187836
0.9999983506239468
0.9999989298971237
0.9999984984667694
0.9999973930051348
0.9999962419134842
0.9999956591305899
0.9999960326718824
0.9999972298519457
0.9999984773509514
0.9999989284369822
0.9999983540438433
0.9999971831658686
0.9999961187570384
0.9999957873725055
0.9999964841619252
0.9999978026906073
0.9999987891622221
0.9999987571221609
0.9999978130438429
0.999996596089364
0.9999958226955257
0.9999960007549523
0.9999970859239465
0.999998331623236
0.9999988252312111
0.9999982711696922
0.9999970819746258
0.9999959415843608
0.9999954791246309
0.9999960088833374
0.9999972521517162
0.9999983774735889
0.9999986344022443
0.9999979247996514
0.999996724882878
0.9999956816209385
0.9999953607537228
0.9999960250569244
0.9999973294976291
0.9999984100958614
0.999998567195741
0.9999977662187902
0.9999965477676263
0.9999955983026155
0.9999954787050092
0.9999963563414757
0.9999976882239533
0.9999985161701364
0.9999983009680959
0.9999972655449308
0.9999960819965636
0.9999954463827606
0.9999958053470408
0.9999969908618646
0.9999981772025504
0.9999984924128928
0.9999977845281776
0.999996562622021
0.999995521132501
0.9999952580221503
0.9999959875032621
0.9999972854107878
0.9999982274801974
0.9999981799585667
0.9999972539532493
0.9999960151871243
0.9999951175038757
0.9999950779100549
0.9999960013743144
0.9999973303628832
0.9999981776688679
0.9999980134435796
0.99999702654669
0.999995813540273
0.9999950402392502
0.9999951853883251
0.999996236846155
0.9999975288293868
0.9999981517270365
0.9999977179678703
0.9999965825988777
0.999995449441126
0.9999949637588885
0.9999955008818258
0.9999967738685781
0.9999978621688392
0.9999979975530305
0.999997161346755
0.9999959248146072
0.9999950006082801
0.9999949334194799
0.9999958426879954
0.9999971472946617
0.9999979012734564
0.9999976135792596
0.999996536432215
0.9999953183318951
0.9999946013368245
0.9999948306484274
0.9999959402995351
0.9999972129420271
0.9999977826469025
0.9999973240517965
0.9999962001903945
0.9999950425278046
0.9999944910814029
0.9999949025641246
0.9999961129784206
0.9999973092425758
0.9999976701053243
0.9999970141663503
0.9999958093715914
0.9999947749373529
0.9999944958960214
0.9999952226394835
0.9999965337250959
0.9999974962238873
0.9999974404877581
0.9999964861094055
0.9999952549575203
0.9999944575839249
0.9999945968811201
0.9999956490255754
0.9999969163460112
0.9999974911992413
0.9999970177286612
0.9999958532758125
0.9999946963045867
0.9999941744412947
0.9999946424417072
0.9999958665829537
0.9999970117819114
0.9999973022495025
0.9999965850435788
0.9999953666665031
0.9999943218831023
0.9999940174651255
0.999994703599547
0.9999960159956783
0.9999970527625344
0.9999971180416258
0.9999962562624434
0.9999950337506456
0.9999941134923338
0.9999940559764412
0.9999949683292274
0.9999962753478596
0.9999970466706937
0.9999967739149218
0.9999956931914259
0.9999944989561257
0.9999938487292254
0.9999941872191963
0.9999953459619944
0.9999965361017932
0.999996898445362
0.9999962459716386
0.9999950191008677
0.9999939546786675
0.9999936346758718
0.9999943123436136
0.9999955877056178
0.9999965760549105
0.9999966073735852
0.9999957101845856
0.9999944772074694
0.9999935698069546
0.9999935127896025
0.9999944231439765
0.9999957321972027
0.9999965343386139
0.9999963219737578
0.9999952909110715
0.9999940818266605
0.9999933447420131
0.9999935459680085
0.9999946344277558
0.9999959032330079
0.9999964436227197
0.9999959298986894
0.9999947627811662
0.9999936288495616
0.9999931627292943
0.9999937109282266
0.9999949704975494
0.9999960629015398
0.9999962163370405
0.9999953871481747
0.9999941608011568
0.9999932000814981
0.9999930720073126
0.9999939305938673
0.9999952278295059
0.9999960312330671
0.9999958283937516
0.9999947974110797
0.999993564128883
0.999992816801408
0.9999929949067777
0.9999940900272901
0.9999953567790361
0.9999959252665069
0.9999954538065753
0.9999943032333523
0.9999931628968182
0.9999926154551069
0.9999930703483877
0.9999942922220424
0.9999954489048338
0.9999957223579621
0.9999950178898467
0.9999937955293922
0.9999927485343582
0.999992488700721
0.9999932553487051
0.9999945543052471
0.9999954879226226
0.9999954099781383
0.9999944429864359
0.999993200439966
0.9999923817933548
0.9999924794908911
0.9999935140678161
0.9999947874544439
0.9999954071591177
0.9999949664148012
0.9999938318493179
0.999992659007299
0.9999920936142302
0.9999925105831801
0.9999937205692395
0.9999948998634752
0.999995208662854
0.9999945253076785
0.9999933163732267
0.9999922478290725
0.9999919342035717
0.9999926100535522
0.9999939009768349
0.9999949005281591
0.9999949315936957
0.9999940220123248
0.9999927853740024
0.9999918855403935
0.99999186012285
0.9999928040627668
0.9999941155333901
0.999994852328928
0.9999945582507463
0.9999934763259515
0.9999922917276373
0.9999916381908664
0.9999919493796674
0.9999931208764417
0.9999943305595657
0.9999947255624204
0.9999940972404778
0.9999928884296672
0.9999917986094448
0.9999914321552006
0.9999920840346502
0.9999933626050557
0.9999943788702252
0.9999944371424919
0.9999935532333349
0.9999923184115276
0.9999914053985949
0.9999913460700559
0.9999922578723291
0.9999935602269905
0.9999943634670762
0.9999941218567155
0.9999930709280462
0.9999918536160393
0.9999911358635943
0.9999913713650722
0.9999924790697128
0.9999937307843474
0.9999942358123862
0.9999937007208107
0.9999925218687171
0.9999913906550683
0.9999909322761957
0.9999914719091882
0.9999927300839049
0.9999938217729111
0.9999939585236362
0.999993158099888
0.9999919244773718
0.9999909675128921
0.999990814906669
0.9999916577388168
0.9999929595785726
0.999993813739804
0.9999936444169056
0.9999926364402693
0.9999914233345936
0.9999906630286899
0.9999908374728745
0.9999919177241375
0.9999932012167968
0.9999937895933143
0.9999933316024017
0.9999921839582052
0.9999910190329081
0.9999904895432628
0.9999909672903966
0.9999921878287695
0.9999933286277075
0.999993597008234
0.9999928599634751
0.999991628694603
0.9999906025383206
0.9999903572381761
0.999991112752673
0.9999924278923614
0.9999933493024796
0.9999932719420573
0.9999923081551996
0.9999910722711135
0.9999902411127758
0.9999903309704674
0.9999913299766727
0.9999925963500642
0.9999932295839981
0.9999928164190116
0.9999916677052724
0.9999905091202854
0.9999899354904243
0.9999903390159397
0.9999915268383601
0.9999926946364753
0.9999930198920116
0.999992326101564
0.9999911232709985
0.9999900649341329
0.9999897769005744
0.9999904667369519
0.9999917505285307
0.9999927287756484
0.9999927195724263
0.9999918013562161
0.9999905699560504
0.9999896889901381
0.9999896934966428
0.9999906508313696
0.9999919427265025
0.9999926575881756
0.9999923437409045
0.9999912398653498
0.9999900507410784
0.9999894061815887
0.9999897183197617
0.9999909089003457
0.9999921282966078
0.9999925392834965
0.999991935502659
0.9999907322580696
0.9999896481229591
0.9999892783141905
0.9999899003133697
0.9999911667368271
0.9999922133432638
0.9999922805231423
0.9999914062180241
0.999990152875087
0.999989211201696
0.999989154944859
0.999990048627022
0.9999913736775615
0.9999921723748871
0.9999919262284774
0.999990877965603
0.9999896829476282
0.9999889771151093
0.9999892034769517
0.9999903175382485
0.9999915381712157
0.9999920383440385
0.9999914754089545
0.9999902988534065
0.9999891924788132
0.999988757460465
0.99998929017883
0.9999905313896365
0.9999916109521899
0.9999917705023151
0.9999909654455276
0.9999897239423142
0.9999887743826344
0.9999886309661735
0.9999894696235886
0.9999907948673431
0.9999916424883679
0.9999914651485846
0.999990460020313
0.9999892405110155
0.9999884713039455
0.9999886562452038
0.9999897275104979
0.9999909925629554
0.9999915585141949
0.9999910777515195
0.999989925864361
0.9999887884537058
0.9999882689079251
0.9999887395616166
0.9999899626125294
0.9999910980931647
