0.9999999232394485
0.9999996407685343
0.9999998533891743
0.9999997591928106
0.9999997099307508
0.9999998874934317
0.9999996261264171
0.9999999204846516
0.9999996640856296
0.9999998271030742
0.9999997875413474
0.9999996876309147
0.9999999025706778
0.9999996220381796
0.9999999093916353
0.9999996827715864
0.9999997883816542
0.9999998208299283
0.9999996479004807
0.9999999168535949
0.9999996229829585
0.9999998659206447
0.9999997351120369
0.99999970783109
0.9999998795284287
0.9999996111855837
0.9999999080949281
0.9999996701998737
0.9999997817355756
0.9999998195028569
0.9999996388401698
0.999999914135156
0.9999996219701314
0.9999998578422603
0.9999997311181291
0.999999708297128
0.999999863821378
0.9999996107697777
0.9999999049172335
0.9999996399038654
0.9999998158704378
0.9999997608609763
0.999999675642134
0.9999998786988167
0.9999996039223256
0.9999998940825577
0.9999996531844327
0.999999779885488
0.9999997802004622
0.9999996331719913
0.9999998808797423
0.9999995851859689
0.9999998479588547
0.9999996727118238
0.9999996937444877
0.9999998146693166
0.9999995726272471
0.9999998696527126
0.9999996020421948
0.9999997651923992
0.9999997444194528
0.9999996093772235
0.9999998583482591
0.9999995615173514
0.999999822106937
0.9999996533730056
0.9999996673786036
0.9999997879079999
0.9999995474690226
0.9999998363605261
0.9999995576835566
0.9999997492497631
0.9999996720150537
0.9999996032403758
0.9999997933435155
0.9999995239795092
0.9999998161172399
0.9999995664709239
0.9999997098896254
0.9999996868353737
0.9999995595278279
0.9999997861959576
0.9999994912982617
0.9999997621093328
0.9999995520027088
0.999999610503317
0.9999996831476817
0.9999994678646569
0.9999997509296458
0.9999994612985847
0.9999996648804362
0.9999995860974308
0.9999995007527189
0.9999997145556128
0.9999994273778239
0.99999970839894
0.9999994986739831
0.999999557833988
0.9999996311694882
0.9999994119496076
0.999999688114025
0.9999993910243504
0.9999996028389339
0.9999994914302166
0.999999441874962
0.9999996093698458
0.9999993460550237
0.9999996361335673
0.9999993752505715
0.9999995344494619
0.9999994923364607
0.9999993845445191
0.9999996003206477
0.9999993105391561
0.9999995865551726
0.9999993571339191
0.9999994411699419
0.9999994723543061
0.9999992759107592
0.9999995390380765
0.9999992338922996
0.9999994654003874
0.9999993319120405
0.9999992934322136
0.9999994644177771
0.9999991915926841
0.9999994868366907
0.9999992409941147
0.9999993544411719
0.9999993785272703
0.9999991933956708
0.9999994547842832
0.9999991452184933
0.9999993763476598
0.9999992238354767
0.9999991986389191
0.9999993343668425
0.9999990734000517
0.9999993570075599
0.9999990813511564
0.9999992537011856
0.9999991891926301
0.9999990970078393
0.9999992941571656
0.9999990152545524
0.9999993010184248
0.999999058030621
0.9999991602123687
0.9999991587701846
0.9999989817689117
0.9999992212045433
0.9999989157755248
0.9999991645515519
0.9999989901012847
0.9999989854073282
0.99999910485643
0.9999988500024273
0.9999991402803801
0.9999988682933196
0.999999024211659
0.9999989933766139
0.9999988539586796
0.999999086054739
0.9999987844260044
0.9999990405877864
0.9999988483710637
0.9999988703045369
0.9999989614871979
0.9999987206490177
0.9999989964985607
0.9999987021211971
0.9999988988944647
0.9999987994821452
0.9999987271350745
0.9999989013852224
0.9999986139807581
0.9999988966573716
0.9999986394237733
0.9999987609037213
0.9999987364711707
0.9999985845723781
0.9999988102411311
0.9999985017810871
0.9999987633051685
0.9999985605362846
0.999998596990139
0.9999986701341262
0.9999984356890605
0.999998710748034
0.9999984213340293
0.9999986071475802
0.9999985257382649
0.999998439808433
0.9999986383859777
0.9999983412368624
0.9999986222790297
0.9999983962704148
0.9999984540310406
0.9999984973072829
0.999998283984679
0.9999985503962053
0.9999982411066277
0.999998449886324
0.9999983163802753
0.9999982707718222
0.9999984208641517
0.999998148725039
0.9999984413741536
0.9999981685418616
0.9999983165370796
0.9999982612090397
0.9999981254812857
0.999998330732871
0.9999980277038487
0.9999982873094618
0.9999980616791307
0.9999981189132477
0.9999981540775248
0.9999979306142226
0.9999981896257438
0.999997894957937
0.9999981119835851
0.999997990032642
0.9999979344089193
0.9999981024220462
0.9999978118228164
0.9999980958285276
0.9999978428381239
0.9999979544162172
0.9999979543827328
0.9999977721960175
0.9999980092483146
0.9999976945408886
0.9999979344089063
0.9999977651358825
0.9999977532082436
0.9999978602148573
0.9999975987927017
0.9999978714140978
0.999997576087611
0.999997747834142
0.9999976612052123
0.9999975635420797
0.9999977539689099
0.9999974602156669
0.9999977245094139
0.9999974729061276
0.9999975614828079
0.999997576940329
0.9999973916589415
0.9999976445440734
0.9999973330317891
0.9999975672572418
0.9999974176696516
0.999997396177534
0.9999975273806172
0.9999972652954103
0.9999975525068836
0.9999972806615912
0.9999974258644141
0.9999973770870562
0.999997230632691
0.9999974579166026
0.999997157015686
0.9999974051623364
0.9999971951679483
0.9999972177732214
0.9999972848544965
0.9999970469480866
0.9999973087317174
0.9999970155778425
0.9999972170527723
0.9999971118830945
0.9999970421456874
0.999997208562661
0.999996921979172
0.9999971831953155
0.999996912949834
0.9999970260291797
0.9999970021190087
0.9999968203350473
0.9999970515198713
0.999996738351456
0.9999969688465371
0.9999967699192595
0.9999967880043886
0.9999968738748649
0.9999966220132267
0.9999968850450233
0.9999965857209728
0.9999967715181061
0.9999966881320793
0.9999965794889706
0.9999967742153179
0.9999964635771866
0.9999967286957104
0.9999964976622062
0.9999965836869305
0.9999966108532032
0.999996401286321
0.9999966484214424
0.9999963263814329
0.9999965420073123
0.9999964032512414
0.9999963571958056
0.999996498311245
0.9999962294249514
0.9999964900841837
0.99999621627235
0.9999963648896157
0.99999631604193
0.9999961716544556
0.999996395292809
0.9999960762526796
0.9999963219030082
0.999996096229184
0.999996164976506
0.999996201179991
0.9999959811547569
0.999996242534174
0.9999959356977246
0.9999961245525568
0.9999960057204904
0.9999959315441227
0.9999960888262222
0.999995809264901
0.9999960867801345
0.9999958306771052
0.9999959563667445
0.9999959461801065
0.9999957868340759
0.9999960217157292
0.9999957059778777
0.9999959468912101
0.9999957821932401
0.9999957817980877
0.9999958990338805
0.9999956214327969
0.999995897298053
0.9999956096746102
0.9999957859331626
0.9999957131262255
0.999995606601266
0.9999957886101526
0.9999954921442017
0.9999957554756232
0.9999955170866384
0.999995600203659
0.9999956199886646
0.9999954217780326
0.9999956749787243
0.9999953628192363
0.9999955945545806
0.9999954366571692
0.9999954234914437
0.9999955488166284
0.9999952817719141
0.9999955486919331
0.9999952695070558
0.9999953988097658
0.9999953549228222
0.9999952286325949
0.9999954784186038
0.9999951625462606
0.9999954040179455
0.9999951922809479
0.9999952135385739
0.9999952746744645
0.9999950462555857
0.999995299415988
0.9999949833038777
0.999995183551863
0.999995064711629
0.9999949950917134
0.9999951546149979
0.999994869028533
0.9999951438716305
0.9999948701593832
0.9999949796574097
0.9999949691886048
0.9999948026940327
0.9999950455133908
0.9999947273902265
0.9999949868353677
0.9999947953500304
0.999994804914427
0.999994891789501
0.9999946577075569
0.9999949445556201
0.9999946522695431
0.9999948278453167
0.9999947544423295
0.9999946557334257
0.9999948663686286
0.9999945825344599
0.9999948760778369
0.9999946354579058
0.9999947151653013
0.9999947294736558
0.9999945204928117
0.9999947694263626
0.9999944683607894
0.9999947068283507
0.9999945416766473
0.9999945089876604
0.9999946495432582
0.9999943803269687
0.9999946609528965
0.9999943951803056
0.9999945411290692
0.9999944913141903
0.9999943501991571
0.9999945436418728
0.9999942153978068
0.9999944792025798
0.9999942595287064
0.999994310242005
0.999994355734849
0.9999941224402531
0.9999944050076135
0.9999940930771802
0.9999943001877445
0.9999941822143904
0.9999941154629463
0.9999942839630057
0.9999939958141246
0.9999942844611571
0.9999940315531525
0.9999941593066614
0.999994161890855
0.9999939917242621
0.9999942396983433
0.9999939331744842
0.9999941744858905
0.9999939912081065
0.9999939708651684
0.9999940650127875
0.9999938052511099
0.9999940675063159
0.9999937699155957
0.9999939517447224
0.9999938719704526
0.9999937650810126
0.999993953727176
0.999993645692095
0.9999939060334752
0.9999936759349238
0.9999937452888421
0.9999937818770485
0.9999935711624808
0.9999938267601777
0.9999935132243214
0.999993753778898
0.9999935792698295
0.999993531748034
0.9999936496900224
0.999993372385332
0.9999936608700537
0.9999933976020484
0.9999935521970817
0.9999935148372051
0.9999933856334957
0.9999935997503183
0.999993295843056
0.9999935374944866
0.9999933271465078
0.9999933705276363
0.9999934262949137
0.9999932042199061
0.9999934757643019
0.9999931573983185
0.9999933650817774
0.9999932446935756
0.9999931758084127
0.999993348887021
0.9999930704884908
0.9999933368731424
0.9999930692390189
0.9999931712894691
0.9999931606620923
0.9999929816731108
0.9999932228028643
0.9999929004209639
0.9999931400113704
0.9999929340676704
0.999992958809385
0.9999930671376316
0.9999928471317192
0.9999931307953518
0.9999928457460491
0.9999930212738313
0.9999929240117978
0.9999927998799967
0.9999929846895965
0.9999926729060246
0.9999929662729
0.9999927298264918
0.9999928425032503
0.9999928720100899
0.9999926652127471
