0.999999914529717
0.9999996154116014
0.9999997869587642
0.9999997957285519
0.9999995952422601
0.9999999125460367
0.9999996206479564
0.9999997643852535
0.9999998139084233
0.9999995834945612
0.9999999087031726
0.9999996383303856
0.9999997386830447
0.9999998351113968
0.9999995804457504
0.9999999042539776
0.9999996518846778
0.9999997300275295
0.9999998403202414
0.9999995833383847
0.9999999045858193
0.9999996473019409
0.9999997442405512
0.9999998262382107
0.9999995903058002
0.9999999095271624
0.9999996307611648
0.9999997700508292
0.9999998033766798
0.9999995970066926
0.9999999089107348
0.9999996126505177
0.9999997811244544
0.9999997844974604
0.9999995895675229
0.9999998998360239
0.9999996003646237
0.9999997632704604
0.9999997816970837
0.9999995713202581
0.9999998913475916
0.9999996053487319
0.9999997348860016
0.9999998007196634
0.9999995604963736
0.9999998854473809
0.9999996202296445
0.9999997086138608
0.9999998103098413
0.9999995517253464
0.9999998716881128
0.9999996165837773
0.9999996965576944
0.9999997970377904
0.9999995434690352
0.9999998628362442
0.999999597828222
0.9999997080690377
0.9999997742022271
0.9999995476104085
0.9999998646275511
0.999999578359954
0.99999972716568
0.9999997475150197
0.999999543888444
0.9999998502868858
0.9999995481470274
0.9999997119713221
0.9999997139604593
0.9999995108753924
0.9999998217362657
0.9999995227979916
0.9999996736891341
0.9999997062555502
0.9999994853810239
0.9999998083360899
0.9999995288531064
0.9999996442381834
0.9999997219114873
0.9999994723005249
0.9999997929812467
0.9999995287253909
0.9999996074518935
0.9999997044046082
0.9999994403922443
0.999999754705622
0.9999994923843595
0.9999995783076917
0.9999996628851975
0.9999994167504647
0.9999997339655047
0.9999994609554899
0.9999995833666157
0.9999996334746272
0.9999994137703042
0.999999726302447
0.9999994333060955
0.9999995824467574
0.999999592223343
0.9999993820585327
0.9999996842381405
0.9999993799696669
0.9999995359543238
0.9999995468579761
0.9999993337517875
0.9999996450415664
0.9999993479859234
0.9999994843333284
0.9999995315837787
0.9999992996787129
0.9999996207744323
0.9999993451373707
0.9999994434243932
0.9999995245534604
0.9999992662776231
0.9999995783619778
0.9999993070811207
0.9999993842942925
0.999999473561316
0.9999992103185832
0.9999995238356408
0.9999992520202066
0.999999351549869
0.9999994209229611
0.9999991807015521
0.9999994976926281
0.9999992151616175
0.9999993454044808
0.9999993793541416
0.9999991570584014
0.9999994613271458
0.99999915703815
0.9999993040741697
0.9999993127333899
0.9999990901610979
0.9999993947895961
0.9999990881227637
0.9999992307781248
0.9999992504962746
0.9999990263364877
0.9999993388288211
0.9999990488641638
0.9999991710133693
0.9999992246632569
0.9999989818232776
0.9999992966795042
0.9999990189068636
0.9999991073457624
0.9999991883219455
0.9999989257818206
0.9999992404652579
0.9999989581259464
0.9999990392169521
0.9999991164634707
0.9999988600993966
0.9999991665468259
0.9999988902027371
0.9999989956713564
0.9999990489509514
0.999998811443344
0.9999991241625914
0.9999988342028437
0.9999989624476858
0.9999989867125987
0.9999987575463947
0.9999990567361751
0.9999987484868887
0.9999988844545667
0.9999988920066768
0.9999986651722511
0.9999989690371054
0.9999986645866924
0.9999987936338365
0.9999988267975356
0.9999985912402396
0.9999989022756315
0.9999986123331502
0.9999987250897451
0.9999987869847397
0.9999985351823882
0.9999988463470821
0.9999985625641675
0.9999986495816308
0.9999987110280396
0.9999984485279644
0.9999987526202394
0.9999984639123236
0.9999985527519194
0.9999986196720972
0.999998366896698
0.9999986763744255
0.9999983902359322
0.9999985059850934
0.9999985438065526
0.9999983117735473
0.9999986142319617
0.9999983264232789
0.9999984545641019
0.9999984718671678
0.9999982385645939
0.999998530385834
0.9999982175590204
0.9999983454751665
0.9999983584092129
0.9999981212710777
0.9999984284004168
0.9999981315916852
0.9999982539459923
0.9999983004048643
0.9999980539673547
0.9999983574860858
0.9999980640962616
0.9999981563631866
0.9999982150231308
0.9999979632624385
0.9999982664636906
0.9999979770080348
0.9999980646252261
0.9999981301492471
0.9999978705810184
0.9999981840696918
0.9999978999249329
0.9999979853887832
0.9999980354957978
0.9999977877302897
0.9999980951122299
0.9999978067461547
0.9999979105047995
0.9999979343823701
0.9999976901816156
0.9999979958942081
0.9999976987338222
0.9999978200288311
0.9999978506770535
0.9999976175499228
0.9999979158968344
0.9999976049332463
0.9999977322966225
0.9999977625377451
0.999997522571928
0.9999978334941032
0.9999975337451237
0.9999976590638242
0.9999977163423464
0.9999974834224754
0.9999978046302327
0.9999975139158956
0.99999761210634
0.99999765945068
0.9999973994947242
0.9999977104034586
0.9999974085098068
0.9999974980056244
0.9999975645789878
0.9999973162948651
0.9999976102011252
0.9999973216287384
0.9999974262778459
0.9999974760288818
0.9999972269377454
0.9999975365361184
0.9999972310350927
0.9999973559042528
0.9999973741383669
0.9999971409763078
0.999997436134225
0.999997136746056
0.9999972621527576
0.9999972936124959
0.9999970568410378
0.999997347599189
0.9999970393213474
0.9999971602157045
0.9999971946041315
0.9999969502377654
0.9999972632589065
0.9999969535665821
0.9999970548490542
0.9999971007651134
0.9999968494060616
0.9999971523483338
0.9999968632043741
0.9999969686018036
0.9999970210640405
0.9999967643452938
0.9999970712919267
0.9999967838896872
0.9999968920136666
0.9999969420957273
0.9999966868369743
0.9999969969838562
0.9999966949190299
0.999996793969026
0.9999968417670125
0.9999966054570654
0.9999969076552498
0.9999966080381919
0.9999967234327368
0.9999967520525803
0.9999965105583861
0.9999968093264098
0.9999965130248503
0.9999966173300335
0.999996653893618
0.9999964123885984
0.9999967171543994
0.9999964107726846
0.9999965064065479
0.9999965487976727
0.9999962981375087
0.9999965988224417
0.9999963151756786
0.9999964201184893
0.9999964673088378
0.9999962164677659
0.9999965158334049
0.9999962291038282
0.9999963127851494
0.9999963610637506
0.9999961086580998
0.9999964096599071
0.9999961072985214
0.9999962039168566
0.9999962404814279
0.9999960038796658
0.9999963105486195
0.9999960206516676
0.9999961368124157
0.9999961691989743
0.9999959348358674
0.9999962398173458
0.9999959367202624
0.9999960416254973
0.9999960692209349
0.9999958364109541
0.9999961369388631
0.9999958345737804
0.999995961704185
0.9999959865896012
0.9999957379932766
0.9999960344819346
0.9999957410871855
0.9999958432877144
0.9999958830135772
0.9999956395444283
0.9999959256839303
0.9999956275465726
0.9999957315836312
0.9999957621922353
0.9999955211248204
0.9999958117485002
0.999995520221865
0.999995623719246
0.9999956640803613
0.9999954205462103
0.9999957479472751
0.999995449323974
0.99999556227633
0.9999956058957562
0.9999953556544229
0.9999956508419889
0.9999953560577772
0.9999954596882145
0.9999954969770444
0.9999952296873699
0.9999955409716899
0.99999524918368
0.9999953759894183
0.9999954175986702
0.9999951764536078
0.9999954797392057
0.9999951911349048
0.999995298505682
0.999995340155549
0.9999950958032411
0.9999953962174775
0.9999950823019458
0.9999951878920124
0.9999952190559958
0.9999949704298164
0.9999952888075833
0.9999949918704972
0.9999951019313903
0.9999951591353006
0.9999949075689504
0.9999952208363314
0.9999949130968602
0.9999950216083526
0.9999950593697138
0.9999948008230747
0.999995105220125
0.9999948092700653
0.9999949267993056
0.9999949532983315
0.999994702432353
0.9999949951977647
0.9999946877681831
0.9999948001352336
0.9999948477758016
0.9999946002275215
0.9999948950233895
0.999994591453222
0.9999946945569692
0.9999947347147304
0.9999944887480413
0.9999947745134278
0.9999944673624468
0.9999945645779937
0.9999946150946409
0.9999943569058071
0.9999946555302468
0.999994363939493
0.9999944687010052
0.9999945020309157
0.999994250788505
0.9999945818481151
0.9999942779530459
0.9999944034843281
0.9999944319527634
0.9999941849833235
0.9999945115341548
0.9999942087570075
0.9999943209374881
0.9999943533827593
0.999994089920799
0.9999943950662332
0.9999940750898006
0.999994183952355
0.9999942237757355
0.9999939730058125
0.999994277358985
0.9999939708575205
0.9999940912132086
0.9999941116278346
0.9999938690484943
0.999994162771871
0.9999938689238578
0.9999939781799113
0.9999940202893088
0.9999937674554518
0.9999940597397734
0.999993742324251
0.9999938504452466
0.999993901478667
0.999993636913858
0.9999939235500102
0.9999936267924142
0.9999937186839307
0.9999937681542846
0.9999935122476495
0.9999938132457584
0.9999935096097445
0.9999936117861544
0.9999936565094187
0.9999934079753903
0.9999936870942387
0.9999933837275506
0.9999935060909929
0.9999935249850074
0.9999932857658728
0.9999936013426818
0.9999932910071637
0.9999933974310913
0.9999934303992813
0.9999931832128686
0.9999934501080742
0.999993149173575
0.9999932480913949
0.9999932883622918
0.9999930485141445
0.9999933508592784
0.9999930382692306
0.9999931568761546
0.9999932027450095
0.9999929530986387
0.9999932661027978
0.9999929577285018
0.9999930797025739
0.9999931054445699
0.9999928653625658
0.9999931710774325
0.9999928764420487
0.9999929841203494
0.9999930289782643
0.9999927820207485
0.999993092895732
0.9999928057665255
0.9999929195610655
0.9999929430617273
0.9999926839931071
0.9999930020757717
0.9999926759886737
0.99999278952221
0.9999928290416465
0.9999925786788711
0.9999928728680657
0.9999925557321948
0.9999926647234895
0.9999927032674213
0.99999246243435
