0.999999902779178
0.9999995717860992
0.9999996695921107
0.9999998195080574
0.9999995026435214
0.9999997407319449
0.999999677449578
0.9999995116248581
0.9999997608444923
0.9999995396406974
0.9999995513646666
0.9999997185851485
0.9999994514273971
0.9999996031831633
0.9999996151301571
0.999999423630111
0.9999996206735517
0.9999994926483229
0.9999994380624134
0.9999996055131151
0.9999994050737289
0.9999994969673901
0.9999995328047931
0.9999993596694129
0.9999995152920359
0.9999994407766161
0.9999993736786539
0.9999995019772073
0.9999993591560421
0.9999993919893625
0.9999994593994734
0.9999993188619715
0.9999994177260579
0.9999993886882664
0.9999993000489888
0.9999994161746963
0.9999993185310473
0.9999992984664332
0.9999993947291859
0.999999260754269
0.9999993264803525
0.9999993334562965
0.9999992070552448
0.9999993390762374
0.9999992363894822
0.9999991926795906
0.9999993114671613
0.9999991586276612
0.9999992091802321
0.9999992535440524
0.999999127806868
0.9999992233465365
0.9999991878820536
0.9999991005951596
0.9999992195919639
0.9999991035023189
0.9999991006963724
0.9999991683462981
0.9999990571772505
0.9999991051577972
0.9999991150099816
0.9999990278781518
0.9999991105515612
0.9999990378858253
0.9999990076579254
0.9999990849188988
0.9999989770753703
0.9999990015799626
0.9999990422060374
0.9999989407631537
0.9999990022768015
0.9999989691152374
0.9999989113572967
0.999999001349948
0.9999989046691723
0.9999989241676858
0.9999989694241407
0.9999988570169561
0.999998918371631
0.9999989280287488
0.9999988254498452
0.9999989148622108
0.9999988656169428
0.999998816448031
0.9999988855873595
0.9999988116231111
0.9999988076068621
0.9999988367446603
0.9999987672984901
0.999998797385779
0.9999987520044888
0.9999987269361525
0.9999987680723881
0.9999987108594114
0.999998705914269
0.999998725830954
0.999998676789665
0.9999987005687476
0.9999986559725488
0.9999986579787437
0.9999986706468168
0.9999986190947976
0.9999986364730812
0.9999986394097866
0.9999985944484003
0.9999986251555311
0.9999985783094277
0.9999985558702956
0.9999985839826131
0.9999985116126467
0.9999985619065652
0.9999985171624612
0.9999984643698919
0.9999985515470081
0.999998456094003
0.9999984618229478
0.9999985060978259
0.999998411190659
0.9999984781339375
0.9999984366747523
0.999998385893744
0.9999984521781977
0.9999983644684268
0.99999836980317
0.9999984292445314
0.9999983192351372
0.9999983705742914
0.9999983657611475
0.9999982891271606
0.9999983445517145
0.9999983012327506
0.9999982718622916
0.999998323602478
0.9999982748230792
0.9999982894144206
0.9999982968243017
0.9999982398450536
0.9999982668066761
0.9999982467248192
0.9999982033786193
0.9999982387060553
0.9999982061860687
0.9999981963077149
0.9999982204763375
0.9999981519351522
0.9999981650848071
0.9999981602020241
0.9999981330407107
0.9999981452172704
0.999998101220348
0.999998114719237
0.9999980987805617
0.9999980502766034
0.9999980958704584
0.9999980617386813
0.9999980321883867
0.9999980687831862
0.9999979896746737
0.9999980325625277
0.9999980017775018
0.999997967272867
0.999998021446734
0.9999979526992809
0.9999979613299198
0.9999979551515504
0.9999979103820648
0.99999795856935
0.9999978949524359
0.9999978933971561
0.9999979117138282
0.9999978355528221
0.9999978645088111
0.9999978891038599
0.9999978043400507
0.9999978527687928
0.9999978316185618
0.9999977784603847
0.999997830724704
0.9999977759743425
0.9999977860548048
0.9999978066093844
0.9999977384490303
0.9999977609046465
0.999997755066199
0.9999976974707349
0.9999977164695344
0.9999977116759065
0.9999976713253691
0.9999977063586306
0.9999976465642286
0.9999976277617979
0.9999976499872448
0.9999976111547048
0.9999976164974277
0.99999759014358
0.999997564428146
0.9999975811053854
0.9999975265040071
0.9999975259453157
0.9999975469110323
0.9999974822316966
0.9999974904169191
0.9999975110518249
0.9999974690798874
0.9999974761967236
0.999997454496012
0.999997445183249
0.999997436831139
0.9999974277834972
0.9999974179204016
0.999997428771883
0.9999974013193262
0.9999974185196709
0.9999973837827452
0.9999973619010071
0.9999974198327516
0.9999973377864988
0.9999973466171613
0.9999973612069025
0.9999972804720633
0.9999973613115072
0.9999973395751947
0.9999972637281083
0.999997335838097
0.999997263384564
0.9999972619362475
0.999997302779626
0.9999972136662405
0.9999972505020795
0.9999972495678181
0.9999971624182709
0.9999972277112097
0.9999972234412202
0.9999971489037631
0.999997169739878
0.9999971449059535
0.9999971312639195
0.9999971264486847
0.9999970763087689
0.9999971159228767
0.9999971058942371
0.9999970688279182
0.9999970911568298
0.9999970613870459
0.9999970667014008
0.9999970626450232
0.9999970185217386
0.999997022330548
0.9999970238437488
0.9999969885023562
0.9999969803694535
0.9999969464976791
0.9999969583300913
0.9999969186207153
0.9999969008533541
0.9999969089729623
0.999996887446782
0.9999968826140643
0.9999968832161193
0.9999968925870473
0.9999968637324985
0.9999968444824444
0.9999968590248565
0.9999968281872886
0.9999968453758697
0.9999968124199586
0.9999968080875182
0.9999967890476291
0.9999967754056558
0.9999967862449192
0.9999967580208269
0.9999967558143243
0.9999967614861031
0.9999967291857308
0.999996723454151
0.9999967026199528
0.9999966841361149
0.9999966741038283
0.9999966278920492
0.9999966789826324
0.9999966567910705
0.9999965808486619
0.9999966266230966
0.9999966015462103
0.9999965708508571
0.9999965995134199
0.9999965647569357
0.9999965440636206
0.9999965980566486
0.9999965326286939
0.9999965531419102
0.9999966109226843
0.9999964892869133
0.9999965342052953
0.9999965546795115
0.9999964682490227
0.9999965454547947
0.9999965045212748
0.9999964528967173
0.9999965424912799
0.9999964260858744
0.9999964338002868
0.9999965124959278
0.9999963783369455
0.9999964399329841
0.9999964512248619
0.9999963633869443
0.999996451522651
0.999996353338024
0.9999963603256026
0.9999964296739707
0.9999963056703236
0.9999963566829814
0.9999963876631824
0.9999962971078378
0.9999963675389457
0.9999963102566177
0.9999962879973779
0.9999963033589668
0.9999962609289443
0.9999962671055519
0.9999962528577546
0.9999962325322467
0.9999962444802081
0.9999962327681852
0.9999961842216154
0.9999962044019671
0.9999961991009575
0.9999961841126666
0.9999961665253894
0.999996152691157
0.9999961374007893
0.999996131476741
0.9999960966899617
0.9999960988467671
0.9999961113517192
0.9999960498850726
0.9999960554824654
0.9999960690020061
0.9999960136166796
0.9999960375736849
0.9999960205466192
0.9999959768578369
0.9999960240924435
0.9999959624395025
0.9999959646031659
0.9999959922452603
0.9999959516186036
0.9999959333319866
0.9999959314268215
0.9999959330798568
0.9999958798229378
0.9999958905401022
0.9999958933218196
0.9999958479942977
0.999995870121783
0.9999958328815581
0.9999958515189931
0.9999958483812204
0.99999581173169
0.9999958396033758
0.9999958283605604
0.9999957804913666
0.9999958255989259
0.9999957511820738
0.9999957552614416
0.999995787617055
0.9999956843613931
0.9999957676542243
0.9999957507156202
0.999995656834678
0.9999957594091925
0.9999956998946556
0.999995647575575
0.999995723386787
0.999995632985806
0.9999956399722065
0.9999956410323966
0.999995591797328
0.9999956453709499
0.999995567568677
0.9999955359706089
0.9999956076289261
0.9999954818668187
0.999995511199897
0.9999955313691183
0.9999954358823685
0.9999955115200353
0.9999954777522025
0.9999954023427976
0.9999954626995108
0.9999953581252709
0.9999953871770344
0.9999954338825852
0.9999953430167494
0.99999540721285
0.9999953786206235
0.9999953261516842
0.9999953663398359
0.9999952990838473
0.9999952960150644
0.9999953581486407
0.9999952810444083
0.9999952660778142
0.9999953294167214
0.9999952787054006
0.9999952409587471
0.9999952956167694
0.9999951995129245
0.9999952380268601
0.9999952697557675
0.9999951426289149
0.9999952661175088
0.999995183833014
0.9999951261461602
0.9999952252236582
0.999995119913998
0.9999951338960861
0.9999952136393446
0.9999950683604979
0.9999951379782211
0.9999951441414342
0.9999950442237027
0.9999951437955906
0.9999950801157285
0.9999950180350724
0.9999950797309907
0.9999950073981293
0.9999950432658294
0.9999950300605828
0.9999949739946927
0.9999950379230329
0.9999949583200444
0.9999949419119676
0.9999950145159394
0.9999948778914722
0.9999949531076076
0.9999949654584852
0.9999948279919705
0.999994967034751
0.9999948838801456
0.9999948026896927
0.9999948861528886
0.9999947902388583
0.9999948327411704
0.9999948491795417
0.9999947292670232
0.9999948103325909
0.999994801102671
0.9999947130795017
0.9999947837482078
0.999994708561092
0.9999947379022136
0.9999947556944085
0.9999946330410506
0.9999947137564812
0.9999946927032091
0.9999946272193696
0.9999947021318194
0.9999945924433624
0.9999946448232054
0.9999946390125956
0.9999945818782827
0.9999946476747755
0.9999945832693936
0.999994554745752
0.9999945978293007
0.9999945178061612
0.9999945713652126
0.9999945343039227
0.9999944645144665
0.9999945547556746
0.999994464269132
0.9999944839571909
0.9999945613988114
0.9999944028368793
0.9999944892061453
0.9999944634245777
0.9999943755618678
0.9999944969296585
0.9999943587985213
0.9999943422277476
0.999994437738412
0.9999942860543873
0.9999943333689043
0.9999943624367612
0.9999942886812014
0.999994348626946
0.999994316638721
0.999994274281011
0.999994334671293
0.9999942569375485
0.9999942938438834
0.9999942743343657
0.9999942233066619
0.9999943012393497
0.9999941874824299
0.9999941876493642
0.9999942252547618
0.9999941147242748
