0.9999996642812663
0.9999991951096422
0.9999984166551753
0.9999983746712124
0.9999989971763321
0.9999993970974029
0.9999989795631121
0.9999983137815036
0.9999982441155237
0.9999988153379009
0.9999991391353074
0.9999987611774793
0.9999981889827781
0.9999981214536077
0.9999986066983736
0.9999988844295928
0.999998574384665
0.9999980837182466
0.9999980536548414
0.9999984289627327
0.9999986103861959
0.9999983308186264
0.9999979507197602
0.9999979150394942
0.9999982494529859
0.9999984129694167
0.999998126982831
0.9999977293656291
0.9999977531043389
0.9999980956731799
0.999998222208223
0.9999979585720772
0.9999975790610492
0.9999975535169557
0.9999978939722858
0.9999980293111996
0.9999977726701844
0.9999974067034613
0.999997371851861
0.9999976668580945
0.999997799576975
0.9999975687515223
0.9999972697476183
0.9999972281315427
0.9999974578573773
0.9999975978853733
0.9999974151717962
0.9999971379726253
0.9999970832814952
0.9999972962271597
0.9999973654536901
0.9999971860331621
0.9999970162435671
0.9999970352069604
0.999997164406687
0.9999971557896001
0.9999969985337487
0.9999968605133795
0.9999968859597955
0.9999970288999346
0.9999969812583022
0.9999967990129359
0.9999966765104411
0.9999966769621749
0.9999968036485634
0.999996825431325
0.9999966885494431
0.9999965775265977
0.9999966048077883
0.9999967018211354
0.9999967015144064
0.9999965936810484
0.9999964919163397
0.9999964349887559
0.9999964635723306
0.9999965096769176
0.9999964708205256
0.9999963486046365
0.9999962515788435
0.9999962431530511
0.9999963384809075
0.9999962924685162
0.9999961634512299
0.999996114459037
0.9999960916766267
0.9999961545451053
0.9999961684153271
0.9999960824295724
0.999995966814217
0.9999959380338221
0.9999960274667149
0.9999960061509688
0.9999958340979368
0.999995659715296
0.9999956235150562
0.9999957597074114
0.9999958235208263
0.9999956542389473
0.9999953947942264
0.9999953691312937
0.9999955304796783
0.9999956201004802
0.9999955224194029
0.9999952391370641
0.9999951766921661
0.9999953511958615
0.9999954526288644
0.9999953693608732
0.9999951157490545
0.9999950148498451
0.9999951701294086
0.9999952089059151
0.9999951075029584
0.9999949320391567
0.9999948912736761
0.9999949576812969
0.9999949659147492
0.9999949223733196
0.9999947843392647
0.9999947444440913
0.9999948180600517
0.9999948205782176
0.999994749134498
0.9999946064770561
0.9999945719337485
0.9999946284446488
0.9999946444054655
0.9999945811999781
0.9999944356914489
0.9999943920649593
0.9999943949971172
0.9999944052688554
0.9999943318187166
0.9999942236234879
0.9999941592295372
0.9999941380650699
0.9999941624657158
0.9999940879680803
0.9999940697398879
0.9999940664411688
0.9999940418808078
0.9999940093400043
0.9999938761691368
0.999993844795882
0.9999939306347837
0.9999940123940487
0.9999939651303948
0.9999938136779193
0.9999937003285743
0.9999937317468586
0.9999938441426351
0.9999938076174448
0.9999936016782857
0.9999934436237332
0.9999934975988515
0.9999937085862678
0.9999937143886317
0.9999934579406919
0.9999932421440632
0.9999933567709856
0.999993620436715
0.9999936043545377
0.9999933036907694
0.9999930798501812
0.9999931578016923
0.9999933948810232
0.999993390510839
0.9999931933091497
0.9999930417566535
0.9999930181842476
0.9999931486211844
0.9999931528975095
0.9999930479797512
0.999992924804062
0.9999928560810402
0.9999929340059954
0.99999290955717
0.9999928457565394
0.9999927561513228
0.9999927183304963
0.9999927370120116
0.9999926704161117
0.9999926177202704
0.9999926771489352
0.9999926814926543
0.999992538493345
0.9999924123455441
0.9999924207230511
0.9999925102657882
0.9999925624143409
0.9999923907344308
0.9999922282814668
0.9999922551383448
0.9999923440898187
0.9999923714681392
0.9999922085093848
0.9999919447840883
0.9999920124922207
0.9999921411552731
0.9999921491886679
0.9999919438700072
0.9999917235731185
0.9999917076961722
0.9999918943863444
0.9999919858709069
0.9999918367018125
0.9999915005667727
0.9999914880777065
0.9999916725704523
0.9999917400348696
0.9999916120791172
0.9999913750463161
0.9999913686293767
0.9999914909489594
0.9999915305089582
0.9999913706202725
0.9999911539547967
0.9999911840582997
0.9999913659464461
0.9999913553377553
0.9999911585260406
0.9999909964341543
0.99999105252651
0.9999911848090989
0.9999911164094133
0.9999909504095751
0.9999908740718191
0.9999908863105984
0.9999909352846125
0.9999909289960126
0.9999908217915953
0.9999907107564256
0.999990680819868
0.9999907671340499
0.999990802849255
0.9999906526923686
0.9999905043435336
0.9999905072583954
0.9999905330290869
0.9999904881486097
0.9999903679056733
0.9999903335443444
0.9999904231264247
0.9999905238740966
0.9999904035450182
0.9999901875571543
0.9999900682802219
0.9999901267506724
0.99999021432034
0.9999901138982576
0.9999900369596421
0.9999899973640362
0.9999900084750929
0.9999900607454902
0.9999899420328897
0.999989871661556
0.99998979506814
0.9999898394860309
0.9999898449901935
0.9999897445771606
0.9999897197675431
0.9999896610970989
0.999989719929628
0.9999896893059371
0.9999895713613803
0.999989516894042
0.9999894711637304
0.999989531389641
0.9999895112150367
0.9999893854645485
0.9999892720442425
0.9999893083560237
0.9999893291460672
0.9999893067836657
0.9999891653574479
0.9999889683062829
0.9999890254561248
0.9999890735554876
0.9999889708292591
0.9999887695412699
0.9999886636684847
0.9999888201503896
0.9999889859602722
0.9999889262987594
0.9999886987516509
0.9999885857337508
0.9999887158088379
0.9999889168931961
0.9999887949649632
0.9999884715242321
0.9999883094053321
0.9999884718937506
0.9999887272561929
0.9999886874693916
0.999988353651534
0.9999882058960854
0.9999883971027101
0.9999886401723577
0.9999885385630918
0.9999881540038076
0.9999880738833499
0.9999883146320659
0.9999885285192358
0.9999884185614253
0.9999880309496334
0.9999878574523089
0.9999879835305662
0.9999882194390102
0.9999881659218844
0.9999877917007057
0.9999876037811818
0.9999876587701871
0.9999878649423791
0.9999878903851219
0.999987721090675
0.9999875732070536
0.9999875639593008
0.9999876883655048
0.9999877025953532
0.9999875912074233
0.9999874725056834
0.9999874669955531
0.9999875254472366
0.9999876014335751
0.9999875829386602
0.999987405457943
0.999987361033098
0.9999874445848307
0.9999874918461323
0.9999874592053641
0.9999872924375242
0.9999872250751183
0.9999872853406286
0.9999873145915361
0.9999872134794519
0.9999870055403614
0.9999870290347203
0.9999870985729925
0.9999871738450399
0.9999871160690699
0.9999868885510247
0.9999868131362216
0.9999868870523806
0.9999869456493716
0.999986811996332
0.9999865836486019
0.9999866351128518
0.999986747533162
0.9999868090496712
0.999986591150808
0.9999863652880101
0.9999863932649495
0.9999865709561708
0.9999866484283408
0.9999863976673102
0.9999861499744167
0.99998619573837
0.9999863847323817
0.9999864568980396
0.9999862443037846
0.9999859493995995
0.9999859669183861
0.9999861572870394
0.9999862509080486
0.9999860365641313
0.9999858449171725
0.9999858575320945
0.9999859332581273
0.999985945446982
0.9999858241987356
0.9999857512481113
0.9999856791363922
0.9999856359005466
0.999985677758333
0.9999855420362177
0.9999855061967096
0.9999855415787344
0.9999855045558202
0.9999855466130078
0.9999855034612375
0.9999854287334571
0.999985264006879
0.9999851032012592
0.9999851755975163
0.9999852369745089
0.9999852879150128
0.999985199535723
0.99998500156909
0.9999849483400156
0.9999850008098143
0.9999850593915259
0.9999850324381284
0.9999848747152068
0.9999848609187658
0.999984871480665
0.9999848330639959
0.9999848523128292
0.9999848793645039
0.9999848915059464
0.9999847111374016
0.9999845696776314
0.9999845915199668
0.9999847246960452
0.9999846518820127
0.9999844738290227
0.9999844879993914
0.9999845448525126
0.9999845586179481
0.9999845138252185
0.9999844131461593
0.9999843773093059
0.9999843423894468
0.9999843002653923
0.9999842077362733
0.9999841987160942
0.9999841442962758
0.9999839939154623
0.9999839426189119
0.999983944154541
0.9999840299856756
0.9999839785138127
0.9999838517607896
0.9999838546379999
0.9999838362479523
0.9999838663721178
0.9999838786402212
0.9999838518525228
0.9999838654336628
0.9999837424138824
0.9999836825562645
0.9999837689230968
0.9999837727733499
0.9999836735043618
0.9999835313250243
0.9999835182770878
0.9999835405901714
0.9999835272093988
0.9999835339462748
0.9999834276162922
0.999983297518616
0.9999832878836694
0.9999833383692374
0.9999833456653108
0.9999832296167239
0.9999831085524941
0.9999832015760226
0.9999832357398099
0.9999832487155568
0.9999831097304126
0.9999830021591649
0.9999830622336304
0.9999831431728183
0.9999831036733651
0.9999829182373144
0.999982736432817
0.9999827992367039
0.9999830270534553
0.999982975570585
0.9999827166567703
0.9999825235904657
0.9999825480543398
0.9999828029481329
0.9999828802284736
0.9999827431354772
0.9999825470919792
0.9999824319555708
0.9999826037969808
0.9999827465156801
0.9999826716133039
0.9999824131982742
0.999982227118485
0.999982438833596
0.9999826635004823
0.999982618200117
0.9999823325819891
0.9999820605121159
0.9999821948560752
0.9999825346238777
0.9999824921528176
0.9999821046499634
0.999981800920216
0.9999820366216872
0.9999824120964341
0.9999823529045445
0.9999820631842715
0.9999817233284045
0.9999817709701099
0.9999820945855349
0.9999821089801494
0.9999817891066234
0.9999814989771476
0.9999815311374018
0.9999818452148137
0.9999819452628775
0.9999817668490197
0.9999814678392129
0.9999814023610831
0.9999815810561263
0.9999815955403177
0.9999814912591831
