0.9999990209584646
0.9999984780568283
0.9999972081213271
0.9999958908414931
0.9999951033832564
0.9999951745924311
0.9999960333386319
0.9999971285560638
0.9999977209738767
0.999997435370328
0.9999965483534083
0.9999954969753111
0.99999459210551
0.9999943565162265
0.9999948659509698
0.9999957367132993
0.9999963925769648
0.9999964712523339
0.9999959826667281
0.9999950650341256
0.9999941243247227
0.9999937074654887
0.9999939606488818
0.9999945795182105
0.9999951231618786
0.9999953514896575
0.9999951225020356
0.9999944935335447
0.9999937219091969
0.999993161833537
0.9999931488251708
0.9999935935375044
0.9999940849085991
0.9999942723554042
0.9999941547548303
0.9999937196184314
0.9999931071111916
0.9999926051914629
0.9999924280590914
0.9999925465354725
0.9999928358735976
0.9999930860824116
0.9999931234202694
0.9999929156357651
0.9999924898363297
0.9999920516236408
0.9999918899222616
0.9999919496963455
0.9999920614335329
0.9999920860490055
0.999991995994067
0.99999178154802
0.9999915015042422
0.9999912055086613
0.9999909944747766
0.9999909402672343
0.9999910111769216
0.9999910938732531
0.9999910770838658
0.9999909558531257
0.9999906942698406
0.9999904086348367
0.9999902098071515
0.9999901388377791
0.9999902393051024
0.9999903218516395
0.9999903017207967
0.9999901657602449
0.9999899108893529
0.9999896165546519
0.999989371108842
0.9999892618808286
0.9999893051544927
0.9999894473798265
0.9999895037309394
0.9999894547542562
0.9999893425156698
0.9999891368861458
0.9999888444374821
0.9999885393929926
0.999988433621307
0.9999884896899929
0.9999884590048339
0.9999883277204771
0.9999882389311416
0.9999881007993322
0.9999879158025229
0.9999877717319204
0.9999877423776634
0.999987763304077
0.9999877128486021
0.9999875565873654
0.9999874239199178
0.9999873314820029
0.999987159028373
0.9999869386042128
0.9999868281947342
0.9999867852704247
0.9999867791903414
0.9999867137959351
0.9999865510007758
0.9999864555640162
0.9999863637092966
0.9999862336414785
0.99998603222535
0.9999858619597946
0.9999857528898863
0.9999856451431749
0.9999855099186741
0.9999854491523278
0.9999855041558755
0.9999855283887341
0.9999854627420299
0.9999853354193976
0.9999851388143073
0.9999848719323373
0.9999847054486226
0.9999846661151447
0.9999847057083084
0.9999847368023559
0.999984693074524
0.9999846376532233
0.9999845373709222
0.9999844082180523
0.9999843057727699
0.9999841779263019
0.9999840306016676
0.9999839988580571
0.9999840511314118
0.9999840143892653
0.9999837918558756
0.9999835460731236
0.9999833984586545
0.9999832648960637
0.9999831545711323
0.9999831124600829
0.9999831144787701
0.9999830815215726
0.9999829218582
0.9999827073114648
0.9999824955721278
0.9999822910045117
0.999982178439019
0.9999821142751051
0.9999821891192231
0.9999822543319302
0.9999821593852003
0.9999819829240846
0.9999817803795734
0.9999815562243579
0.9999812861680735
0.9999811724126274
0.999981262090393
0.9999813853507399
0.9999813370541025
0.9999812223586139
0.9999810873517394
0.9999808461849601
0.9999805952102413
0.9999804596301
0.9999805896860735
0.9999807597582074
0.9999807888058694
0.9999806688390689
0.9999803851155468
0.9999800176236078
0.999979733049088
0.999979682112481
0.9999797876134858
0.9999798466746155
0.9999797967186872
0.9999797245884253
0.9999795857450058
0.9999793466044948
0.99997912862034
0.9999789680837573
0.9999789139992686
0.9999789102593506
0.9999788961018455
0.9999789019275072
0.9999788005682476
0.9999786036219527
0.9999783116170593
0.9999780746067248
0.999978032932092
0.9999780896340866
0.9999780310181495
0.999977853221368
0.9999777052964771
0.9999775449336871
0.9999773714907456
0.9999772850732578
0.9999772344349553
0.9999772035109307
0.9999771376745925
0.9999770098708538
0.9999768804604915
0.9999766964348105
0.9999764911223801
0.9999762441837063
0.9999761732213172
0.9999762578651656
0.9999762569767711
0.9999760789617005
0.9999758814462857
0.999975676112714
0.9999754006828644
0.9999751701744382
0.9999750627454723
0.9999752227668974
0.9999756534583523
0.9999759663202583
0.9999759002127189
0.9999755816946077
0.9999751275108324
0.9999747223966937
0.9999745514169144
0.999974571176596
0.9999747995638444
0.9999750825258223
0.9999751053051817
0.9999748829597574
0.9999745620643852
0.9999741953750042
0.9999738471487272
0.9999736953456704
0.9999738134367291
0.9999740358008511
0.9999741593843596
0.999973960522503
0.9999736701459401
0.9999735066877397
0.999973488066835
0.9999734929284099
0.9999734887788846
0.9999734932483295
0.9999734307366336
0.9999731736310719
0.9999727545345718
0.9999724363643211
0.9999722820538717
0.9999724300778984
0.9999727106328137
0.9999729632086543
0.9999730476854373
0.9999728225899603
0.9999723809030253
0.9999720514022099
0.9999719456911355
0.9999719323849734
0.9999719801248438
0.9999721968470463
0.9999723393406862
0.9999722595750057
0.9999720157123937
0.9999716175188218
0.99997120203858
0.9999709309318502
0.9999708911331511
0.9999709199748495
0.9999709499803096
0.9999709924632347
0.9999709614837163
0.9999707829331208
0.9999704154422787
0.9999700503628713
0.9999698352252703
0.9999697515409448
0.9999697565236478
0.999969683331338
0.9999695900411705
0.9999696135744449
0.9999696925908019
0.9999696848575481
0.9999695369175057
0.9999692435427354
0.9999689299658143
0.9999686953455709
0.9999686867395774
0.9999686596813268
0.9999685949959831
0.999968480505529
0.9999684057478629
0.9999682276106735
0.9999679313563564
0.9999677153929214
0.9999676980574791
0.9999678710071046
0.9999680739825296
0.999968047117889
0.9999678879983301
0.9999677006098087
0.9999674892817255
0.9999671823252884
0.9999669156577471
0.9999667665460468
0.9999665689117191
0.9999663527257963
0.9999663790730158
0.9999665431910305
0.999966623099364
0.9999664716214525
0.9999662065642371
0.9999659351332422
0.9999657066438102
0.9999655645710844
0.9999654724082457
0.9999654074886201
0.9999653762058586
0.9999653526236455
0.9999652117936393
0.9999650229106946
0.999964871701593
0.9999647363782955
0.999964511847196
0.9999643977871414
0.9999644489684123
0.9999645287903774
0.9999645462061717
0.9999645730994215
0.9999646336996988
0.9999645858021973
0.999964506927474
0.9999644093848241
0.9999641983185535
0.9999639205850664
0.9999636451369188
0.9999635465547019
0.9999636517535653
0.9999636760113384
0.9999636465870199
0.9999636581346502
0.9999636032732643
0.9999634256015667
0.9999631864228914
0.9999629649268329
0.9999628612472525
0.9999628597365334
0.9999629579670305
0.9999630484469514
0.9999629533818517
0.9999626477352253
0.999962317594088
0.9999620717986343
0.99996190519687
0.9999616768337405
0.9999616131923519
0.9999617138408763
0.9999617484159531
0.9999616188979104
0.9999615366694673
0.9999614387517151
0.9999612525637376
0.9999610110305526
0.9999607974294444
0.9999607209690407
0.9999607751936233
0.999960880864665
0.9999609420054594
0.9999607709934621
0.999960600298603
0.9999604886694443
0.9999602909854037
0.9999600920869418
0.9999600497944489
0.9999601933233566
0.9999603444478841
0.9999604112807988
0.9999602854114065
0.9999600413822868
0.9999597890145049
0.9999596458023576
0.9999595931534133
0.9999596060136701
0.9999596058502009
0.9999596012147545
0.9999595874980616
0.9999595486998235
0.9999594042445161
0.9999592422129586
0.9999591146864221
0.9999590686336002
0.9999590592849802
0.9999589731180922
0.9999587593071557
0.999958493876242
0.999958211880592
0.9999580820707524
0.9999582484088185
0.9999585271415246
0.9999586531372829
0.999958522380834
0.9999581437497926
0.9999578076444792
0.9999576629265762
0.9999576605287955
0.9999576996589408
0.9999577767340251
0.9999578272127748
0.9999576792419641
0.9999573997694311
0.9999572262745761
0.9999571431897261
0.999957134478285
0.9999572051790648
0.9999573137105721
0.9999573327109605
0.9999571536593733
0.9999568948431756
0.9999565738136037
0.9999563075992942
0.9999562345325432
0.9999564416241636
0.9999566859077387
0.9999567016736438
0.9999564776862324
0.9999561155211933
0.9999557004486921
0.9999553773030967
0.99995523807007
0.9999552911828066
0.9999554238482516
0.9999556133479761
0.9999556831308107
0.9999554067143974
0.9999549042458155
0.9999544093335339
0.9999541831773874
0.9999543121232117
0.999954668864653
0.9999550267426658
0.9999551965349408
0.9999550655698737
0.9999546962747822
0.9999542542108623
0.9999539343669376
0.9999537953515203
0.9999537858737116
0.9999539475617756
0.9999541425920423
0.9999541763314521
0.9999541421892998
0.9999539848165292
0.9999535938691404
0.9999532696762435
0.9999532445081123
0.9999533773556292
0.99995332693505
0.9999531237931412
0.9999529882542296
0.9999529446301082
0.9999529973074461
0.9999529695073613
0.9999528764679293
0.9999527226465516
0.9999525133779783
0.9999522227762507
0.9999519170762002
0.999951639698045
0.9999515275053599
0.9999515518547258
0.9999516074545708
0.999951514534112
0.999951377316659
0.9999511468056504
0.9999508968730054
0.9999507908804266
0.9999507440140113
0.9999506294357572
0.9999504865557419
0.9999503162701636
0.9999501518915866
0.9999498374591371
0.9999495173873001
0.9999495147607904
0.9999497347289892
0.9999499196169485
0.9999497741126482
0.9999494933738649
0.9999492393716616
0.9999491302524965
0.9999490648589892
0.9999489968409765
0.9999490312430563
0.9999490175613324
0.999948811343191
0.9999484958180603
0.9999482674730857
0.9999482406609023
0.9999482830198645
0.9999482412441212
0.9999482647327917
0.9999483547229074
0.9999483931844813
0.9999482951022892
0.9999481110409828
0.9999479295005576
0.9999478760952745
0.9999477538251099
0.999947628442863
