0.9999999232666725
0.9999996344105891
0.999999824578911
0.9999997404745723
0.9999996782987348
0.9999998402990221
0.9999996064026997
0.9999998274252554
0.9999996292081961
0.9999997151019461
0.9999997244563686
0.9999996078772716
0.9999997827864631
0.9999995729528741
0.9999997370017676
0.999999622709303
0.999999630253912
0.9999996936295219
0.999999546229935
0.9999997171357553
0.9999995376159475
0.999999643873299
0.9999995961742689
0.9999995388424844
0.9999996578227742
0.9999994883393092
0.9999996327925164
0.9999995121571283
0.9999995392201944
0.9999995688429948
0.9999994709146093
0.9999995963734344
0.9999994536339063
0.9999995505324085
0.9999994913229254
0.999999468572403
0.9999995315582568
0.9999994172299713
0.9999995271628255
0.9999994169686628
0.9999994705884404
0.9999994487517129
0.9999994068066249
0.9999994755750578
0.9999993906654492
0.999999455507728
0.9999993801038621
0.9999994131406289
0.9999994046923846
0.9999993546275059
0.9999994148509275
0.9999993293728414
0.9999993936686833
0.9999993359872644
0.9999993411534412
0.9999993642536995
0.9999992993195252
0.9999993589551366
0.9999993014532186
0.9999993257464989
0.9999993081874228
0.9999992865467421
0.9999993143621277
0.9999992696903032
0.9999993083918717
0.9999992600175177
0.9999992686131134
0.9999992682523746
0.9999992284296673
0.9999992768574182
0.9999992161311977
0.9999992353643258
0.9999992043915099
0.999999197508827
0.9999992177390256
0.9999991672636833
0.9999992145458255
0.999999154716073
0.99999917554705
0.9999991551331607
0.9999991218110066
0.9999991680765301
0.9999991145278592
0.9999991504786114
0.9999990980137214
0.9999991058243087
0.999999107766545
0.9999990695314972
0.9999990828825421
0.999999055715677
0.9999990580697
0.9999990626021715
0.9999990403345509
0.9999990432808411
0.9999990260366974
0.9999990289793919
0.9999990164511139
0.9999990026227492
0.9999990015647475
0.9999989719315233
0.9999989761658774
0.9999989671642799
0.9999989549329467
0.9999989485665713
0.9999989210604476
0.9999989339783361
0.9999989013133609
0.9999989199427749
0.999998918250993
0.9999988882988183
0.9999989111036568
0.9999988550451263
0.9999988910813661
0.9999988650728459
0.9999988657116616
0.9999988711892681
0.9999988296951461
0.999998847380242
0.9999988148811968
0.99999881735068
0.9999988191215119
0.9999988030462066
0.9999988084535621
0.999998786413246
0.9999987707683407
0.9999987896643406
0.9999987616552293
0.9999987540794459
0.999998761753986
0.9999987461057599
0.9999987510805464
0.9999987277531374
0.99999870629754
0.9999987257489525
0.9999986900614112
0.9999987145854607
0.9999986849918636
0.9999986962395951
0.9999986892845557
0.9999986473899584
0.9999986861424567
0.9999986538767547
0.9999986447426
0.9999986645630139
0.9999986150775737
0.9999986430598395
0.9999986000540478
0.9999985994645921
0.9999986055726535
0.9999985842565162
0.9999985992204952
0.999998564422238
0.9999985903353087
0.9999985568588516
0.9999985736473898
0.9999985677198967
0.9999985359876754
0.9999985850719036
0.9999985120683041
0.9999985573364443
0.9999984994249154
0.9999985133368865
0.9999984985558448
0.9999984537075186
0.9999985022467404
0.9999984313820919
0.9999985014966276
0.9999984461455999
0.9999984312012495
0.9999984905202979
0.9999983746542646
0.9999984676430216
0.9999983671863814
0.9999984184094253
0.999998409215351
0.999998310626609
0.9999984330951679
0.999998286380405
0.9999983942040989
0.9999983136623486
0.9999983199807839
0.9999983421341292
0.9999982684595807
0.9999983484446333
0.9999982430803673
0.9999983075032494
0.9999982758299998
0.9999982508407098
0.99999826518986
0.9999982012353699
0.9999982650037561
0.9999981913772426
0.999998243344148
0.9999982169026008
0.9999981950626107
0.999998231967319
0.9999981601858264
0.9999982345575688
0.9999981631255876
0.9999982022332878
0.9999981764265793
0.9999981561084388
0.9999981955110139
0.9999981222631777
0.9999981783462001
0.9999981215020678
0.9999981321155038
0.9999981311955431
0.9999980976732012
0.9999981144536184
0.9999980864455156
0.9999981064435316
0.9999980736571529
0.9999980692395073
0.9999980604761829
0.9999980239312347
0.9999980511527461
0.9999980143855436
0.9999980528061784
0.9999980083883672
0.9999980195610331
0.999998005870656
0.999997974517604
0.9999979959055102
0.9999979643477749
0.9999979931201628
0.9999979623597253
0.9999979544448141
0.9999979588199591
0.9999979219535565
0.9999979599489351
0.9999979144448977
0.9999979229033004
0.9999979239013728
0.9999978532171212
0.9999979216568606
0.9999978293025387
0.9999978877594394
0.9999978375181378
0.999997823786521
0.9999978638172563
0.9999977767423391
0.9999978352253527
0.9999977823563465
0.9999977992707579
0.9999977960483889
0.9999977470523388
0.9999977855460837
0.999997727883372
0.9999977709697524
0.9999977046124614
0.9999977324330617
0.9999977121230725
0.9999976761334091
0.9999977257606159
0.9999976679242023
0.9999976924515672
0.9999976650421025
0.9999976097210614
0.9999976665148631
0.9999975911885212
0.9999976397115496
0.9999975789022183
0.99999760880679
0.9999975930521753
0.999997536260073
0.9999976030754609
0.9999975252467324
0.999997557838785
0.9999975409737817
0.9999975146453296
0.9999975531415201
0.9999975121107071
0.9999975244688194
0.9999975210097953
0.9999975102284863
0.9999975074458244
0.9999974890036323
0.9999975076733447
0.9999974606021997
0.999997467556902
0.9999974610281425
0.9999974454868844
0.9999974584085777
0.9999974070425085
0.9999974409264657
0.9999974285076568
0.9999973977592002
0.9999974471031395
0.9999973477541224
0.9999974279739624
0.9999973758801126
0.9999973757858579
0.9999973997320803
0.999997314867313
0.9999973902312168
0.9999973288350184
0.999997369222462
0.9999973137457495
0.9999973037954688
0.9999973311055761
0.9999972597856781
0.9999973119776249
0.9999972480379462
0.9999972769712024
0.9999972530223735
0.9999972590422438
0.9999972514579936
0.9999972153640072
0.9999972525110079
0.9999972260771828
0.9999972159597956
0.9999972295690369
0.9999971869997235
0.9999972143200042
0.9999971803780778
0.9999971988442472
0.9999971877707037
0.9999971642933526
0.9999971760441867
0.9999971520989446
0.9999971795522943
0.9999971418748641
0.9999971507283443
0.9999971801676049
0.9999971337315389
0.9999971483855199
0.9999971134343625
0.999997133721362
0.9999971094348453
0.9999970919538556
0.9999970942145604
0.999997060466167
0.9999970764995983
0.999997049506024
0.9999970274907963
0.9999970488727025
0.9999970008460037
0.9999970077929746
0.9999969999652399
0.9999969666104569
0.9999969884709309
0.9999969577355408
0.9999969546177058
0.999996953951705
0.9999969193651428
0.9999969555697299
0.9999969107041999
0.9999969176293847
0.9999968982372748
0.9999968866502834
0.9999969174590744
0.9999968736134682
0.9999968857615711
0.9999968443121761
0.9999968621190702
0.9999968146469203
0.9999968571933023
0.9999968464172282
0.9999968081236972
0.999996830520726
0.9999967705551511
0.9999968132796114
0.9999967900412597
0.9999967993857359
0.9999967898810822
0.9999967322889604
0.999996761972369
0.9999967399467208
0.9999967489380289
0.9999967158663383
0.999996719598179
0.999996721142017
0.9999966733784762
0.999996701312848
0.9999966880537022
0.999996689174079
0.9999966796548023
0.9999966522738252
0.9999966710761884
0.999996652861861
0.9999966300104041
0.999996646120841
0.999996624567302
0.9999966365140351
0.9999966177014304
0.999996603310477
0.9999966239255457
0.9999966036000827
0.9999966089641517
0.9999965674533293
0.9999965652198524
0.9999965663964054
0.999996518363545
0.9999965721658229
0.9999965084119476
0.9999965117344356
0.9999965311458061
0.9999964783127482
0.9999965196499426
0.9999964697890197
0.9999964981754881
0.9999964661556803
0.9999964454146858
0.9999964785921827
0.9999963828453841
0.9999964625810827
0.9999964310982119
0.9999963952399282
0.999996432447347
0.99999638276142
0.9999964081807575
0.9999963804662368
0.9999963939350562
0.9999963588387958
0.9999963765551769
0.9999963628535311
0.9999963446347169
0.9999963440403897
0.9999963335768459
0.999996342947667
0.9999962939249373
0.9999963287774535
0.9999963076034281
0.9999962812012603
0.9999962926913992
0.9999962610961485
0.9999962727280193
0.9999962623100682
0.9999962326926204
0.9999962487834254
0.9999961906247259
0.9999962371021139
0.9999961932038701
0.9999961971413357
0.9999962325512417
0.9999961592872365
0.9999962528347537
0.9999961252699412
0.9999961913126909
0.9999961813768024
0.9999961185000767
0.999996208084775
0.9999960857989377
0.9999961861468756
0.99999611731766
0.9999961113087609
0.9999961736323755
0.999996037563879
0.9999961986393407
0.9999960336456877
0.9999961086901893
0.9999961255430957
0.9999960312187678
0.9999961660576951
0.9999960200964925
0.9999961026187305
0.9999960275384125
0.9999960190885501
0.999996061894186
0.9999959910743382
0.9999960656083666
0.9999959732609172
0.9999960144856559
0.9999959912885268
0.9999959582659459
0.9999960286919125
0.9999959289739287
0.9999960173503726
0.9999959468231608
0.999995949522642
0.9999959752954444
0.9999958927991561
0.999995953386661
0.9999959028454176
0.9999959070582847
0.9999959095798987
0.999995865150571
0.9999959369071747
0.9999958371715179
0.9999959007048302
0.9999958669638049
0.9999958448234488
0.9999958843613139
0.9999957950617034
0.9999958583651238
0.9999957988805299
0.9999958254322261
0.9999958001139853
0.9999957798019575
0.9999958017001205
0.9999957501586839
0.9999957872042592
0.9999957444855945
0.9999957294860111
0.999995703898188
0.9999956935061164
0.9999957078853716
0.999995676074366
0.9999956966724651
