0.9999997454487148
0.9999993091811592
0.9999987028980049
0.9999989426726594
0.9999995257298998
0.9999993858758764
0.9999987637666561
0.9999987059113011
0.9999992179481368
0.9999993820279184
0.9999988463277374
0.9999985134548572
0.9999989126733692
0.9999992415924915
0.9999989348484598
0.9999984623078744
0.9999986320442968
0.9999990103590126
0.9999989707291369
0.9999984927042183
0.9999984171134105
0.9999987485563213
0.9999988869650421
0.9999985412026643
0.9999983070474529
0.999998541385549
0.9999987410750342
0.9999985593522676
0.9999982380562613
0.9999983697297149
0.9999985854236159
0.9999985270524315
0.9999981601252768
0.9999981958471811
0.9999983990457824
0.999998434146401
0.9999981946843389
0.9999980757933579
0.9999982493443618
0.999998305914696
0.9999981345974738
0.9999979373347441
0.9999980895997932
0.9999982083633457
0.999998078619705
0.999997834251587
0.9999979311313417
0.9999981284275268
0.9999980247501973
0.999997751701415
0.999997761205057
0.9999979668889762
0.9999979667856236
0.9999977390551641
0.9999976385678325
0.9999977939981682
0.9999978304053797
0.9999976644278298
0.9999974889331202
0.9999975909124001
0.9999977075175146
0.9999975995151259
0.9999974066203718
0.9999973903473445
0.9999975526701083
0.9999975157524917
0.9999973847267566
0.9999972607586547
0.9999974170973811
0.9999974311643974
0.9999972796973069
0.9999971297223748
0.9999972425244551
0.9999973577159256
0.9999972368755763
0.9999971077032589
0.9999970735995461
0.9999971922827979
0.9999971465235901
0.9999970891815763
0.9999970002195189
0.9999970950728149
0.9999970520254218
0.9999969506638177
0.9999969069330642
0.9999969436309057
0.9999969696318701
0.9999968704108827
0.9999968542839112
0.9999968381286687
0.9999968651703032
0.999996819951426
0.9999967306187949
0.9999966952227463
0.9999967329541065
0.9999967044183573
0.999996631041093
0.9999965343953939
0.9999965484508646
0.9999965933232925
0.9999965414494569
0.9999964353835411
0.9999964431314264
0.9999965058980338
0.9999964818658776
0.9999963649602359
0.999996318319766
0.9999963958090632
0.9999963926208376
0.9999962721464872
0.9999961740393412
0.9999962120046225
0.9999962771545128
0.9999961845745168
0.9999961068643486
0.9999960970717634
0.999996164213354
0.9999961295203607
0.9999960210957228
0.999995985149608
0.9999960050778324
0.9999960144251271
0.9999959314815363
0.9999958763339255
0.9999958468543791
0.9999958785979566
0.9999958617390946
0.9999957954468234
0.99999573742275
0.9999956667907491
0.9999957307005846
0.9999957567971957
0.9999957305400085
0.9999955949725101
0.999995594868972
0.9999956598995378
0.9999956577372601
0.9999955482813483
0.9999954919356725
0.9999955390998175
0.9999955901329366
0.9999954780507924
0.9999953834322141
0.9999953939525658
0.999995464027618
0.9999954917764181
0.9999953560205543
0.9999952564303574
0.9999953679857291
0.9999954338389709
0.9999952587137952
0.9999951531258052
0.9999952539906861
0.9999953426832908
0.9999952023079458
0.9999950706375426
0.9999950849717405
0.999995183173941
0.9999951219261076
0.9999949801413646
0.9999950613798023
0.9999951199956557
0.9999950657929709
0.999994943300182
0.9999949442279689
0.9999949779533864
0.9999949546866117
0.999994877233531
0.9999948480711337
0.9999948763746501
0.9999948421371478
0.9999947993215681
0.9999947266226775
0.9999948086613153
0.9999947552894941
0.9999946323078156
0.9999945712348923
0.9999946633653135
0.9999946861274216
0.9999946101690993
0.9999944858084086
0.9999945094686135
0.9999946089998069
0.999994555825711
0.9999944768512081
0.9999943920006144
0.9999944459045489
0.9999944620892935
0.9999943550066152
0.9999942595929107
0.9999943224324643
0.9999943921714413
0.9999943083196534
0.9999941587095211
0.9999941384338665
0.9999942567747816
0.9999942245813565
0.9999940837157562
0.9999939922740145
0.9999940508153767
0.9999941426424397
0.9999940959230661
0.9999939475507039
0.9999938851389527
0.9999939388316177
0.9999939910423181
0.9999939268862446
0.9999938080175559
0.9999939109461835
0.999993950357871
0.9999938289497622
0.9999937057860657
0.9999938292958298
0.9999939357848431
0.9999938233249541
0.9999936610108358
0.999993665655258
0.999993891734434
0.9999938547265012
0.9999936579680757
0.999993570526349
0.9999937504303746
0.9999937750576127
0.9999935648040308
0.9999933466180393
0.9999934431833621
0.9999936460957747
0.9999935441341613
0.9999933006718459
0.9999932564845382
0.9999934305287885
0.9999934956372664
0.9999932222626708
0.9999930002774653
0.999993102876411
0.9999933349207969
0.9999932192084793
0.9999929686200484
0.9999929467622318
0.9999931241135508
0.999993049121731
0.999992831760159
0.9999927805251354
0.9999929640676256
0.9999929888308597
0.9999928189234706
0.999992701793958
0.9999927613486987
0.9999928658002613
0.9999927871778594
0.9999925964828832
0.9999925742679604
0.9999927257378386
0.9999926668685926
0.9999925105090628
0.9999924137223727
0.9999925796981185
0.9999926165280215
0.9999924610578969
0.9999923287315331
0.9999923523446816
0.9999924748128179
0.9999923590080053
0.9999921611384635
0.999992149850255
0.9999923499342218
0.9999922392514644
0.9999919459825624
0.9999919252649088
0.9999922294427842
0.9999922424207024
0.999991938229172
0.9999917430069123
0.999991892620119
0.9999921267285206
0.9999919582573821
0.9999916805799242
0.999991639370435
0.9999918237089158
0.999991840832848
0.9999916596493761
0.9999916232260588
0.9999917564863922
0.9999917650985183
0.9999916007836078
0.9999914865611267
0.9999915248640542
0.9999916921591229
0.9999916015177776
0.9999914808937571
0.9999914041085409
0.9999914849739974
0.9999914929977609
0.9999914067644929
0.9999912748768128
0.9999912097623975
0.999991308285785
0.9999913182813748
0.9999912328672229
0.9999911440313424
0.9999912123059246
0.9999912283199924
0.9999911567324254
0.9999911560327027
0.9999911529249806
0.9999911473091531
0.999991099944821
0.9999910417068281
0.9999910129981714
0.9999909958672586
0.9999909499898711
0.9999909453859605
0.9999908871388375
0.9999908512045149
0.9999907822187522
0.9999908395254502
0.9999908777761337
0.9999908240831225
0.9999907509526271
0.9999907345861375
0.9999907597478211
0.9999906960672766
0.9999905924504631
0.9999904824195617
0.9999905912565701
0.9999906956336754
0.999990586937911
0.999990362397541
0.9999903591084072
0.9999905423939746
0.9999905216332977
0.9999903051308439
0.9999902571964085
0.9999904466871907
0.9999904031949297
0.999990252607209
0.9999901714103957
0.9999902798094911
0.9999903130009933
0.9999901832818558
0.9999900497671922
0.9999901397602932
0.9999902358925373
0.9999901366252657
0.9999899520211618
0.9999899656278374
0.999990085832071
0.9999900564903996
0.9999898546666165
0.9999897588672869
0.9999899376655299
0.9999900303340075
0.999989923775645
0.9999897876664642
0.9999897703675503
0.9999898921782396
0.9999898687210372
0.9999897320829355
0.9999896772870186
0.9999897453510652
0.9999897729836934
0.999989647354776
0.9999895713664678
0.9999896021437343
0.999989549615782
0.9999894356601151
0.9999894371610649
0.9999894764179925
0.9999894066539173
0.9999893442979118
0.9999892821138852
0.9999893313374375
0.9999893449915774
0.9999892873965583
0.999989188152894
0.9999892147842281
0.9999893077770791
0.9999892509926661
0.9999890840330483
0.9999890292000736
0.9999890700684971
0.9999890519085315
0.9999889251563848
0.999988794372377
0.9999888640880406
0.9999889259735014
0.9999889009857128
0.9999887839127145
0.9999887792273252
0.9999888310489532
0.9999888309972078
0.9999887125033775
0.9999886561938933
0.9999886721534711
0.999988703326006
0.9999886246086367
0.9999884990977616
0.999988509341294
0.9999885564377947
0.9999884704165113
0.9999883123282277
0.9999883657885811
0.9999884827621084
0.9999884920887123
0.9999883417010224
0.9999882280653443
0.9999882963853797
0.9999884348630229
0.9999883812206302
0.9999881254859634
0.9999881050848461
0.9999882701104506
0.999988321952396
0.9999881277908123
0.9999879867184167
0.9999881177295548
0.999988235652324
0.9999880830690071
0.9999878392984577
0.9999879189289477
0.9999881321247018
0.9999880936983677
0.9999878429932865
0.9999877642308364
0.9999879865403892
0.9999880392305672
0.9999877517707496
0.999987619136315
0.9999878851891741
0.9999879378366248
0.9999877811412738
0.9999876150053499
0.9999877431276583
0.9999878105691438
0.9999876811196138
0.9999874595273276
0.9999875163622317
0.9999876714273621
0.9999876083216086
0.9999874227047832
0.9999873543094527
0.9999874896303425
0.9999875848405111
0.9999874877504483
0.9999872798039265
0.9999872974625537
0.9999874161272131
0.9999873307335978
0.9999871807722462
0.9999871070702957
0.9999872868613803
0.9999873329297837
0.9999871865579008
0.9999869885172658
0.9999871518313107
0.9999873466179091
0.999987190278508
0.9999869334471637
0.99998690781238
0.9999871259535773
0.9999871765471431
0.9999869213267559
0.9999866624483095
0.9999868190933835
0.9999870504256989
0.9999868551255078
0.9999865005852953
0.9999866236596977
0.9999869291757904
0.9999867761024728
0.9999864206988509
0.9999864631270368
0.9999867645850293
0.9999867669739899
0.9999863994579767
0.9999863237923898
0.999986579310203
0.9999867785644702
0.9999865307366818
0.9999862866347546
0.9999864193280988
0.9999866774137536
0.9999866058478419
0.9999862227435695
0.9999861893799382
0.9999865105732695
0.9999865613627343
0.9999861926717128
0.9999860581059546
0.9999863120596223
0.9999864169867544
0.9999862215398175
0.9999860328965987
0.9999861333266483
0.9999862826134501
0.9999861457187205
0.9999858888420194
0.9999858999869432
0.9999861775466311
0.9999861075179376
