0.9999999444512248
0.9999997237101623
0.999999923871325
0.9999997129373274
0.9999999052293216
0.9999997125238129
0.9999998839161658
0.9999997156132965
0.9999998576904624
0.9999997133602601
0.9999998340740058
0.9999997094355807
0.9999998102338425
0.9999997115495344
0.999999780795468
0.9999997071369227
0.9999997563782267
0.9999997037502228
0.9999997389624965
0.999999706529853
0.9999997133479955
0.9999997044357953
0.9999996918210073
0.9999996988067944
0.9999996722129096
0.9999996912161899
0.9999996499807516
0.9999996832734254
0.9999996319496682
0.9999996785356884
0.9999996142568135
0.9999996684853287
0.9999995968556136
0.9999996620121469
0.9999995816242189
0.9999996506914113
0.9999995634839983
0.9999996439218652
0.999999551702559
0.9999996467661788
0.9999995387740188
0.9999996422317879
0.9999995247561583
0.9999996332274603
0.9999995076286489
0.9999996193725903
0.9999994982325321
0.9999995998270038
0.999999493976064
0.9999995894871329
0.9999994764608283
0.9999995748567464
0.9999994641859303
0.9999995627437609
0.9999994568463946
0.9999995423148432
0.9999994448651325
0.999999522950651
0.999999437488623
0.9999995152080835
0.9999994282707266
0.9999994955538316
0.999999431957948
0.9999994833674855
0.9999994285087822
0.9999994620928949
0.99999941901415
0.9999994391003907
0.9999994085387336
0.9999994251302088
0.9999994008037975
0.9999994035798058
0.9999993923556771
0.9999993889308052
0.9999993806635818
0.9999993681023238
0.9999993741830405
0.9999993525876215
0.9999993624757602
0.9999993353793997
0.999999345404176
0.9999993149572125
0.9999993364385532
0.9999993071185991
0.9999993300026344
0.9999992982181727
0.999999323121647
0.9999992823885424
0.9999993156095396
0.9999992672046333
0.9999993088435355
0.999999266709353
0.9999992970818541
0.9999992562258058
0.9999992910243527
0.9999992374243126
0.9999992906452271
0.999999218713875
0.999999274132875
0.9999992084861641
0.999999256391432
0.9999991928926925
0.9999992339502254
0.9999991835316194
0.9999992196227196
0.9999991758541442
0.9999992024701683
0.9999991585755464
0.9999991844630932
0.9999991587766115
0.9999991769257823
0.9999991460139301
0.9999991614447873
0.999999146747888
0.9999991382586869
0.9999991299506906
0.9999991238175954
0.9999991230175606
0.999999106705843
0.999999117120894
0.9999990914074748
0.9999991016518816
0.9999990866712729
0.9999990989255119
0.9999990702721185
0.9999990847175099
0.9999990570815582
0.9999990693874833
0.9999990517737225
0.9999990600633973
0.9999990289724506
0.9999990496883573
0.9999990221033195
0.999999037466117
0.9999990040409574
0.9999990260220287
0.9999989878256896
0.99999901689016
0.9999989819150954
0.9999989946468636
0.9999989798494021
0.9999989837589967
0.999998969129407
0.9999989782691484
0.9999989688552591
0.9999989603489937
0.9999989505164967
0.9999989436566017
0.9999989424835762
0.9999989288458253
0.9999989271156224
0.9999989181015341
0.9999989142559004
0.9999989009752287
0.9999989119457333
0.999998896069686
0.9999988991458909
0.9999988832491917
0.9999988824471577
0.9999988902042197
0.9999988733739801
0.9999988736871346
0.9999988714776558
0.9999988638639833
0.9999988622556188
0.9999988494472485
0.9999988540799569
0.9999988312186218
0.999998847860525
0.9999988197395504
0.9999988388641612
0.9999988101333827
0.999998825326241
0.9999987943964962
0.9999988051193104
0.9999987872038265
0.9999988020132785
0.9999987611526775
0.9999987790089921
0.9999987444417622
0.999998765929598
0.9999987286873677
0.9999987478321475
0.9999987144265723
0.9999987326356494
0.9999987102091584
0.9999987143647585
0.999998701205093
0.9999987095161711
0.9999986746932845
0.9999987000304095
0.9999986761262917
0.9999986867471787
0.9999986811360777
0.9999986698582229
0.9999986721848346
0.9999986523201746
0.9999986613226238
0.9999986486638405
0.9999986514007208
0.9999986412260354
0.9999986427791238
0.9999986370085857
0.9999986394034004
0.999998621112059
0.9999986353482782
0.9999986136758402
0.9999986050195259
0.9999985870436476
0.9999985999465796
0.9999985678807108
0.9999985913544318
0.9999985805986125
0.9999985920961476
0.999998571994222
0.9999985696275006
0.9999985604614713
0.9999985618792386
0.9999985518112026
0.9999985455688034
0.9999985502359818
0.9999985316080616
0.9999985443762769
0.9999985213218435
0.9999985299384275
0.9999985041901607
0.99999851748713
0.9999984984378536
0.999998505445415
0.9999984996480855
0.9999984898316914
0.9999984826268322
0.9999984773216966
0.9999984773571012
0.9999984684139057
0.9999984638998322
0.9999984527165072
0.9999984628934199
0.9999984594587399
0.999998450533762
0.9999984489967179
0.9999984280395564
0.9999984393406025
0.9999984106778557
0.9999984271547743
0.9999984020111927
0.9999983967906518
0.9999983879340516
0.9999983978231953
0.9999983858488545
0.9999983826185559
0.999998389608359
0.9999983744611286
0.9999983833058862
0.9999983627424357
0.9999983688548593
0.9999983508933995
0.9999983578678276
0.9999983447258325
0.9999983425428308
0.9999983256955589
0.9999983357934856
0.9999983139118683
0.9999983211493151
0.9999983110401088
0.9999983084286437
0.9999982959734943
0.9999982886732094
0.9999982905228223
0.9999982890108065
0.9999982847122315
0.9999982803667582
0.9999982707317285
0.9999982654594411
0.9999982614169302
0.9999982578304134
0.9999982538192355
0.9999982413142504
0.9999982221329069
0.9999982404858763
0.9999982046969463
0.9999982422948123
0.9999981944900382
0.9999982261263786
0.9999981776248266
0.9999982197342742
0.9999981703677302
0.9999982101668613
0.9999981490140181
0.9999981891426516
0.999998137516848
0.9999981842621521
0.9999981221731264
0.9999981695599519
0.9999981084694214
0.999998164535556
0.9999980943818034
0.9999981535218666
0.9999980907908523
0.9999981358252575
0.9999981003429673
0.9999981271326307
0.9999980826864288
0.9999981252416894
0.9999980852787173
0.999998111879063
0.9999980731840328
0.9999980966441488
0.9999980664458582
0.9999980761069006
0.9999980616758372
0.9999980644929042
0.9999980369507669
0.9999980395230117
0.9999980131456573
0.9999980282296531
0.9999979967752144
0.9999980025314955
0.9999979906039157
0.999997986158242
0.9999979744773231
0.9999979596886678
0.999997946988326
0.9999979386228994
0.9999979231199004
0.9999979087243182
0.999997920269771
0.9999979023240604
0.9999979105380009
0.9999979009891377
0.9999979042261943
0.9999978872182907
0.9999978905201512
0.9999978809851322
0.9999978828461252
0.9999978731938648
0.9999978888552764
0.999997870007919
0.9999978761646361
0.9999978692566244
0.9999978751045476
0.9999978443075633
0.999997862735013
0.999997811165527
0.9999978506775646
0.9999977980287774
0.9999978376622997
0.9999977873353174
0.999997827216895
0.9999977657723507
0.9999978154893585
0.9999977420725635
0.9999978140386542
0.9999977399834644
0.9999977881795806
0.9999977321609959
0.999997763236027
0.9999977128695907
0.9999977629665686
0.9999977095740715
0.9999977427973544
0.9999977000165126
0.9999977415089292
0.9999976887902854
0.9999977345296922
0.99999770346613
0.9999977181954934
0.9999977153510847
0.9999976915146491
0.9999976951935654
0.9999976917353822
0.9999976772573874
0.9999976825653505
0.9999976629321543
0.9999976725660714
0.9999976556065175
0.9999976709410023
0.9999976511426533
0.9999976493164173
0.9999976408072685
0.9999976509214707
0.9999976221766183
0.9999976181599874
0.9999976161841004
0.9999976054788352
0.9999976063979202
0.9999976132697643
0.9999975955922422
0.9999975805296679
0.9999975790195366
0.9999975707161041
0.9999975834566858
0.9999975607926902
0.9999975758522351
0.9999975427339859
0.9999975625426841
0.9999975302509891
0.9999975491856847
0.9999975210843267
0.9999975410050529
0.9999975131627361
0.999997538425993
0.9999975033760636
0.9999975281939748
0.999997490057596
0.9999975279338968
0.9999974912749363
0.9999975139871504
0.9999974905498883
0.9999974968560958
0.9999974885501505
0.9999974871371673
0.9999974841521508
0.999997485447844
0.9999974778876238
0.9999974615473816
0.9999974725075704
0.9999974477208298
0.999997454814386
0.9999974367617739
0.9999974612490679
0.9999974085131524
0.9999974456999192
0.9999973946472326
0.999997435050566
0.999997371751875
0.9999974250169686
0.9999973633010312
0.999997410729577
0.9999973603944924
0.9999974101012605
0.9999973598594473
0.999997398521957
0.9999973582325563
0.9999973699025795
0.999997350732638
0.9999973663718965
0.999997342677907
0.9999973566662484
0.9999973434346434
0.9999973444551683
0.9999973408335802
0.9999973212677133
0.9999973337266953
0.9999973109799962
0.999997321706601
0.999997302505467
0.9999973076333442
0.9999972750713818
0.999997304048952
0.9999972548164786
0.9999973016326172
0.9999972316207666
0.9999972821608469
0.9999972157129828
0.9999972767066648
0.999997203536301
0.9999972787455288
0.9999971907835683
0.9999972684085349
0.9999971669783068
0.9999972762561053
0.9999971438879252
0.9999972525209981
0.9999971325343056
0.9999972565226763
0.9999971224371748
0.9999972455849949
0.999997100748405
0.9999972221406753
0.9999970915059021
0.9999971915429525
0.9999971028402969
0.9999971769932026
0.9999970962082539
0.9999971548576599
0.9999970867257022
0.9999971299570974
0.9999970822938402
0.9999970918789263
0.999997074533357
0.9999970710389475
0.9999970721012478
0.9999970628354171
0.9999970730573983
0.9999970342717113
0.9999970577626219
0.9999970068138859
0.9999970629029123
0.9999969978377862
0.9999970567974253
0.9999969780301945
0.9999970515938817
0.9999969640472595
0.9999970401103472
0.9999969572017817
0.9999970306940396
0.9999969579677228
0.9999970173321923
0.9999969435692497
