0.9999998965154124
0.9999995648079882
0.9999996175312124
0.999999823812511
0.9999994830222391
0.9999996843399603
0.9999997243389129
0.9999994441749772
0.999999709312289
0.9999996154338381
0.9999994521444336
0.9999997131127272
0.9999995077834334
0.9999994727258117
0.999999668597707
0.999999427017211
0.999999513562392
0.9999995951536457
0.9999993788243939
0.9999995516327499
0.9999994980770333
0.9999993622709883
0.999999553844229
0.9999994104080778
0.9999993753219839
0.9999995269709994
0.9999993369244718
0.9999993751520289
0.9999994726381225
0.9999993039999927
0.9999994057665336
0.9999993969517068
0.9999992586372177
0.9999993938916388
0.9999993092983901
0.999999260084655
0.9999993857272154
0.9999992451438429
0.9999992593926845
0.9999993198946022
0.9999991978126204
0.9999992702959941
0.9999992502820763
0.9999991653906529
0.99999924327314
0.999999195606561
0.999999156075713
0.999999231535062
0.9999991494883957
0.9999991394982308
0.9999992040909651
0.9999991069222749
0.9999991418605229
0.9999991469160183
0.9999990730661782
0.9999991320340191
0.9999990879750064
0.9999990333607522
0.9999990928466579
0.9999990312857885
0.9999989958613344
0.999999054236615
0.99999897460052
0.9999989840296405
0.9999990142522158
0.9999989514986782
0.9999989641264069
0.9999989729660446
0.9999989170181846
0.9999989365789909
0.9999989147321686
0.9999988685722896
0.999998919076455
0.9999988949310706
0.9999988674275871
0.9999988717251224
0.9999988606340374
0.9999988396080602
0.9999988460183549
0.9999988064084432
0.999998795644098
0.9999988045360894
0.9999987700844429
0.9999987606843976
0.9999987614362793
0.9999987291779795
0.9999987361119291
0.9999987114123506
0.9999986797212916
0.9999987006094733
0.9999986832890351
0.9999986462047573
0.999998672793518
0.9999986413182296
0.999998614239218
0.9999986279950616
0.9999986038851187
0.9999985901183235
0.9999986019615514
0.9999985794846974
0.9999985480334949
0.9999985886094138
0.9999985555615218
0.9999985254445092
0.9999985542358468
0.9999985035195044
0.9999985156871957
0.9999985223779053
0.9999984757150645
0.9999985027580828
0.9999984706115572
0.9999984592806117
0.9999984668068994
0.9999984185878236
0.999998414261574
0.9999984078854188
0.9999983729911314
0.9999983831006475
0.9999983693718622
0.9999983465543082
0.9999983569330307
0.9999983228118885
0.9999983089798692
0.9999983544091642
0.9999982735441295
0.9999982963635816
0.9999983158620871
0.999998224255273
0.9999982610784297
0.999998261181435
0.9999982083734514
0.9999982570733492
0.9999982148992265
0.9999981982853422
0.999998232369072
0.9999981595055843
0.9999981945102628
0.999998207053117
0.9999981027875798
0.9999981838185116
0.9999981804234097
0.9999980703239615
0.9999981527953972
0.9999981144385629
0.9999980399049792
0.9999981416333715
0.9999980634319492
0.9999980200634166
0.9999981239977545
0.9999979909333495
0.99999801551751
0.9999980772568844
0.9999979351891068
0.9999979996872739
0.9999980071941021
0.9999978826377395
0.9999980040872456
0.9999979087468805
0.9999978759008725
0.9999979708555
0.9999978510146107
0.9999978832704607
0.999997951829477
0.9999977871554367
0.9999978962942352
0.9999978815322408
0.9999977568029325
0.9999978745772324
0.9999977892838917
0.9999977444626601
0.9999978384629992
0.9999977279875742
0.9999977518616925
0.9999977708608209
0.99999768833473
0.9999977424030722
0.9999977412351619
0.9999976476028362
0.9999977061906937
0.9999976629513468
0.9999976426212805
0.9999976734650117
0.9999976095774862
0.9999976369704109
0.9999976117174567
0.9999975820076492
0.9999976280830855
0.9999975765188696
0.9999975956476632
0.9999976141054435
0.9999975189575621
0.9999975763782698
0.9999975634988839
0.9999974694144002
0.9999975669136298
0.9999975192280016
0.9999974632869184
0.99999754222598
0.9999974357596296
0.9999974244760014
0.999997477784602
0.9999973862928795
0.9999974398647175
0.9999974421797022
0.9999973645777439
0.9999974153084396
0.9999974026252402
0.9999973545561877
0.9999973920894233
0.9999973481804857
0.9999973187631916
0.9999973563317679
0.999997276329955
0.9999973264706284
0.99999733423989
0.9999972511575232
0.9999972834611753
0.9999972677774799
0.9999972219380069
0.999997225961442
0.9999972191710562
0.9999971788570563
0.9999972262537268
0.9999972010665361
0.999997160792868
0.9999972102024688
0.9999971549615982
0.9999971375846728
0.9999971721224981
0.9999971430126111
0.9999971245705565
0.9999971479698768
0.9999970922170854
0.9999970801758492
0.9999971121863781
0.9999970620411227
0.9999970819523692
0.9999971022585683
0.9999970028209287
0.9999970813895235
0.9999970659007361
0.9999969474557707
0.9999970671681434
0.9999970075774807
0.9999969771220296
0.9999970390465136
0.9999969549291918
0.9999969689455688
0.9999970189110726
0.9999969325190488
0.999996961718114
0.9999969946624403
0.9999969115200201
0.9999969641970283
0.999996985188431
0.9999968827126854
0.9999969306798987
0.9999969197675709
0.9999968230009141
0.9999969047225654
0.9999968689606844
0.9999968008114646
0.9999968660426563
0.9999968052370105
0.9999967863854283
0.9999968175976299
0.9999967411061755
0.9999967408067002
0.9999967856755402
0.9999966906273863
0.9999967232548911
0.999996746578112
0.9999966521729498
0.999996703314115
0.999996710652793
0.9999966449073521
0.9999966665224256
0.9999966553134119
0.9999966083279761
0.9999966266773651
0.9999966350997251
0.9999965956189092
0.999996614399693
0.9999965884851487
0.9999965815357583
0.9999965623216712
0.9999965830766802
0.9999965871497473
0.9999965446701152
0.9999965436759088
0.999996562673201
0.9999965474064965
0.9999965452462959
0.9999965383306527
0.9999965268669202
0.9999965254845538
0.99999648520832
0.9999964882361152
0.9999965040236322
0.9999964747075276
0.9999964791650907
0.9999964538890906
0.9999964426899108
0.9999964420697519
0.9999964039085736
0.9999963992851435
0.9999964042283437
0.9999963417858327
0.9999963844123604
0.9999963699639399
0.9999963111164756
0.9999963860650019
0.9999963177150448
0.999996294665984
0.999996337551537
0.9999962776180215
0.9999962880817788
0.9999962771943713
0.9999962410720252
0.9999962743785749
0.9999962416941851
0.9999962261816338
0.9999962591849747
0.9999961788112862
0.999996190908386
0.9999962111362175
0.9999961322075357
0.9999961770724252
0.9999961624257355
0.9999961190139066
0.999996154416679
0.9999961128289293
0.9999960861077992
0.999996141282882
0.9999960880962245
0.9999960808186965
0.9999960822392875
0.9999960363176789
0.9999960431741336
0.9999960205951878
0.999995994600152
0.9999960444847911
0.9999959671056906
0.9999959936378163
0.9999959910458215
0.9999959296068702
0.9999959702355693
0.9999959326990416
0.9999958945971658
0.9999959391774973
0.9999958714070641
0.9999958691733462
0.9999959141493123
0.9999958138921828
0.9999958775864909
0.9999958348192215
0.9999958263869412
0.9999958789298682
0.9999957876576973
0.999995812291768
0.999995811189525
0.9999957379570854
0.9999957935999061
0.9999957502472543
0.9999957473179495
0.9999957676785526
0.9999957199680078
0.9999957564990959
0.9999957348718964
0.9999956876947587
0.9999956990966141
0.9999956987030605
0.9999957003893384
0.9999956724121905
0.9999956524485394
0.9999956640259704
0.9999956110052298
0.9999955893627583
0.9999956333186097
0.9999955753722855
0.9999956072330117
0.9999956149748659
0.9999955017852725
0.9999955825205519
0.9999955602755219
0.9999954827712952
0.99999553371218
0.9999954942387508
0.9999955080705145
0.9999954828507467
0.9999954790677603
0.9999954786626033
0.9999954281559721
0.9999954122433261
0.9999954603768331
0.9999954122746669
0.9999954021501853
0.9999954180473531
0.9999953778551011
0.9999953789510634
0.9999954046569023
0.9999953382700242
0.9999953676393262
0.9999953753947224
0.999995291335446
0.9999952941621264
0.9999953214129486
0.9999952125638919
0.9999952845797773
0.9999952297013884
0.9999952037663086
0.9999952813329526
0.9999951490877329
0.9999952031427384
0.9999952423863764
0.9999950906582511
0.9999951836931974
0.9999951461557048
0.9999950468992236
0.9999951372807719
0.9999951031417045
0.9999950675367201
0.9999951356567346
0.9999950586968811
0.999995051054618
0.9999951029682007
0.9999949992976388
0.9999950321285928
0.9999950139608204
0.9999949765218059
0.9999950140200308
0.9999949384705458
0.9999949320711381
0.9999949795219844
0.999994878458544
0.9999949243553071
0.9999949310268987
0.9999948294021488
0.9999948917527774
0.999994865098625
0.9999947827036594
0.9999948982051865
0.9999948285593253
0.9999948021586357
0.9999948835402838
0.9999947630082575
0.9999947867631385
0.9999948465583698
0.9999947308035169
0.9999947847936672
0.9999948117989429
0.999994763355033
0.9999948023122613
0.9999947629912866
0.9999947414888395
0.9999947704543297
0.9999947324738196
0.9999947186988297
0.9999947169971769
0.9999946490989411
0.9999946762509918
0.999994672997842
0.9999946261562769
0.9999946587489769
0.9999945996715396
0.9999945918669579
0.9999946343225903
0.9999945598294313
0.9999945777934371
0.9999945539639601
0.9999945280525782
0.9999945289458746
0.9999945170932295
0.999994493010845
0.9999945026642013
0.999994473270145
0.9999944715082143
0.9999944736514137
0.9999944397458203
0.9999944393929817
0.999994408302394
0.9999944151801772
0.9999943842523784
0.9999943588326065
0.9999944053814659
0.9999943875818718
0.9999943079581389
0.9999943386355934
0.9999943131238122
0.9999942717356598
0.9999943351888385
0.9999942431026972
0.9999942569670143
0.9999943046067489
0.9999941878114563
0.999994267187984
0.9999942380881395
0.9999941292632173
0.9999942690803588
0.9999941538191369
