0.9999673525988567
0.999966904326781
0.9999652734247356
0.9999625238032465
0.9999587534861819
0.999953980094985
0.9999482858284542
0.9999417752406687
0.9999345416662015
0.9999267589115761
0.9999186759575808
0.9999103355338338
0.9999018040751539
0.9998931633026574
0.9998846796285843
0.9998764062779149
0.9998682727129312
0.9998602850337119
0.9998524839803907
0.9998449509857894
0.9998378838755652
0.999831237682161
0.9998248677021369
0.9998187923187626
0.9998132135329698
0.9998082709064745
0.9998039145417048
0.9998001048632504
0.9997968240698765
0.9997939358261656
0.999791348761535
0.9997890160035993
0.9997869028679771
0.9997852274604637
0.9997836986061707
0.9997826117645761
0.9997815296739965
0.9997803309621798
0.9997792326317112
0.9997780712976622
0.9997769115196843
0.9997756465012266
0.9997744590592399
0.9997731206478595
0.9997717296960885
0.9997701628760488
0.9997686489779861
0.9997670433106154
0.9997651760009441
0.9997628551909306
0.9997604241545132
0.9997578228911898
0.9997551282597695
0.9997521644513374
0.9997491285947708
0.9997463646901935
0.9997438085441264
0.9997411609073029
0.9997384155205684
0.9997356582541467
0.999732928750527
0.9997302221177222
0.9997273148984166
0.9997241628786216
0.9997207461743147
0.9997172588782716
0.9997134063285646
0.9997093420477977
0.9997050259996102
0.9997004344313088
0.9996955999471411
0.9996906244087809
0.9996855410434029
0.99968047411548
0.9996754876994064
0.9996704920686479
0.9996653950076198
0.9996604776456832
0.9996558343431183
0.9996511983195802
0.9996466062742597
0.9996422599320837
0.9996382074990358
0.9996345140782479
0.9996310799598621
0.9996278413207581
0.9996248592043111
0.9996220543438983
0.9996194626609506
0.9996168349712504
0.9996143104381215
0.9996117852601757
0.9996095012489654
0.999607260814036
0.9996048797219224
0.9996025026354205
0.9996001555711014
0.9995978819759423
0.999595393614847
0.9995926624443877
0.9995897000802635
0.9995867265915229
0.9995834756110501
0.9995803283506444
0.999576915429526
0.9995732597213515
0.9995691397753054
0.9995647223884208
0.9995603556249105
0.9995559869086544
0.9995517801909544
0.9995478595508981
0.9995442254345159
0.9995406899290316
0.9995372037226855
0.9995339703759928
0.9995306384162235
0.9995272589496249
0.9995241303063248
0.9995208713622875
0.9995173716221752
0.9995139324911604
0.9995102078472604
0.9995061751140119
0.9995022007551194
0.9994982158838388
0.9994940091742857
0.9994896634074185
0.9994853186091616
0.9994810140245851
0.9994768492530851
0.9994728420754664
0.999469077146089
0.9994651665865806
0.9994612685999062
0.9994575428961506
0.9994540937063242
0.9994508573561648
0.9994475531467141
0.9994442967465226
0.9994410118638933
0.9994377123070284
0.9994345893145661
0.9994316830270271
0.9994292169440195
0.9994271158969208
0.9994249895422934
0.9994224120536808
0.9994194467850046
0.9994163445380151
0.9994130438393988
0.9994094406548766
0.9994054663383247
0.9994013985544837
0.9993969469334937
0.9993922419017983
0.9993872224840634
0.9993819056337351
0.9993764213870675
0.999370737008334
0.9993652276446147
0.9993601208614014
0.9993549075418732
0.9993496550999488
0.9993443840712037
0.9993391844945375
0.9993342513214839
0.9993290872734094
0.9993241015317218
0.9993190980483808
0.9993141497678611
0.9993088377230112
0.999303103110777
0.9992974021674065
0.9992917283548517
0.9992863591385137
0.999281349925289
0.9992768648575456
0.9992726148713262
0.9992688667524929
0.9992657654593343
0.9992633121482117
0.9992615035612233
0.9992598835961315
0.9992588248529497
0.9992579649568213
0.9992573505751098
0.9992570976825945
0.9992567789557267
0.9992565485007251
0.9992561852539034
0.9992558247158233
0.9992554408347492
0.9992543876522696
0.9992530132256268
0.9992514875131591
0.9992497800062684
0.9992479363669836
0.9992461772126001
0.9992439306129932
0.9992411537701186
0.999237873606742
0.9992343272631962
0.9992303296109608
0.9992257868528047
0.9992209797358785
0.9992159697951544
0.9992109770409097
0.9992060888716958
0.999201207577737
0.9991963870555001
0.999191594579784
0.9991870464502868
0.9991822549310574
0.9991772025022388
0.9991719613069755
0.9991664053267757
0.9991610359111641
0.9991561709847893
0.9991518991374612
0.99914818477355
0.9991451189735426
0.9991426989657769
0.9991403461292718
0.9991382292731619
0.9991360324953522
0.9991339851880856
0.9991318837849595
0.9991299414586571
0.9991285397832268
0.9991275956206492
0.9991267928906173
0.9991256625312225
0.9991238460734748
0.9991216063821473
0.9991193301122451
0.9991174880228274
0.9991155733927263
0.9991132160559828
0.9991106335225652
0.9991079097437541
0.9991053790330175
0.9991030373851585
0.999100303727116
0.9990969703730695
0.9990934857136781
0.9990902381768422
0.9990871776432881
0.9990839829689306
0.9990804132049523
0.9990767983514686
0.999073664403455
0.999070890555545
0.9990685241492683
0.9990662909507976
0.9990638777808396
0.9990612444695848
0.9990585626307993
0.9990557906596299
0.9990528341592203
0.9990495680784669
0.9990461679510794
0.9990424351448152
0.9990385591662546
0.9990346468156445
0.9990307026101843
0.9990266681268388
0.999022642882369
0.9990184149473833
0.9990140852997708
0.9990097428780279
0.9990053280499381
0.999000493099496
0.9989955428396162
0.9989903639734578
0.9989852247005316
0.9989796850410303
0.9989740136030718
0.998968183795133
0.9989617148795756
0.998954754770177
0.998947581097172
0.9989401863206471
0.9989325966016734
0.9989255159076783
0.9989186387892856
0.9989119299847398
0.9989054579589711
0.9988989713318508
0.9988928864090171
0.9988873362327422
0.9988823806296335
0.9988778230581601
0.9988736549585635
0.998869953484237
0.9988665851013825
0.9988634551058245
0.9988604957859235
0.9988578184237126
0.9988553948705546
0.9988529687732092
0.9988502057799906
0.9988472022859143
0.9988442611267284
0.9988414194735075
0.9988388209064689
0.9988364206380058
0.9988342413293866
0.9988319032294494
0.9988297900402547
0.9988276950940082
0.9988252945664652
0.9988231102011876
0.9988208776970613
0.9988189637483013
0.9988169552561449
0.9988146873381928
0.9988125985432953
0.9988103051830126
0.9988080356422001
0.9988057164100193
0.9988028730976521
0.9988002876409057
0.9987979119452043
0.9987955851199393
0.9987932197810091
0.9987910614820378
0.9987886856244291
0.9987857513910887
0.9987827930678772
0.9987794955809759
0.9987757678794498
0.9987717747264654
0.9987675200767028
0.9987628197221727
0.998757702260305
0.9987527033584876
0.9987478016105682
0.9987426865055665
0.9987375362835166
0.9987320792974872
0.9987264194180797
0.9987208528916314
0.9987155607758184
0.9987103070960263
0.9987052661356445
0.9987012606605642
0.9986977441342553
0.9986948958433728
0.9986927041314488
0.9986903584181276
0.9986884387301447
0.9986866894287985
0.998684753727837
0.99868251642341
0.9986804593799444
0.9986785808250264
0.9986771365941797
0.9986753829398287
0.9986736702823649
0.9986714205648929
0.9986692393190942
0.99866707502092
0.9986647363200507
0.9986626058604966
0.9986602873130077
0.9986580176136957
0.9986554625588836
0.9986524993545937
0.9986492169543612
0.9986458145279701
0.9986422762693702
0.998638791614538
0.9986351502287021
0.9986314608460324
0.9986276165790274
0.9986237609681284
0.9986201773004697
0.9986162259031266
0.9986122540688702
0.9986084860153758
0.9986051590079665
0.9986021080102983
0.9985984909558288
0.9985945176498091
0.9985903621772593
0.9985859015344172
0.9985811450446603
0.9985759480409023
0.998570667989226
0.998566014074486
0.9985616206486371
0.9985572287325265
0.9985526845863121
0.9985480955899375
0.9985435355414681
0.9985386414042751
0.9985336250527813
0.9985283897829389
0.9985237328330133
0.998519345448263
0.9985150134469621
0.9985108509650598
0.9985066440281472
0.9985025666950011
0.9984986027772392
0.9984951416636746
0.998492135184015
0.998489243229554
0.9984861525329207
0.9984829028904314
0.9984798037243777
0.9984765883456596
0.9984731929567414
0.9984697030131382
0.9984662292731165
0.9984627875904106
0.9984591948522746
0.9984556817966127
0.9984523025186992
0.9984487650862547
0.9984451631408123
0.9984417140085066
0.9984383681003596
0.9984356218321608
0.9984333331558884
0.9984308943519369
0.9984283197742158
0.9984252516954618
0.998421988395014
0.9984187091866236
0.9984152765635693
0.9984121367090942
0.998409233981486
0.9984062834950063
0.9984037337985967
0.9984010512976957
0.9983983016562391
0.9983959037045382
0.9983930087187195
0.9983895766091104
0.9983857419602076
0.9983815419738123
0.9983773883405535
0.9983735751835745
0.9983705655126515
0.9983680141586961
0.998365156217522
0.9983623977817955
0.9983591992124918
0.9983557129996038
0.9983515743267057
0.9983469150049107
0.9983420967689124
0.9983378812042875
0.9983337895550691
0.9983296654972147
0.9983261615355707
0.9983222734863124
0.998318403554436
0.9983143216675809
0.9983093687582048
0.9983041294369356
0.9982988984917068
0.9982932935032774
0.9982879674771573
0.9982827211948541
0.9982774941732256
0.9982723724824488
0.9982671308141019
0.9982619654861378
0.9982568184404342
0.998251694226301
0.9982468438777247
0.9982427317720938
0.9982394574110312
0.9982362623050707
0.9982331286318644
0.9982296751924842
0.998226260507728
0.9982227065441526
0.9982192931252991
0.9982164734782336
0.9982137517327235
0.9982110404111595
0.9982081315301584
0.9982045953886333
0.998200920789302
0.9981972280711355
0.9981933904866471
0.9981894717494071
0.9981854980916075
0.9981818276382393
0.9981783715613916
0.9981745100253115
0.998170848319215
0.9981671614882386
0.998162991858192
0.9981582918834336
0.9981540383081487
