0.9999999120947374
0.9999995971035541
0.9999997472407437
0.9999997960854381
0.9999995522743024
0.9999998356822822
0.9999996099085916
0.999999652204746
0.9999997748555175
0.9999995178217597
0.9999997518288087
0.999999622318379
0.9999995710679859
0.999999731249343
0.9999994991035781
0.9999996579579433
0.9999996111166204
0.9999994977288175
0.9999996760748321
0.9999994810282887
0.9999995763875477
0.9999995939104864
0.9999994307951836
0.9999996165394747
0.9999994651836349
0.9999994849823283
0.9999995564023906
0.9999993898303623
0.999999547222727
0.9999994493749294
0.9999994166605607
0.9999995115029995
0.9999993539433568
0.9999994683675913
0.9999994150452408
0.9999993560856242
0.9999994620725673
0.9999993271436213
0.9999993939101273
0.9999993812037865
0.9999993029341419
0.9999994005714455
0.9999992945211574
0.9999993286162349
0.9999993490580478
0.9999992500118762
0.9999993329688501
0.9999992647477347
0.9999992605509561
0.9999993013474976
0.9999992050048473
0.9999992704604259
0.9999992247768816
0.9999991900559622
0.9999992348809187
0.9999991407692586
0.9999992077359007
0.9999991798101888
0.9999991431068606
0.9999991955858796
0.9999991154803459
0.9999991542553127
0.9999991525535504
0.999999094669606
0.9999991524738177
0.9999990799367616
0.9999991058921667
0.9999991046071841
0.999999040511366
0.9999990870474722
0.9999990264484424
0.9999990356394421
0.9999990512955359
0.9999989843201689
0.9999990315632143
0.99999898712253
0.9999989724433188
0.9999989962773078
0.9999989420957192
0.999998968827578
0.9999989500629808
0.9999989128838556
0.9999989413461513
0.9999988959565883
0.9999988935740972
0.9999989023005136
0.9999988562586845
0.9999988722895052
0.9999988454447156
0.9999988427726996
0.9999988491991401
0.999998788962299
0.9999988166978189
0.9999987914012463
0.9999987751043335
0.9999987852370271
0.9999987489615045
0.9999987776948223
0.9999987471871216
0.9999987334758248
0.999998759643563
0.9999986951255647
0.9999987364692348
0.9999986959986017
0.9999986685922798
0.9999987042210277
0.9999986381559577
0.9999986861367364
0.9999986427156626
0.9999986388075401
0.9999986411278214
0.9999985818188273
0.9999986301054724
0.9999985695925263
0.9999985891634852
0.9999985971696483
0.9999985381185551
0.999998584965816
0.9999985458066737
0.9999985425458559
0.9999985544767076
0.9999984870188461
0.9999985357495816
0.9999985011483821
0.9999984844448466
0.9999985086370192
0.9999984470058287
0.9999985081354811
0.9999984737125989
0.9999984393074094
0.9999984793980131
0.999998419260375
0.9999984491372401
0.9999984375960733
0.9999983828369219
0.9999984387862567
0.9999983806099876
0.9999983760744463
0.9999984059357148
0.9999983289225038
0.9999983798100126
0.9999983596038987
0.9999983103159771
0.9999983813004454
0.9999982936496457
0.9999983302676636
0.9999983516142109
0.999998253071782
0.999998330261662
0.999998278281853
0.9999982609355611
0.9999982974356683
0.9999982233392118
0.9999982795070042
0.9999982641028056
0.9999982071688096
0.9999982723862915
0.9999981888892461
0.9999982208971515
0.9999982421503708
0.9999981623394226
0.9999982169574958
0.9999981712112996
0.9999981717776467
0.999998213490123
0.9999981402033535
0.9999981684197229
0.9999981502124826
0.9999981205176389
0.9999981581996324
0.9999981033338352
0.9999981145636473
0.9999981086117103
0.999998070002335
0.9999981167010166
0.9999980654130207
0.9999980670078294
0.999998104734537
0.9999980029171096
0.9999980702712825
0.9999980241424464
0.9999979919929656
0.9999980456008881
0.9999979506904586
0.9999980201965672
0.9999979749450921
0.9999979311191245
0.9999979979520804
0.9999979189368351
0.9999979171692471
0.99999795107135
0.9999978735039863
0.9999979441198062
0.9999978792835006
0.99999788964113
0.999997956545871
0.9999978496047383
0.9999978968901787
0.9999978606765186
0.99999784266824
0.9999978673049398
0.9999978078972758
0.9999978481794596
0.9999977949321013
0.9999977967930442
0.9999978145100195
0.99999775795413
0.9999978101733834
0.9999977924582425
0.9999977256035283
0.9999977801114566
0.9999977035179957
0.9999977611281782
0.9999977436083229
0.999997705199292
0.9999977607002576
0.9999976841515019
0.9999977164861165
0.999997717721827
0.9999976689749972
0.9999976998109248
0.9999976547633844
0.9999976574666153
0.9999976373875171
0.9999976357525221
0.999997616088059
0.9999975982853454
0.9999976317624695
0.9999975957850734
0.999997598986259
0.99999757140203
0.9999975610532182
0.9999975485095918
0.9999975341451532
0.9999975306129465
0.9999974995186198
0.9999975159309741
0.999997489860309
0.9999974553270472
0.9999974643589268
0.9999974210129178
0.9999974186776586
0.9999974384445528
0.9999973759043327
0.9999974077998327
0.9999974096468722
0.9999973860838325
0.9999973718226111
0.9999973493869594
0.9999973577098074
0.9999973167903937
0.9999973118071315
0.9999972965336763
0.9999972715750548
0.999997287815807
0.9999972556515662
0.9999972615276258
0.9999972364637666
0.9999971946163058
0.999997224095511
0.9999972409931608
0.9999971686551099
0.9999971956561883
0.9999971538191084
0.9999971410653044
0.9999971813361201
0.9999971076258323
0.9999971361645168
0.9999971121320232
0.99999709345822
0.9999971381911494
0.9999970787197081
0.9999970885428243
0.9999970725923973
0.999997026800227
0.999997088658652
0.9999970220799917
0.9999970290555685
0.9999970364851812
0.9999969879210252
0.9999970177687592
0.9999969793352721
0.9999969675930273
0.9999969839108862
0.9999969451740671
0.999996978167216
0.999996956026626
0.9999969197389637
0.9999969749498671
0.9999969380323975
0.9999969289181663
0.9999969377732306
0.9999968803890481
0.999996924074107
0.999996897137598
0.9999968285542498
0.9999968965449564
0.9999968461031097
0.9999968332048863
0.9999968545991111
0.9999968025407269
0.9999968506357615
0.9999968378708948
0.9999968110844313
0.9999967895060585
0.9999967844522153
0.9999968054843056
0.9999967540249304
0.9999967607161909
0.999996741069636
0.9999967279117254
0.9999967413493209
0.9999967227666574
0.9999967177131718
0.9999967145597299
0.9999967076093402
0.9999966731990958
0.9999966813537577
0.9999966598280061
0.9999966519293724
0.9999966400513767
0.9999966409191955
0.9999966250596358
0.9999966060281071
0.9999966286111358
0.9999966007948093
0.9999966033478692
0.9999965846823035
0.9999965758603785
0.999996586017365
0.9999965624237956
0.9999965912692841
0.9999965548495323
0.99999656631479
0.9999965431444401
0.9999965527959863
0.9999965564060067
0.9999965381565223
0.9999965432359854
0.9999965215086132
0.99999654123114
0.9999964930640003
0.9999964879881188
0.9999964878101278
0.9999964579167276
0.9999964675059737
0.9999964288912274
0.9999964346829365
0.9999964516752249
0.9999964013880457
0.9999964546849426
0.9999963998190667
0.9999964094988323
0.9999964299738714
0.999996374935981
0.9999964204112268
0.9999963475906224
0.9999963825524542
0.999996387974306
0.9999963425845029
0.9999963971680557
0.9999963339301035
0.9999963493745005
0.999996309410942
0.9999962674762813
0.9999963595587953
0.9999962566351202
0.9999962767823879
0.9999962987159221
0.9999962097353998
0.9999962890597156
0.9999962349652416
0.9999962005737421
0.9999962441155666
0.9999961755795032
0.9999961847707101
0.9999961776008031
0.9999961187932496
0.999996146486894
0.9999961072636927
0.9999960941321661
0.9999961170951868
0.9999960775201716
0.9999960921711353
0.9999960729384623
0.9999960530661112
0.9999960751952305
0.999996044278955
0.9999960455636088
0.9999960174608669
0.9999960215396089
0.9999960305941732
0.9999959850604057
0.9999960315354908
0.9999960004290984
0.9999959602119662
0.9999959857837941
0.9999959266416368
0.9999959219787292
0.999995940792624
0.9999958846101681
0.9999958872508645
0.9999958743557056
0.9999958492128425
0.9999958627438492
0.9999958004120192
0.9999958437795433
0.9999957916568111
0.9999958060134726
0.999995796085856
0.9999957328571962
0.9999958020522499
0.9999957043855813
0.9999957560757218
0.9999957541161141
0.9999956790688589
0.9999957669912648
0.999995679106237
0.9999956642448097
0.9999957284985097
0.9999956337616359
0.9999957005753163
0.999995676205081
0.9999956211502491
0.9999957024785822
0.9999955913716968
0.9999955887926834
0.9999956133283413
0.9999955469459826
0.9999955615747215
0.999995541882066
0.9999955163973435
0.9999955230697759
0.9999955216691335
0.9999954746972248
0.9999955109674831
0.9999954736821338
0.9999954919297991
0.9999954568163919
0.999995432308503
0.9999954272342888
0.9999954279995876
0.9999954255462599
0.9999954036653076
0.9999953897047021
0.9999953620386979
0.9999953845826155
0.9999953371243236
0.9999953491766517
0.9999953683674736
0.9999953290847626
0.9999953296035399
0.9999953372791401
0.9999953125031594
0.9999953283753427
0.9999952645729829
0.9999953026630269
0.9999952799168933
0.9999952473319663
0.9999952373554863
0.9999952192848885
0.9999952340599575
0.9999952323746001
0.99999519384347
0.9999952088910515
0.9999951809723784
0.9999951927499409
0.999995175846444
0.9999951689757435
0.9999951634950379
0.9999951466396759
0.9999951917233418
0.999995138213334
0.9999951687438199
0.9999951331900043
0.9999950868443298
0.9999951320908296
0.999995078648466
0.9999950906426105
0.9999950985414897
0.9999950691216496
0.999995100408915
0.999995062993828
0.9999950714391116
0.9999951116295805
0.9999950537798452
0.9999950868953631
0.9999950676034818
0.9999950543452919
0.999995065413952
0.9999949974807326
0.9999950375858732
0.9999950284098783
0.9999949515187933
0.99999503224297
0.9999949553638489
0.9999949640102038
0.9999950221740477
0.9999949154800961
0.9999949705641634
