0.9999914000325454
0.9999908377761703
0.9999893127327582
0.9999869203506088
0.9999837471142561
0.9999799300038602
0.999975729607552
0.9999712486907835
0.9999667328120153
0.9999624299545361
0.9999585602435603
0.9999553021364932
0.9999528493878972
0.999951307314606
0.9999506421909407
0.9999506856270541
0.9999513993165768
0.9999526339850937
0.9999541819569192
0.9999559309342699
0.9999576245346612
0.9999591444370752
0.9999604929162883
0.9999615636079282
0.9999621885208382
0.9999622360336016
0.9999616475463512
0.9999604138321908
0.9999586150662824
0.9999562406774208
0.9999534124382776
0.9999502788092981
0.9999470338914591
0.9999439102161856
0.9999410601698328
0.999938482311877
0.9999363204722437
0.9999346778984463
0.9999335593456633
0.9999329802683735
0.9999327502148372
0.9999327241556427
0.9999328301163786
0.9999330672547769
0.9999333633394125
0.9999336191670606
0.9999338567967085
0.9999340499399535
0.9999341687503158
0.9999342133600845
0.9999342081263084
0.999934039993985
0.9999335847186318
0.9999328432541211
0.9999318495125491
0.9999305598843903
0.9999290139706686
0.9999272026916072
0.9999251665440498
0.9999230994525736
0.9999210285828107
0.9999190764418405
0.9999174463846193
0.9999161388649435
0.9999150327944021
0.9999143874304433
0.9999140476834478
0.9999139689537531
0.9999140437109362
0.9999142067375273
0.9999143736438871
0.9999144965407399
0.9999143837590002
0.9999140931750077
0.9999136926629708
0.9999131211166741
0.9999122826774692
0.999911205307769
0.9999099293573666
0.9999085158547736
0.9999067652079083
0.9999049705417512
0.9999032937422099
0.9999016400155315
0.9999001749156708
0.9998988154996449
0.9998977402853458
0.9998968239679273
0.9998959044088321
0.999895038185206
0.9998943228451559
0.9998936630374763
0.9998931533441001
0.9998927458800334
0.9998924629800617
0.9998923123651998
0.9998920432111204
0.999891690231376
0.9998912226068032
0.9998906145129914
0.9998898146711933
0.9998889008226354
0.999887831040827
0.9998867044286222
0.9998854633799862
0.9998841738933435
0.9998826935134185
0.9998813879785934
0.9998801635208419
0.9998789823771274
0.9998777918412459
0.9998767105232422
0.9998756535699571
0.9998745982007102
0.999873459411148
0.9998720955217143
0.999870546395388
0.9998690418027788
0.9998675956419563
0.9998664316623973
0.9998658480725454
0.9998656757913216
0.9998657123077027
0.9998658769044149
0.9998660831519371
0.9998664102662893
0.9998666753155008
0.9998666604678031
0.9998662792753883
0.9998654057609204
0.9998640244991065
0.999862241279162
0.9998602946439014
0.9998581687415082
0.9998561741135087
0.9998541803896827
0.9998522221585399
0.9998503970098727
0.9998487069580135
0.9998473716111389
0.9998460879156673
0.9998449105028324
0.9998439750843482
0.9998432423986854
0.9998427283482405
0.9998422659150051
0.9998419733871624
0.9998416372155456
0.9998414142128258
0.9998414252249284
0.9998415921412462
0.9998417791450671
0.9998417526242823
0.9998414934776775
0.9998407852921967
0.9998398626859142
0.9998388903889587
0.999837890581151
0.9998367062018942
0.9998352267489983
0.9998336192070089
0.9998321458619129
0.9998307699475657
0.999829491193869
0.9998284081657514
0.9998273973331737
0.9998263572368681
0.999825316162732
0.9998244686180514
0.9998239059592413
0.9998235065874866
0.9998231614282788
0.9998227098334008
0.999822148567567
0.9998213802649525
0.9998206317623236
0.9998198612655901
0.9998192854593618
0.9998187689589993
0.9998182652862454
0.9998175852178038
0.9998168481549146
0.9998159185129168
0.999814695718893
0.9998133279201555
0.9998118590987985
0.9998105430602782
0.9998092086380387
0.9998076958941436
0.9998063018321981
0.9998048885415923
0.999803395482928
0.9998019125522477
0.9998003584567188
0.9997987941937309
0.9997974042462595
0.9997960700902835
0.9997947989660725
0.9997938585994013
0.9997931543663713
0.9997925292270515
0.9997921268175572
0.999791952516361
0.9997918385239046
0.9997916620770976
0.9997914392674289
0.9997909769969167
0.9997902134834789
0.9997892506678143
0.9997880812380424
0.9997866432274668
0.9997851758456484
0.999783743525008
0.9997823060161768
0.999781036864714
0.9997800955540163
0.9997793385212969
0.9997785377770804
0.9997777332044201
0.9997767769434726
0.9997755955674744
0.9997743446838758
0.9997730549462914
0.9997720403477541
0.9997712294685636
0.9997706273491793
0.9997701984610079
0.999769950139975
0.9997697678119465
0.9997694703414003
0.9997691413129492
0.9997688139917993
0.9997681373646908
0.999767344999462
0.9997665330593829
0.9997656152138931
0.9997645028522312
0.9997631232534202
0.9997616624712127
0.9997602263265488
0.9997588786810567
0.9997575518347486
0.9997561352218037
0.999754696897898
0.9997533279565525
0.9997520762040545
0.9997509923001626
0.9997500922981558
0.9997493675931101
0.9997486861462228
0.9997479879585279
0.9997471700822282
0.9997463406720218
0.9997454259428594
0.9997446055140886
0.9997439446661304
0.9997434981955604
0.9997429458120977
0.9997421634798148
0.9997412506430837
0.9997402358918165
0.9997391207169244
0.9997378704392782
0.9997364118475334
0.9997349747808005
0.9997336832984147
0.999732463491922
0.9997312961495709
0.9997301809197708
0.9997288730341649
0.9997275912706681
0.9997263405331388
0.9997251511558339
0.9997240984295341
0.9997230633163987
0.9997221071798856
0.9997212811542464
0.9997207615120858
0.9997202676494469
0.9997197169899927
0.9997190553703815
0.9997183441626875
0.9997177495372671
0.9997173647632827
0.9997171027974545
0.9997168191148049
0.9997164137731445
0.9997160469037586
0.9997156303686677
0.9997151354767658
0.9997145464816724
0.9997138991569633
0.9997132417765235
0.9997125388392751
0.9997119559722445
0.9997113808621448
0.9997108524876167
0.999710331419119
0.9997098110087433
0.9997093243724069
0.9997087607723684
0.9997081358997555
0.9997075937744248
0.9997069125503292
0.9997060597197329
0.9997050067382146
0.9997041005454789
0.9997033213113797
0.9997025857661034
0.9997020801281873
0.9997015294845688
0.9997007662246283
0.9996999635963596
0.9996990931057492
0.9996980812662338
0.9996968894223331
0.9996956393692594
0.9996945385832571
0.9996935272785914
0.9996923492147721
0.9996911384527504
0.9996902912305976
0.9996896653682277
0.9996891487071196
0.9996887233325082
0.9996880268552404
0.9996871845876445
0.9996863781734031
0.999685449015196
0.9996845828075716
0.999683729502711
0.9996827259362618
0.9996816327288445
0.9996806028574572
0.9996796297490808
0.9996788434399235
0.9996782275750012
0.9996775928121265
0.99967706971005
0.999676750466691
0.9996763195906093
0.999675646737471
0.999674804429953
0.9996735612776361
0.9996722059181603
0.9996708626096862
0.9996695437370711
0.9996685193399396
0.9996675203643329
0.9996666907621949
0.9996660403695382
0.999665541676826
0.9996649903497358
0.9996644312485988
0.9996639582555885
0.9996631518676051
0.9996620958347411
0.9996608764012127
0.999659864221275
0.9996588614186228
0.9996579473360755
0.9996569591705825
0.9996556619317971
0.9996543112881856
0.9996528854706974
0.9996516469617356
0.9996507989360153
0.9996500872120642
0.9996495392811937
0.9996491361220992
0.9996489081575886
0.9996486727914706
0.9996484985754657
0.9996482822267685
0.99964800440455
0.9996477622499738
0.9996476055699944
0.999647412559751
0.9996474502587532
0.9996474225391646
0.9996472850700471
0.9996469613302087
0.999646389876059
0.9996453973788539
0.9996441758751871
0.9996427130905698
0.9996410476041775
0.9996388457176354
0.9996361606158295
0.999633330611168
0.9996303451128103
0.9996273377934565
0.9996245149005412
0.9996217383975559
0.9996196187203571
0.9996180711744543
0.9996171722940935
0.9996167922794335
0.9996166496680928
0.9996166698238687
0.9996168408564701
0.9996172870314988
0.999618011921526
0.9996187032624552
0.9996193884600252
0.9996200573914452
0.999620425534878
0.9996205564828631
0.9996203536635515
0.9996196733145836
0.9996186454117788
0.9996172958922875
0.9996159625760537
0.9996144197348055
0.9996128945362165
0.9996114862651307
0.9996099626233745
0.9996082900419735
0.9996066027652679
0.9996051389337828
0.9996039783680798
0.9996031094203307
0.9996026511666303
0.9996027266263094
0.999602793995056
0.9996033169808326
0.9996038374319366
0.9996041024433314
0.999604266538888
0.9996039795174606
0.9996035068977299
0.9996026893809784
0.9996015773803685
0.9996002623267313
0.9995986598940676
0.9995969887315052
0.9995953819513171
0.9995939001117511
0.9995925249004282
0.9995911935001075
0.9995897653179486
0.9995884044719563
0.9995874019062944
0.9995864208039928
0.9995855334105974
0.9995849956935509
0.9995846376573763
0.9995843016444788
0.9995840070796052
0.9995839375908425
0.9995836800760091
0.9995834261929222
0.9995832320622378
0.9995829773846094
0.9995827665216136
0.9995826700259727
0.9995825017168296
0.9995821037007608
0.999581116051673
0.9995796272341794
0.9995777275220873
0.9995755147399457
0.9995731898444906
0.9995707622948257
0.9995683632428782
0.9995657775796906
0.9995633317818138
0.9995611854061834
0.9995591331781521
0.9995572349473802
0.9995554747001292
0.9995538403377833
0.9995525165807003
0.9995518811168438
0.9995515445367782
0.9995519200830519
0.9995527186238815
0.999553533516758
0.9995543787846002
0.9995551651422947
0.9995560184849596
0.9995565361654697
0.999556533394446
0.9995561972609158
0.9995555176041704
0.9995546215197316
0.9995537281429206
0.9995523130748686
0.9995505864044374
0.9995486940428372
0.9995468094909385
0.9995452128747204
0.999543929741394
0.9995431084285555
0.9995426268135723
0.9995420749241538
0.999541661644976
0.9995413962208678
0.9995408023984219
0.9995400456341257
