0.9999995926289583
0.9999991361542339
0.9999982368860261
0.9999978781257584
0.9999984055876483
0.9999991110981116
0.9999991367068545
0.9999984713759964
0.999997799065168
0.999997824549471
0.9999984751710979
0.9999989010042821
0.9999985883072448
0.9999979942719947
0.9999976498406721
0.9999978527023824
0.9999983798141443
0.9999984895437314
0.99999806245701
0.9999976103617537
0.9999975188196277
0.9999978619162968
0.9999981989258504
0.9999980771432544
0.9999976151042939
0.9999972890236194
0.9999974373058426
0.9999978284744775
0.9999979768475734
0.9999977295830182
0.9999972900144851
0.9999971259948499
0.9999973517017225
0.9999976465622635
0.9999976525934894
0.9999972874925661
0.9999969437118803
0.9999969682151527
0.9999972607329104
0.9999974947595804
0.9999973660042206
0.9999969685160914
0.9999967566063036
0.9999968770357234
0.9999971616321287
0.9999972497769611
0.999996973564112
0.9999966898908181
0.9999966357973801
0.999996767440424
0.9999969716173676
0.9999969163550546
0.9999965860609816
0.9999964059812287
0.9999964459335939
0.9999965821953226
0.9999966744510813
0.9999964852758718
0.9999962036069955
0.9999962067183219
0.9999963208260476
0.9999964473553759
0.9999964097329737
0.9999961074431675
0.9999959432161958
0.9999960240854104
0.9999961404524433
0.999996201831351
0.999996062207723
0.9999958161343158
0.9999958067059612
0.9999958751623041
0.9999959560051911
0.9999959335189069
0.9999956804817056
0.9999955271341421
0.9999955522311926
0.9999956268049423
0.9999957163530675
0.9999955986533152
0.999995384941972
0.9999952471542335
0.9999952293249579
0.9999953191014892
0.9999953686010165
0.9999951967406174
0.9999950284833594
0.999994946330867
0.999994934503396
0.9999949746611079
0.9999949651367608
0.9999949185808807
0.9999947547243833
0.9999946299213824
0.9999946559539543
0.9999947245706216
0.9999946913986982
0.9999945233450634
0.9999944269071078
0.9999944354938565
0.999994424932741
0.9999944894638598
0.9999944743265751
0.999994265942403
0.9999941274003017
0.9999941184841425
0.9999941648507206
0.9999942311787615
0.9999940981462333
0.9999939286650603
0.9999939820432115
0.9999940483193333
0.9999940443312059
0.9999939743787708
0.9999938058980873
0.9999937277428309
0.9999937797633092
0.9999937634904988
0.999993718050877
0.9999936325508411
0.9999935046140296
0.999993392522955
0.9999934383214254
0.999993565858993
0.9999935971240893
0.9999934872323493
0.9999933093527292
0.9999932348380025
0.99999325967162
0.9999933628797901
0.9999933225440575
0.9999930984093031
0.9999929261590539
0.9999929666200668
0.999993043807409
0.9999930473281429
0.9999929474866898
0.9999927218945706
0.9999925542958767
0.9999926038954171
0.999992689871191
0.9999926961832175
0.9999926191308092
0.9999924071288051
0.999992318498765
0.9999924354462576
0.9999924857163017
0.9999923869795857
0.9999921988970083
0.999992084048649
0.9999921457276975
0.9999922407918425
0.9999922312152897
0.9999921633743079
0.9999919914437858
0.9999918918068262
0.9999919780825139
0.9999919835488105
0.9999919367298996
0.9999919089429756
0.9999917866749888
0.9999916956683182
0.9999917161125629
0.9999916735966221
0.9999915898291167
0.9999915853322506
0.9999915796030996
0.9999915516293283
0.9999914568307765
0.9999913745415637
0.9999913734627193
0.9999913451131083
0.9999912132855726
0.9999910777663484
0.999991037970384
0.9999911530938909
0.9999911472198401
0.9999909897585431
0.9999908195241124
0.9999908524678849
0.9999909430113322
0.999990964843563
0.9999909074013238
0.9999907505200196
0.9999905903527682
0.9999905893457288
0.9999905959446215
0.9999906163890977
0.9999905617221061
0.9999904378170082
0.9999903201807768
0.9999903473283737
0.999990391601739
0.9999903505899823
0.9999903157816434
0.9999901409174768
0.9999900215350713
0.9999900413229291
0.99999008595092
0.9999901278146571
0.9999900673655046
0.9999898388956037
0.9999897437916254
0.9999897787796237
0.9999898184297187
0.9999899021254548
0.9999898128544475
0.999989624077937
0.999989516665341
0.9999894894053649
0.9999895786835543
0.9999895999336346
0.9999894527456712
0.9999893377296197
0.9999892812698465
0.9999892688834163
0.9999892836944684
0.9999891997740092
0.9999891549090376
0.9999892101200288
0.9999891025684053
0.9999890396397066
0.9999890443322567
0.9999889658248212
0.9999889479480317
0.9999889323824137
0.9999888891234079
0.9999888476335622
0.9999887132650025
0.9999886429649597
0.9999886831359532
0.9999887631953415
0.999988748103045
0.9999886455321593
0.9999884726297645
0.9999883486482581
0.9999884610547544
0.9999886195617821
0.9999885308616753
0.9999882990004503
0.9999881080883074
0.9999881238523555
0.9999883907948213
0.9999884970201468
0.9999882987453668
0.9999880454053062
0.9999879665071564
0.9999880782759298
0.9999882623927672
0.9999881736930228
0.9999878705221645
0.9999876732353238
0.9999876105331177
0.9999877082176727
0.9999877865931497
0.9999876487500691
0.999987477984704
0.9999872123136515
0.9999871399618443
0.9999873331693118
0.999987483672417
0.9999874379161724
0.9999870392489112
0.9999866703915467
0.9999867908514246
0.9999871335399394
0.999987266450331
0.9999869955542342
0.9999865051810355
0.9999862360249524
0.9999864561707847
0.9999868675260408
0.9999869396740002
0.9999865179776746
0.9999860577092302
0.9999859941828564
0.9999863314685061
0.9999866928519141
0.9999866051996634
0.9999861060823637
0.999985757281191
0.9999859348676572
0.9999864083045297
0.9999865774060729
0.999986268432069
0.9999859182212258
0.9999857341513804
0.9999858686487925
0.9999861336971878
0.9999861566252074
0.9999858964168938
0.9999855522598992
0.9999853544571214
0.9999856156490246
0.9999858977094184
0.999985862565643
0.9999855504795276
0.9999851695092631
0.9999851511063612
0.9999854113611749
0.9999854958281854
0.9999853688124389
0.9999850454313577
0.9999847986011949
0.9999849392549613
0.9999852455119776
0.9999852928812631
0.9999850678810928
0.9999846843096523
0.9999845399809876
0.9999848877114298
0.9999851256903467
0.9999849141567866
0.9999845446443555
0.9999843179834484
0.9999843943694801
0.9999846946048603
0.9999847759340414
0.9999844909678043
0.9999841058421081
0.9999839187418654
0.999984161434742
0.9999845025222022
0.999984443084129
0.9999840520446417
0.9999837374940549
0.9999837853956419
0.9999840419956346
0.9999840514289566
0.9999838217236248
0.9999835652615087
0.9999835319858029
0.9999837417410143
0.9999838628117442
0.9999837352600179
0.9999834852456261
0.9999832372142796
0.9999832983892617
0.9999835851443396
0.9999836282166612
0.9999833724445056
0.999982965155196
0.9999828197948955
0.9999830031838313
0.9999832823181062
0.999983279352864
0.9999829848227163
0.9999826511644185
0.9999824737189392
0.9999826492255912
0.9999829808588099
0.9999830571195818
0.9999827721493348
0.9999824513432823
0.9999823869378835
0.9999826481234766
0.9999828759744759
0.999982739198111
0.9999824217175121
0.9999822358132373
0.9999822767716546
0.999982490022845
0.9999825342043968
0.999982261447469
0.9999820883540632
0.9999820822626734
0.9999821349669534
0.9999823217100742
0.999982310223383
0.9999820441169476
0.9999819452007099
0.9999818580232277
0.9999818887238204
0.9999820623444695
0.9999819743504831
0.9999817726663068
0.9999815330938742
0.9999814343930394
0.9999815824014252
0.9999817096776854
0.9999816489774067
0.9999814513666144
0.9999812792529454
0.9999812363589707
0.9999812102706577
0.9999811543669275
0.9999811360127278
0.9999811165554039
0.9999810081017462
0.9999809535420722
0.9999809921100572
0.9999810700920584
0.9999810344681057
0.9999807972778713
0.9999806388545368
0.9999806496514739
0.9999807708896771
0.9999808163875169
0.9999806532108164
0.9999804451932872
0.9999804389174034
0.9999805174374278
0.9999805251512635
0.9999804987979466
0.9999804191095295
0.9999803207608332
0.9999803471093489
0.9999803719725007
0.9999803657564459
0.9999803001620637
0.9999801594642278
0.9999800683148327
0.9999800401888284
0.9999800978852452
0.9999801228802729
0.9999800345491938
0.9999799385821219
0.9999800015596659
0.9999800631890213
0.9999799703441594
0.9999797994166583
0.9999796899544213
0.9999797231390409
0.9999798513326909
0.9999798737084291
0.9999797353283837
0.9999795503662204
0.9999795218573693
0.99997968121273
0.9999797948262998
0.9999798087351721
0.9999796793257717
0.9999794706718274
0.9999794959028685
0.9999796251435213
0.999979696939074
0.9999796676714116
0.9999794350012006
0.9999791565448803
0.9999791549641731
0.9999793738678227
0.9999795419115177
0.9999794933253545
0.9999791753530951
0.9999789030418728
0.9999789275225971
0.9999790464279893
0.9999790975981032
0.999979038027414
0.9999787596507295
0.9999785881730439
0.9999786757452127
0.999978806732125
0.9999788917071825
0.9999787653355393
0.9999784932749278
0.9999783971524586
0.9999784660195286
0.9999785583557775
0.9999785277127485
0.9999783241518622
0.9999781747742333
0.9999783160597726
0.999978495296974
0.9999784405502903
0.9999781594468847
0.9999777931947842
0.9999777641308507
0.9999779863771838
0.9999780629261984
0.9999778931116443
0.9999775190610948
0.9999772579011619
0.999977477094511
0.9999778776888011
0.9999778938946208
0.9999774841418217
0.9999768945847148
0.9999767535165411
0.9999772629220511
0.999977766691491
0.9999775182663284
0.9999768211878429
0.9999764107612708
0.9999766339103775
0.9999771066962317
0.9999772708191922
0.9999768673436086
0.9999763698929707
0.9999762542331841
0.9999765280789773
0.9999768239941074
0.9999767492522791
0.9999763040822129
0.9999759781401397
0.9999760468800019
0.9999764088378272
0.9999765611046136
0.9999762112195215
0.9999758307136642
