0.9999999190004855
0.9999996154723511
0.9999998070367472
0.9999997613689319
0.999999627381722
0.9999998504951741
0.9999995653400775
0.9999997932300856
0.9999996736548704
0.9999996341418473
0.9999997792216117
0.9999995435457801
0.9999997580793891
0.9999995988048259
0.9999996262273795
0.9999997090506346
0.9999995294940732
0.9999997179698452
0.999999539948183
0.9999996130098188
0.9999996226647883
0.9999995200546525
0.9999996600447127
0.9999994978563694
0.9999995829720318
0.9999995444233332
0.9999994986747125
0.9999995886169051
0.9999994548874991
0.9999995636224565
0.9999994723979954
0.9999994838050792
0.9999995212776194
0.9999994082254294
0.9999995274339599
0.9999994003489446
0.9999994612220706
0.9999994505105269
0.9999993603414548
0.999999489891295
0.999999335248432
0.9999994427551949
0.9999993883255346
0.9999993516820295
0.9999994257176711
0.9999992951402882
0.9999994163437494
0.9999993099796124
0.9999993391933264
0.9999993672486982
0.9999992559122459
0.9999993885544455
0.9999992538030079
0.9999993283436841
0.9999993099549366
0.9999992406620586
0.9999993458007764
0.9999992109771491
0.9999993029483489
0.9999992507153762
0.9999992118883151
0.9999992951359026
0.9999991655323841
0.9999992663684988
0.9999991954362497
0.9999991890156751
0.9999992270942736
0.9999991213323777
0.9999992158257263
0.9999991242836626
0.9999991759300032
0.9999991617540374
0.999999093973068
0.9999991680555983
0.9999990693223477
0.9999991454886684
0.9999991048571045
0.9999990605896463
0.9999991387959514
0.9999990263476634
0.9999991128293119
0.9999990490426819
0.9999990364391094
0.9999990824961035
0.9999989904570525
0.9999990748389895
0.9999990066593047
0.9999990227516112
0.9999990148640582
0.9999989570786381
0.9999990312332179
0.9999989381589999
0.9999989987136245
0.9999989664065847
0.999998919604234
0.9999989822997697
0.9999988957664034
0.9999989559745798
0.9999989184417704
0.9999988963143145
0.9999989399490357
0.9999988456240538
0.9999989258530991
0.9999988657681871
0.999998874051126
0.9999988860815582
0.9999988190111874
0.999998877546186
0.9999988262151834
0.9999988311750468
0.9999988458435931
0.9999987786767006
0.9999988308519216
0.9999987783168425
0.999998783150543
0.9999987933132986
0.999998735507397
0.9999987616508044
0.9999987315296764
0.9999987319888294
0.9999987209043854
0.9999986941261673
0.9999987178490645
0.9999986840184639
0.9999986876669864
0.999998663526829
0.9999986605352781
0.9999986598590507
0.999998648112653
0.999998636574023
0.9999986430419313
0.9999986063332835
0.9999986210334844
0.999998609592396
0.9999985922526557
0.9999986065200084
0.9999985594477143
0.9999985946424544
0.9999985580014092
0.999998552591227
0.9999985780932948
0.9999985141045017
0.9999985500257743
0.9999985305528756
0.9999985067612921
0.9999985287630567
0.9999984929983419
0.9999985162484797
0.9999984889165245
0.9999984756444171
0.9999984727633547
0.9999984492863829
0.9999984627850509
0.9999984275885178
0.9999984450246255
0.999998422571405
0.9999984004818838
0.9999984242538296
0.9999984018979049
0.999998399636056
0.9999983953414255
0.999998379507009
0.9999983696124091
0.9999983450999417
0.9999983627271827
0.9999983370367881
0.9999983427099544
0.9999983141129379
0.9999983115554979
0.9999982847800437
0.9999982665731658
0.9999982823231731
0.9999982410371432
0.9999982586405968
0.9999982484159909
0.999998212782779
0.9999982561964432
0.9999981957824455
0.9999982425973872
0.9999981924092862
0.9999981864581514
0.9999982161678271
0.9999981484717814
0.9999982009019028
0.9999981347649937
0.9999981576003147
0.9999981366188669
0.9999981322253702
0.999998157037578
0.9999981128621128
0.9999981430745838
0.9999981153425503
0.9999981138627886
0.9999981250461927
0.9999981012420235
0.9999981309836735
0.9999980937411916
0.9999980817018972
0.9999981009549834
0.9999980492662502
0.9999981071917776
0.9999980262107345
0.9999980523769147
0.9999980421121225
0.9999980051048365
0.9999980646603517
0.9999979889164593
0.9999980252007975
0.9999980200359165
0.9999979897864477
0.9999980070150981
0.9999979744796189
0.9999979662613844
0.9999979709743092
0.9999979491313467
0.9999979490356272
0.9999979420305234
0.9999979290812329
0.999997933019008
0.9999979073715011
0.999997899065608
0.9999979029750959
0.9999978572032325
0.999997903609373
0.9999978166501066
0.9999978701295401
0.9999978401571555
0.9999977886521076
0.999997849839166
0.9999977521937438
0.9999978229597977
0.9999977795273096
0.9999977698784794
0.9999977941482937
0.9999977189499042
0.9999977885570583
0.9999977003441377
0.9999977386129103
0.9999977173596065
0.9999976952819195
0.9999977343301805
0.9999976839570172
0.9999977281615323
0.9999976791679482
0.9999976807611095
0.9999976985229789
0.9999976382576723
0.9999976791029772
0.999997621995542
0.9999976339738006
0.9999976356714156
0.9999976064653695
0.9999976369933674
0.9999976050941815
0.9999975790965153
0.9999975857686301
0.9999975422633732
0.9999975647198975
0.9999975214383172
0.9999975438714372
0.9999975268394091
0.9999974939330918
0.9999975151673239
0.9999974585120535
0.9999974848406211
0.9999974693074495
0.9999974344563674
0.9999974683568708
0.9999974187561134
0.9999974231414656
0.9999974339729469
0.999997387265595
0.9999974100696845
0.9999973974212164
0.9999973953303097
0.9999973953376263
0.9999973666668756
0.999997379205997
0.9999973335635254
0.9999973709132772
0.9999973334775838
0.999997319476603
0.9999973265382707
0.999997308589095
0.9999973015379907
0.9999972956925757
0.9999972483279828
0.999997273656246
0.9999972348014322
0.9999972223235546
0.9999972631719749
0.999997209458182
0.9999972192043671
0.9999972067652019
0.9999971781819146
0.9999972060581586
0.9999971746195178
0.999997175251617
0.9999971731909171
0.9999971660880296
0.9999971532347598
0.9999971472142066
0.9999971352573133
0.9999971285806376
0.9999971157550217
0.9999971140957059
0.9999971253862693
0.999997099502666
0.9999971215924199
0.9999970764245157
0.9999970837135562
0.999997074810231
0.9999970478380066
0.9999970696361214
0.9999970236492937
0.9999970325909369
0.9999970071760954
0.9999970049823768
0.9999969993812584
0.9999969710592307
0.9999970015804613
0.9999969459702728
0.9999969815995083
0.9999969489876074
0.9999969566144848
0.9999969491071752
0.9999968994827699
0.9999969557010422
0.9999968907047462
0.9999969029520481
0.9999969120438461
0.9999968420679392
0.9999968926913437
0.9999968315785445
0.9999968307894171
0.9999968398999242
0.9999967759305767
0.9999968373919766
0.9999967695207578
0.9999967796993314
0.9999967885062461
0.9999967442169969
0.9999967770380125
0.999996718976321
0.9999967557515785
0.9999967246814842
0.9999966980877382
0.9999967549574489
0.9999966749057622
0.9999967261837498
0.9999966767813834
0.9999966795871136
0.9999967071541432
0.9999966243787577
0.9999966981841985
0.999996628809497
0.9999966555142359
0.999996645528128
0.9999965982616837
0.999996658196187
0.999996546517027
0.9999966001957915
0.9999965783499665
0.9999965427914929
0.9999966127138536
0.9999965195306689
0.9999965691977978
0.9999965196575343
0.9999965026083316
0.9999965558222561
0.9999964519532417
0.9999965450216233
0.9999964536434737
0.9999964887933039
0.9999965099415004
0.9999964305850242
0.9999965226789246
0.9999964207856618
0.9999964605746847
0.9999964669363159
0.9999963861502266
0.9999964853130394
0.9999963653676648
0.9999964314137202
0.9999963936286244
0.9999963706205868
0.9999964395664594
0.999996295557278
0.9999964229372027
0.9999963193327785
0.9999963644887927
0.9999963645104486
0.9999963002947923
0.9999963845085338
0.9999962917470251
0.9999963669821933
0.9999962976654504
0.9999962932363936
0.9999963317311534
0.9999962301948625
0.9999963318630867
0.9999962464459977
0.9999962506500878
0.9999962938796759
0.999996178886983
0.9999962921980237
0.9999961689392656
0.9999962397938055
0.9999961934091458
0.9999961524148159
0.9999962307527086
0.9999960976965193
0.9999962148370257
0.9999961367513746
0.9999961377678158
0.9999961828992949
0.999996033209939
0.999996201555666
0.9999960256228141
0.9999961052066102
0.9999960680066191
0.9999960064832238
0.999996134030111
0.9999959843435186
0.9999961168802163
0.9999960017275996
0.9999960147777828
0.9999960583464204
0.9999959385804169
0.9999960667262967
0.9999959517577929
0.9999960138383986
0.9999959636618753
0.9999959401216757
0.9999960071349989
0.9999958714502197
0.9999960140771017
0.9999958693739437
0.9999959449346449
0.9999959447058313
0.9999958655140718
0.9999959901876461
0.9999958415609944
0.9999959173696246
0.9999958686748491
0.999995864339533
0.9999959033616361
0.9999958175708223
0.9999959112849454
0.9999958168101134
0.9999958471380999
0.9999958444171174
0.9999957677185929
0.9999958767720314
0.9999957551724606
0.999995829235592
0.9999957988267545
0.999995733384699
0.9999958322444334
0.9999956852876718
0.9999958141039934
0.99999573572325
0.9999956975812144
0.9999957940489979
0.9999956267051726
0.9999957822726326
0.999995673880652
0.9999956480426628
0.9999957299323354
0.9999955854957109
0.9999956925123333
0.9999955949218257
0.9999956408210863
0.9999956851008996
0.9999955178690977
0.9999957042801348
0.9999955175885125
0.9999956100470169
0.999995588875129
0.9999954953497632
0.9999956104694053
0.9999954550596839
0.9999955761186177
0.9999955019173686
0.999995476591067
0.9999955630080475
0.9999953961417024
0.9999955108884452
0.9999954412968322
0.9999953975254704
0.9999954948565974
0.9999953272805902
0.9999954495417209
0.9999953468075504
0.9999953793425951
0.9999954030359759
0.9999953092754854
0.9999953831464377
0.9999953027662912
0.999995340092044
