0.9999998720158165
0.9999994937812016
0.9999994482425622
0.9999998046331573
0.9999994753769199
0.9999994038894666
0.9999997488422292
0.9999994515743046
0.9999993528087426
0.999999693008369
0.999999425808487
0.9999993204695161
0.9999996294547489
0.9999993964476117
0.9999992696004267
0.9999995695786553
0.9999993513123354
0.9999992455861211
0.9999995039433727
0.9999993064512854
0.9999992046125044
0.9999994492173184
0.9999992730065523
0.9999991756346648
0.9999993996747887
0.9999992588383589
0.9999991487574796
0.9999993471789524
0.9999992241180136
0.999999125658671
0.9999992759009179
0.999999181815851
0.9999991024863598
0.9999992265067619
0.9999991368223891
0.9999990797535223
0.9999991840394913
0.9999990973133945
0.9999990638687474
0.9999991442437168
0.9999990766890293
0.9999990437823844
0.9999991250678584
0.9999990596774412
0.9999990058005725
0.999999066772283
0.999999021114592
0.9999989737539733
0.9999990105174037
0.9999989698329512
0.9999989335023036
0.9999989824808547
0.9999989237561213
0.9999988798698134
0.999998930362273
0.9999988917645103
0.9999988461813334
0.9999988996392708
0.9999988786599535
0.9999988153622469
0.9999988571251769
0.9999988254694459
0.9999987511513475
0.9999987993597031
0.9999987942267967
0.9999987162260531
0.9999987694863359
0.9999987390259187
0.9999986631510247
0.9999987056298671
0.9999987082488536
0.9999986109057754
0.9999986377019057
0.9999986721574314
0.9999985611260581
0.9999986071898749
0.9999986460688329
0.9999985332900901
0.9999985806380953
0.9999986069292571
0.9999985127811271
0.9999985612812157
0.99999855635369
0.9999984661820712
0.9999985168856679
0.9999985152093689
0.9999984357640331
0.9999984720016238
0.9999984557968744
0.9999983817142792
0.999998447528396
0.9999984253701584
0.9999983393619786
0.9999984128954973
0.9999983941365417
0.9999983245549798
0.9999983686002567
0.99999834337764
0.9999982798427516
0.9999983354718583
0.9999982874220539
0.9999982530005179
0.9999982945707437
0.9999982316852503
0.9999982116644367
0.999998239582288
0.9999981858061741
0.9999981738969836
0.999998167931324
0.9999981130912008
0.9999981484203071
0.99999814257056
0.9999980580829533
0.9999980857180379
0.9999981043351109
0.999998036317987
0.9999980247007136
0.9999980470909758
0.999997984610184
0.999997974992323
0.9999980121133795
0.9999979397602882
0.9999979446628281
0.999998002704384
0.99999791531837
0.9999978997863284
0.9999979621570915
0.9999979251811955
0.9999978636607745
0.9999978921415662
0.9999978908425337
0.9999978186788286
0.999997828721272
0.9999978250513327
0.999997745181229
0.999997798558866
0.9999978117024818
0.9999976989615197
0.9999977457248381
0.9999977738421695
0.9999976735315698
0.9999977070327906
0.9999977047215982
0.9999976189832057
0.9999976679869753
0.9999976716137665
0.9999975560464369
0.9999976089477405
0.9999976068181227
0.9999975232620906
0.9999975363912926
0.9999975486563089
0.9999975014354322
0.9999974776560326
0.9999974911095252
0.9999974975494265
0.9999974477169955
0.999997435031478
0.9999974650225514
0.9999974198015362
0.9999974012415066
0.9999974268418018
0.9999973759934089
0.9999973696935572
0.9999973674549416
0.9999972997096082
0.9999973325181706
0.999997332240763
0.9999972337201125
0.9999972855407886
0.9999972816608145
0.9999972097243766
0.9999972778616277
0.9999972745324611
0.9999971860046818
0.9999972117764975
0.9999972447249778
0.9999971220992304
0.9999971563381276
0.9999972042965848
0.9999971049919818
0.9999971025155564
0.999997142471377
0.9999970537326445
0.9999970557849206
0.999997076482811
0.9999969921286981
0.9999969931639204
0.999997060818316
0.9999969744288133
0.9999969410249476
0.999997003633048
0.9999968985326768
0.9999968751558947
0.9999969347467574
0.999996815039811
0.9999968365645221
0.9999968658327469
0.9999967935959524
0.9999968309040282
0.9999968212259012
0.999996744605637
0.9999968003587124
0.9999967799452307
0.9999966942356936
0.9999967453424532
0.999996766077332
0.9999966627160053
0.9999966798622782
0.9999966951034485
0.9999965966378068
0.9999966225967578
0.9999966327475178
0.9999965715458848
0.9999965891067586
0.999996591860328
0.9999965170177734
0.9999965398505956
0.9999965286707422
0.9999964723941133
0.9999965212132423
0.9999965079200128
0.9999964172013894
0.9999964339113725
0.9999964649619182
0.9999964008387874
0.9999963801925019
0.999996395417966
0.9999963665422665
0.9999963397984871
0.9999963430974371
0.9999963526517416
0.999996320529243
0.9999962997429935
0.9999963158995074
0.9999962614039509
0.9999962632423006
0.9999962445071264
0.9999962241194736
0.9999962453258913
0.9999961889498643
0.999996159882898
0.9999961805134839
0.9999961697101283
0.9999961541187297
0.9999961137097327
0.9999961417001041
0.9999960819437467
0.9999960444764385
0.9999960989050232
0.9999960274519847
0.9999959964533518
0.9999960567643181
0.9999959581511014
0.9999959171389943
0.9999960341771111
0.9999959429549904
0.9999959047627626
0.9999959755764716
0.9999959195557487
0.9999958403518804
0.9999959281571401
0.9999958475532945
0.9999958082170802
0.9999959287671447
0.9999958102684294
0.9999956968268643
0.9999958754612905
0.9999957681726421
0.999995648090904
0.9999958084619605
0.9999957640665879
0.9999956143532169
0.999995729375754
0.9999957072031939
0.9999955703000729
0.9999956673269592
0.9999956656305711
0.999995552500456
0.9999956591609722
0.9999956487875199
0.9999955547875096
0.9999956424845804
0.9999955947218084
0.99999546400639
0.9999955495356451
0.9999955851537252
0.9999954230260181
0.9999954724478642
0.9999955062915282
0.9999953850987543
0.9999954293527615
0.999995494249206
0.9999953735700284
0.9999954106125172
0.9999954025296789
0.9999953306012691
0.9999953647269021
0.9999953294762426
0.9999952621801714
0.999995305648817
0.9999952765307647
0.9999952566308992
0.99999530808442
0.9999952822208777
0.9999952200085309
0.9999952575641573
0.9999952578570034
0.9999951887760965
0.9999952220923092
0.999995213192026
0.9999951392985112
0.9999951527602805
0.9999951588739932
0.9999950853685804
0.9999951556660267
0.9999951432039891
0.9999950482758445
0.9999951006852001
0.9999951377252848
0.999994990490404
0.9999950466425025
0.9999950732329419
0.9999948948019954
0.9999949821779314
0.9999950470220278
0.9999948722369889
0.9999949356396373
0.9999949962368347
0.9999948636983205
0.9999948862184801
0.9999949258797247
0.9999948303834656
0.9999948539144295
0.999994929543073
0.9999948136497294
0.9999948247311992
0.9999948698430231
0.9999947337471549
0.9999947595892867
0.9999947926088377
0.9999946936878084
0.999994731602794
0.99999476624944
0.9999946534992106
0.999994687085449
0.9999947487747731
0.9999946889203035
0.9999946678174382
0.9999946933154436
0.9999946426322522
0.9999945953792473
0.9999946432885488
0.9999946561228105
0.9999945548925562
0.9999946242596344
0.9999946685660909
0.9999945321721524
0.9999945863300849
0.9999946390334145
0.9999944823128375
0.9999945394149784
0.999994580800341
0.9999944241901904
0.9999944631682796
0.9999945221952387
0.99999435523861
0.9999943860770847
0.9999944874419908
0.999994323255762
0.999994337717381
0.999994473706606
0.9999942791626294
0.999994306123665
0.9999944387116342
0.9999942524388817
0.9999942378781234
0.9999944028661887
0.9999942066308518
0.9999941449650149
0.9999942779088007
0.9999941139961971
0.9999940392866778
0.9999942244541198
0.9999940670685903
0.9999939567345086
0.9999941492273936
0.9999940026418729
0.9999939013456688
0.9999940956268011
0.9999939713463427
0.9999939033325586
0.9999940345351388
0.9999939372666106
0.999993880468306
0.999993994199838
0.9999939057278041
0.9999938348535498
0.9999939286065143
0.9999938829353806
0.9999938238722593
0.9999939266240189
0.9999938035451611
0.9999937423855674
0.9999938669078663
0.9999936966505795
0.9999937149579907
0.9999938380560373
0.9999936746854303
0.9999936657226544
0.9999937913549969
0.999993618235257
0.9999936360865284
0.9999937192272658
0.9999935781469953
0.9999935871480712
0.9999936413723306
0.9999935634996705
0.999993586241934
0.9999936241065535
0.9999935269871911
0.9999935049463016
0.9999935757978223
0.9999935127075474
0.9999934694496426
0.9999935379926743
0.9999934479942404
0.9999934583665017
0.9999935256868592
0.999993419051023
0.9999934771585156
0.9999935207990012
0.9999933453503073
0.9999934530310955
0.9999934508686361
0.9999933117066924
0.9999934532920961
0.9999934249946152
0.9999933264386881
0.9999934181294632
0.9999933476314914
0.9999932631548195
0.9999933653879686
0.999993335061748
0.9999931810223626
0.9999932977661409
0.9999932605554082
0.9999931452990144
0.9999932502968618
0.9999932448797555
0.9999931586717006
0.9999932003060105
0.999993185179117
0.9999930723725698
0.999993161536836
0.9999931860186382
0.999992993831254
0.9999931192990131
0.9999931757577234
0.9999930321217355
0.9999931320710046
0.9999931117626317
0.9999929776509686
0.999993075947156
0.9999931117464235
0.9999929752353365
0.9999929913006311
0.9999930180895202
0.999992932393802
0.9999929872739907
0.9999930145947868
0.9999928789488949
0.9999929425617566
0.9999929509040676
0.9999928471739218
0.9999929096284843
0.9999929122745038
0.9999928391459417
0.9999929248208749
0.9999928853079403
0.9999928478406692
0.9999928495850785
0.9999927993475982
0.9999928039999325
0.999992803505496
0.9999927025458614
0.9999927299576966
0.9999927769381989
0.9999927019354575
0.999992667840724
0.9999927554631486
0.9999926867214204
0.9999926421938183
0.9999926493921818
0.9999925944831015
0.9999925661471608
0.999992580660679
0.9999925572665138
0.999992462747398
0.9999924978813248
