0.999999934452938
0.9999996782807642
0.9999998884000495
0.9999997177673209
0.999999802066348
0.9999997757952149
0.9999997117155079
0.9999998301708245
0.9999996478609908
0.9999998433231579
0.999999620848533
0.9999998164709287
0.999999640961554
0.9999997497109052
0.9999996865460866
0.9999996727397641
0.999999725633681
0.9999996097086747
0.9999997438775517
0.9999995720114405
0.9999997346361728
0.9999995708199124
0.9999997028849056
0.9999995964314933
0.999999653821384
0.9999996298881981
0.999999590528502
0.9999996490192227
0.9999995393846627
0.9999996510170288
0.9999995288514184
0.9999996331218696
0.9999995297552587
0.9999996036859011
0.9999995488850545
0.9999995432886358
0.9999995612630795
0.9999994993652352
0.9999995659191888
0.9999994710082761
0.9999995611710496
0.9999994624008158
0.9999995370102593
0.9999994624970798
0.9999994914623793
0.999999470014709
0.999999452861727
0.999999481049718
0.999999421483786
0.9999994718492091
0.9999994036731942
0.9999994517615759
0.9999993992080588
0.9999994239645524
0.9999993956503441
0.9999993926956017
0.9999993958748497
0.9999993742006418
0.9999993911956586
0.9999993597453324
0.9999993752732383
0.9999993511716465
0.9999993520595952
0.9999993334386409
0.9999993301964852
0.9999993140812232
0.9999993229696903
0.999999305525965
0.999999308968479
0.9999993061206625
0.9999992850261024
0.9999993049817166
0.9999992596524631
0.9999992831705665
0.999999250649629
0.9999992737765504
0.9999992376590067
0.9999992523812926
0.9999992314784462
0.999999225699808
0.9999992336584476
0.9999992101837475
0.9999992389758384
0.999999193885975
0.9999992294980476
0.9999991797172394
0.9999992124621442
0.999999167483047
0.9999991858760563
0.9999991743761454
0.9999991624111905
0.9999991690959056
0.9999991494856594
0.9999991667463813
0.9999991204358878
0.9999991420471434
0.9999991151847877
0.999999119989134
0.9999991109198538
0.9999991107019549
0.9999990991011334
0.9999990981523763
0.9999990945861351
0.9999990745444653
0.9999990769652713
0.9999990647832374
0.9999990665247598
0.9999990513235502
0.9999990412511187
0.9999990348684127
0.9999990313324
0.9999990249858028
0.9999990159315472
0.9999990169268211
0.9999989913461916
0.9999989958258059
0.999998977647166
0.9999989712143641
0.9999989595951091
0.9999989599310365
0.9999989501832771
0.9999989543661775
0.9999989341120695
0.9999989238568856
0.9999989137993147
0.9999989063647489
0.9999989075994504
0.9999988846698068
0.9999988961855103
0.9999988682130387
0.9999988912070552
0.9999988571301204
0.9999988704558646
0.9999988503273795
0.99999884568419
0.9999988328979804
0.9999988250445551
0.9999988180673517
0.9999988151067428
0.9999988160454651
0.9999987921571575
0.9999987986465024
0.999998788083513
0.9999987736209612
0.9999987701286692
0.9999987451640886
0.9999987624416825
0.9999987254789401
0.9999987660689298
0.9999987114333293
0.999998754689519
0.9999987028691142
0.9999987294520916
0.9999986948261851
0.9999987000361619
0.9999986887939079
0.9999986705641976
0.9999986781990282
0.9999986535198603
0.9999986783764375
0.999998631749314
0.9999986632046431
0.9999986226910332
0.9999986409283502
0.9999985945321702
0.9999986129966888
0.9999985785997982
0.999998586077968
0.9999985947875385
0.9999985681968749
0.9999985873795307
0.9999985549265232
0.9999985881179554
0.999998532634125
0.9999985543062309
0.9999985092151534
0.9999985318517929
0.999998488683976
0.9999985066098247
0.9999985075584508
0.9999984817959936
0.999998510567314
0.9999984567058526
0.9999984940634491
0.9999984406676378
0.9999984787947207
0.9999984292256792
0.9999984386773922
0.999998414934458
0.9999984164731885
0.9999984269994976
0.9999983860553592
0.999998428196047
0.9999983591455841
0.9999984160396392
0.999998340436774
0.9999983788606269
0.9999983489595209
0.9999983544532642
0.9999983605813764
0.9999983284633576
0.9999983476060286
0.9999982967529458
0.9999983485994611
0.9999982857952668
0.9999983320250588
0.9999982826484659
0.9999983079548979
0.9999982874048798
0.9999982763425299
0.9999982783095746
0.9999982657508771
0.9999982476616022
0.9999982450542007
0.9999982526365273
0.9999982062039339
0.9999982381337019
0.9999981741132493
0.9999982007938814
0.999998159559877
0.9999981896332591
0.9999981600185377
0.999998174188208
0.9999981473727418
0.9999981449799606
0.9999981545542321
0.999998111938808
0.9999981691372332
0.9999980826233547
0.9999981469838314
0.9999980918773639
0.9999981200135524
0.9999980667079416
0.9999980928819648
0.9999980614461715
0.9999980671827092
0.9999980744212928
0.9999980600732141
0.999998049785909
0.9999980452420304
0.9999980386100603
0.9999980221974666
0.9999980288782819
0.9999979966369825
0.9999980168471763
0.9999979724698833
0.9999979989173778
0.9999979630847622
0.999997965062236
0.9999979658591306
0.9999979437753755
0.9999979564441291
0.9999979177837116
0.999997946854722
0.9999979207641185
0.999997928694438
0.9999979155516809
0.9999978954744186
0.9999979180977947
0.9999978901810342
0.9999979009617166
0.9999978978363883
0.9999978843520155
0.9999978828793087
0.9999978806698014
0.999997849534058
0.9999978797299214
0.9999978126715972
0.9999978685016516
0.9999977995968633
0.9999978416162585
0.9999978108210148
0.9999978367783409
0.999997816085743
0.9999977983131605
0.9999978239991731
0.9999977603580302
0.9999978265173507
0.9999977434712268
0.9999978114683427
0.9999977470177548
0.9999977936032721
0.9999977467385861
0.9999977503799152
0.999997747486402
0.9999977165934195
0.9999977533467134
0.9999976813641843
0.9999977319123824
0.999997681315033
0.9999977157255935
0.9999976865909641
0.9999977021664217
0.9999976775645829
0.9999976720663877
0.9999976771017525
0.9999976399955426
0.9999976784056622
0.999997615639908
0.9999976659747238
0.9999975862943503
0.9999976401261743
0.9999975833796815
0.9999976061801804
0.9999975744636671
0.999997584117611
0.9999975837745203
0.9999975359301911
0.9999976136018668
0.999997529799147
0.999997600551265
0.9999975425042844
0.9999975626277151
0.9999975707105
0.9999975370727502
0.9999975704168456
0.9999974766519537
0.9999975383480911
0.9999974526256691
0.9999975269684165
0.9999974334070294
0.9999974979024671
0.9999974233274709
0.99999747811503
0.9999974400806964
0.9999974322930091
0.9999974436555119
0.9999973955695157
0.9999974444896669
0.999997376486303
0.9999974077377336
0.9999973416306653
0.99999740523531
0.9999973433559489
0.9999973643789557
0.9999973488827956
0.9999973577589292
0.9999973563937152
0.9999973431898745
0.9999973391600275
0.9999973274134037
0.9999973224682266
0.999997307565939
0.9999973120614666
0.9999973027262113
0.9999973075654939
0.9999972926587143
0.9999972954979828
0.9999972792934853
0.9999972762833679
0.9999972780854669
0.9999972487026569
0.9999972764074029
0.9999972356069765
0.999997260355119
0.9999972226669523
0.9999972357201474
0.9999972281514234
0.9999972197643766
0.9999972285791665
0.9999972040841926
0.9999972330455842
0.9999971883948443
0.9999972056683218
0.9999971936586758
0.999997176857817
0.9999972068393068
0.9999971643587379
0.9999971825422392
0.999997159000535
0.9999971737342994
0.9999971754656134
0.9999971549116425
0.9999971529541759
0.99999711447906
0.9999971590764729
0.9999970779530785
0.9999971373480565
0.9999970552388766
0.9999970952480423
0.9999970401473399
0.9999970585026259
0.9999970530327613
0.999997015511502
0.9999970600921639
0.9999969857554699
0.9999970537113546
0.9999969699672535
0.9999970657158292
0.9999969548305176
0.9999970191907805
0.9999969718109044
0.9999969661143183
0.9999969709460972
0.9999969349003718
0.9999969894793541
0.9999969117565898
0.9999970138366818
0.9999968768117967
0.9999969900164986
0.9999968593476141
0.9999969488209484
0.9999968743501985
0.9999968762082257
0.999996888983473
0.9999968225397147
0.9999969000373492
0.9999967736513085
0.9999969195486348
0.9999967640915934
0.9999968862639236
0.9999967775519771
0.9999968169615031
0.9999967980748239
0.9999967596096068
0.9999968109977747
0.9999967229397573
0.9999968046540395
0.9999967100320745
0.9999967810696991
0.9999966896633652
0.9999967467103171
0.9999966779808875
0.9999967201113236
0.9999966922981924
0.9999966856409505
0.9999966939750782
0.9999966552912468
0.9999966910050481
0.9999966326176386
0.9999966859019643
0.9999966071628231
0.9999966650513887
0.9999965646779836
0.9999966380006365
0.9999965919838255
0.9999965989168624
0.9999965851000354
0.999996552359418
0.9999965942545131
0.9999965207053235
0.9999965881641991
0.9999964743599827
0.9999965553992884
0.9999964938568481
0.9999965160922797
0.9999964940222837
0.999996465920137
0.9999964925503351
0.9999964409915707
0.999996492603656
0.999996414537924
0.9999964887405085
0.999996405770518
0.9999964926180297
0.9999964245275442
0.999996468816618
0.9999964389370605
0.9999964093505103
0.9999964561168836
0.9999963558034705
0.9999964497589496
0.999996299961146
0.9999964267444161
0.9999963106512831
0.9999963869917856
0.999996311820299
0.9999963424801895
0.9999963380257929
0.9999962949296347
0.9999963381597871
0.999996244649899
0.9999963675226687
0.9999962123463249
0.9999963389821989
0.9999962349466247
0.9999962888474707
0.9999962859979116
0.9999962378132533
0.9999963080970399
0.9999961944024376
0.999996287437641
0.9999961685833433
0.9999962438199679
0.9999961913112275
0.9999962061921162
0.9999962074958824
0.9999961838745755
0.9999962221966363
0.9999961207687161
0.9999962089514157
0.9999961144030431
0.9999961903393597
0.9999961199201047
0.9999961632552685
0.9999961276181731
0.9999961338968207
0.9999961475581209
0.9999960899328701
0.9999961465800841
