0.9999999533840284
0.9999997653567911
0.9999999272409128
0.9999997783319827
0.9999998864832208
0.9999998043032313
0.9999998379665597
0.9999998343574705
0.9999997912587963
0.9999998589878595
0.9999997544513912
0.9999998679841053
0.9999997319058893
0.9999998601199951
0.9999997290645332
0.9999998331997363
0.9999997413735695
0.9999997979818944
0.999999757359652
0.9999997554390851
0.9999997752216828
0.9999997157423027
0.9999997845651869
0.9999996906899343
0.9999997886656281
0.9999996775235723
0.9999997702772188
0.9999996803608947
0.9999997412770153
0.9999996941208279
0.9999997039886345
0.9999997083527444
0.9999996736485228
0.9999997178667985
0.9999996445078755
0.999999718428111
0.9999996294885106
0.9999997098546585
0.9999996258371213
0.9999996878390642
0.9999996344059302
0.9999996634053547
0.9999996393145653
0.9999996403522011
0.999999645544785
0.9999996191068434
0.9999996501835623
0.9999996087366473
0.9999996492160839
0.9999995933827696
0.9999996331697448
0.9999995836479322
0.9999996131970266
0.9999995794462485
0.9999995948166674
0.9999995767107391
0.9999995801407676
0.9999995835034231
0.9999995688074805
0.9999995826819451
0.9999995587480819
0.9999995705964871
0.9999995493812992
0.9999995582489913
0.9999995402022597
0.9999995439760093
0.9999995301708382
0.9999995228234324
0.999999530230952
0.9999995057912044
0.9999995262902607
0.9999994863702215
0.9999995116498125
0.9999994770376393
0.9999994967219457
0.9999994668486576
0.9999994795063777
0.9999994653192864
0.9999994652729374
0.9999994662995088
0.9999994554927749
0.9999994600730053
0.9999994397114408
0.9999994549096051
0.9999994307489103
0.9999994412385864
0.9999994250813041
0.9999994249778008
0.9999994144327292
0.9999994143689084
0.9999994132813423
0.9999994038203851
0.9999994059893529
0.9999993853552148
0.9999994040225824
0.9999993694424038
0.9999993923975169
0.9999993525588529
0.9999993914077566
0.9999993429695966
0.9999993763516717
0.9999993379345651
0.9999993554192045
0.9999993470625814
0.9999993355985947
0.9999993477102878
0.9999993242225177
0.999999343577738
0.9999993128017132
0.9999993395988166
0.9999993021826659
0.999999322171813
0.9999992912716155
0.9999993044156925
0.9999992879913485
0.9999993003567005
0.9999992894291263
0.9999992818071768
0.9999992803992684
0.9999992669591161
0.9999992769078611
0.9999992583476056
0.9999992667759622
0.9999992388909799
0.999999257235324
0.9999992277867569
0.9999992497847464
0.9999992325282525
0.9999992367301516
0.9999992236078807
0.999999216884515
0.9999992164357564
0.9999992142087315
0.9999992154107293
0.9999992098513069
0.9999991989983298
0.9999991998174078
0.9999991852807135
0.9999991956440338
0.9999991738452578
0.9999991914293466
0.9999991732843898
0.9999991794705381
0.999999166597416
0.9999991596863376
0.9999991585873756
0.9999991421206609
0.999999144822169
0.9999991279900137
0.9999991419674641
0.999999116917822
0.9999991234627654
0.9999991047776107
0.9999991141062206
0.999999082991842
0.9999990968624688
0.9999990750190927
0.9999990883734631
0.9999990694379295
0.9999990701160998
0.9999990647599339
0.9999990550172444
0.9999990554285357
0.9999990350777702
0.9999990530567744
0.9999990212824431
0.99999904352798
0.9999990167616726
0.9999990349638606
0.9999990129097919
0.9999990314240357
0.9999990143193774
0.9999990055564139
0.999999008281935
0.9999989975620638
0.9999989977452879
0.9999989960028741
0.999998991989804
0.9999989810449428
0.9999989839527225
0.9999989766558733
0.9999989683208578
0.999998963426339
0.9999989551503062
0.9999989520796866
0.9999989403605458
0.9999989354164717
0.9999989230137081
0.9999989223434069
0.9999989014848484
0.999998913913214
0.9999989068364374
0.999998914960508
0.9999988881920244
0.9999989021485597
0.9999988817327811
0.9999988942922183
0.9999988752851149
0.9999988817634702
0.9999988709204654
0.9999988659412353
0.9999988640624712
0.9999988519878923
0.9999988541826632
0.9999988502546507
0.9999988428779971
0.9999988441258761
0.9999988348795331
0.9999988293186096
0.9999988265913127
0.999998821242461
0.9999988329193786
0.9999988126594601
0.9999988257922746
0.999998795241582
0.9999988217516684
0.9999987922314103
0.9999988040052588
0.9999987974633637
0.9999987772545557
0.9999988042232152
0.999998768403816
0.9999987933963091
0.9999987606315122
0.9999987799796336
0.9999987577709947
0.9999987654151665
0.9999987560271942
0.9999987410414765
0.9999987449301115
0.9999987321787425
0.9999987391506182
0.9999987155366652
0.9999987260353783
0.9999987147063141
0.9999987073206079
0.9999987032416242
0.9999986960697118
0.9999986986970408
0.9999986761013389
0.9999986988650587
0.9999986663160338
0.9999986836955678
0.999998658268108
0.9999986718797105
0.9999986404842
0.9999986667187017
0.9999986298204859
0.9999986547038141
0.9999986360176015
0.999998638872905
0.9999986281531559
0.9999986217352381
0.99999861464053
0.9999986088373077
0.9999986104069373
0.999998603194691
0.999998593845166
0.9999986000661619
0.9999985856593325
0.9999985927670388
0.9999985688658147
0.9999985881118273
0.9999985512447328
0.9999985764790222
0.9999985416560085
0.9999985651267662
0.9999985406984853
0.9999985555612425
0.99999854800514
0.999998544604268
0.9999985525780236
0.9999985212782423
0.9999985493155208
0.9999985073850872
0.9999985368508609
0.9999984945442245
0.9999985194668177
0.9999984919010676
0.9999985039870553
0.9999984944216233
0.9999984929082663
0.9999984891528861
0.999998476768765
0.9999984889111356
0.9999984679007732
0.9999984730880875
0.999998453318711
0.9999984538479552
0.9999984174064751
0.9999984477761773
0.9999984081982045
0.9999984339279505
0.9999984100793524
0.9999984218342357
0.9999984062995964
0.9999984017964582
0.9999984060104357
0.999998391346659
0.9999983972880839
0.9999983862781946
0.999998386649586
0.9999983756138076
0.999998380116091
0.9999983681844175
0.9999983690395312
0.9999983613422913
0.9999983624426613
0.9999983499537743
0.9999983478626513
0.999998343850558
0.9999983393175988
0.9999983245734213
0.9999983340806057
0.9999983107282978
0.9999983075055427
0.99999830628096
0.9999982830747649
0.9999983040119428
0.9999982718518537
0.9999983114820853
0.9999982697305834
0.999998294962137
0.9999982575303602
0.999998262708018
0.9999982585417798
0.9999982478593703
0.9999982604073216
0.9999982324447155
0.9999982565730428
0.999998219774188
0.99999822850451
0.9999981940413769
0.9999982172501599
0.9999981979899741
0.9999981891999715
0.9999981972650581
0.9999981700588544
0.9999981838235417
0.999998158478197
0.9999981919448675
0.9999981469079388
0.9999981795968591
0.9999981602090453
0.999998164253943
0.9999981571086785
0.9999981535848319
0.9999981611811618
0.9999981268370239
0.9999981541902786
0.9999981160960904
0.9999981432813146
0.9999981054507735
0.9999981338734039
0.9999980995218656
0.9999981279732892
0.9999980940617988
0.9999981070366194
0.9999981013426562
0.9999980805418849
0.9999980988302478
0.9999980686211325
0.999998082473633
0.9999980711990099
0.9999980777861479
0.9999980539919496
0.9999980492776971
0.9999980514251239
0.9999980353610665
0.9999980323310647
0.999998010160159
0.999998026839301
0.9999979944049803
0.999998014087165
0.9999979877103665
0.9999979938007959
0.9999979872381864
0.9999979803066861
0.9999979750625745
0.9999979742952441
0.9999979783529444
0.9999979674356402
0.9999979742571576
0.9999979613316814
0.9999979655639619
0.9999979624682107
0.9999979516983266
0.999997965834277
0.999997929266377
0.9999979609393708
0.9999979154504502
0.9999979528455263
0.9999979067946306
0.9999979368569264
0.9999978916259354
0.9999979149544396
0.9999978734082169
0.9999978980054168
0.9999978743981413
0.9999978733418436
0.9999978689671998
0.9999978509123678
0.9999978746701439
0.9999978316769178
0.9999978612041437
0.999997821858391
0.9999978470740126
0.9999978176730346
0.9999978420922785
0.9999978138794868
0.999997835071876
0.9999978060313187
0.9999978144399974
0.9999977971340287
0.9999977899657299
0.9999977889761114
0.9999977816558833
0.999997803927136
0.9999977805455471
0.9999978143638458
0.9999977611085618
0.9999977887786894
0.9999977593096844
0.9999977830461176
0.9999977432105314
0.9999977580851973
0.9999977334367012
0.9999977364605988
0.9999977328099056
0.9999977240130546
0.9999977505185096
0.9999977036706645
0.9999977511142871
0.9999976867270497
0.9999977249572896
0.9999976875544168
0.9999977092412147
0.9999976777596559
0.9999976881428221
0.9999976899197736
0.9999976809226071
0.9999976905729105
0.9999976445241648
0.9999976775259957
0.9999976346943037
0.9999976577274181
0.9999976267636677
0.9999976332951525
0.9999976201140766
0.9999976130733647
0.9999976182408747
0.9999975965365729
0.9999976204100058
0.9999975870575879
0.9999975952777854
0.9999975688990883
0.9999975758439479
0.9999975681767856
0.9999975571266057
0.9999975657599962
0.9999975459507537
0.999997556987031
0.9999975346287694
0.9999975415357722
0.9999975193340006
0.9999975109691802
0.9999975216124529
0.9999975074515908
0.9999975104773424
0.9999975100999371
0.999997497497977
0.9999975009320299
0.9999974730692651
0.9999975024358415
0.9999974644602212
0.9999974985076744
0.9999974708334133
0.9999974881823144
0.9999974715601118
0.9999974714367672
0.9999974655715022
0.9999974464868605
0.9999974518020746
0.9999974273624548
0.9999974448773867
0.9999974095531173
0.9999974434702151
0.9999974026019527
0.9999974261686477
0.9999974037489465
0.9999974061147363
0.9999974000796111
0.9999973837150582
0.9999974136443499
0.9999973643495312
0.9999974029990908
0.9999973540169972
0.9999973963830042
0.999997353568924
0.9999973828268777
