0.9999998128707903
0.9999993746699537
0.9999990494381247
0.9999995044992626
0.999999671579842
0.9999991117365111
0.9999990724145367
0.9999995502427825
0.9999994384255307
0.999998941658678
0.9999991397082926
0.9999995091751791
0.9999992110758607
0.9999988622836123
0.9999992264484165
0.9999994013347159
0.9999989735656156
0.999998854287121
0.999999251057393
0.9999992129385277
0.9999988210080754
0.9999989014719858
0.9999992294361957
0.9999990120226673
0.9999987192182997
0.999998937205244
0.9999991186774352
0.9999988146164082
0.999998693150397
0.9999989486129339
0.9999989566256832
0.9999986688952757
0.9999986743638161
0.9999988856717379
0.9999988037671662
0.9999985804605074
0.9999986631667809
0.9999988293703875
0.9999986578720841
0.9999985121251362
0.999998649936084
0.9999987412948702
0.9999985542724849
0.9999984593439818
0.999998615567114
0.9999986206832755
0.999998415916984
0.9999984070347833
0.9999985788970456
0.999998487628116
0.9999983564141971
0.9999984198041623
0.9999984893016503
0.9999983730000158
0.9999982916848541
0.9999983820673332
0.999998406880745
0.9999982472130491
0.9999982435623294
0.9999983607143196
0.9999983194636922
0.9999981616266647
0.9999982117533295
0.9999982965654622
0.9999981904266315
0.9999980951446881
0.9999981803228276
0.9999981946020703
0.9999980712350832
0.9999980513339218
0.9999981327225006
0.9999980901506581
0.9999979837749513
0.9999980103704724
0.9999980862940363
0.99999798719788
0.9999979280218971
0.9999979920309353
0.9999979819333878
0.9999978896583568
0.9999978736104247
0.9999979126585511
0.9999978440643226
0.9999977888435535
0.9999978207634791
0.9999978012834952
0.9999977386420401
0.9999977567299037
0.9999977398948527
0.9999977129932798
0.9999976706118331
0.9999976461313145
0.9999976450019911
0.9999976212405032
0.999997613811254
0.9999976049204682
0.9999975938541308
0.9999975134831766
0.9999975191814892
0.9999975326437504
0.9999975076063571
0.9999974158276695
0.9999974170321753
0.9999974764259684
0.9999974016665197
0.9999973286544201
0.9999973562777296
0.9999973881769642
0.9999973072272186
0.9999972593730823
0.9999972595623757
0.9999972543811207
0.9999971959699321
0.9999971612367127
0.9999972044564792
0.9999972076871794
0.9999971195586368
0.9999970873664719
0.9999971386508016
0.9999970760935363
0.9999969994081211
0.9999970597263964
0.999997061632658
0.9999969565158082
0.9999969046181949
0.9999969788184735
0.9999969490288179
0.9999968299525679
0.9999968434892652
0.999996937577142
0.9999969059098741
0.9999967716117947
0.9999967785990718
0.9999968676093318
0.9999967874665545
0.9999966670923519
0.999996716071432
0.9999967930082698
0.9999966637515232
0.9999965956971439
0.9999966682511274
0.9999966790013637
0.9999965560594445
0.9999965189306913
0.9999965874822477
0.9999965503983783
0.9999964690233706
0.9999964882136201
0.9999965437009141
0.9999964705250787
0.9999963766226451
0.9999964132190196
0.9999964611596984
0.9999963648524135
0.999996337063552
0.9999964229945221
0.9999964182384584
0.9999962993774935
0.9999962985925064
0.9999963199084257
0.9999962670194078
0.9999962093690765
0.9999961961794247
0.9999962409268853
0.9999961986252875
0.9999961442201495
0.9999961382266151
0.999996151921277
0.9999961085723384
0.9999960749288733
0.9999960931953388
0.9999960721324385
0.9999960065664574
0.9999959804868483
0.9999960304169987
0.9999959642443467
0.9999959507473554
0.9999959205187297
0.9999959236694965
0.9999958524513513
0.9999958397900032
0.9999958066136463
0.9999958275476876
0.9999957926287306
0.9999957715786839
0.9999957212982747
0.9999957091153081
0.9999956970742014
0.9999956897174677
0.9999956917734227
0.9999956501363925
0.9999955885404658
0.9999955979948172
0.9999956222747649
0.9999954759052893
0.9999954463299019
0.9999954960499174
0.999995486317693
0.9999953680152011
0.9999953406837181
0.9999954150114169
0.99999535969866
0.9999952421453668
0.9999952601720477
0.9999953625117336
0.9999953012921223
0.9999952038890002
0.9999952383647938
0.9999953192548559
0.9999951888091764
0.9999951911610337
0.9999952361110398
0.999995226215415
0.999995121665371
0.999995074583628
0.9999951581885683
0.9999951253292026
0.9999950243217255
0.9999950337326762
0.9999951137761921
0.9999949960238778
0.9999949252272409
0.9999949786140844
0.9999950050459503
0.999994899832142
0.9999948893966388
0.999994914836634
0.9999948548897599
0.9999948191630705
0.9999947964485513
0.9999948356485469
0.9999947053401889
0.999994700389597
0.999994756463861
0.9999947721020334
0.9999946566311881
0.9999946806389807
0.9999947215951466
0.9999946558564188
0.9999945661479301
0.9999945902267467
0.9999946038809842
0.9999945177612547
0.999994450420892
0.9999944788698912
0.9999945147682199
0.9999944904885405
0.9999944152897224
0.999994385621358
0.9999943917880544
0.999994409670111
0.9999943856743507
0.999994286855112
0.999994311270144
0.9999943366675632
0.9999942547151297
0.9999942067601603
0.9999942011057739
0.9999941815114013
0.9999941472115748
0.9999941300360288
0.999994139283544
0.9999940935899455
0.9999940786074497
0.9999940737244497
0.9999940606768771
0.9999940744390288
0.9999939998065714
0.9999939492748354
0.9999939648814243
0.9999939664668761
0.9999939104403013
0.9999938752924283
0.9999939052880077
0.99999382415054
0.9999937570871088
0.9999937694945892
0.9999938095156264
0.9999936801560939
0.999993610029338
0.9999936692151943
0.9999936731588615
0.9999935898504014
0.9999935269950468
0.9999935714756436
0.999993621003971
0.9999935406343101
0.9999934476965746
0.9999934989962455
0.9999935314394091
0.9999934646622721
0.9999933796549985
0.9999934176108074
0.9999934619122168
0.9999933647276381
0.9999933312705264
0.9999933498339407
0.999993352884533
0.9999932960422319
0.9999932454030275
0.9999932547845356
0.9999932769248931
0.9999931933739155
0.9999931618392747
0.9999932504792168
0.9999932198739705
0.9999930678984953
0.9999930398660869
0.9999931654583452
0.9999931358994769
0.99999300179332
0.9999930201031016
0.9999931017443447
0.9999930450843846
0.9999929101149836
0.9999929842254803
0.9999930810320387
0.9999929574434667
0.9999928463010448
0.9999929526774853
0.999992988672072
0.9999928519109442
0.999992856401968
0.9999928974677957
0.9999929071021402
0.9999927869777613
0.999992802135134
0.9999928720819253
0.9999928133862833
0.9999926945583484
0.9999927649287618
0.9999927845995454
0.9999927236579305
0.9999925897772054
0.9999926529780773
0.999992706598133
0.9999926439494744
0.9999925098009625
0.9999925930041765
0.9999926086372903
0.999992488888005
0.999992429171405
0.9999925436528228
0.9999925424538262
0.9999924224859799
0.9999924200543447
0.9999924825777141
0.9999924702100668
0.9999923821868012
0.9999923045135111
0.9999922958199301
0.9999922985146958
0.9999922380109975
0.999992212544466
0.9999922342718984
0.999992237868715
0.9999921659689812
0.9999921270215979
0.9999921529047676
0.9999920962005234
0.9999920361262767
0.9999920202752941
0.9999920236958678
0.999991989230475
0.9999919942693032
0.9999919750115034
0.9999918621990521
0.9999918512566731
0.999991908771166
0.9999918670508318
0.9999918137315534
0.9999917959128429
0.9999918236915983
0.9999918660490225
0.9999917457890943
0.999991679302506
0.99999176609987
0.9999917589964434
0.9999916528866052
0.9999916874400144
0.999991713217046
0.9999915757968859
0.9999915296784224
0.9999916424108631
0.9999916265151494
0.9999914648323706
0.9999914253480009
0.9999915525477702
0.9999914915914516
0.9999913894595368
0.9999914109249269
0.999991487396612
0.9999913768138577
0.9999913147678784
0.9999914165112015
0.9999914112575543
0.999991273865665
0.9999912498214991
0.9999913386939849
0.9999912704821512
0.9999911818043624
0.9999911786751647
0.9999912300239234
0.999991122434659
0.9999910891963879
0.9999910656772527
0.9999910904304172
0.9999909586720213
0.9999909367156185
0.9999909798370187
0.9999909493013346
0.9999908691231643
0.9999909194413142
0.9999909469203323
0.9999908232478161
0.9999908062042863
0.9999908978580482
0.9999909035535963
0.9999907428923414
0.999990741259006
0.9999907892716514
0.9999906986419151
0.999990648572525
0.9999907042271186
0.9999906627788506
0.9999906325207605
0.9999906829160553
0.9999906297651837
0.9999904876423499
0.9999905178665794
0.9999905803961426
0.999990514045635
0.9999904894305137
0.9999904955288961
0.9999904356119792
0.9999903992778929
0.9999903962038026
0.999990449448359
0.9999903897201425
0.99999026081626
0.9999903093503328
0.9999903815043545
0.9999902357647769
0.9999901322861688
0.9999902592155433
0.9999902477165515
0.9999900888283044
0.9999900917567238
0.9999901255085181
0.9999900081817277
0.9999899092045924
0.9999900330744256
0.9999900953485636
0.9999899233153398
0.9999898774272743
0.9999899284454019
0.9999898989807072
0.9999898112738278
0.9999898034016257
0.9999898260204696
0.9999897734182783
0.999989692161854
0.9999897194326076
0.9999897861955787
0.9999897011907324
0.999989626941689
0.9999897035379703
0.9999897095134745
0.9999895151069512
0.9999895048588839
0.9999896444532645
0.9999896238884176
0.99998944057009
0.9999894993740037
0.999989585511292
0.9999895185374214
0.9999893701076089
0.9999894264279177
0.9999894818132015
0.9999893348524107
0.999989289636843
0.9999894664310324
0.9999894865735343
0.9999892247322263
0.9999892249267252
0.999989425614317
0.9999893241790738
0.9999891223931393
0.9999892298564347
0.9999893407435133
0.9999891252702877
0.9999890477383565
0.9999892604865076
0.9999892514139312
0.9999890706218904
0.9999890709224879
0.9999891899950252
0.9999890579670913
0.9999888681697949
0.9999889560154016
