0.9999849908858194
0.99998432474622
0.9999826023981139
0.9999798941464518
0.9999762967826924
0.9999719487009368
0.9999669326330591
0.9999614119495248
0.9999555991668932
0.9999497298504673
0.9999438671805906
0.9999382154559829
0.9999329773861398
0.9999282637268223
0.999924244694056
0.9999208657759264
0.9999180943039888
0.999915949454949
0.9999144200753878
0.9999134901363047
0.9999133545144813
0.9999136962632927
0.9999143483041687
0.9999151211206561
0.9999159149637329
0.9999167220811022
0.9999174490046662
0.9999180613899277
0.9999184404003814
0.9999186334198698
0.9999186356869821
0.9999183253785194
0.99991765977078
0.9999165291335943
0.9999150649375083
0.9999133946330832
0.9999114632162995
0.9999092415107521
0.9999066987767458
0.9999039147043155
0.9999010930751878
0.9998981458416005
0.9998950992798492
0.9998919527051898
0.9998887196879891
0.9998854741813931
0.9998821811167924
0.9998789792804136
0.9998760255348053
0.9998733216842048
0.999870884203886
0.9998687830538096
0.9998670167790289
0.9998655647167405
0.9998642026758492
0.9998629600178391
0.9998618740608598
0.9998610395411492
0.999860450426901
0.9998598861034009
0.9998593619748559
0.9998588270369437
0.9998582250766146
0.9998574940613885
0.9998565712381996
0.9998555233545485
0.9998543013625202
0.9998529870347058
0.9998515812143229
0.9998501072088017
0.9998484089391066
0.9998464889341275
0.9998442454603169
0.9998418476469005
0.9998393801746193
0.9998369104748922
0.9998343274701845
0.999831797548664
0.9998294420339797
0.9998273268114595
0.9998254950990366
0.99982399898289
0.9998225843943639
0.9998212231035467
0.9998197590229236
0.9998182160040445
0.9998167838081378
0.9998152317292969
0.9998136769634057
0.9998120527690246
0.9998105340987398
0.9998091416699045
0.9998078672059083
0.9998066225179004
0.9998055128107798
0.9998044159818112
0.9998031715674913
0.9998018426700356
0.99980036677503
0.9997987180184985
0.9997971209442117
0.9997955905851413
0.999794082898611
0.9997925584627474
0.9997908275603419
0.9997889471351351
0.9997869359552648
0.9997849371951679
0.9997829018124069
0.9997809979531947
0.9997790745658727
0.999777224783187
0.999775648316749
0.999774393960811
0.9997732861830052
0.999772171410806
0.999771144870963
0.999770007815171
0.9997688467921619
0.9997675959257052
0.9997663676828034
0.9997652502449468
0.99976404552069
0.9997630514989297
0.9997620678693828
0.9997610033419833
0.9997598647218594
0.9997586989294682
0.9997576365684662
0.9997565877634301
0.9997551477247991
0.9997535819559522
0.9997520103138796
0.999750437157191
0.999748948617403
0.9997473901459507
0.9997454608702309
0.9997435565787786
0.9997417222913769
0.9997398863443737
0.9997380290973021
0.9997361371817503
0.9997342405250829
0.9997322400402223
0.999730140607679
0.9997280179911253
0.999725773355314
0.9997235423920395
0.9997214948213363
0.9997196259811689
0.9997180261736865
0.9997168194459864
0.999715546636952
0.9997144580698604
0.9997137336353861
0.999713159732088
0.9997125683123739
0.9997121309259136
0.9997115904369708
0.9997106359074059
0.9997097026329953
0.999708895876934
0.9997080598623997
0.9997069816623577
0.999705483285711
0.9997038536353163
0.9997019729171663
0.9996998151959675
0.9996974573550507
0.9996949302982043
0.999692108798756
0.9996889845490781
0.9996857023126855
0.9996823409628148
0.9996791330653377
0.999676178153808
0.9996736148575458
0.9996712653122439
0.9996693070223425
0.9996675520470841
0.9996660058259498
0.9996647340191088
0.9996637522366494
0.9996629529996105
0.9996623567559301
0.9996618963894461
0.9996617183168729
0.9996618430199941
0.9996618970850827
0.9996615293513734
0.9996608926010675
0.9996599020921003
0.999658505141586
0.9996565289637477
0.9996544156600692
0.9996520942474036
0.9996495416761116
0.9996466554990101
0.9996433627869914
0.9996401819559001
0.9996371293550409
0.9996339939705923
0.99963083567886
0.9996278716704743
0.9996251300626584
0.9996225553872427
0.9996200299638119
0.9996173292890858
0.9996147408255883
0.9996125008147247
0.9996104076545214
0.9996085408924872
0.9996068999680237
0.9996053851353168
0.9996038142741085
0.9996023373290108
0.9996010654731481
0.9996000920526146
0.9995992749424822
0.999598686478195
0.9995980256557268
0.9995971913219645
0.9995963437220822
0.9995955245699563
0.9995946468640855
0.99959366323706
0.9995924746427922
0.9995913451788137
0.9995900049769344
0.9995882828979412
0.9995862007327956
0.9995839553836978
0.9995816157449392
0.999578977560604
0.9995761803619111
0.9995730697025019
0.9995701113039744
0.9995672254637995
0.9995645233425583
0.9995619949316443
0.999559505375437
0.9995570907947561
0.9995549081543401
0.9995529683965801
0.9995511602054877
0.9995492160315873
0.9995473974362957
0.999546019164622
0.999544898421982
0.9995442248461547
0.9995438401898112
0.9995436127082975
0.9995435961727418
0.999543809859758
0.9995438593892686
0.9995437156410686
0.9995435217814692
0.9995431881497606
0.9995426759201059
0.9995417137665732
0.9995403703141778
0.999539125834174
0.9995376122317146
0.9995357039725525
0.9995332907616152
0.9995305591914317
0.999527547338992
0.9995245831107358
0.9995217023451148
0.9995189573173281
0.9995163206392752
0.9995136980556024
0.9995111179959018
0.9995083877382245
0.9995055503888259
0.9995029196849192
0.9995004022302059
0.9994982038461233
0.9994959608103838
0.9994937354348578
0.9994915191352532
0.9994891478190983
0.999487033309074
0.9994853133952692
0.9994837810171631
0.9994824871565048
0.9994813309816575
0.9994803192278265
0.9994794805690782
0.9994789191360334
0.9994785220342621
0.9994782259932338
0.999477956867575
0.9994776231408968
0.9994771713870833
0.9994765338684928
0.999475208355389
0.9994733834102543
0.9994712190490035
0.9994686048360351
0.9994660963464702
0.9994635780958457
0.9994609982338336
0.9994582720846791
0.9994554252674208
0.9994528978953487
0.9994506389071511
0.9994486611742169
0.9994469822387907
0.999445469328318
0.9994439451168
0.9994426599540468
0.9994415600320032
0.9994405647713624
0.9994396931879758
0.9994387089976005
0.9994377162650013
0.9994365622237346
0.9994350382564479
0.9994332903410279
0.9994315153658395
0.9994298496987701
0.9994282533189209
0.9994267531891707
0.9994253302255396
0.999423915002674
0.9994225350129091
0.99942100994454
0.9994193747050409
0.9994175322432026
0.9994159208331043
0.9994141368479631
0.9994124091000035
0.9994107497071173
0.9994092781435724
0.9994080617146647
0.9994070357567632
0.9994062217295048
0.99940544321375
0.9994045592668416
0.9994034464866911
0.9994021079387939
0.999400413199287
0.9993985133406524
0.999396382018998
0.99939385829757
0.9993910173803597
0.9993880594745129
0.9993848821603573
0.999382012243993
0.9993797770283909
0.9993779551778976
0.9993765844726283
0.9993755527536656
0.9993746733143826
0.9993738614018716
0.999373102933849
0.999372220105582
0.9993714273015343
0.9993705338756325
0.9993699333247213
0.9993691693332383
0.9993682053711916
0.9993672547486934
0.9993662894348367
0.9993650143600323
0.9993637292138496
0.9993623115855066
0.9993607183822809
0.9993588489553508
0.9993567166089744
0.9993545406811384
0.999352102295897
0.9993494402804152
0.9993465766488439
0.9993432534162997
0.9993396834901644
0.999336167869676
0.9993330235554106
0.9993301649278121
0.999327697333373
0.9993258661398196
0.9993242861013334
0.9993229409592812
0.9993217942059562
0.9993207027538117
0.9993197239804349
0.9993190887922018
0.9993187781474112
0.9993183804003682
0.9993178207285834
0.9993172384689186
0.9993168105505289
0.9993161608759159
0.9993150288772645
0.9993133121882659
0.9993113693906441
0.9993091945480332
0.9993073026349124
0.999304948314147
0.9993023150379097
0.9992998998599734
0.9992976242206141
0.9992954471759101
0.999293357422971
0.9992914556176565
0.9992899151148724
0.9992890214794183
0.9992883877128992
0.9992880129951164
0.9992879434623825
0.9992877534162001
0.9992877427370747
0.9992877747200543
0.9992874233764732
0.9992866627658472
0.9992854207709916
0.999283756216643
0.9992822398242492
0.9992808301918883
0.9992794648214046
0.9992780501150264
0.9992765077300837
0.9992750850379131
0.9992738250114535
0.9992723563033489
0.999270682222932
0.9992688261980543
0.9992662403547871
0.9992632349037828
0.9992600095882495
0.9992566860058069
0.9992536013604094
0.9992507481391665
0.9992481407354339
0.9992457838219619
0.9992437993079449
0.9992418794197291
0.9992404785711307
0.999239659657249
0.9992392190791863
0.9992390193290229
0.9992389660198889
0.9992386235818309
0.9992380678645313
0.9992367691946393
0.9992348478785091
0.9992327992973492
0.9992305904446656
0.9992279301030855
0.9992249297587362
0.9992218303234613
0.9992186179868412
0.9992152957489232
0.9992118651483457
0.9992082240052341
0.9992045366738044
0.9992014168333898
0.9991983827098518
0.9991953337835427
0.9991927777935956
0.9991908749839249
0.9991894208825293
0.9991881963962423
0.9991871109867189
0.9991864545931723
0.9991864257551636
0.9991866407432662
0.9991868428529608
0.9991868686319715
0.9991863501542056
0.9991853421351455
0.999183958392753
0.9991824792139058
0.9991809405695802
0.9991791357520994
0.9991774971882892
0.9991755680602182
0.9991732149412292
0.9991708711739627
0.9991688108102681
0.9991667431559238
0.9991645681504957
0.9991626963216551
0.999160874745995
0.9991587705377651
0.999156914929034
0.9991549484825656
0.999153014287107
0.9991516700707986
0.9991502199445881
0.9991486859185974
0.9991474432374259
0.9991462027860146
0.9991449239473823
0.9991435549334091
0.9991419956068
0.9991403586483287
0.9991384939674336
0.9991364752831795
