0.9999993204172998
0.9999987897999113
0.9999976631394605
0.9999967607065112
0.9999965737821924
0.9999970927654792
0.9999979273838697
0.9999985058834213
0.9999982792498006
0.9999973943581664
0.9999965360579103
0.9999962192038547
0.9999965449827789
0.999997294873062
0.9999978385533742
0.9999976733169708
0.9999969405085176
0.9999962051707522
0.9999958965849289
0.9999961463898598
0.9999967430725603
0.9999972013916125
0.9999971332509134
0.9999965716324802
0.999995916449166
0.9999955238155285
0.9999956114261682
0.9999960913539747
0.9999965175587507
0.9999965186154746
0.9999961121884312
0.9999955414278305
0.9999951520406531
0.9999952191540399
0.9999956217578263
0.9999959470544105
0.9999959128476955
0.9999956491741044
0.9999952221077769
0.999994802122398
0.9999947146900334
0.9999950539545761
0.9999953796826118
0.9999953943835456
0.9999951017025621
0.9999946871463674
0.9999943386489852
0.9999942282427954
0.9999944303239863
0.9999946335522556
0.9999946518166885
0.9999945043695355
0.9999942793311307
0.9999940545820539
0.9999939535920603
0.999994051401245
0.9999941209833654
0.9999940667854618
0.9999939506634005
0.9999937405205787
0.9999934963578053
0.9999933772293635
0.9999933560716731
0.9999933524738663
0.9999933262007822
0.999993249191978
0.999993091078818
0.9999929348752636
0.9999928239779463
0.9999927843179004
0.9999928070603741
0.9999928381407561
0.999992792206063
0.9999926103222329
0.9999924319805684
0.9999923847845735
0.9999923559452047
0.9999923098216587
0.9999922924037308
0.9999922708500686
0.9999921498502898
0.9999919294295717
0.9999917666479188
0.9999917703268746
0.999991871529214
0.999991938313231
0.9999918945070385
0.9999916647163417
0.9999914493959705
0.9999913506375508
0.9999913464391131
0.9999914046261502
0.9999914874552494
0.9999914210859217
0.9999911605168091
0.9999908907964534
0.9999907949101772
0.9999908311926473
0.9999908464827767
0.9999908339027412
0.9999907175682554
0.9999904980155224
0.9999903775868418
0.9999904378937738
0.9999904908377926
0.9999904131346359
0.9999902910055468
0.9999901101884063
0.9999899272852975
0.9999898694795399
0.9999899026119896
0.9999898956320484
0.9999898944747474
0.9999898719150915
0.9999897307618905
0.9999894260569955
0.9999892361584536
0.999989266867981
0.9999892598297944
0.9999893149564419
0.9999893934420915
0.9999892055325729
0.999988904857706
0.9999887766625754
0.9999888000460992
0.9999888384564495
0.9999889121320843
0.999989000228157
0.999988860473043
0.9999886038188845
0.9999884008775773
0.9999882702326273
0.9999882227133192
0.9999883069225416
0.999988442605708
0.9999884795399281
0.9999883416795764
0.9999881258910889
0.9999879349329972
0.999987894950502
0.9999879716350021
0.9999879983999509
0.9999878504200346
0.9999875872906087
0.9999873249821503
0.9999871526150145
0.9999871575241569
0.9999872153998864
0.9999872145835568
0.9999871417499882
0.9999869952987055
0.9999868289090033
0.9999866842833989
0.9999866843132366
0.9999867964608675
0.9999868291005798
0.9999866817846144
0.9999865340999481
0.9999864151039948
0.9999862956166853
0.9999861996699598
0.9999861390212543
0.9999860443689023
0.9999859323642254
0.999985904705829
0.9999858473799421
0.9999857256684441
0.9999855680842575
0.9999854188260995
0.9999853910119887
0.9999854572246565
0.9999855216063983
0.999985479970556
0.9999853346469183
0.9999851194287513
0.9999849196763191
0.999984874405863
0.9999848597025436
0.999984715140632
0.9999844966555671
0.9999843761211612
0.9999843507054065
0.9999842704098912
0.9999841430817751
0.9999840659326583
0.999984028957287
0.9999839425365472
0.9999838684537311
0.9999838405233278
0.9999837303627045
0.9999835668423285
0.9999834881440496
0.9999834080325939
0.9999833324265976
0.9999833258691921
0.9999833511292243
0.9999832539571838
0.9999831002430237
0.9999830361067548
0.9999829064705583
0.999982774721314
0.9999828002259047
0.9999828538218842
0.9999827751523226
0.9999825872640645
0.9999824586077167
0.9999824412539343
0.9999824141504704
0.9999824444313109
0.9999824489801984
0.9999823405938444
0.9999821405954711
0.9999820174045515
0.9999818886320851
0.9999817983873197
0.9999818088324857
0.9999819105171739
0.9999818359102131
0.9999816789216461
0.9999815399467353
0.9999814095175248
0.9999812654409923
0.9999812088443432
0.9999812901595465
0.9999812898472417
0.9999811216335934
0.9999809602829767
0.9999808036666182
0.9999806325471834
0.999980606426966
0.9999806846220509
0.9999807793234059
0.999980703199607
0.9999804808098695
0.9999803119693949
0.9999801162567248
0.9999799481991131
0.9999799876038258
0.999980155962966
0.9999802220430104
0.9999801370901062
0.9999800344213845
0.9999799636978961
0.9999798370015825
0.9999797282723096
0.9999797453968082
0.9999797991049448
0.9999797004953541
0.9999795348849031
0.9999794278863153
0.9999793179260335
0.9999791981921862
0.9999792651776772
0.9999795142471505
0.9999796103175478
0.9999794633363801
0.9999791705492008
0.9999789293457809
0.9999788152405074
0.9999788033146259
0.9999788916139031
0.9999790739949647
0.9999791181326594
0.9999788485925286
0.9999784140833134
0.9999781469066954
0.9999781396245137
0.9999783532301759
0.9999785691872336
0.9999785924651483
0.9999783102752289
0.9999778865130068
0.9999774920205446
0.9999773766697967
0.9999777029824048
0.9999780200239072
0.9999779853861706
0.9999776714385561
0.9999772024340867
0.9999767766330446
0.9999767028186194
0.999976963900883
0.9999772229664924
0.9999771260856863
0.9999768041397813
0.9999764656235337
0.9999762147972354
0.9999760746089161
0.9999762312412749
0.9999764612282775
0.9999763186532451
0.9999759583363906
0.9999756202381525
0.9999753546081104
0.99997537823946
0.9999757255066303
0.9999760027985019
0.9999759202068171
0.999975494202965
0.9999751287348018
0.9999750295831006
0.9999751145188391
0.999975249432692
0.9999753479361186
0.9999752557803157
0.9999749946656273
0.9999747804998572
0.9999745180001293
0.9999744000031873
0.999974614890853
0.9999748669301167
0.9999748116131805
0.9999745082815019
0.9999741778708828
0.9999738414089133
0.9999736707555335
0.9999739026483557
0.9999742775605245
0.9999743331172927
0.9999740854405991
0.9999736937185693
0.9999732468830933
0.9999730879036812
0.9999733322834844
0.9999736520845256
0.999973702545105
0.9999734410055234
0.9999730958722192
0.9999727653686352
0.9999726505430581
0.9999728786210359
0.9999731533789271
0.9999731708980039
0.9999728736010659
0.9999723021505411
0.9999716678164171
0.9999715892273541
0.9999720535656637
0.9999725952067604
0.9999728134551955
0.9999726028310981
0.999972099460945
0.9999716015282012
0.9999713522294724
0.9999715329251246
0.999972018395899
0.9999723485208687
0.9999721486518965
0.9999716679896541
0.9999711833425723
0.9999709094933041
0.9999709763631333
0.9999712841288193
0.9999714797539844
0.9999713473947206
0.9999710702990136
0.9999708573066493
0.9999706980457946
0.9999705815875041
0.9999706047937359
0.9999706858196283
0.999970700502638
0.9999706620144766
0.9999705636293932
0.9999703460802826
0.999970138893978
0.9999700543879851
0.999970097850483
0.9999702257028679
0.9999703462437773
0.9999702565254981
0.9999698961808854
0.9999695368735683
0.9999693544508241
0.9999693429902331
0.9999695075208362
0.9999695904015061
0.9999694654430389
0.9999691687137419
0.9999689340151612
0.9999687591910453
0.9999686466955082
0.9999686350531676
0.9999686523725337
0.9999686639831824
0.9999685626909564
0.9999684311533196
0.9999683652861107
0.9999682872810213
0.9999682022139953
0.9999681582231843
0.9999681233089587
0.9999679982161297
0.9999678495870716
0.9999677537542758
0.9999676972263174
0.999967657782172
0.9999675565801065
0.9999673948730167
0.9999673147145411
0.9999673362307441
0.9999673829539875
0.9999674299086363
0.9999673624427172
0.9999670727819444
0.9999666918751128
0.9999664570400801
0.9999665147811316
0.9999667541904022
0.9999668041161456
0.99996665842189
0.9999665226750307
0.9999664457816273
0.9999663966337988
0.9999664251785372
0.9999663355919886
0.9999661044091032
0.9999658423325495
0.9999657829668456
0.9999658426331637
0.9999658140198057
0.9999657375631641
0.9999656818768781
0.9999655340915726
0.999965336540043
0.9999653510114446
0.9999655424540418
0.9999656316599075
0.9999654109505997
0.9999652135929137
0.9999650896805168
0.9999649926566299
0.9999649602165687
0.9999649817450204
0.9999648451430928
0.9999646211213461
0.9999645054998344
0.999964473738869
0.999964434042326
0.9999644100865451
0.9999645068358985
0.9999645245136407
0.9999644087411703
0.9999642060431883
0.9999640815280072
0.9999640443426253
0.9999641733111705
0.9999643466024045
0.9999643140239073
0.9999640065966433
0.9999636070368656
0.9999634840275148
0.9999636472507633
0.9999638890374444
0.9999639949794468
0.9999640211120181
0.9999638422437896
0.9999635580203498
0.9999633682275237
0.9999633306852547
0.9999633519388805
0.9999633503668663
0.999963294349028
0.9999632220063808
0.9999631097575268
0.9999630437601889
0.9999630397447309
0.9999630908023448
0.9999630905538537
0.9999629839384967
0.9999627968075184
0.9999625409530423
0.9999623348240765
0.9999622992776074
0.9999624559779104
0.9999625390075447
0.9999624613390466
0.9999622415481222
0.9999619829634715
0.999961825287413
0.9999619064286391
0.9999620906099065
0.9999621649250827
0.9999621427502495
0.9999620752822778
0.9999619860106128
0.9999618070882957
0.9999616907536919
0.9999616309382919
0.9999614465511385
0.9999612642847077
0.9999612152657404
0.9999611067232931
0.9999610138455214
0.9999609973136037
0.9999609383852961
0.9999607888028456
0.999960676795787
0.9999606377241247
0.9999606405025385
