0.9999999074754271
0.999999575880502
0.9999997085896358
0.9999998050038895
0.999999530012201
0.9999997902675583
0.9999996407155259
0.9999995752167216
0.9999997829251639
0.9999995116036873
0.9999996545688818
0.9999996709643197
0.9999994691201207
0.9999997066821675
0.9999995142380048
0.999999516191073
0.9999996702063536
0.9999994203223304
0.9999995921574147
0.9999995431089345
0.9999994010928229
0.9999996166138887
0.999999410691498
0.9999994592579317
0.9999995489106501
0.9999993347273659
0.9999995256873585
0.9999994294387945
0.9999993416210913
0.9999995192755843
0.9999993326183884
0.9999994046375106
0.9999994470504094
0.99999929992275
0.9999994526382766
0.9999993347327786
0.9999993061009766
0.999999406414839
0.999999263818622
0.9999993368929379
0.9999993307551232
0.999999233073933
0.9999993515011579
0.9999992407468334
0.9999992408756996
0.9999992994237508
0.999999182438589
0.9999992591698005
0.9999992199656775
0.9999991719456259
0.9999992451603296
0.9999991709933961
0.9999991761433081
0.9999991949456084
0.999999129000847
0.9999991840697026
0.999999153120455
0.9999990983088168
0.9999991657202653
0.9999990987798044
0.9999991102773095
0.9999991074415611
0.9999990690436241
0.9999991191415346
0.9999990548000709
0.9999990562977978
0.9999990725527776
0.9999990250686307
0.9999990574871077
0.9999990181701507
0.9999990105600446
0.9999990410549587
0.9999989811777302
0.9999990117279431
0.9999990015554415
0.9999989514496067
0.9999990096156107
0.9999989563400081
0.9999989522232247
0.999998983051806
0.9999989093335256
0.9999989494487458
0.9999989402984628
0.9999988779065568
0.9999989299057804
0.9999988741246222
0.9999988647707267
0.9999988901457126
0.9999988294600266
0.9999988516670973
0.9999988426329044
0.9999988001724583
0.9999988276710792
0.9999988009178081
0.9999987863165936
0.9999987794446649
0.9999987521830314
0.9999987880106131
0.9999987373545618
0.9999987389501163
0.9999987595842
0.9999986997901977
0.9999987443619224
0.9999987145497566
0.99999867711691
0.9999987286400753
0.9999986708944353
0.9999986543354766
0.9999986815951707
0.9999986610514495
0.9999986614490324
0.9999986456415644
0.9999986206001283
0.9999986504946029
0.9999986008914298
0.9999986140935208
0.9999986064698996
0.9999985711427543
0.9999985951197485
0.9999985529594199
0.9999985583188131
0.9999985742580783
0.9999985166297285
0.9999985676249742
0.9999985073173893
0.9999985217269571
0.9999985439061776
0.9999984709741606
0.9999985059852035
0.9999984991289627
0.9999984620638851
0.999998487832247
0.9999984394850853
0.9999984478153193
0.9999984383948596
0.9999984080225982
0.9999984277969715
0.9999983905360716
0.9999983836959143
0.9999983831190338
0.9999983633666759
0.9999983720791363
0.9999983465399888
0.9999983295724718
0.9999983361997146
0.9999983262841569
0.9999982869607035
0.9999983183728509
0.999998285586785
0.9999982738482867
0.9999982805437084
0.9999982426832241
0.9999982620347042
0.9999982525168792
0.9999982184130224
0.9999982431173492
0.9999981920257996
0.9999981912777924
0.9999982100098319
0.9999981424620051
0.9999981799236979
0.9999981586292508
0.9999981241994337
0.9999981634585219
0.9999980923820356
0.9999981049541924
0.9999981198992667
0.9999980516393567
0.9999981051678706
0.9999980582672491
0.99999804009222
0.9999980779862432
0.9999980085814698
0.9999980325222919
0.9999980325131432
0.9999979876019627
0.9999980046662984
0.9999979810450208
0.9999979614976845
0.999997930077734
0.9999979421298199
0.9999979252685404
0.9999979125340035
0.9999979282882278
0.9999978587439978
0.9999979051023531
0.999997914863213
0.9999978272220261
0.9999979188708329
0.9999978490714564
0.999997843119165
0.9999978967805718
0.9999977904249148
0.9999978456633769
0.999997828981404
0.999997809591047
0.9999978369980769
0.9999977573053199
0.9999977907503549
0.9999978145215288
0.9999977132756434
0.9999977814315993
0.9999977224020207
0.9999977198876117
0.9999977299212927
0.9999976601635645
0.9999977125661413
0.9999976737075302
0.999997641904003
0.9999976914766356
0.9999976426236538
0.9999976536462333
0.9999976592933075
0.9999976194345152
0.9999976427858583
0.9999975974113878
0.9999975872837106
0.9999976247349197
0.9999975480999479
0.9999975790317543
0.9999975842816852
0.9999975186774336
0.9999975708029178
0.9999974943839154
0.9999975049549696
0.9999975310530863
0.9999974623286452
0.9999975029026471
0.9999974634999665
0.9999974710925491
0.9999974822705197
0.9999974346107003
0.9999974661826484
0.9999974096349847
0.9999973864203574
0.9999974157542754
0.9999973730506821
0.999997397977692
0.9999973905093671
0.9999973462336708
0.9999973962122899
0.9999973292017074
0.99999733515777
0.999997348260165
0.9999972661030708
0.9999973367821537
0.9999972970606786
0.9999972333120517
0.9999972820917238
0.9999972371762041
0.999997237473602
0.9999972432418617
0.9999971684583318
0.999997223603305
0.9999971823043637
0.9999971520518777
0.9999971891579623
0.9999971358359548
0.9999971750330671
0.9999971550949955
0.9999971088217914
0.9999971614111394
0.9999970849580891
0.9999970923987505
0.9999971033652996
0.999997057363229
0.9999971180207715
0.9999970356922532
0.9999970500294424
0.9999970839879704
0.9999969812416614
0.9999970765570081
0.9999970166320249
0.9999969665727855
0.9999970404028911
0.9999969163896035
0.9999969863773381
0.9999970042702445
0.9999968942569565
0.9999970082436821
0.9999969050018351
0.9999969064573063
0.9999969775818716
0.999996844655648
0.999996933614033
0.9999969197988039
0.9999968210334346
0.9999969051910698
0.9999968229011358
0.9999968325302724
0.9999968705496457
0.999996720844757
0.9999968192535131
0.9999968229141661
0.999996708792623
0.9999968125501686
0.9999967375871536
0.9999967056637112
0.9999968074684578
0.9999966850296078
0.999996729499954
0.9999967677184094
0.9999966680376551
0.9999967462939924
0.9999966916543239
0.9999966810652534
0.9999967154301884
0.999996636124213
0.9999966745182595
0.9999966453585997
0.9999966146437497
0.9999966560986617
0.9999965764428002
0.9999966017628592
0.9999966079777227
0.9999965557454499
0.9999965971515978
0.9999965721702043
0.9999965121201421
0.9999965434530296
0.9999964741105224
0.999996510310853
0.9999964836777665
0.9999964286610493
0.9999964860875834
0.9999964297229998
0.9999964019781283
0.9999964294710837
0.9999963799704782
0.9999963662100134
0.9999963812827406
0.999996337670628
0.9999963174819743
0.9999963234844581
0.9999963190285548
0.9999962681954392
0.9999962953273285
0.9999962948331241
0.9999962407334921
0.9999962765259179
0.9999962573114248
0.9999962120939362
0.9999962641429404
0.9999962073102568
0.9999962191545381
0.9999962031105059
0.9999961558204451
0.999996210499532
0.9999961638010909
0.9999961796477307
0.9999961827920756
0.9999961193981434
0.9999961526357021
0.9999961217890702
0.9999960759605949
0.9999961125011957
0.9999960363082477
0.9999960406379458
0.9999960548810216
0.9999959632349584
0.9999960330592736
0.9999959489996155
0.9999959347679054
0.9999959772732732
0.9999958968744636
0.9999959592215669
0.9999958769510272
0.9999958940136451
0.9999959459095376
0.9999958397744374
0.9999958895570604
0.9999958663195821
0.9999958331548136
0.9999958549777539
0.9999958058872815
0.9999958071510517
0.9999958348732211
0.9999957901094818
0.9999958082476764
0.9999957906663732
0.9999957714069506
0.999995789536759
0.9999957519730255
0.9999957669288769
0.9999957184329656
0.99999575154184
0.9999957560273007
0.9999956738564054
0.9999957132022544
0.9999956794851791
0.9999956490500874
0.9999956726984234
0.9999956161400435
0.999995647603266
0.9999956431704493
0.9999955796435437
0.9999955983332661
0.9999956037282606
0.9999955631420417
0.9999955805458695
0.9999955401005748
0.999995547248161
0.9999955611225606
0.9999955113658425
0.9999955103137783
0.999995452330773
0.9999954865453782
0.9999954898559587
0.9999954013134169
0.9999954910980929
0.9999954332595845
0.9999953974450673
0.9999954419600833
0.999995357887622
0.999995413105658
0.99999536594485
0.9999953679438851
0.9999954004229916
0.9999953536724021
0.9999953517071825
0.9999953704856399
0.9999953270459649
0.9999953412629536
0.9999953272603898
0.9999953416180837
0.9999952935251174
0.9999952952604475
0.9999953244225207
0.9999952405180614
0.9999953188606877
0.9999953028603078
0.9999952452757852
0.9999953523011822
0.9999952347846307
0.9999952734677371
0.999995295274819
0.9999952099578127
0.9999953148113953
0.9999951796462293
0.9999951858920071
0.9999953055432509
0.999995119939819
0.9999951951439359
0.9999952401212031
0.9999950900751319
0.9999952663014082
0.9999951826666378
0.9999951003738832
0.9999952267857961
0.9999951230304321
0.9999950977358951
0.9999951720902283
0.9999950539590627
0.9999951178860627
0.9999951217813641
0.9999950319778119
0.999995114939474
0.999995031356891
0.9999950572204299
0.9999950609105082
0.9999949734771958
0.9999950554101404
0.9999949939938465
0.9999950173711097
0.9999950275509462
0.9999949322585764
0.9999950062456258
0.9999949474188775
0.9999949807550045
0.9999949826121639
0.9999949400069875
0.9999949584620361
0.999994933334162
0.9999949424997904
0.9999949359633982
0.9999948940310497
0.9999949315824254
0.9999948635536052
0.9999949000142456
0.9999948586658532
0.9999948349291923
0.9999948944018573
0.999994756984745
0.9999948609836027
0.9999948106131927
0.9999947318384991
0.9999949017504278
0.9999947579125451
0.9999947870431772
0.9999948210525706
0.99999471021407
0.9999948213429067
0.9999947601382739
0.9999947504459398
0.9999948066245441
0.9999946901586954
0.9999947552189343
0.9999947551553424
0.9999947050004416
0.9999947401874016
