0.9999997733387245
0.9999993423627134
0.9999988486723185
0.9999991754735174
0.9999996152126241
0.9999993324123526
0.9999988434696345
0.9999990259605793
0.9999994307969633
0.9999992978134656
0.999998824642977
0.9999988781060448
0.9999992475784839
0.9999992289820727
0.9999987700349581
0.9999987264767296
0.9999990708292935
0.9999991438826573
0.9999987554493922
0.9999986115469802
0.9999989060833573
0.9999990365181449
0.9999987229170403
0.9999985243056551
0.9999987251628225
0.999998926739098
0.9999986875927348
0.999998435188413
0.9999985701297986
0.9999988022683035
0.9999986567281663
0.9999983859011051
0.9999984349739068
0.9999986708489272
0.9999985874192983
0.9999982887888895
0.9999983259573371
0.9999985467201788
0.9999984877921837
0.9999982679992311
0.9999982247484224
0.9999983603987066
0.999998373017574
0.9999982002632543
0.9999981614938592
0.9999982431805826
0.9999982545910113
0.9999981502786877
0.9999980891963566
0.9999981537242415
0.9999981566528918
0.9999980750686899
0.9999979609488564
0.9999980043930276
0.9999979944316189
0.9999979656142669
0.9999978799227832
0.9999978758250778
0.9999978636585459
0.9999978354783817
0.9999977931259822
0.999997743560232
0.9999977425000478
0.9999977588253126
0.9999976913242115
0.9999976443751599
0.9999975942983574
0.9999976058646286
0.9999975842640271
0.9999975961834502
0.999997541740483
0.9999974746372753
0.9999974627914332
0.9999975069260937
0.9999974565605457
0.9999974214818115
0.9999973773199071
0.9999973713251211
0.9999973821992536
0.9999973324353324
0.9999972779211894
0.999997292377766
0.999997320144522
0.9999972626663873
0.9999971583407302
0.9999971691706223
0.9999972127789869
0.999997154586732
0.9999970254329809
0.999997013687748
0.9999971212336813
0.9999971110610076
0.9999969625603741
0.9999968847847072
0.999996980834107
0.9999970340129691
0.9999968832903845
0.9999967642459477
0.9999968753915899
0.999996955726285
0.9999968124544681
0.9999967003344851
0.9999967594811884
0.9999968516123772
0.9999967331285103
0.9999966050488126
0.9999966332721529
0.9999967495465075
0.9999967120360089
0.9999965568860016
0.9999965579610726
0.9999966637180836
0.9999966201126563
0.9999965059578697
0.9999964673430498
0.9999965575117035
0.999996517446559
0.9999963795779334
0.9999963247220003
0.99999639164016
0.9999964189843741
0.999996325033417
0.9999962766581209
0.9999963291189106
0.9999963486982083
0.9999962868280845
0.9999961931080148
0.9999962325419285
0.999996293499445
0.9999962269293893
0.9999960865498154
0.9999960605583684
0.9999961432347247
0.9999961824490137
0.9999961024554135
0.9999960148022864
0.9999960467725381
0.9999960643611788
0.9999959971312212
0.9999958727054731
0.9999958740095398
0.9999959187601197
0.9999958768218931
0.9999958477360059
0.9999958005552487
0.9999957847609496
0.9999957573541123
0.9999958033615342
0.9999957636487244
0.9999957007011137
0.9999956764918566
0.9999956991870675
0.9999956768225343
0.9999955725703477
0.9999955297609189
0.9999956008839733
0.9999956179621264
0.9999955345379118
0.9999954718516981
0.999995532859109
0.9999955563258928
0.9999954598751639
0.9999953239676175
0.9999953320469063
0.9999954433040026
0.999995397621588
0.9999952285007911
0.9999951631073251
0.9999952846243698
0.9999952779349568
0.9999951195510892
0.9999950798331634
0.9999951683732654
0.9999951712523796
0.9999950837837593
0.999995038271681
0.9999950526082811
0.9999950537202873
0.999995003395638
0.9999949691049228
0.9999949456624252
0.9999949267284853
0.9999948597303532
0.9999948135266232
0.9999948030014755
0.9999948133965709
0.9999947707828493
0.9999947407983011
0.9999947419196069
0.9999947065359908
0.9999946554661566
0.9999946720737996
0.9999946762492253
0.9999945768205963
0.9999945239919951
0.9999945774641289
0.9999945992888608
0.9999944657521981
0.9999943977714993
0.9999944493092369
0.9999945565886506
0.9999944329122095
0.9999943002459748
0.9999942911354537
0.9999944644193909
0.9999944161397791
0.9999941879971838
0.9999941652182756
0.9999943312998428
0.9999942609229319
0.9999940759556208
0.9999940588510831
0.9999941866309777
0.9999941352337608
0.9999940013826425
0.9999940017986948
0.9999941076937198
0.9999940461517612
0.999993900247366
0.9999938219780545
0.9999939382081482
0.999993954149121
0.9999938424901359
0.9999937271546748
0.9999937859282778
0.9999938380270873
0.9999937827360276
0.9999936988309072
0.9999936692860426
0.9999936982326247
0.9999936460106867
0.9999936061111347
0.9999936468046906
0.999993583889268
0.9999935007500758
0.9999935450825067
0.9999935681214511
0.9999934902320948
0.9999933813377364
0.9999934375735843
0.9999934382632932
0.999993332983148
0.9999932319327061
0.9999932756725081
0.9999932966800407
0.9999932453809859
0.9999931326024446
0.9999931057464734
0.9999931580841278
0.9999931549502117
0.9999930703747875
0.9999930256639513
0.9999930641999384
0.9999930376870526
0.9999929870254574
0.9999929902886582
0.9999929979833809
0.9999929673196385
0.999992866755036
0.9999928668323727
0.9999929459227714
0.9999929964124207
0.9999929232365685
0.999992843312763
0.9999928453740836
0.9999928887962416
0.9999928257485945
0.9999927220304502
0.9999927271864376
0.9999927813729848
0.9999926720070188
0.99999259818611
0.9999925796239008
0.9999926501873899
0.9999926313947187
0.9999925007244826
0.9999924157560596
0.9999925236884806
0.9999925828240849
0.9999924858034883
0.9999923444394637
0.9999923924370201
0.9999924762562813
0.9999924347501841
0.9999923446529952
0.9999922995426465
0.9999923330628238
0.999992307494439
0.9999922823754436
0.9999922478444337
0.9999922386737318
0.9999922360874375
0.9999922320883061
0.9999921813771618
0.9999921419260633
0.9999920935640979
0.9999920626538233
0.9999920789103458
0.9999920494726005
0.9999919373859902
0.9999919030436593
0.9999919294497767
0.9999919614346564
0.999991792585823
0.9999916779983944
0.999991766023523
0.9999918164912852
0.9999916682284736
0.9999915425477764
0.999991632831962
0.9999917399366971
0.999991593278855
0.9999914152681952
0.9999914414161671
0.9999915834584515
0.9999915152954628
0.9999914099690533
0.9999913324836611
0.9999914453644904
0.9999914680918743
0.9999913496039791
0.9999912795198925
0.9999913127032428
0.9999913138921326
0.9999912164081075
0.999991151011718
0.9999911849169824
0.9999912172416198
0.9999911394189749
0.9999910397579239
0.9999910481503576
0.9999911156499419
0.9999910876366511
0.999990967639003
0.9999908990749171
0.9999909644519224
0.9999909700164294
0.9999908102154418
0.9999907540756116
0.9999907889700265
0.9999907977122492
0.9999907334298807
0.9999907383759511
0.9999907454554022
0.9999907161481958
0.9999906866915313
0.9999906665947736
0.9999906086547314
0.9999906126714081
0.9999905675512596
0.999990560415813
0.9999905904334053
0.9999905652980454
0.999990480809723
0.999990407395964
0.9999904138845757
0.9999904241858669
0.9999903138577074
0.9999902785490846
0.9999903481977829
0.9999903539914895
0.9999902395266558
0.9999901775457893
0.999990129990636
0.9999902104740342
0.9999901094195778
0.9999899865392763
0.9999900410679019
0.999990196090986
0.9999901420819975
0.9999899019556071
0.999989909501446
0.9999900618630815
0.9999900300878423
0.9999898261506648
0.999989802840852
0.9999899358723295
0.999989953683776
0.9999897923917216
0.9999897754366108
0.9999898193350123
0.9999898022881776
0.9999896896333123
0.999989640856379
0.9999897196998395
0.9999896899814522
0.9999895812077253
0.9999895349138509
0.9999896352248336
0.9999895991790881
0.9999895054575151
0.9999893782738017
0.9999894254309533
0.9999894564581499
0.9999893934918372
0.999989279841491
0.9999892566491775
0.9999893578554411
0.9999892998533112
0.9999892154113083
0.999989201045333
0.9999893201964786
0.9999892787480018
0.9999891794118104
0.9999891550603963
0.9999891496461966
0.9999891114725761
0.9999890791450292
0.9999890477738369
0.999989068588743
0.9999890472091019
0.9999890172843608
0.9999889008013951
0.9999888911786944
0.9999889156942919
0.9999889410656955
0.9999888902332367
0.9999888434120084
0.9999887949647756
0.9999888199179688
0.9999887690869174
0.9999887017100642
0.9999885840674905
0.9999885941877978
0.999988585924393
0.999988572291861
0.9999885249265551
0.9999885510110859
0.9999885406526613
0.9999885152766312
0.9999884387391609
0.9999884256586095
0.9999884952384613
0.9999885047419979
0.9999883473168716
0.9999882583302968
0.9999883892686613
0.9999884135855494
0.9999881835689706
0.9999880655680018
0.999988230341292
0.9999882554991177
0.9999880554625027
0.9999879216059656
0.9999880988701294
0.999988230970275
0.9999880271168243
0.9999877872430325
0.9999879138959585
0.9999881139275195
0.9999879861835697
0.999987700378815
0.9999877579942512
0.999987967157413
0.9999878648090267
0.9999876707806663
0.9999876672376142
0.999987787773228
0.9999877690856328
0.9999875947037169
0.9999875722411607
0.9999877649390896
0.9999877509618256
0.9999874691435938
0.9999874109844775
0.9999876046990669
0.9999876664925272
0.9999874372364405
0.9999873829957259
0.9999874683434281
0.9999875445231701
0.9999873705323455
0.9999872635358257
0.9999872677644661
0.9999873895663678
0.9999873920550868
0.9999873047912644
0.9999871798458495
0.9999872162531546
0.9999873522235746
0.9999873100715403
0.999987169761553
0.9999871575553836
0.9999872311231428
0.9999872207285468
0.9999871058301625
0.9999870644656479
0.9999871107996403
0.9999871108995994
0.9999870359178954
0.999987035071723
0.9999870544683235
0.9999870255961015
0.9999869518128126
0.999986929526185
0.9999869714412447
0.9999868794290603
0.9999868047122644
0.9999868099052903
0.9999868022877715
