0.999999716332171
0.9999992548657003
0.9999985945848414
0.9999987691181893
0.9999993662435881
0.9999994187563701
0.999998788885645
0.9999984658605542
0.9999989053769298
0.999999304488072
0.9999989942317646
0.999998441040243
0.9999985306181304
0.9999990219410818
0.999999060571139
0.9999985677011148
0.999998310590745
0.9999986237426742
0.9999989464967612
0.9999987088893288
0.9999982518731919
0.9999982817265605
0.9999986546013935
0.9999987299201459
0.99999832685538
0.9999980998161475
0.9999983230901398
0.9999985967872773
0.9999984136468952
0.9999980618260876
0.9999980486204498
0.9999983608120793
0.999998396220422
0.9999981032451662
0.9999979145397642
0.9999980665843949
0.9999982699009363
0.9999981244771283
0.9999978540098029
0.999997793323267
0.9999980470338437
0.9999980861691832
0.9999978302380026
0.9999976042729832
0.9999977410949293
0.9999979311926211
0.9999978316674433
0.9999976164860646
0.9999975125909356
0.9999977049619363
0.9999977771851654
0.9999976031752561
0.9999974122563073
0.9999974531866993
0.9999975899337683
0.99999755920019
0.9999973699901161
0.9999972912560334
0.9999973910863686
0.9999974395103755
0.999997338209179
0.9999971603648117
0.9999971492324059
0.9999972126853742
0.9999972385058052
0.9999971317995796
0.9999970063402412
0.9999970235146934
0.9999970759058133
0.9999970296130226
0.9999969119016378
0.9999968525491056
0.9999968695076252
0.999996884523044
0.999996850922774
0.9999967771495226
0.9999966990065
0.9999966709953889
0.9999966991099446
0.9999966593376143
0.9999966059101814
0.9999965561918017
0.9999965379348862
0.999996536344477
0.9999965244093032
0.9999964911536139
0.9999964175060209
0.999996373196827
0.9999963561139544
0.9999963617238469
0.9999962859991309
0.9999962153084642
0.9999961771572066
0.9999961779578345
0.9999961881685167
0.9999961624381493
0.9999961488058137
0.9999961078221521
0.9999960473857336
0.9999959664122849
0.9999960057052513
0.9999960585704788
0.9999960722465897
0.9999959901054475
0.9999958363325239
0.9999958664827476
0.9999958811474691
0.9999958465172948
0.9999957535745566
0.9999957031943361
0.9999957143214029
0.9999956872558291
0.999995679586363
0.9999957054754831
0.9999956875557118
0.9999955660871026
0.9999955171322827
0.9999955391303195
0.9999955457716493
0.9999955348216276
0.9999954898727481
0.9999954714051328
0.9999954185398366
0.9999953551195677
0.99999531991938
0.999995365943927
0.9999953359346756
0.9999952047246365
0.9999950971765612
0.9999950910859349
0.9999951377626829
0.9999951363195679
0.9999950168434978
0.9999949458735444
0.9999949416563996
0.9999949603658767
0.9999949620525102
0.9999948823816053
0.9999947724429381
0.9999948243027347
0.9999949385554957
0.9999949066170641
0.9999946758259339
0.9999946435507339
0.9999948163401637
0.999994830530282
0.999994658217561
0.9999945301007525
0.9999946317463438
0.9999947049936553
0.9999946382927597
0.9999944784057465
0.9999944194224807
0.9999945502814631
0.9999945436695727
0.9999943957206171
0.9999942522208064
0.9999942607365014
0.9999943865075395
0.9999943080974012
0.9999941859097623
0.9999941542025534
0.9999943204246504
0.9999943229036444
0.9999941943254985
0.9999940632316925
0.9999940774658433
0.9999942012649059
0.9999941234999631
0.9999940125324466
0.9999939217119923
0.9999940109480119
0.999994028982025
0.9999939473353796
0.9999938971128388
0.9999938947817354
0.9999939037757065
0.9999938564938181
0.9999938377650622
0.9999938174951913
0.9999937552163275
0.9999937811803472
0.9999938204191945
0.9999937218158136
0.9999935801917628
0.9999935752668543
0.9999936407850973
0.9999935875896406
0.9999934698096737
0.9999933938581815
0.9999934493114633
0.999993444675684
0.999993309906739
0.999993213171962
0.9999932665162738
0.9999933489249342
0.9999932829354377
0.9999931241630149
0.9999931331651201
0.9999932558334903
0.9999932315708925
0.9999931015154231
0.9999929722180678
0.9999930234788474
0.9999930971490546
0.9999930557884585
0.9999929142400344
0.9999928683376036
0.9999929475709392
0.9999930125180767
0.9999929202960737
0.9999927525428637
0.9999927644026448
0.999992810712434
0.9999927859526611
0.9999927283137711
0.9999926179868267
0.9999926040172945
0.9999926545728361
0.9999927020895223
0.9999925587798683
0.9999924630634253
0.9999925683165516
0.9999926710332719
0.9999925344548255
0.9999923463831555
0.9999923960883429
0.999992489608731
0.9999924659171499
0.9999922432735359
0.999992113276826
0.9999921813567931
0.9999922649441304
0.9999922122373992
0.9999920281335399
0.9999919903346459
0.9999921349482606
0.99999215986182
0.9999920106152677
0.9999918984660557
0.9999919982543538
0.999992125387509
0.9999920361981975
0.9999918457696506
0.9999918607200466
0.9999920290121136
0.9999920051361418
0.9999918618030885
0.9999917284061213
0.9999918123151497
0.9999919287114446
0.999991888220033
0.9999917297590378
0.9999916768428593
0.9999917994748768
0.9999918648448114
0.9999917603567923
0.9999915857333518
0.9999915432117064
0.999991549008862
0.9999916062075915
0.999991518359711
0.9999914469541207
0.9999914590234303
0.9999915166516608
0.9999914284814535
0.9999912859154341
0.9999912655809401
0.9999913045837737
0.9999913063587046
0.999991184272614
0.9999912042493321
0.9999912163831586
0.9999912130812142
0.9999911131150166
0.999991033789443
0.9999910564905247
0.9999911398111897
0.9999911506269371
0.9999910190077378
0.9999909366633228
0.9999910128150077
0.9999911128825899
0.9999909759932023
0.9999908342915854
0.9999908497150253
0.9999909593433794
0.9999909445554789
0.9999907304799107
0.9999906117744713
0.9999907484759751
0.9999908882289982
0.9999908135015478
0.9999905930000101
0.9999905644945617
0.9999906782917782
0.9999906955489932
0.9999905273861048
0.9999903599666982
0.9999904722682605
0.9999905677995273
0.9999904150992951
0.9999902535284722
0.999990333808243
0.9999904369311774
0.9999903088300339
0.9999901649714233
0.999990182453947
0.9999903608923165
0.9999903371265472
0.9999901873653179
0.9999900801522208
0.9999901930433885
0.9999902360397392
0.999990023735428
0.9999899393444824
0.9999900191182656
0.9999901796092513
0.9999900257734303
0.9999898173998829
0.9999898093258094
0.9999898898371465
0.9999899100130197
0.9999897442816625
0.9999896715778211
0.9999896761902781
0.9999896739775636
0.9999896371488601
0.9999895696456489
0.999989612700461
0.999989529338813
0.9999894276902597
0.9999893934862755
0.9999894185943148
0.9999894729863044
0.9999893570957613
0.9999893093288388
0.9999893578030151
0.999989383284627
0.9999892402134472
0.9999891588441479
0.9999891677236646
0.9999891226232003
0.999989038817499
0.9999889996478453
0.9999890123168913
0.9999889898217265
0.9999888605270298
0.9999888236307832
0.9999888257764326
0.9999888031872527
0.9999886915191322
0.9999885992541866
0.9999885563220422
0.99998853446215
0.9999885529908104
0.9999885220084959
0.9999884132486617
0.9999883073982857
0.9999882895460542
0.9999883734201629
0.9999883610248927
0.9999881848279908
0.9999880996207874
0.9999881353083812
0.9999882092432594
0.9999881300062494
0.9999879629731258
0.9999878311775686
0.9999879626058886
0.9999880698192661
0.9999878515311882
0.9999876961279095
0.9999877359598335
0.9999878953568165
0.999987882576148
0.9999877456158376
0.9999876472765256
0.9999876797136508
0.9999876199389373
0.9999874844604549
0.9999874712221628
0.9999874796075591
0.9999875204127147
0.999987455718408
0.9999872633604681
0.9999871971618864
0.9999873301459122
0.9999873718920779
0.9999872959462659
0.9999871039111126
0.9999871355589267
0.999987278859716
0.9999872020113311
0.9999870693494174
0.9999869378864966
0.9999870142644529
0.9999871011957355
0.9999869850772644
0.999986735080841
0.9999867110984112
0.9999868860440839
0.9999869402121281
0.9999867654934737
0.9999866041443498
0.9999866538192247
0.9999868215918453
0.9999867763658672
0.9999865755532242
0.999986622862203
0.9999867504989012
0.9999867727131773
0.9999865231886003
0.9999864583877004
0.9999865491123745
0.9999866756574783
0.9999865634500555
0.9999863584747135
0.9999863544960322
0.9999864232163189
0.9999864537094857
0.9999863045364267
0.9999862038010161
0.9999861963193449
0.9999862479740206
0.99998619268238
0.9999861420098691
0.9999861762017991
0.9999861564826832
0.9999860499191994
0.9999859629946937
0.9999860443566274
0.999986117812648
0.9999860631587053
0.9999859218768274
0.9999859621157287
0.9999860327605671
0.999985935028283
0.9999858080880901
0.9999857379641406
0.9999857870898125
0.9999858278671403
0.999985740459537
0.9999856474742985
0.9999856005582008
0.9999856090125837
0.9999855625123879
0.9999855578148283
0.9999855732217728
0.9999854700118856
0.999985342958253
0.9999853013230016
0.9999853577450707
0.999985346754335
0.9999852473301863
0.9999852287822103
0.9999852492221419
0.9999853292834239
0.9999852885551876
0.9999850932712803
0.9999849010851487
0.9999849896241586
0.9999851599370297
0.999985041546387
0.9999848401674033
0.999984825817783
0.9999849447189841
0.999984911252663
0.9999847480620995
0.9999845981878214
0.99998470751177
0.9999848826417894
0.999984785923607
0.9999845905272196
0.9999845441317746
0.9999847535021861
0.999984794328321
0.9999845859430614
0.9999844133362976
0.9999845748354439
0.9999847804608188
0.9999846263252582
0.9999843510837012
0.9999842848293597
0.9999843912714926
0.999984413091278
0.9999842855699981
0.9999841718233524
0.9999842738375052
0.9999843273438808
0.9999842151798177
0.9999840743180166
0.9999840699524438
0.9999841072117441
0.9999840830511643
0.9999839991836772
0.9999839393203244
0.999983979206905
0.9999840619547593
0.9999840447855936
