0.9999999459052332
0.9999997294523486
0.9999999284363775
0.9999997239566878
0.9999999113489739
0.9999997179844643
0.9999998911425595
0.9999997114926311
0.999999876890278
0.999999709802488
0.999999861028765
0.9999996977870816
0.9999998426773593
0.9999996894529307
0.9999998266888045
0.9999996833318046
0.9999998156046451
0.9999996740468831
0.9999997987912531
0.9999996642919212
0.9999997850955756
0.9999996566420251
0.9999997672272094
0.9999996499656604
0.9999997530285447
0.9999996476310822
0.9999997334970868
0.9999996387593264
0.9999997151338531
0.9999996237460025
0.9999996999608443
0.9999996135697515
0.999999688221255
0.9999996015646261
0.9999996755015335
0.9999995925401736
0.9999996612542196
0.9999995856223073
0.9999996490050351
0.9999995765421588
0.999999629027887
0.9999995702542317
0.999999611197035
0.999999556029737
0.9999995957338919
0.9999995478863253
0.9999995868843312
0.9999995412370307
0.9999995760998717
0.999999537571355
0.9999995605773797
0.99999952876508
0.9999995427651053
0.9999995221365628
0.9999995384684888
0.9999995126163929
0.999999527813481
0.9999995038993885
0.9999995113474466
0.9999994898427144
0.9999995022650036
0.9999994768937179
0.9999994924520397
0.9999994640767269
0.9999994856042245
0.9999994535524701
0.9999994783331468
0.9999994480948191
0.9999994683480651
0.999999433713054
0.9999994528374793
0.9999994228613822
0.9999994421840424
0.999999420196651
0.9999994305719334
0.9999994033654626
0.9999994225166013
0.9999993879212945
0.9999994041398913
0.9999993669464479
0.999999386594193
0.9999993505098648
0.9999993748655841
0.9999993298734821
0.9999993591228485
0.9999993116607456
0.9999993487155007
0.9999993086158263
0.9999993412114867
0.9999992909816744
0.9999993330344487
0.9999992734683559
0.9999993238385021
0.9999992662631488
0.9999993162093229
0.9999992564670687
0.9999993103292028
0.9999992455435883
0.9999992964518047
0.99999923117539
0.9999992913529767
0.9999992171616874
0.999999273120444
0.9999992057368616
0.999999267166885
0.9999991982506417
0.9999992529694539
0.9999991785875835
0.9999992438344937
0.9999991718141308
0.9999992260782599
0.9999991661584087
0.9999992128301035
0.9999991598491619
0.999999208484013
0.9999991551185605
0.9999991945443836
0.9999991422472804
0.9999991918685264
0.9999991277649861
0.9999991804490427
0.9999991130345904
0.9999991677091667
0.9999991050268775
0.9999991503570211
0.9999990965491014
0.9999991369747494
0.9999990858768735
0.9999991106909829
0.9999990655289095
0.9999990949621826
0.9999990524291075
0.999999088999969
0.9999990336028493
0.9999990717881803
0.9999990137890438
0.9999990573204774
0.9999989984890463
0.9999990422611439
0.9999989830658357
0.9999990307147015
0.9999989788277607
0.9999990107395018
0.9999989731917877
0.9999989922834082
0.9999989701494308
0.9999989908955865
0.9999989631961411
0.9999989779524396
0.999998957147651
0.9999989542227815
0.999998942816956
0.9999989377817546
0.999998927138929
0.9999989325402908
0.999998920807536
0.999998914748545
0.9999989151027409
0.9999989028877962
0.9999989035098537
0.9999988915476504
0.9999989098583872
0.9999988713190471
0.9999988948017086
0.999998867677321
0.9999988781555738
0.9999988417745367
0.9999988614299978
0.9999988435042615
0.9999988492789328
0.9999988318255099
0.999998836420617
0.9999988301880073
0.9999988293997492
0.9999988274771383
0.9999988280993035
0.9999988115198168
0.9999988119519072
0.9999988091092337
0.9999988035032709
0.9999987917977895
0.9999987995889259
0.9999987778059539
0.9999987903968042
0.9999987790564516
0.9999987897384183
0.9999987667576854
0.9999987713632642
0.9999987450969144
0.9999987765813341
0.9999987272316551
0.9999987688528014
0.999998713169424
0.9999987639971852
0.9999987092401689
0.9999987582528195
0.9999986913521534
0.9999987545475427
0.9999986867466713
0.9999987401345534
0.9999986829657532
0.9999987243869546
0.9999986711091733
0.9999987068366063
0.9999986538635816
0.9999987005988935
0.9999986523691301
0.9999986888376947
0.9999986407606715
0.9999986677209052
0.9999986400156935
0.9999986597488667
0.9999986241134363
0.9999986548591502
0.9999986055236144
0.9999986509284585
0.9999985845967994
0.9999986331649234
0.9999985711875671
0.9999986218182088
0.9999985690931275
0.9999986093128027
0.9999985733854896
0.9999985951823075
0.9999985649913243
0.9999985795646382
0.9999985619974522
0.9999985637101373
0.9999985481626256
0.9999985599791125
0.999998531234769
0.9999985462348995
0.9999985238868662
0.9999985283235047
0.9999985075878827
0.9999985260710955
0.9999984957303639
0.9999985266657012
0.9999984765571863
0.9999985183124158
0.9999984617468078
0.9999984942947464
0.9999984306662758
0.9999984808486269
0.9999984195056165
0.9999984665333859
0.9999984139949065
0.9999984564345583
0.9999984050972487
0.9999984475489603
0.9999983786212852
0.9999984500630263
0.9999983673934413
0.9999984316860098
0.9999983647677911
0.9999984103518325
0.9999983564431
0.9999983836531001
0.9999983485684485
0.9999983629027004
0.9999983386647504
0.9999983367066244
0.9999983300752985
0.9999983264022071
0.9999983162136192
0.9999983208232018
0.9999983009659186
0.9999983076685138
0.9999982918719793
0.9999982952263271
0.9999982734039571
0.9999982854208588
0.9999982651865664
0.9999982615559584
0.9999982653143915
0.9999982541640097
0.9999982474635265
0.999998249438143
0.9999982384480848
0.9999982273928927
0.9999982301939457
0.9999982124243507
0.9999982232118808
0.9999982061544038
0.9999982286714147
0.9999981970016826
0.9999982149355747
0.9999981741284345
0.9999982047497215
0.999998169284006
0.9999981841724874
0.9999981758403145
0.9999981649374076
0.9999981687331145
0.9999981452971423
0.9999981419631252
0.9999981297222692
0.9999981260197979
0.9999981151081987
0.9999981142021496
0.9999980954351774
0.999998097253237
0.9999980797192745
0.9999980870206271
0.999998063158068
0.9999980727642217
0.9999980490367507
0.9999980632741834
0.9999980305455818
0.9999980492037288
0.9999980121037436
0.9999980348564336
0.9999979973367616
0.9999980254429083
0.9999979882990498
0.9999980041901416
0.9999979732646375
0.9999979936789891
0.9999979536727535
0.9999979819387971
0.9999979577705048
0.9999979668483152
0.9999979406229978
0.999997954964199
0.9999979304214075
0.9999979314423814
0.999997916453225
0.9999979302591853
0.9999978978392242
0.9999979267208131
0.9999978937078883
0.9999979219691559
0.9999978830777825
0.9999979089739377
0.9999978661919472
0.9999978800387113
0.9999978478652758
0.9999978669625208
0.9999978520554242
0.9999978548325995
0.9999978480844881
0.9999978476768018
0.9999978189756213
0.9999978443735466
0.9999978062182346
0.9999978466092895
0.999997802976054
0.9999978378290012
0.9999977922548275
0.9999978437739852
0.9999977958627455
0.9999978288831578
0.9999977849164956
0.9999978011401244
0.9999977691241436
0.9999977944155549
0.9999977609918269
0.9999977909089277
0.9999977485167624
0.999997783507102
0.99999774804117
0.9999977894793979
0.9999977409066518
0.9999977869586214
0.9999977257048915
0.9999977696031446
0.9999977026281307
0.9999977485172121
0.9999976700148596
0.999997739159764
0.999997667461166
0.9999977341451721
0.999997655679287
0.9999977353794351
0.9999976557734481
0.9999977325715054
0.9999976406821202
0.9999977225331071
0.9999976172855237
0.999997690510871
0.999997589992941
0.9999976787209229
0.9999975827319002
0.9999976778870503
0.9999975608165524
0.9999976711616235
0.9999975568250767
0.9999976618100987
0.9999975343333098
0.9999976475314455
0.9999975254900091
0.9999976386326593
0.9999975140834415
0.9999976287309282
0.9999974980006048
0.9999976030757654
0.9999975048291493
0.9999975907360761
0.9999975077718821
0.9999975693408314
0.9999974913327419
0.9999975619956294
0.9999974730449831
0.9999975526256935
0.9999974639158301
0.9999975360401205
0.9999974604328774
0.999997516358884
0.9999974419068469
0.9999974942824322
0.9999974283243553
0.9999974821384784
0.9999974238521698
0.9999974826290846
0.9999974046866756
0.9999974625336716
0.9999973940600301
0.9999974555450567
0.9999973841692874
0.9999974360160323
0.9999973734266049
0.9999974133926304
0.9999973594523772
0.9999974078446501
0.9999973355584277
0.9999973956273294
0.9999973308179996
0.9999973831023606
0.9999973110858015
0.9999973781914917
0.9999973212578
0.9999973664893147
0.9999973020530357
0.9999973530771704
0.9999972807508027
0.9999973485960869
0.9999972604820491
0.9999973276887588
0.9999972435182678
0.9999973246269485
0.9999972420055736
0.9999973031772892
0.999997256757289
0.9999972859965259
0.9999972502802098
0.9999972822077245
0.9999972395234432
0.9999972764364041
0.9999972126481855
0.9999972556691831
0.9999972072321082
0.9999972496616177
0.9999971852341685
0.9999972402037864
0.9999971665015964
0.999997218416955
0.9999971541860546
0.9999971957356926
0.9999971606702638
0.9999972005374602
0.9999971340879538
0.9999971751798368
0.9999971327479421
0.9999971656975423
0.9999971210829015
0.999997160034446
0.9999971117981483
0.9999971645739444
0.9999971160310963
0.9999971468214558
0.9999971163833297
0.9999971275022969
0.999997107168004
0.9999971209923217
0.999997090571352
0.9999971062821332
0.9999970724100923
0.99999709754333
0.9999970761045035
0.9999970998570562
0.999997062649474
0.9999970854519071
0.9999970517554846
0.9999970720875119
0.9999970375198742
0.9999970696765196
0.9999970316104654
0.9999970606428871
0.9999970145121998
0.9999970499099884
0.9999970010760938
0.9999970320907567
0.9999970030354969
0.9999970160283803
0.9999969999064278
0.9999970073581153
0.9999969912866344
0.9999970015709139
0.999996985361718
0.9999969785765024
