0.9999998995440729
0.9999995674897703
0.9999996567553846
0.9999998101012118
0.9999994830975718
0.9999997388753258
0.9999996700661987
0.999999482625095
0.9999997691755369
0.999999535105069
0.9999995325332547
0.9999997233702664
0.9999994338630983
0.9999996066308877
0.9999996092366572
0.9999994209450649
0.9999996460033745
0.9999994824122683
0.9999994459640915
0.9999996255643105
0.9999994047794263
0.9999995007290101
0.9999995432089048
0.999999364312807
0.9999995301491102
0.9999994324916549
0.9999993639122361
0.9999995145521664
0.9999993395516326
0.9999993965964117
0.9999994462529442
0.9999992906160164
0.9999994246083873
0.9999993648271231
0.9999992619855036
0.9999994272641375
0.9999992606893453
0.9999992768977841
0.9999993716775721
0.9999991833564593
0.999999325169171
0.9999992776089215
0.9999991764874032
0.9999993374397731
0.9999991786121794
0.9999992032090618
0.9999992872588693
0.9999991256982461
0.9999992315185227
0.9999992079359856
0.9999991082121426
0.9999992265795022
0.9999991288459843
0.9999991143909878
0.999999200656812
0.9999990703845602
0.9999991167899491
0.9999991396068749
0.9999990392995011
0.9999991297424617
0.9999990876409058
0.9999990330280893
0.9999991186990406
0.9999990328454497
0.9999990446046512
0.9999990589627292
0.9999989803692959
0.9999990519656293
0.9999990038720885
0.9999989580455748
0.9999990040519833
0.9999989474380095
0.9999989521475782
0.9999989501219408
0.9999988984953978
0.9999989227455885
0.999998885999745
0.999998866274977
0.9999988903327537
0.9999988457789035
0.9999988524472373
0.9999988583511199
0.9999988218588305
0.9999988250234016
0.9999988099541284
0.9999987642211411
0.9999987961645826
0.9999987824243052
0.9999987403456828
0.999998741882599
0.9999987076001517
0.9999987099592027
0.9999987232989402
0.9999986663620396
0.9999986951855705
0.9999986793874087
0.9999986353732063
0.9999986696989738
0.9999986105350279
0.9999986029493381
0.9999986355322434
0.9999985809092594
0.9999985948564539
0.9999985696360225
0.9999985594708307
0.9999985870263538
0.9999985289705297
0.999998547743797
0.9999985503639081
0.9999985013144913
0.9999985410648445
0.9999985149993128
0.9999984810286374
0.9999985280418973
0.9999984549185649
0.999998477257
0.9999984861073856
0.9999984199794398
0.9999984501621934
0.9999984406117799
0.9999983992292752
0.9999984096578142
0.9999983731664617
0.9999983703110463
0.9999983725741842
0.9999983361537684
0.9999983639332711
0.9999983718266413
0.9999983147567386
0.9999983431195493
0.9999983167912406
0.9999982956574036
0.9999983111395094
0.9999982621151184
0.9999982908863798
0.9999982667686828
0.9999982362700243
0.9999982624519222
0.9999982109124069
0.9999982137041163
0.9999982022192714
0.9999981936143751
0.9999981856699192
0.9999981687045975
0.9999981592765972
0.9999981504441664
0.9999981291322065
0.9999981535512422
0.9999981421490349
0.9999981204177162
0.9999981131373086
0.9999980999050401
0.999998105143458
0.9999980780775857
0.9999980546327775
0.9999980971391229
0.9999980372340908
0.9999980195934898
0.999998047342211
0.9999979874382653
0.9999979674567604
0.9999980150230213
0.9999979387377206
0.9999979439528865
0.9999979521748763
0.9999979264121331
0.9999979270628974
0.9999979161033403
0.9999978878479829
0.999997912567326
0.9999978743369317
0.9999978783603827
0.9999978537055695
0.9999978402176246
0.9999978535687705
0.9999978126756022
0.9999978246128903
0.9999978266639273
0.9999977711502122
0.9999978111575367
0.9999977826538279
0.999997768958635
0.9999977813542373
0.9999977382147205
0.9999977410702855
0.9999977406212794
0.9999976878300959
0.9999976968911485
0.9999976943206921
0.9999976542870708
0.9999976485529328
0.9999976496371594
0.9999976301659284
0.9999976278328561
0.9999976021670312
0.9999976134263304
0.9999975737423306
0.9999975845988921
0.9999975438939782
0.999997535728615
0.9999975610329194
0.9999974904247784
0.9999975160084746
0.99999752084303
0.9999974521681921
0.9999974878755963
0.9999974774193996
0.9999974181419209
0.9999974562066773
0.9999974321975262
0.9999973876062445
0.9999974051078799
0.9999973967638028
0.9999973587284728
0.9999973549601798
0.9999973338024007
0.9999973218342482
0.9999973013490717
0.999997319157796
0.999997275402759
0.9999973019230886
0.9999972962258884
0.9999972634848975
0.999997315923519
0.9999972486224581
0.9999972391296688
0.9999972626201896
0.9999972250025312
0.9999972235172387
0.9999972234224228
0.9999972005315674
0.9999972081821189
0.9999972145001214
0.9999971946955263
0.9999971724021499
0.9999971945637145
0.9999971500859511
0.9999971794799114
0.9999971375665871
0.9999971288304522
0.9999971519336274
0.9999971122817436
0.9999971089576204
0.9999971202443756
0.9999970972628938
0.9999970994995369
0.9999970740271127
0.9999970874160187
0.9999970706002318
0.9999970590038132
0.9999970292269662
0.9999970548190418
0.9999970322335134
0.9999970341694664
0.9999970160738674
0.9999969849306133
0.9999970077228832
0.9999969652584524
0.9999969318888475
0.9999969350745653
0.9999969147513672
0.9999969282147538
0.999996886233892
0.9999968899389329
0.9999968842094519
0.9999968503308373
0.9999968491600932
0.9999968470348686
0.9999968060346363
0.9999967947144195
0.9999967701068875
0.9999968121644267
0.9999967716824676
0.9999967444478871
0.9999967862135625
0.9999967266075287
0.9999967459868417
0.999996719878698
0.99999667055919
0.999996725454198
0.9999966901423153
0.9999966797558775
0.9999967312909656
0.9999966899674146
0.9999966901952028
0.9999967069160576
0.9999966348592739
0.9999966550127787
0.9999966502453197
0.9999966018458822
0.9999966175739355
0.9999965945833894
0.999996555315693
0.9999965896853236
0.9999965261596075
0.9999965329157634
0.9999965481716617
0.9999964966215709
0.9999965219288237
0.9999965476356114
0.9999964614992853
0.9999965143706919
0.9999965291410827
0.9999964366400391
0.9999965009762376
0.999996456065084
0.9999964184580408
0.9999964892266222
0.9999964040874865
0.9999964127650344
0.9999964537064681
0.999996374750608
0.999996409623457
0.9999963922820357
0.999996361915481
0.9999963850030121
0.9999963341497327
0.9999963662718717
0.9999963224788225
0.9999962857371253
0.9999963001101871
0.9999962751931704
0.9999962701572329
0.9999962705536344
0.9999962802337028
0.9999962359002936
0.9999962248878852
0.9999962412583823
0.9999961981922817
0.9999962038139281
0.9999961932180379
0.9999961459808072
0.9999962072900602
0.9999961617035121
0.9999961447021035
0.9999961810573348
0.999996132967023
0.9999961125337007
0.9999961227419777
0.9999960693562093
0.9999960893997448
0.9999961072026207
0.9999960421123834
0.9999960691155508
0.9999960628108958
0.9999960117703584
0.9999960288859256
0.9999960386237899
0.9999959925486473
0.9999960296383837
0.9999960162420196
0.9999959427005786
0.9999959950686949
0.9999959907878029
0.999995891392562
0.9999959874134224
0.9999959441387616
0.9999958900950435
0.9999959788866137
0.9999958752367178
0.999995900331021
0.9999959133220874
0.9999958291112114
0.9999958824950375
0.9999958544004889
0.9999958060010764
0.9999958566610385
0.9999957875253569
0.9999957964179865
0.9999958385317974
0.9999957441949828
0.999995808980097
0.9999957830097599
0.9999957222690335
0.9999958183611501
0.9999957227476292
0.9999957074743725
0.999995767244172
0.9999956584207585
0.9999956758725791
0.9999956975473154
0.9999955852295748
0.9999956864566772
0.9999956361966915
0.9999955281077455
0.9999956583709764
0.9999955228202118
0.9999954990915233
0.9999956196144768
0.9999954503493889
0.999995540158228
0.9999955794835632
0.9999954072402567
0.9999955639626887
0.9999954804769133
0.999995436401546
0.9999955777975422
0.9999954298325935
0.999995477672104
0.9999955511993309
0.9999954077913588
0.9999955387626815
0.9999954928981254
0.9999953721751309
0.999995554710837
0.999995426393759
0.999995413070676
0.9999954981571031
0.9999953536934868
0.9999954340922512
0.9999954109533142
0.9999952817456256
0.9999954464428654
0.999995313740968
0.9999953347705182
0.9999954224030188
0.9999952306583594
0.9999953685053385
0.9999953175579068
0.9999952229633369
0.9999953488199388
0.9999952082662616
0.9999952257223079
0.9999952929449403
0.9999951197061029
0.9999952331832922
0.9999952207783035
0.9999950997149555
0.9999952183424059
0.9999951148376273
0.9999951036469384
0.9999952107668153
0.9999950299349031
0.9999950829942972
0.9999951595135693
0.9999949856161704
0.9999951167041179
0.9999950603889285
0.99999497807316
0.9999950722060815
0.9999949760373809
0.9999949560212118
0.9999950037749878
0.9999948877847373
0.9999949270094599
0.9999949424160767
0.999994836367037
0.9999949144210072
0.9999948374633179
0.9999948257184074
0.9999949157721572
0.9999947870384167
0.9999948467989037
0.9999948386033692
0.9999947721913567
0.9999948708723418
0.999994767160571
0.9999947386368936
0.9999948104050366
0.9999947300971507
0.9999947771827677
0.9999947504753736
0.999994738886746
0.9999947488773663
0.9999946900854683
0.9999947197224891
0.9999947129026615
0.999994710795359
0.9999946740164652
0.999994642764826
0.9999946874911213
0.999994616370508
0.9999946271911548
0.9999946075855592
0.9999945873635108
0.9999946288237757
0.9999945631705157
0.999994568511119
0.9999946227340534
0.9999945258079379
0.9999945706756739
0.9999945529179343
0.9999944781608833
0.9999945625808468
0.9999945047216054
0.9999944458469199
0.9999945220238043
0.9999943936295124
0.9999944658673743
0.9999944716614928
0.9999943500305182
0.9999944700883348
0.9999943433628959
0.9999943547484973
0.9999944127245404
0.9999942630484913
0.9999943700492234
0.9999943530219405
0.999994213568714
0.9999943672614741
