0.9999998080122564
0.9999993760562764
0.9999990317906664
0.999999471801745
0.9999996474109832
0.9999991377480726
0.999999024399333
0.9999995129631515
0.9999994266344885
0.9999989782351132
0.9999991212044634
0.9999994863396863
0.9999991668937516
0.9999988971010656
0.9999991793867999
0.9999993255870085
0.9999989563943913
0.9999988870484047
0.999999179207896
0.9999991492223513
0.9999988362350792
0.9999988954498289
0.9999991442210139
0.9999989503140657
0.9999987386480164
0.9999988943870083
0.9999990597891772
0.9999987836189373
0.9999987074083609
0.9999989209404596
0.9999989052176236
0.9999986380822268
0.9999987101236872
0.9999989004344119
0.9999987566847683
0.9999985657641065
0.9999987047723929
0.9999988265620194
0.9999986036866876
0.999998509950254
0.9999986817490844
0.9999987180705755
0.9999984857345151
0.9999984786429192
0.999998661935893
0.9999985977882363
0.9999983760366191
0.9999984618826584
0.9999986273030524
0.9999984329038855
0.9999982987059379
0.9999985074639587
0.9999985432853623
0.9999982783227203
0.9999982496523163
0.9999984759215235
0.9999984136059593
0.9999981688504863
0.999998221805549
0.999998417328496
0.9999982302892728
0.9999980577822093
0.999998198007607
0.999998292603535
0.9999980957116307
0.999998023081799
0.9999981828745917
0.9999982071806948
0.9999979806778139
0.999997976566595
0.9999981339124085
0.9999980540934923
0.9999978484203698
0.9999979187958334
0.9999980549319866
0.9999979090276082
0.9999977581468941
0.9999978989700837
0.9999979611645792
0.9999977657168201
0.9999977197714693
0.9999978785280396
0.9999978692515727
0.9999976586560111
0.9999976841385462
0.9999978204726234
0.9999977490766792
0.999997561684292
0.9999976329174785
0.9999977212286465
0.9999975930332857
0.9999974488886725
0.9999975430768137
0.9999976070295951
0.9999974608187032
0.9999973407831678
0.9999974661419674
0.999997462471531
0.999997321154605
0.9999972522960383
0.9999973933338592
0.9999973508869323
0.9999972319877286
0.9999972546582981
0.9999973393384126
0.9999972455238116
0.9999971446269483
0.9999972405347931
0.9999972182523993
0.9999971066244462
0.9999971087752948
0.9999971716931326
0.9999971097466974
0.9999969812925393
0.9999970122051242
0.9999970993195394
0.9999970059624745
0.9999969184357512
0.9999969416936096
0.9999969933705871
0.9999968846317101
0.999996900601725
0.9999969363013064
0.9999968549087906
0.9999967884661575
0.9999968449267025
0.9999968297088965
0.9999967435471218
0.9999967349449259
0.9999967899609585
0.9999967294135276
0.9999966282927573
0.9999966561440812
0.9999966969855678
0.9999966064626377
0.999996572403443
0.9999966344463905
0.9999966097559627
0.9999965247700399
0.9999965164891124
0.9999965477827791
0.9999964792646471
0.9999964420824725
0.9999965111487161
0.9999964896408313
0.9999963773236309
0.9999964008308568
0.9999964694730274
0.9999964092186657
0.9999963481157995
0.9999963977673255
0.9999964000362074
0.9999962513863827
0.9999962642803556
0.9999963034978039
0.9999962217526729
0.9999961308347484
0.9999962024260066
0.9999961956433635
0.99999608992352
0.9999960397391202
0.9999961372476511
0.9999961036759636
0.9999960093911694
0.9999959986715218
0.9999960166477782
0.9999959453217924
0.9999959068264518
0.9999959398463641
0.9999959185209818
0.9999958578660664
0.9999958004502764
0.9999958364848341
0.9999958061871574
0.999995769259435
0.9999957735719714
0.9999957656288863
0.9999957193911598
0.9999956571545604
0.9999957110162044
0.9999957450901241
0.999995674072079
0.9999956199807456
0.9999956684584058
0.9999956543876881
0.9999955380106457
0.9999955447597967
0.9999956571765395
0.9999956382022352
0.9999955449752275
0.9999955085328478
0.999995522772308
0.9999954807592001
0.9999954555075194
0.9999954940896946
0.9999955034432834
0.9999954404909374
0.9999953671521784
0.999995377737812
0.9999953971316948
0.9999953528011949
0.9999952854408353
0.9999953160856904
0.9999953275412211
0.999995297615644
0.9999952468460725
0.99999527615907
0.999995313631315
0.9999952464750502
0.9999951673359632
0.9999951719855793
0.9999951677512385
0.9999951155901297
0.9999950751887211
0.9999951127443557
0.9999950998211246
0.9999950226743374
0.9999949916521286
0.9999950217717544
0.9999949766450527
0.9999948664800264
0.9999949206238135
0.9999949462527556
0.9999948621969739
0.9999948000092117
0.9999948409091722
0.9999948101831808
0.9999947393240641
0.9999947131311019
0.9999947223205103
0.999994743928132
0.9999946433036823
0.9999945727920108
0.9999946495998518
0.9999946904777431
0.9999945553025845
0.9999944820927089
0.9999945432357068
0.9999945556598319
0.999994441992188
0.9999944120878719
0.99999443051029
0.9999944453823547
0.9999943438068845
0.9999943557351915
0.9999943816918268
0.999994321448985
0.99999428381629
0.999994329734745
0.9999943537038165
0.9999942377270005
0.999994239123805
0.9999943086918104
0.9999942624642454
0.9999941375749885
0.99999420019872
0.9999942820154094
0.9999941670229822
0.9999940289814017
0.9999940821793457
0.9999941174495844
0.9999940532407063
0.999993940348758
0.9999940263869794
0.9999940110649271
0.9999939103127232
0.9999939297928588
0.9999939922983497
0.9999939568586723
0.9999938099171523
0.9999938816251014
0.9999939189301147
0.9999938670233446
0.999993759833569
0.9999937700366432
0.9999937652572135
0.9999936992049027
0.9999936624017196
0.9999937302984924
0.9999936776643316
0.9999935942260172
0.9999936274574521
0.9999936415189281
0.999993518654842
0.9999934741364943
0.9999935552122244
0.9999935635755003
0.9999933892783304
0.99999340817352
0.9999934845693929
0.9999934417720285
0.9999933446560844
0.9999933845034782
0.9999934250328841
0.9999933036845419
0.9999932751333668
0.9999933118379308
0.9999933479817557
0.9999932837856678
0.9999932420367145
0.9999932664685312
0.9999932498854717
0.9999931909476157
0.9999932053494373
0.9999932481831937
0.9999931901281603
0.9999930871772
0.9999932123749127
0.999993196934145
0.9999930922795233
0.9999930938543653
0.9999931539610805
0.999993089581598
0.9999930078281395
0.9999931059515742
0.9999930952122325
0.9999929597933
0.9999929334225378
0.9999930392271142
0.9999929406227978
0.9999928580211648
0.9999929445027601
0.9999930207255214
0.9999928627723702
0.9999928101765864
0.9999929056692253
0.9999929149531507
0.9999927661367056
0.9999927103036635
0.9999927988252251
0.9999928116724686
0.9999927078944625
0.9999926991657867
0.999992746570027
0.9999927363594314
0.9999926900877488
0.9999925595872596
0.9999925357701706
0.9999926300893944
0.9999925859782146
0.9999924460125664
0.9999924242276957
0.9999925511920156
0.9999925258962596
0.9999923965064151
0.9999924041101049
0.9999924888137945
0.9999923779950252
0.9999923508899842
0.9999923948019158
0.9999923834357071
0.9999922334002138
0.9999922589376676
0.9999923753677404
0.9999922785986954
0.9999921395672486
0.9999921714044214
0.9999922688897706
0.9999922152074012
0.9999921787460371
0.9999921905747826
0.9999921515201667
0.999992100531624
0.9999921604313614
0.9999921235561371
0.9999920476822783
0.9999920491609905
0.9999920576960978
0.9999919797604249
0.9999919211821822
0.9999919469269476
0.9999919611137045
0.9999919131152156
0.9999918740501749
0.9999919351603013
0.9999918915926485
0.999991811971499
0.9999918451854605
0.9999918796175024
0.9999917516352081
0.999991730409128
0.9999918042553873
0.9999917922013913
0.9999917203308816
0.9999916717883588
0.9999917261557318
0.9999916833263588
0.999991583042071
0.9999916462431105
0.9999916905838346
0.9999915094003992
0.999991501576492
0.9999915873505044
0.9999915665398722
0.9999914200358154
0.9999913921258732
0.9999915003518144
0.9999915030705432
0.9999914065977312
0.9999913486446573
0.9999914446431991
0.9999914376263387
0.9999913165764739
0.9999912889281543
0.9999914273525179
0.99999134098709
0.9999912305561182
0.9999913003932331
0.9999913188803491
0.9999912370040902
0.9999912051294353
0.9999912826632779
0.9999912596261435
0.9999912016679804
0.9999911862727722
0.9999912594042254
0.9999911956065198
0.9999911637749226
0.9999911922550024
0.9999912129800549
0.9999912067064867
0.9999911850537283
0.9999911836847358
0.9999911435696733
0.9999910672052508
0.9999910875533818
0.999991090830483
0.9999910270143999
0.99999094160716
0.9999909688171909
0.9999910550183239
0.9999909653075646
0.9999908612328015
0.9999908967365614
0.9999909363579002
0.9999908385473336
0.9999908096595472
0.9999907942308053
0.9999907490196004
0.9999907172886172
0.9999907616184
0.9999907583417383
0.9999906402454996
0.999990576936688
0.9999907074924426
0.9999906167014341
0.9999904563830483
0.999990476828138
0.9999906229453284
0.999990538046496
0.999990367822262
0.9999905263108272
0.9999905775833332
0.9999904071857401
0.9999902921052126
0.999990470219855
0.9999904621884513
0.9999902484743228
0.9999901815874179
0.9999903221091327
0.9999903221876285
0.9999900818708785
0.9999901552390524
0.9999902825499457
0.999990136553522
0.9999899917804622
0.9999900846271619
0.9999901272911031
0.9999900020446498
0.9999899094754876
0.9999899915603446
0.9999900300951478
0.999989919957962
0.9999898995835887
0.9999899452437372
0.9999899581530077
0.9999898008168602
0.9999897433586341
0.9999898474125767
0.9999898490704796
0.9999897098200015
0.9999896594605181
0.9999897086379177
0.9999897222888342
0.9999896004489361
0.9999895843529857
0.9999896290938951
0.9999896069416987
0.999989505527601
0.9999894841130106
0.999989526146215
0.9999895232705918
0.9999894878642586
0.9999893987643044
0.9999894289373077
0.999989479776823
0.9999894190800052
0.9999893441608235
0.9999893813873939
0.9999893700778733
