0.9999999242807364
0.9999996318066411
0.9999998308060121
0.9999997477211825
0.9999996806347861
0.9999998425572371
0.9999996053533436
0.9999998218225002
0.9999996355658969
0.9999997150872985
0.9999997281216342
0.9999996035669105
0.9999997823430435
0.9999995712583596
0.9999997358087034
0.9999996326051667
0.9999996179363466
0.9999997009050726
0.9999995415696006
0.999999707278695
0.9999995470173755
0.9999996325011488
0.9999996089714147
0.9999995379650986
0.9999996546844593
0.9999995046291712
0.999999623510905
0.9999995382162121
0.9999995401044167
0.9999995940198968
0.9999994709671317
0.9999995935360809
0.9999994668824562
0.9999995351804228
0.9999995209138993
0.9999994596524976
0.999999547734976
0.9999994242076738
0.9999995174070805
0.9999994405398209
0.9999994455874296
0.9999994774636949
0.999999395695416
0.9999994785285673
0.9999993798293377
0.9999994381753439
0.9999994046416896
0.9999993921667099
0.9999994323691854
0.999999352746327
0.9999994228401845
0.9999993512568524
0.9999993717098022
0.9999993742375283
0.9999993238146321
0.9999993830344287
0.9999993019963278
0.9999993525122459
0.9999993102546364
0.9999993038516657
0.9999993337496995
0.9999992718175142
0.999999325286783
0.9999992663027272
0.999999277691714
0.9999992812691316
0.9999992249981061
0.9999992928457753
0.9999992119271797
0.9999992586787259
0.9999992258256487
0.9999992072489825
0.9999992432111903
0.999999167699704
0.9999992290965992
0.999999171234353
0.9999991841063395
0.9999992022891244
0.99999915061091
0.9999992039704195
0.999999125460551
0.9999991835818557
0.9999991298952454
0.9999991412591626
0.9999991560838756
0.9999990879807741
0.9999991604754136
0.9999990723756567
0.9999991247769238
0.9999990865458893
0.9999990495199301
0.9999991055423018
0.9999990139403289
0.9999990812297902
0.9999990204902894
0.9999990238928882
0.9999990399310397
0.9999989858332635
0.9999990581696676
0.9999989795066492
0.9999990093278027
0.999998995217442
0.9999989585070821
0.9999990019233603
0.9999989439061681
0.9999989810965685
0.9999989478018082
0.9999989308282723
0.9999989461997909
0.9999989013444817
0.9999989385040206
0.9999988859243387
0.9999989019861781
0.9999988824778447
0.9999988468781367
0.9999988825613171
0.9999988305702675
0.9999988716102098
0.9999988190761425
0.9999988372585871
0.9999988191722277
0.9999987986031883
0.9999988100672058
0.999998789905134
0.9999987890826957
0.9999987735755369
0.9999987695473798
0.9999987666362337
0.9999987474311735
0.9999987463049906
0.9999987365855578
0.999998721451187
0.9999987195586455
0.9999987068723399
0.9999987131014783
0.9999986816635044
0.999998700441297
0.9999986551941793
0.9999986543194298
0.9999986598415886
0.9999986193116212
0.9999986408610806
0.9999985800295431
0.9999986137174506
0.9999985900589968
0.99999856922663
0.9999986069794807
0.9999985494994392
0.999998585658902
0.9999985525188474
0.9999985552572568
0.9999985686056447
0.9999985187655234
0.9999985645577775
0.9999985260059624
0.9999985195323854
0.9999985154563676
0.9999984899173123
0.9999985174771775
0.9999984699190932
0.9999984833612354
0.9999984703565695
0.9999984513586334
0.9999984753843197
0.9999984058845706
0.9999984373028928
0.9999984061294104
0.9999984062643252
0.9999984223140866
0.9999983594201401
0.9999984006615804
0.9999983342377651
0.9999983741150137
0.9999983444356488
0.9999983132839312
0.9999983467127623
0.9999982677304425
0.9999983252284059
0.9999982602802394
0.9999982705640601
0.9999982783094249
0.9999982314407926
0.9999982768357729
0.9999981985361941
0.9999982407756088
0.9999981908487586
0.9999982059949214
0.9999982039120139
0.99999816329509
0.9999981855978716
0.9999981513953963
0.9999981607395123
0.9999981459077829
0.9999981302411187
0.9999981469189061
0.999998101041367
0.999998135856889
0.9999980812047976
0.9999981164088236
0.9999981027391041
0.9999980643991006
0.9999981092560838
0.999998021097596
0.999998077206973
0.9999980091636977
0.9999980386217865
0.9999980414951838
0.9999980014050075
0.9999980588799297
0.9999979701237105
0.9999980336197042
0.9999979621832246
0.9999979964936467
0.9999979800569736
0.9999979297232865
0.9999979691361874
0.9999979066082801
0.99999796340925
0.9999979176288113
0.9999979399630795
0.9999979244330678
0.9999978750278955
0.9999979180008608
0.9999978661283291
0.9999978785775441
0.9999978724780096
0.999997834081472
0.9999978491546633
0.9999978178060338
0.9999978207057385
0.9999978187227163
0.999997794278746
0.9999978088533104
0.9999977697243556
0.9999978061601265
0.9999977721126667
0.9999977691375592
0.9999977787652524
0.9999977525832977
0.9999977674038371
0.9999977457449623
0.9999977453798411
0.9999977240747462
0.9999977180936672
0.9999977173509357
0.9999977101116246
0.9999976993669604
0.9999976686034869
0.9999976779163455
0.9999976564980837
0.9999976596620181
0.9999976394253153
0.9999976366254868
0.9999976526056885
0.9999976085871476
0.9999976290023667
0.9999976216768585
0.9999975897046889
0.999997609360855
0.9999975783103026
0.9999975669106886
0.9999975701759427
0.9999975608994492
0.9999975607531806
0.9999975694578584
0.999997552606351
0.999997534817884
0.9999975511181829
0.99999753926373
0.9999975170116097
0.9999975248184144
0.9999975000313123
0.9999974928031599
0.9999974731628828
0.9999974774111562
0.9999974606623135
0.9999974662339682
0.9999974357066973
0.9999974551564983
0.9999974393481845
0.9999974163314251
0.9999974299055228
0.9999974024894086
0.9999973954241358
0.999997385962659
0.9999973609321012
0.999997367662326
0.9999973391898983
0.999997368456784
0.9999973249115149
0.9999973506797637
0.999997317803013
0.9999972978341064
0.9999973323222761
0.999997278654836
0.9999973201223292
0.9999972597814982
0.9999972880410669
0.9999972706119349
0.9999972402603221
0.999997271991847
0.999997200733866
0.9999972632290143
0.9999971917469795
0.9999972546358336
0.999997189043823
0.9999972044268137
0.999997202672922
0.9999971839105946
0.9999972224432441
0.9999971586524733
0.9999972135810741
0.999997142098919
0.999997171503273
0.9999971611905676
0.9999971132264797
0.9999971966661966
0.9999971100203308
0.9999971303071916
0.9999971344821589
0.999997082498823
0.9999971278562405
0.9999970809200651
0.9999971106834585
0.9999970734911208
0.999997070654524
0.9999970786639866
0.9999970300094972
0.9999970921427026
0.999997051182616
0.9999970523855721
0.999997054440427
0.9999970173785142
0.9999970679276327
0.999997003033921
0.9999970517751617
0.9999970231902872
0.9999969828239645
0.9999970280066556
0.9999969415631175
0.9999970028853344
0.9999969534727661
0.9999969488735058
0.9999969713517893
0.9999969117303745
0.9999970037395748
0.9999968991163001
0.9999969502949712
0.9999969486798943
0.9999968757639635
0.9999969682288502
0.9999968526254837
0.999996956729779
0.9999968839398132
0.9999968892768244
0.9999969206578035
0.9999968061772765
0.999996933384374
0.9999968272650752
0.9999969108860397
0.9999968792852134
0.9999968252720647
0.9999969055419503
0.9999967902828996
0.9999968989279171
0.9999968180957921
0.9999968548728273
0.9999968511401238
0.999996790587877
0.9999968687879184
0.9999967684110087
0.9999968506224416
0.9999967655134627
0.9999967947784281
0.9999968103679907
0.9999967271065728
0.999996817611334
0.9999966899738019
0.9999967738618555
0.9999967068165427
0.9999967141838917
0.9999967617113037
0.9999966517914237
0.9999967841017671
0.9999966803321291
0.9999967182656516
0.9999966913399162
0.9999966454074204
0.9999967013683255
0.9999966328922628
0.999996688454183
0.9999966232446635
0.9999966285873809
0.9999966288487663
0.999996568084605
0.9999966283692145
0.9999965684800227
0.9999965913462632
0.9999965686496702
0.9999965382800896
0.9999965785703485
0.9999965011074216
0.9999965471429052
0.9999965253137045
0.9999964874015
0.9999965168308604
0.9999964350520566
0.9999964942309739
0.9999964246055839
0.9999964506480296
0.9999964449279738
0.9999964188566776
0.9999964774585354
0.9999963881452287
0.9999964435565671
0.9999963863213539
0.9999964225208017
0.9999963899139808
0.9999963749321118
0.9999964018515809
0.9999963383800567
0.9999963889853022
0.9999963503905072
0.9999963320211469
0.9999963557986821
0.9999962948589066
0.9999963571985974
0.999996284039121
0.9999963288996587
0.99999631293125
0.9999962837577749
0.9999963074014295
0.9999962170143297
0.9999962810254124
0.9999962353745051
0.9999962212897077
0.9999962553816778
0.9999961846724019
0.9999962199926796
0.9999961665838321
0.9999961942251508
0.9999961911729595
0.999996173347206
0.9999961699439016
0.9999961368052067
0.999996164825426
0.9999961518469979
0.9999961265996422
0.9999961298921958
0.9999960810452769
0.9999961379864043
0.9999960573707135
0.9999960967262558
0.9999960733591166
0.9999960557663784
0.9999960754646552
0.9999960288378368
0.999996079095465
0.9999960254198088
0.9999960187957833
0.9999960442457445
0.9999960016121219
0.9999960472038614
0.9999959858660395
0.9999960128890092
0.9999960074377698
0.9999959758437085
0.9999960259443292
0.9999959652977849
0.9999959799515521
0.999995980428589
0.999995943895667
0.9999959715750821
0.9999959369082182
0.9999959487800504
0.9999959481849883
0.999995923799588
0.9999959329084086
0.9999959255134475
0.9999959106847457
0.9999959107046867
0.9999958917756164
0.9999958737963334
0.9999958724210929
0.9999958593833314
0.9999958480798754
0.9999958155465418
0.9999958296741067
0.9999958087522217
0.9999957993081373
0.9999957926684625
0.9999957670585956
0.9999957789734942
0.9999957555097647
0.9999957479612765
0.9999957460813236
0.9999957698532674
0.9999957636082126
0.999995720309734
0.999995758413808
