0.9999997655375052
0.9999993244140712
0.9999988233161303
0.9999991114497085
0.9999995905459178
0.9999992999298009
0.9999987810328457
0.999998919452915
0.9999993977391699
0.9999992485240183
0.9999987723736078
0.9999987850408282
0.9999992438295718
0.9999991736663802
0.999998747229841
0.999998649512364
0.9999990012698909
0.9999991088144911
0.9999987181400696
0.9999985302496238
0.9999988437248191
0.9999989984728386
0.9999986793514472
0.9999984450707706
0.9999986738196984
0.9999988648306979
0.9999986049814835
0.9999983490841611
0.9999985216970272
0.9999987387284757
0.9999985721137669
0.9999982900934398
0.9999984128422088
0.9999986059177556
0.9999984902627731
0.9999981987010785
0.9999982686644037
0.9999985048940477
0.9999984325209917
0.9999981837743279
0.9999981658859124
0.9999983607790189
0.9999983177721842
0.9999981293663017
0.9999980320010741
0.9999981859751159
0.9999982128408964
0.9999980709109316
0.9999979111947898
0.9999980289926332
0.9999981029070273
0.9999979677832754
0.9999978072031873
0.9999978640944084
0.9999980097057886
0.9999978931483813
0.9999976920712691
0.9999977542878699
0.9999979404990814
0.9999978593231157
0.9999976527937846
0.999997662522711
0.9999977758353642
0.999997742054828
0.9999975754799557
0.9999976011134803
0.9999976565572084
0.9999976249350517
0.9999974696039589
0.9999974969452724
0.9999975886034917
0.9999975545740236
0.9999973978710284
0.9999973795042566
0.9999974586819781
0.9999974578788925
0.9999973351176965
0.999997275059595
0.9999973526606387
0.9999973615893766
0.9999972509272281
0.9999971862987069
0.9999972758991236
0.9999973241334651
0.9999971925937848
0.9999970713570203
0.9999971333581501
0.9999972141473237
0.9999971348970388
0.9999969910764066
0.9999970119728415
0.9999970934662542
0.9999970625315713
0.9999969302047284
0.9999969491075968
0.9999969826455545
0.9999969094003254
0.999996759366019
0.9999967810176384
0.9999968693114213
0.9999968092805392
0.9999966714305537
0.9999966814808923
0.9999967336885692
0.9999967048340935
0.9999966005391387
0.999996603295286
0.9999965811026632
0.9999965999236055
0.9999965503582792
0.9999964929428398
0.9999964412504175
0.9999965421133566
0.9999965056989478
0.999996381946815
0.9999962918893043
0.9999963817424362
0.9999964029780677
0.9999963348423409
0.9999961767516661
0.9999962340132931
0.9999963040862435
0.9999961826933783
0.999996069231485
0.9999960862077211
0.9999962050318059
0.9999960727557562
0.9999959537343224
0.9999959598397625
0.9999960810543459
0.9999960433276572
0.9999958761771703
0.9999958588567711
0.9999959810258303
0.9999959385623731
0.999995770269011
0.9999957213189887
0.9999958693042559
0.9999959016756537
0.999995715701871
0.9999956169320071
0.999995698432146
0.9999957597929344
0.9999956448646381
0.9999955177735126
0.9999955638465916
0.9999956819360056
0.9999955382838122
0.9999954094736057
0.999995429908375
0.9999955808405036
0.999995537775203
0.999995332415353
0.9999952354650532
0.9999954322785147
0.9999954381949204
0.9999952455674391
0.9999950981106467
0.9999952495875583
0.9999953094486749
0.999995151933927
0.9999950250808183
0.9999951133940468
0.9999952052238098
0.9999950943429293
0.9999949449104364
0.9999949799640159
0.9999951267772205
0.9999950507331163
0.9999948505204052
0.9999948818798325
0.999995006913172
0.9999949041280239
0.9999946966386823
0.9999947475691605
0.9999948829655482
0.9999948158003962
0.9999946200784561
0.9999945861652724
0.9999947208201877
0.9999947013488534
0.999994549952954
0.9999944705657472
0.9999945820042485
0.9999946289834251
0.9999944936749269
0.9999944141198478
0.999994480141533
0.9999944849441766
0.9999944028853409
0.9999943727486102
0.9999943665609425
0.999994384079923
0.9999943491818936
0.9999943211988771
0.9999943076177029
0.9999943003391745
0.9999942419826264
0.9999941745047011
0.9999941915451316
0.9999942180638258
0.9999942272797808
0.9999940450409923
0.9999940672249796
0.9999941238931487
0.9999940849056757
0.999993906598023
0.9999938554672848
0.999993966414132
0.9999939536862201
0.9999938358173519
0.9999937679625605
0.9999938392506462
0.999993817099483
0.999993749800304
0.9999937013785499
0.9999937604824317
0.9999937637889172
0.9999936430884826
0.999993606147624
0.999993670076289
0.999993623013695
0.9999934802309479
0.9999934155832803
0.9999935095984782
0.9999934992628065
0.9999934151763176
0.9999933709863525
0.9999933879987083
0.9999933082491789
0.9999932497290513
0.9999933231919425
0.9999932386832356
0.9999931622869781
0.9999931731227318
0.9999932167297012
0.9999931169044076
0.9999930509791489
0.999993064491437
0.9999930923179976
0.9999930673656416
0.9999930194367033
0.9999930119306469
0.9999929904280411
0.999992971035305
0.9999930162280953
0.9999930444909434
0.9999928925560034
0.9999927758502747
0.9999928864833348
0.9999929124971618
0.999992796626537
0.9999926632903624
0.9999927317165743
0.9999927803847375
0.9999926642583765
0.9999925873256691
0.9999926895988512
0.9999926899262759
0.9999925694974934
0.9999924665616795
0.9999924978965126
0.9999925439545947
0.9999925353755601
0.9999924453701723
0.99999240025945
0.999992436068489
0.9999924586369852
0.9999923591710213
0.9999922956869505
0.999992373248572
0.9999923622143285
0.9999921775626267
0.9999921503752274
0.9999922079229119
0.9999921939582194
0.9999920565608323
0.9999919486553622
0.999992000506238
0.9999920722627295
0.9999920215992248
0.9999918840458892
0.9999918520192921
0.9999919407408813
0.9999919327814308
0.9999918163158802
0.999991812901796
0.9999918759094499
0.9999918017705165
0.9999916841057196
0.999991741719417
0.9999918610607733
0.9999917489077161
0.9999915653123019
0.9999915949286735
0.9999917581945459
0.9999917091598525
0.9999914820887856
0.9999913955098828
0.9999915855843571
0.9999916149963552
0.9999914883928674
0.9999913399549496
0.9999914239916643
0.999991501124351
0.9999914172202975
0.9999912857231402
0.9999912859917172
0.9999912897897276
0.9999912294986679
0.999991169426781
0.9999911590852446
0.9999911361558456
0.9999910986168757
0.9999911100011055
0.9999910432812171
0.9999910432696034
0.9999909919358115
0.9999909423978358
0.999990918504642
0.9999909807925919
0.9999909585005722
0.999990905357111
0.9999908662298697
0.9999908643470914
0.9999908557370317
0.9999908349225664
0.9999907456336836
0.9999907260261958
0.9999907227589045
0.9999906714016373
0.9999906554557737
0.9999906827389007
0.9999906526110091
0.9999905221056555
0.9999904665438659
0.9999905196952255
0.9999905048463297
0.9999903721507094
0.9999903401427062
0.9999903551875813
0.9999903406856223
0.9999902001630488
0.9999902202956894
0.999990295391436
0.9999902450619181
0.999990077558588
0.999990116780813
0.9999901792665412
0.9999901266925966
0.9999899655379306
0.9999899184855313
0.9999900626413541
0.9999900833528693
0.9999899148472257
0.9999897883349617
0.9999898998515588
0.9999899439427388
0.9999897595489761
0.9999896398349394
0.9999897638535173
0.9999897809769748
0.9999895711562533
0.9999894736361794
0.9999896386553202
0.9999897444906479
0.9999895919662668
0.9999894024500379
0.9999894721427421
0.9999896245366944
0.9999895447913044
0.9999893190032871
0.9999894222898906
0.9999895784298207
0.9999894807423005
0.999989255753512
0.9999893333397594
0.9999893697423687
0.999989220718686
0.9999890889089524
0.9999891154803265
0.9999891982997329
0.9999890937264987
0.9999889713280359
0.9999890384507364
0.9999892176813149
0.9999891545299091
0.99998889730221
0.9999888769258268
0.9999890317696233
0.9999890380369213
0.9999888332058369
0.9999887923049952
0.999988892752326
0.9999888440418243
0.999988678284071
0.9999886906509455
0.9999888443916808
0.999988787667029
0.9999885829183234
0.9999885254135932
0.9999886452653809
0.9999886208546097
0.9999884984941616
0.9999884481465304
0.9999885626165492
0.9999885425951069
0.9999884443087425
0.9999883601490249
0.9999884453521152
0.9999884015354082
0.9999883114734525
0.9999882788630668
0.9999883319517444
0.9999883555279884
0.9999882715251998
0.9999882035784778
0.9999882563007417
0.9999882578518017
0.9999881009686296
0.9999879677979061
0.9999880410223188
0.9999880949884078
0.9999879712650594
0.9999878444291207
0.9999879100770719
0.9999879939779923
0.9999879693973747
0.9999877660406593
0.9999876700590671
0.9999878062584844
0.9999878637788856
0.9999876349357985
0.9999875512973554
0.9999877663583924
0.9999877627576086
0.9999874450704964
0.9999874381866318
0.9999876355992365
0.9999876742149895
0.9999874712231362
0.9999873453999526
0.9999874921216936
0.9999875710220119
0.9999874157788776
0.9999872550990138
0.9999873212201178
0.9999873989854092
0.9999873168693341
0.9999871092999209
0.9999871277997251
0.999987232293986
0.9999872034017466
0.9999870940857986
0.9999870809575945
0.9999871289973469
0.9999871256202054
0.9999870038079988
0.9999869345841862
0.9999870491773937
0.9999870853760632
0.9999869305807818
0.9999868263666715
0.999986864000839
0.9999869122162095
0.9999869304777491
0.9999867983626954
0.9999867239011496
0.9999867123569953
0.9999867385194452
0.9999867299008268
0.9999866783844449
0.999986630440802
0.9999866019262456
0.9999865197276171
0.9999864345964349
0.9999865129764108
0.999986542489
0.9999863414118072
0.999986258927069
0.9999863743738653
0.9999864220975969
0.9999861872946554
0.9999860670176668
0.9999861928559182
0.9999862970272044
0.9999862132395928
0.999986052222286
0.999986152030737
0.9999862371640926
0.9999861488638226
0.9999859705063062
0.9999860389977848
0.9999861368904018
0.9999859821738819
0.9999858422858338
0.9999859873471678
0.9999860886479723
0.9999859454338524
0.9999857535248438
