0.9999996324601969
0.9999991672183903
0.999998336388719
0.9999981226539751
0.9999986986717574
0.9999992972584971
0.9999991308188095
0.9999983806076003
0.9999979371933593
0.9999982942766485
0.999998914151467
0.9999989484601103
0.9999983507023504
0.9999978762857981
0.9999980013891999
0.999998543192051
0.9999987567149057
0.9999983072557366
0.9999977957022195
0.9999977584414705
0.9999981545312895
0.9999984955132282
0.9999982520486151
0.9999977092570823
0.9999975403462745
0.9999977797590078
0.9999981687538767
0.9999980970179485
0.9999976237219945
0.9999973978091666
0.999997523638825
0.9999978306025575
0.9999979126981804
0.9999975685515501
0.9999972815689187
0.9999972710913196
0.9999974829197084
0.9999976577531012
0.9999974483105084
0.9999971881030938
0.9999971234822692
0.9999972646420274
0.999997408491236
0.9999973132883322
0.9999970998674084
0.9999969752034502
0.9999970157614786
0.9999971301790805
0.9999971063829093
0.9999969050757878
0.9999967716507828
0.9999967591811636
0.9999969269295214
0.9999969791712566
0.9999968238920401
0.9999966692987958
0.9999965630158626
0.999996654189022
0.9999967618096511
0.9999966068449017
0.999996483983906
0.9999964118100242
0.9999964100626486
0.9999964339879991
0.9999964125826178
0.9999963173954939
0.9999962204438723
0.9999961934521728
0.9999961918396981
0.9999961825615244
0.9999961393380397
0.9999960133331245
0.999996007004892
0.9999960414987699
0.9999960645434544
0.9999959912033637
0.9999958090968264
0.9999957702998918
0.999995869293341
0.9999958828625441
0.9999958526571321
0.9999956861895125
0.9999955607998978
0.9999956189801887
0.9999956655579322
0.9999956832233228
0.9999955388171431
0.999995328672155
0.9999952966591308
0.9999954168696076
0.999995465659316
0.999995374731847
0.9999951827072153
0.9999950895304516
0.9999951476563095
0.9999952350595073
0.9999951946343647
0.9999950301251355
0.9999949695784338
0.999994972114742
0.9999950599941682
0.9999950974001006
0.9999949116102271
0.9999947841479923
0.9999947706329922
0.999994848538107
0.9999948802766004
0.9999947518634739
0.9999945919983309
0.9999945893588784
0.999994624343931
0.9999946508272192
0.9999946171169161
0.999994455220421
0.9999943477424564
0.9999943221099148
0.9999943476181463
0.999994319859678
0.9999942079461135
0.9999941746961275
0.9999941461560247
0.999994193508788
0.9999941498510649
0.9999940269556177
0.999993986313358
0.9999939889291903
0.9999940559510281
0.9999940532567568
0.9999938899130433
0.9999937929697196
0.9999938109267938
0.9999938023498365
0.9999937805219683
0.9999937053511475
0.9999935911643084
0.9999935666569373
0.9999936104972821
0.9999935178918542
0.9999934514188094
0.9999933590694452
0.9999933855563615
0.9999934263014227
0.9999933592711472
0.9999932374665008
0.9999931718445776
0.9999932266097253
0.9999933073768634
0.9999932599193155
0.9999930768355906
0.9999929635771858
0.9999930518134412
0.999993137756609
0.9999930364674701
0.9999928922337117
0.9999928667590531
0.9999929867287305
0.999993095220676
0.9999929998334998
0.999992830986473
0.999992693534511
0.999992702176941
0.9999927951427766
0.9999927761837174
0.9999926866328519
0.9999925490990221
0.9999924296681296
0.9999925044774409
0.9999925563965413
0.9999925112039075
0.999992410814114
0.9999922645948165
0.999992280495421
0.9999923495834864
0.9999923643316284
0.9999922911754244
0.9999921815523295
0.9999921842471017
0.9999921713726792
0.9999921265117435
0.9999920806111817
0.9999919941703984
0.9999920363397109
0.999992052330021
0.9999919698604658
0.9999918586458059
0.9999917449083767
0.9999918019385142
0.9999918837629079
0.9999918601242356
0.9999917607267169
0.9999916327235675
0.9999915876183766
0.9999916232555833
0.999991663949148
0.999991596997047
0.9999914834571731
0.9999913559706118
0.9999913613568928
0.9999914405663316
0.999991449990248
0.9999913224596259
0.9999911167670053
0.9999911118163709
0.9999912806480635
0.9999913226238184
0.9999911739937348
0.9999909262800636
0.9999908603008789
0.9999910140365323
0.9999910815198475
0.9999909984539357
0.9999908575414341
0.9999907800807728
0.9999908737364758
0.9999909665219547
0.9999908547295527
0.9999906675167125
0.9999907048502716
0.9999908035706562
0.9999907820503758
0.9999906812851721
0.9999904765517399
0.999990399147248
0.9999905045165419
0.9999906196921554
0.9999906405000211
0.9999904871641319
0.9999902616666193
0.9999902199586882
0.9999903407813248
0.9999903846558029
0.9999903411282969
0.999990163221821
0.9999901102439256
0.9999902320967734
0.9999902348401439
0.9999901245058003
0.9999900108497101
0.9999899255720829
0.9999900035957467
0.9999901259593721
0.9999900849485305
0.9999898533185188
0.9999896813181536
0.999989694203014
0.9999897642083262
0.9999897926542154
0.9999897345173793
0.9999895780526381
0.9999894619666848
0.9999894525659123
0.99998948146841
0.9999895131765215
0.9999893973397552
0.9999892269474469
0.9999891515890474
0.9999892733086382
0.9999893474094711
0.9999891459851732
0.9999889467826212
0.9999889899976839
0.9999891726376138
0.999989248100221
0.9999890839479619
0.9999888778809524
0.9999888205641467
0.9999889555488144
0.9999890916734282
0.9999890226303945
0.9999888308952595
0.9999886494100673
0.9999886848074809
0.9999888457068448
0.9999888669013972
0.9999887319037133
0.9999885930825076
0.999988621069816
0.9999886448471302
0.9999885729150889
0.9999884173629845
0.9999883090744625
0.9999883713424818
0.9999885007967455
0.9999884067692215
0.9999882609645536
0.999988175187267
0.9999881628998742
0.9999882667164083
0.999988306168517
0.9999882063311494
0.9999880752398428
0.9999880139173132
0.9999880421801414
0.9999880426728391
0.9999879583398791
0.999987910813584
0.9999879126621312
0.9999878794955793
0.9999879024287337
0.9999878357133407
0.9999877732968774
0.9999877910401721
0.9999876983140755
0.9999877344006809
0.9999877246024563
0.9999876302826626
0.9999875613607443
0.999987446873159
0.9999874745053023
0.9999875357913172
0.9999873838412415
0.9999872835088007
0.9999872655931159
0.9999873195079686
0.9999873004853287
0.9999872220063167
0.9999871680326239
0.9999871056896756
0.999987145108949
0.9999871894738309
0.9999869972357717
0.999986781389206
0.9999866960788943
0.9999868412095747
0.9999870060416126
0.9999868297586603
0.999986590725231
0.9999865106818286
0.999986739282782
0.9999870171336439
0.9999868751488975
0.9999864898474395
0.9999862712857026
0.9999863716143396
0.9999866219854331
0.9999866132096799
0.9999863756355469
0.9999862151693821
0.9999863142468276
0.9999864635872789
0.999986413582763
0.9999862355737905
0.9999860239904732
0.9999860434697535
0.9999863160365472
0.9999864373557096
0.9999862347221338
0.9999858558134825
0.9999857648419392
0.999985941202604
0.999986068660441
0.9999859576547434
0.9999857407616801
0.9999855973352763
0.9999856871501929
0.9999858126242421
0.9999857980169574
0.9999855980639891
0.9999854094660884
0.9999853899171598
0.9999855282767717
0.9999855590899852
0.9999854573326366
0.9999852534322717
0.9999852480324598
0.9999852938285612
0.9999853052069716
0.9999852477979284
0.9999851650645692
0.999985157013559
0.9999851507373811
0.9999851378626272
0.999985035956652
0.9999849974609408
0.9999849880860754
0.9999849072304614
0.9999848042786212
0.9999847669124761
0.9999847455814591
0.9999847881488015
0.9999847016584298
0.9999844863227701
0.9999843672862971
0.9999843813829056
0.9999844701596906
0.9999844821023021
0.9999843233567608
0.9999841819874734
0.9999842263518487
0.9999844091487805
0.9999845237660274
0.9999843339358422
0.9999841264618294
0.9999840620165561
0.9999840987776649
0.9999841625915825
0.9999841161885596
0.9999839900311794
0.9999839221717228
0.9999839075438027
0.999983906921926
0.9999838814220411
0.999983731149648
0.9999836166717908
0.9999836315470934
0.9999837000470817
0.9999837374848501
0.9999836212193983
0.9999835180997686
0.999983481175844
0.9999834782647358
0.9999834438285365
0.9999833547212745
0.9999832807167144
0.9999832446285404
0.9999832300094965
0.9999832203127971
0.9999832251055597
0.9999832959529547
0.9999831785563977
0.9999831070092743
0.9999831198811662
0.999983105798368
0.9999830883469184
0.9999830721490445
0.9999830776228039
0.9999830422527876
0.9999829087392182
0.9999828602482879
0.9999828413834511
0.9999827926771395
0.9999827003248842
0.9999825574874842
0.999982535074656
0.9999826262134764
0.9999825955296393
0.999982519820024
0.9999823639463994
0.9999822000474713
0.9999822225732058
0.9999823237100687
0.9999822181230181
0.9999820556715927
0.9999819412159425
0.9999818713670501
0.9999819382540935
0.9999819994852741
0.9999820337405827
0.9999819288073791
0.9999817997154539
0.9999817753809085
0.9999817370448668
0.9999817336238621
0.9999817026306846
0.9999815916169444
0.9999815513651474
0.9999816027686509
0.9999815258695122
0.9999814376074898
0.9999813822878885
0.9999813817589805
0.9999814862736028
0.9999813918579775
0.9999811710521626
0.9999811436616823
0.9999811015886855
0.9999811487855444
0.9999812849492673
0.9999812817898357
0.9999811500362251
0.9999809485507157
0.9999808698698275
0.9999809635505316
0.9999810354266206
0.9999809512301607
0.9999807444770913
0.9999805797209061
0.9999806341101642
0.999980843267001
0.9999809587227334
0.9999807609805174
0.9999804315833322
0.9999803138596196
0.9999804223997325
0.9999805773458637
0.9999805654921669
0.9999804731412789
0.9999803255772969
0.9999802470040924
0.9999803050373174
0.999980338468958
0.9999803577923299
0.9999802931031293
0.9999801294433024
0.999979987924807
0.9999799412953496
0.9999800550683119
0.9999801317828723
0.9999800946209303
0.9999800041054486
