0.9999999261939361
0.9999996425963283
0.9999998495604282
0.9999997309773168
0.999999714863114
0.9999998180080056
0.9999996224526391
0.999999843302536
0.9999996150899051
0.9999997907605324
0.9999996765498507
0.9999996780092002
0.9999997434182788
0.9999995903685049
0.9999997598970742
0.9999995819759577
0.9999997197726002
0.9999996313365621
0.9999996299214842
0.9999996687418429
0.9999995645668018
0.9999996870954064
0.9999995388166287
0.9999996537783027
0.9999995648189629
0.9999995793249312
0.9999996130164094
0.9999995230160562
0.9999996209680907
0.9999994906262756
0.9999995839390882
0.99999951892121
0.9999995227713426
0.9999995522411381
0.9999994641224691
0.9999995518837774
0.9999994432959332
0.9999995161086623
0.999999452504378
0.9999994620229853
0.9999994888882607
0.999999411858552
0.9999995010236512
0.9999993880901362
0.9999994641431039
0.9999994013878069
0.999999408802337
0.9999994334582263
0.9999993580900582
0.9999994366073061
0.9999993333776172
0.9999994084132701
0.9999993521511165
0.9999993463593017
0.9999993806941584
0.9999993037308774
0.9999993741539237
0.9999992832804236
0.9999993430114212
0.9999993003147651
0.999999301674587
0.999999303786549
0.9999992628004839
0.999999308629334
0.9999992465844177
0.9999992799675139
0.9999992477572233
0.999999246437622
0.999999249632736
0.9999992219120057
0.9999992374649724
0.9999992141890389
0.9999992168148293
0.9999991920558926
0.9999991789214046
0.9999991840427662
0.9999991492403905
0.9999991896154534
0.9999991643219792
0.9999991732539384
0.9999991682087
0.9999991466239505
0.9999991600000371
0.9999991305692323
0.9999991467289521
0.9999991148145121
0.9999991372957019
0.9999991108541788
0.9999991045085143
0.9999991070697243
0.9999991019349244
0.999999102484015
0.9999990709839469
0.9999990856184083
0.999999056042557
0.9999990679713646
0.999999052707893
0.999999041214802
0.9999990491548
0.9999990231366301
0.9999990347607087
0.9999990172853283
0.9999990286196997
0.9999990079166139
0.9999990152986155
0.9999990151546104
0.99999898509582
0.9999990151503219
0.9999989675193157
0.9999989873796982
0.9999989629360708
0.9999989500172969
0.9999989699742687
0.9999989142836732
0.999998967877701
0.9999989205175323
0.9999989235186655
0.999998913011513
0.9999988961913777
0.9999989056173938
0.9999988705840446
0.9999988961711858
0.9999988585373292
0.9999988773075614
0.9999988423149125
0.9999988527552792
0.9999988453842568
0.999998835708667
0.999998846158858
0.9999988239143882
0.9999988178222281
0.9999988037323667
0.9999987995303045
0.9999987706722968
0.9999987920766422
0.9999987698099821
0.9999987746109235
0.9999987751554714
0.9999987441199317
0.9999987616926947
0.9999987373596184
0.999998733928553
0.9999987306590368
0.999998695906928
0.9999987079472433
0.9999986798194382
0.9999986836708432
0.9999986842530877
0.9999986479246936
0.9999986795654746
0.9999986181112601
0.9999986419742312
0.9999986160401563
0.999998625766088
0.9999986043475355
0.9999985902614439
0.9999986044028776
0.9999985570035561
0.9999985749987944
0.999998546233112
0.9999985531280188
0.999998543244211
0.9999985172659707
0.9999985309364262
0.9999984831781942
0.9999985050089155
0.9999984698075755
0.9999984696789984
0.9999984620993578
0.9999984426273916
0.9999984631213452
0.9999984126907835
0.9999984498537634
0.9999984057024901
0.999998414259653
0.999998389883752
0.9999983906570322
0.9999983867113215
0.9999983527313581
0.9999983677199716
0.9999983253849395
0.9999983458840226
0.9999983384694339
0.9999983155388833
0.9999983195405808
0.9999982950186527
0.9999983038341849
0.9999982642084089
0.9999983028001146
0.9999982515545691
0.9999982736999329
0.9999982585673983
0.9999982409048712
0.9999982413463882
0.9999982236876047
0.9999982525404166
0.9999982251694164
0.9999982380313784
0.999998209629795
0.9999982090428204
0.9999981968737721
0.9999981819859107
0.9999981875210314
0.9999981739800788
0.9999981649406915
0.9999981514432339
0.9999981635913362
0.9999981227851795
0.9999981586972703
0.9999981342113803
0.9999981550816727
0.9999981278360508
0.9999981474718466
0.9999981205020679
0.9999981246033764
0.9999981276355605
0.9999980982232407
0.9999981159502284
0.9999980727239364
0.9999980889531334
0.9999980767600217
0.9999980589594918
0.9999980758635033
0.9999980434441432
0.9999980556950738
0.9999980375465195
0.9999980331748165
0.9999980175194103
0.9999980002690063
0.9999980113487676
0.9999979755739701
0.9999979941736873
0.9999979788073815
0.9999979626353922
0.9999979602917158
0.9999979224225485
0.9999979349364642
0.9999979238734922
0.9999979077630159
0.9999979192629563
0.9999978908514643
0.9999978896006951
0.9999978764422172
0.9999978636714149
0.9999978744024802
0.9999978509170189
0.9999978546385021
0.9999978444165523
0.9999978303413617
0.9999978236762279
0.9999978230754959
0.9999978172826934
0.9999977953311755
0.9999977953573107
0.9999977748015801
0.9999977872930461
0.9999977733338492
0.9999977891710866
0.9999977596418632
0.9999977633714459
0.9999977303566161
0.9999977508303625
0.9999977142728737
0.9999977354842818
0.9999977075655235
0.999997684993272
0.9999976886043361
0.9999976648019605
0.9999976632131524
0.9999976695827782
0.9999976481456674
0.9999976651305666
0.9999976543170297
0.9999976369634601
0.9999976386471984
0.9999976115666666
0.9999976363241163
0.9999975906048207
0.999997609031344
0.9999975681338881
0.9999975772035139
0.9999975690525346
0.9999975535647996
0.9999975298523923
0.9999975211952673
0.9999975230890293
0.9999974801292467
0.9999975088907028
0.9999974786290999
0.9999974579211204
0.99999747584154
0.9999974349404914
0.9999974484511474
0.9999974306818546
0.9999974094723506
0.9999974267678139
0.9999973950045367
0.9999974265012145
0.9999973685224715
0.9999974041158207
0.9999973921009452
0.9999973611202134
0.9999973769787749
0.9999973355310133
0.9999973582773225
0.9999973382593984
0.9999973404411162
0.9999973321688895
0.9999972976419392
0.9999973298404087
0.9999972802514594
0.9999973064795342
0.9999972964716224
0.9999972863172869
0.9999972845386361
0.9999972736998232
0.99999726724652
0.9999972414913462
0.9999972384277626
0.9999972400403305
0.9999972040131753
0.9999972388705111
0.9999971893272098
0.9999972093914834
0.9999971845620851
0.9999971812428705
0.9999972045684191
0.9999971586017145
0.9999971801444199
0.9999971459623753
0.9999971659728754
0.9999971233717462
0.9999971218758745
0.9999971052200968
0.999997096686955
0.9999971050213469
0.9999970828057784
0.9999970832682503
0.9999970511632769
0.9999970870146243
0.9999970283668885
0.9999970630734806
0.9999970175075972
0.9999970362838249
0.9999970298419736
0.9999970030777751
0.9999970435723456
0.9999969701836532
0.9999970377179621
0.999996961976688
0.9999969853719656
0.9999969950393469
0.9999969214933302
0.9999970006463369
0.9999968950126005
0.9999969689666466
0.9999969061334121
0.9999969273704281
0.9999969405542248
0.9999968775138572
0.9999969230443393
0.9999968508407358
0.9999969050414547
0.9999968396710492
0.9999968353054645
0.9999968757489781
0.9999968098063109
0.9999968651623671
0.9999967975020834
0.9999968622619337
0.9999968059885792
0.9999968148580787
0.9999968361866485
0.999996760098939
0.9999968391099523
0.9999967303619605
0.9999967859152891
0.999996735226359
0.9999967286409418
0.9999967241644131
0.9999966759206974
0.9999967425948041
0.9999966376992427
0.9999967421534076
0.9999966815533664
0.9999967040812607
0.9999967135806429
0.9999966427792024
0.9999967218578731
0.9999966029244777
0.9999967180131784
0.9999966278324438
0.9999966483010293
0.9999966596509907
0.9999965551313723
0.9999966729019704
0.9999965180634961
0.9999966440508511
0.9999965224755374
0.9999965626788406
0.9999965435782867
0.9999964780694206
0.9999965953418669
0.9999964421154721
0.9999965633489397
0.999996439897911
0.9999965087722521
0.9999964716317118
0.9999964487403298
0.9999965132305033
0.9999964204019839
0.9999965187437235
0.9999964422797125
0.9999964802495319
0.9999964802158928
0.9999964309550112
0.9999964958116153
0.9999964109478845
0.9999964797597619
0.9999964324054087
0.9999964179864008
0.9999964487028933
0.9999964128621517
0.9999964393855448
0.9999964151550396
0.9999964110195324
0.999996421407479
0.9999963834863241
0.9999964135725321
0.9999963868223292
0.9999963853321312
0.9999963832419932
0.9999963676982588
0.9999963858778413
0.9999963089204049
0.9999963820338674
0.9999963113716529
0.9999963620353546
0.9999963314071056
0.999996299828641
0.9999963312032023
0.9999962518771469
0.9999963258757093
0.9999962496498247
0.999996296007418
0.9999962726189875
0.9999962599375798
0.9999962677956267
0.9999962246496169
0.9999962600778253
0.999996216047603
0.9999962458303222
0.9999962006423917
0.9999962169501726
0.9999961809569805
0.9999961630213521
0.9999961767120139
0.9999961266498201
0.9999962037184387
0.9999961077225852
0.9999961772569149
0.9999961125904707
0.9999961414339059
0.9999960947572399
0.9999961020584404
0.9999961214129555
0.9999960826212781
0.9999961229582124
0.9999960524991243
0.9999960806934881
0.9999960648787833
0.9999960459360312
0.9999960551959486
0.9999959912810281
0.999996057212892
0.9999959856488502
0.9999960146036392
0.9999959993591366
0.9999959963964314
0.9999960050822065
0.9999959589614463
0.9999960096622927
0.9999959275871082
0.9999959981583406
0.9999959140235861
0.9999959573562601
0.9999959219281775
0.999995902140363
0.9999959749087295
0.9999958743175603
0.9999959738875592
0.9999958854039818
0.9999959290539352
0.9999958904510495
0.9999959043824996
0.9999959013749313
0.9999959054291274
0.9999959198987535
0.999995863102656
0.9999959078219361
