0.999999825075286
0.9999994188856227
0.9999991124661091
0.9999995786199121
0.9999996330638142
0.9999991551107972
0.9999992141056129
0.9999996120919284
0.9999993647008811
0.9999990285476654
0.999999372836602
0.9999995068725847
0.9999990973076822
0.9999990583456898
0.9999994141524428
0.9999992893421846
0.9999989402635832
0.9999991439986994
0.9999993404210626
0.9999990401274581
0.9999988939169379
0.9999991978549652
0.9999991865345466
0.9999988402252745
0.9999989311616991
0.9999991780902255
0.9999989552420852
0.9999987207971226
0.9999990001432737
0.9999990700226675
0.9999987433518197
0.9999987656153382
0.9999990115529671
0.9999988760522381
0.9999986420615682
0.9999988235611513
0.999998921064857
0.9999986706367289
0.9999986022790811
0.9999988240760638
0.9999987607218676
0.9999985513343302
0.9999986324883131
0.9999987669669891
0.9999985640309953
0.999998489584615
0.9999986258606408
0.9999986050049174
0.9999984162877119
0.9999984561346588
0.9999985886840124
0.9999983985819195
0.999998353055329
0.9999984825969925
0.9999984443211184
0.9999983094822877
0.999998349333694
0.9999984447057395
0.9999983196478052
0.9999982542493784
0.9999983400690196
0.9999983338698423
0.9999981902501925
0.9999982201559019
0.999998316500611
0.9999981967143124
0.9999981013106103
0.9999982044563768
0.9999982327910769
0.9999980725705994
0.9999980933957103
0.9999982200465694
0.9999980998262745
0.9999979940396496
0.9999980597566793
0.9999981272298825
0.999997961937156
0.9999978892906689
0.9999980391887299
0.9999980191006832
0.999997845135999
0.9999978647654058
0.9999980105001467
0.9999978983784175
0.999997764848607
0.999997908355881
0.9999979275414858
0.9999977522238144
0.9999977395803754
0.9999978920225447
0.999997809613563
0.9999976467424723
0.9999977310917555
0.9999978077537963
0.9999976745334419
0.9999976299740566
0.999997744827567
0.9999976704231878
0.9999975577223095
0.9999976008099328
0.9999976635193771
0.9999975511760486
0.9999974934418638
0.999997583811917
0.9999975473135513
0.9999974516072545
0.9999974409599008
0.9999975013438442
0.9999974306982654
0.9999973427002891
0.9999974236959235
0.9999974292945505
0.9999972864073625
0.9999972953027809
0.999997372304589
0.9999972842557027
0.9999972064518401
0.9999972699536759
0.9999972716318977
0.9999971272360879
0.999997152045981
0.9999972491656816
0.9999971451926547
0.9999970486224399
0.9999971485810172
0.9999971319734439
0.9999970066646715
0.9999970021074733
0.9999970993619363
0.9999969998258357
0.999996908238542
0.9999969875228675
0.99999701427697
0.9999968965347794
0.9999968361880064
0.9999969353877908
0.9999968968130751
0.9999967981570193
0.9999968359513741
0.999996917127145
0.999996809078755
0.9999967296900976
0.9999968503213039
0.9999968352801751
0.9999966467233796
0.9999966723030567
0.9999967400613836
0.9999966428865997
0.9999965434500476
0.9999966340320675
0.9999966573289358
0.9999965204566844
0.9999964886911236
0.9999965929744862
0.9999965506205652
0.9999964387155332
0.9999964829277672
0.9999965204160866
0.9999963712115141
0.9999963274761712
0.9999964405329547
0.9999963816982347
0.9999962963483197
0.9999963068969543
0.9999963468388446
0.9999962775797478
0.9999962413939628
0.9999962735165705
0.9999962629887926
0.9999962169951473
0.9999961819944326
0.999996217771766
0.9999961492642857
0.999996114850719
0.9999961174977587
0.9999961267169362
0.9999960476998885
0.9999960274563263
0.9999960757157217
0.9999960247209954
0.999995949123003
0.9999960081820075
0.9999960569648886
0.9999959620122281
0.9999959442953353
0.999996017817449
0.9999959761027436
0.9999958918308947
0.9999959098068318
0.9999959706471043
0.9999959096482213
0.9999958832131973
0.9999959093720371
0.999995936939677
0.9999958508744455
0.9999958072692592
0.9999958230935402
0.9999958006356545
0.9999957404173339
0.9999957642482888
0.9999957675411503
0.9999956957541786
0.9999956914098932
0.9999957326287776
0.9999956902272444
0.9999956309826998
0.9999956298397664
0.9999956047049577
0.9999955869497795
0.999995548911892
0.9999955205788565
0.9999955168476983
0.999995509274714
0.9999954863156924
0.9999954607788781
0.9999954342450924
0.9999954357054911
0.9999954200167034
0.9999953998478742
0.9999953500002238
0.9999953631461211
0.9999953646632752
0.9999953243575035
0.9999952761172431
0.999995316507229
0.9999953243951533
0.9999952620073085
0.9999952311679613
0.999995235357447
0.9999952076443063
0.9999951716105056
0.9999951754702484
0.9999951599553741
0.9999951911082544
0.999995161611048
0.9999950929360313
0.9999950580876249
0.9999950960856708
0.9999950931429954
0.9999950057467739
0.9999950131202153
0.9999950550982102
0.9999950464162812
0.999995004523665
0.9999950307363632
0.9999950150264978
0.9999949252708804
0.9999949272844855
0.9999949315660454
0.9999949054454201
0.9999948571337052
0.9999947869695158
0.9999948010790441
0.9999947986440717
0.9999947511750253
0.9999946760119863
0.9999947303229922
0.9999947163918285
0.9999946461292826
0.9999946196666613
0.9999947026093282
0.999994615534434
0.9999944966448125
0.9999945767790251
0.9999946282966256
0.9999944760598822
0.9999944250591069
0.9999945156238685
0.9999945414636711
0.9999943993646443
0.9999944192899711
0.9999944766875412
0.9999943911292345
0.9999943586365377
0.9999943605880095
0.9999944016990757
0.9999943395720517
0.9999942562216179
0.9999943066173563
0.9999943158425089
0.9999942383184683
0.9999942349928659
0.9999942942862006
0.9999941875103381
0.9999941321529234
0.9999942222571044
0.999994227576713
0.999994133470469
0.9999941297000794
0.9999941906027742
0.9999941345982456
0.9999940595834058
0.9999940932913697
0.9999940676557675
0.9999939986898967
0.9999939296453954
0.9999939694201277
0.9999939714429534
0.999993889240869
0.9999938288442117
0.9999938782290086
0.9999937980540143
0.999993751819525
0.9999937498724925
0.9999938029861434
0.9999937564948688
0.999993713402987
0.9999937981747942
0.9999937648075473
0.9999936714754846
0.9999936610812592
0.9999936937431884
0.9999936383301146
0.9999935700425968
0.9999935646940804
0.999993594183913
0.9999935414897364
0.9999934978890147
0.9999935191024053
0.9999935410279899
0.9999934921416496
0.9999934574479057
0.9999934629083919
0.9999934183997694
0.9999933764146903
0.999993384622615
0.9999934311502691
0.9999933244008434
0.9999932497297227
0.9999933398742886
0.999993358585705
0.999993218759935
0.9999931730601187
0.9999932562833421
0.999993214553709
0.9999931388924377
0.9999931847623978
0.9999931562377399
0.9999930650799776
0.9999931165428405
0.9999931334931841
0.9999930484679077
0.9999930045373934
0.9999930322830931
0.9999930466581751
0.9999929459383491
0.9999929441933145
0.9999929429033656
0.9999928735877028
0.9999928525977072
0.9999929091958148
0.9999928831634869
0.9999928561307267
0.9999928110725556
0.9999928396025984
0.999992798956328
0.9999927774634633
0.9999928139055502
0.9999927426636145
0.999992661906408
0.9999926690974733
0.9999927433327748
0.9999926854742813
0.9999926230310433
0.9999926156452703
0.9999926557430542
0.999992673357782
0.9999925994215444
0.9999926069113557
0.9999926206956211
0.9999926001733113
0.999992546310285
0.9999925440609008
0.999992567271167
0.9999924892304245
0.9999924275505877
0.9999924667008967
0.9999924019682899
0.9999924008917127
0.9999923788559618
0.9999924186603946
0.9999923184729228
0.9999922907490033
0.9999923716714073
0.9999923264740928
0.9999921996860021
0.9999922298440121
0.9999923374830594
0.999992199833367
0.9999920942999576
0.9999921770019577
0.9999922002025141
0.999992036411515
0.9999920231330901
0.999992122901468
0.9999920748775332
0.9999919731132204
0.9999920315609895
0.9999921038601649
0.9999919366043015
0.9999918989193668
0.9999920003927081
0.999991943492522
0.999991796012489
0.9999918711243531
0.9999919321110975
0.9999918153637
0.9999917725545833
0.9999918377161375
0.9999918514267863
0.9999917710342051
0.9999917310633466
0.9999917875318161
0.9999916731995319
0.9999915925750151
0.9999917266574276
0.9999917634454419
0.9999915683627946
0.9999915655133288
0.9999916797846377
0.9999915328490006
0.9999913876539402
0.9999915190554179
0.9999915636496516
0.9999913540376882
0.9999913619204536
0.9999915041726687
0.9999914070464453
0.9999912234790874
0.9999913300274412
0.9999914388342286
0.9999912073285531
0.9999912449131513
0.9999914116913055
0.9999912805954813
0.9999910110958339
0.9999912102398973
0.9999912995638838
0.9999910479172868
0.9999909337098029
0.9999911779823346
0.9999911602133137
0.9999908460553666
0.9999909621902073
0.9999912294461171
0.9999910028891432
0.999990752791582
0.9999909822583555
0.9999910771790927
0.999990767250899
0.999990734697498
0.999990994499997
0.9999909220797246
0.9999905819276508
0.9999907763414855
0.9999909673721203
0.9999906104583293
0.9999905005837881
0.9999908086137327
0.9999908144892585
0.9999903952893183
0.999990568930341
0.9999908765130077
0.9999905646018684
0.999990337271184
0.9999906740489836
0.9999907203217246
0.9999903430256768
0.9999904549392609
0.9999907098563684
0.9999905171024145
0.9999903458957152
0.9999905883009665
0.9999906329371846
0.999990330365667
0.9999903749236447
0.9999906190144386
0.9999904578175751
0.9999902157921681
0.9999903937478268
0.9999905098497278
0.9999902443087989
0.9999901829204696
0.9999904086853372
0.9999902836871181
0.9999900481828439
0.9999902069988161
0.9999903854811778
0.9999900943956341
0.9999899412888142
0.9999902166885909
0.9999901674159093
0.9999898809088144
0.9999900240796284
0.9999901562593083
0.9999899913768836
0.9999898249696093
0.9999900423543229
0.9999900988614013
0.9999898068553527
