0.9999998368498477
0.9999994273147774
0.9999991986728497
0.999999653779074
0.9999995993821378
0.9999991547195174
0.9999993808922314
0.9999996484400171
0.9999992768276963
0.9999991629913757
0.9999995336947045
0.9999994163315837
0.9999990820952555
0.9999993227352555
0.9999994826677086
0.999999121621595
0.9999991161360837
0.9999994211119799
0.9999992494705848
0.9999989932239742
0.9999992390480062
0.9999993221302839
0.9999990040021538
0.999999033556581
0.9999992788603939
0.999999104434924
0.9999989090037965
0.9999991391590584
0.9999991695232369
0.9999989131497068
0.9999989576228595
0.9999991539003222
0.9999989812129485
0.9999988207938317
0.9999990222383437
0.9999990210513121
0.9999987949030408
0.9999988638475754
0.9999989955234473
0.9999988293994282
0.9999987542097936
0.9999989167204878
0.9999988502049743
0.9999986918942422
0.9999987737211011
0.999998842806182
0.9999986797830724
0.9999986526096489
0.9999987884083268
0.9999987051545345
0.9999985799408173
0.9999986779548343
0.9999987008686255
0.9999985816781811
0.9999985738415952
0.9999986420574696
0.9999985732289774
0.9999985027790107
0.9999985646546055
0.9999985512904173
0.9999984717658349
0.9999984714959438
0.9999985161803986
0.9999984659154368
0.9999983824206174
0.999998436488039
0.9999984511934579
0.99999835114524
0.9999983655867005
0.9999983850875084
0.9999983262221159
0.9999982927626043
0.9999983388160025
0.9999983162224401
0.9999982440189218
0.9999982645600238
0.9999982675519644
0.9999981896166967
0.999998179607954
0.9999982183505007
0.9999981642677518
0.9999981328422068
0.9999981598500313
0.9999981449133319
0.999998073831635
0.9999980648174408
0.9999981164287792
0.9999980404966353
0.9999980175538128
0.9999980578936137
0.9999979878843941
0.9999979243298668
0.9999979666653307
0.9999979841407358
0.999997897750066
0.9999979258492506
0.9999979148460234
0.9999978496615934
0.9999978402101636
0.9999978439940996
0.999997826136498
0.999997787378511
0.9999978097057753
0.9999977527435298
0.9999977209190789
0.999997760679265
0.9999977201711561
0.9999976720441726
0.999997651927588
0.999997657321451
0.9999976313558173
0.9999976243110861
0.9999976032857704
0.9999975680236572
0.999997566180949
0.9999975796938847
0.9999975402604367
0.9999974926274486
0.9999975463308687
0.9999975428714059
0.9999974136337774
0.9999974727899996
0.999997510697777
0.9999974030778238
0.9999973712315392
0.999997450339769
0.9999973784704991
0.9999972769240244
0.9999973723130433
0.9999973800830916
0.9999972595502779
0.9999973076584893
0.9999973464147893
0.9999972679920353
0.9999971819201742
0.9999972746301624
0.9999972748154513
0.9999971142618937
0.9999971919071703
0.9999972530298051
0.9999971645453616
0.9999970657194152
0.9999971585152654
0.9999971827521527
0.9999970462662048
0.9999970866537481
0.9999971154211674
0.9999970261336667
0.9999970143998053
0.9999970388630309
0.9999969844724008
0.9999968865681003
0.9999969417587732
0.9999969868302282
0.9999968626664001
0.9999968233552473
0.9999969093631885
0.9999968498489046
0.9999967772746408
0.9999967751784802
0.9999968220264628
0.9999967207450192
0.999996668300172
0.9999967513005737
0.9999966774415281
0.9999966179060099
0.999996665346646
0.9999966488228956
0.9999965576110443
0.9999965732565951
0.9999965802391312
0.999996481861876
0.9999964774450192
0.9999965269634472
0.9999964416960309
0.9999963867913356
0.9999964520374064
0.9999964028117788
0.9999963249636934
0.999996373956126
0.9999963455617403
0.9999962609302888
0.9999962631648276
0.9999962865282128
0.9999962296980037
0.9999962204378827
0.9999962587534336
0.9999961754334991
0.9999961513786408
0.9999962054156807
0.9999961950001667
0.9999960947819413
0.9999961087321697
0.9999961464262225
0.9999960757340016
0.9999960325417894
0.9999960661104659
0.9999960719144129
0.9999959934526642
0.9999960112881949
0.9999960462609008
0.9999959646350383
0.999995907813314
0.9999959432883802
0.9999959655490068
0.9999958356706542
0.9999958323191266
0.9999959133828905
0.99999582984892
0.9999957392501414
0.9999957849040972
0.9999958343480282
0.9999957087742335
0.999995714402802
0.9999957645130448
0.9999957230232972
0.9999956583192818
0.9999956598043809
0.9999956897774509
0.9999956023282739
0.9999955805717844
0.9999956368518987
0.9999956138676938
0.9999955482717025
0.9999955919317902
0.9999955811277947
0.9999954997904629
0.9999954774331199
0.9999954754511208
0.9999954616942877
0.9999954631120949
0.9999954656418729
0.9999954091271204
0.9999953633518679
0.9999953570713052
0.9999953022822692
0.9999953407339558
0.9999953073661906
0.9999952707349918
0.9999952997918574
0.99999529148058
0.9999952146258105
0.9999952100764525
0.9999952435636894
0.9999951750422174
0.9999951492876129
0.9999951555958394
0.9999951220271293
0.999995111790458
0.9999951451104347
0.9999950614795784
0.9999950394269774
0.9999950521485572
0.999994977745599
0.9999949499746336
0.9999949873435038
0.9999949292152074
0.9999948578647302
0.9999948963000065
0.9999949378044983
0.9999948592840026
0.9999948121839503
0.99999487770844
0.999994844972504
0.9999948176229486
0.9999948217338495
0.999994775759142
0.9999947312503857
0.9999947064594468
0.9999947534562705
0.9999946881118416
0.9999946515208775
0.9999946597045739
0.9999946723654021
0.999994648118269
0.9999945849282751
0.9999945989706971
0.9999945338962558
0.9999945102731586
0.9999944938775767
0.9999944964369415
0.9999944862908954
0.999994447298084
0.9999944364090219
0.9999944120549118
0.9999943665672687
0.9999943691343296
0.9999944033030471
0.9999943673462767
0.9999943761648731
0.9999943486354514
0.9999943093478225
0.9999942851238917
0.9999942989141438
0.9999943063837132
0.9999942842003241
0.9999942428267987
0.9999942330471279
0.9999942839110572
0.999994235481792
0.9999941572459226
0.9999942379636508
0.9999941908716421
0.9999941220000197
0.9999941601562675
0.9999941325974548
0.9999940737336299
0.9999940853657081
0.9999941023999189
0.9999939681142105
0.9999939432042608
0.999994083635136
0.9999940019341018
0.9999938851629817
0.9999939145276543
0.9999940057696451
0.99999389982507
0.9999938017260673
0.9999938697658056
0.9999938328274441
0.9999938190815444
0.9999938487279321
0.9999938465033771
0.9999937298102736
0.9999938029696498
0.9999938544636344
0.9999937481771972
0.9999936647009906
0.9999937914649989
0.9999937433228132
0.9999936079477475
0.9999937054829001
0.9999937197603219
0.9999935809036246
0.9999935776174907
0.9999936838780734
0.9999936299054161
0.9999935063723093
0.9999936098966715
0.9999936055625535
0.9999934621632293
0.9999935206769682
0.9999935989902708
0.999993483960446
0.999993428743225
0.9999934902526874
0.9999934560145722
0.9999933451244666
0.9999934071236539
0.999993429732455
0.99999329788368
0.9999932877750913
0.9999933876074544
0.9999933143668072
0.9999931762310076
0.9999933274596065
0.9999933387431333
0.9999931444266714
0.9999931501745443
0.9999933063229604
0.9999931836120066
0.9999930652405302
0.9999931939796327
0.9999932028169112
0.9999929929156065
0.9999930154779265
0.9999932092369778
0.9999930673849586
0.999992927712805
0.999993086759471
0.9999931227757394
0.999992956975225
0.9999929552635994
0.9999931012034665
0.999992986174162
0.9999928928129583
0.9999930109367539
0.999992997196994
0.9999927963143725
0.9999927799932826
0.9999929799887768
0.9999929071663873
0.9999927327899326
0.9999928591307233
0.9999929178870764
0.9999927011052996
0.9999927399147459
0.999992965313936
0.999992807351413
0.9999926425104383
0.9999928759984025
0.9999928692490567
0.9999925489708423
0.9999927354192738
0.9999928674599369
0.9999925826533111
0.9999925603785873
0.9999927702331163
0.9999926207912023
0.9999924634837685
0.9999927277537243
0.999992711071422
0.9999924748059529
0.9999925465417132
0.9999927235410229
0.9999925299727611
0.9999924419354648
0.9999926460950058
0.9999925892913316
0.9999923404783373
0.9999924498788041
0.9999926004731412
0.9999923907229412
0.9999923508744801
0.9999925247607776
0.9999924327885926
0.9999922399742827
0.9999923577096358
0.9999924831061268
0.9999922788810093
0.9999922309965249
0.9999923901131226
0.9999923362820087
0.9999921347340772
0.9999922456858277
0.9999923450809137
0.9999920855762898
0.99999203671873
0.9999922759862557
0.9999921691664556
0.9999919632300198
0.9999921531318665
0.9999922396549109
0.9999919425806989
0.9999919660618495
0.9999922261700905
0.9999920425153895
0.999991779163534
0.9999920012466779
0.9999920553771469
0.9999917622169722
0.9999918092535731
0.9999920163640408
0.9999918516933954
0.9999916898819776
0.999991831691278
0.9999918499939345
0.9999916873968836
0.9999916843363399
0.9999918096037576
0.9999917017028388
0.9999916305815356
0.9999917387195622
0.9999916985852705
0.9999915989075742
0.9999916511755663
0.9999917339065457
0.9999916116716521
0.9999915166174842
0.9999916129761945
0.9999916033118244
0.9999914997943693
0.9999915296817883
0.999991580725464
0.9999914668296322
0.9999914077682819
0.999991495777521
0.9999914518819131
0.9999914013346597
0.9999914345858044
0.9999914195487631
0.9999913710945405
0.9999913972462192
0.9999913751913653
0.9999912737590951
0.9999913382170104
0.9999913559823327
0.9999912823349947
0.9999913354116468
0.9999913171676693
0.999991217099552
0.9999912062494977
0.999991287054554
0.9999912233504874
0.9999911337069175
0.9999911976950387
0.9999912357664699
0.9999911079231659
0.9999910743417173
0.9999912760582138
0.9999911278892502
0.9999909679697497
0.9999911457547882
0.9999911540369156
0.9999908959138196
0.9999909625711102
0.9999910901376406
0.9999908833199513
0.9999908109650225
0.9999910251204563
