0.9999986404011335
0.9999981342792794
0.9999968420747508
0.9999951482560362
0.9999935971960359
0.9999927748924462
0.999992984616675
0.9999940421511816
0.9999953259607816
0.9999962701694951
0.9999965930123714
0.9999961891405922
0.9999951842260587
0.999993831529438
0.9999925843773517
0.999991921602253
0.9999921309485467
0.999992928216962
0.9999938626790694
0.9999945812128662
0.9999948033489632
0.9999944137497087
0.9999934978414778
0.9999923272761552
0.9999913442744439
0.9999908600297996
0.9999910128185852
0.9999916236544739
0.9999923523607878
0.9999928876008134
0.9999930302183009
0.9999927910014769
0.9999921236400587
0.999991165716172
0.9999902719901391
0.9999898454206797
0.9999899539521172
0.9999903286762774
0.9999907477774754
0.9999911403572218
0.9999913935319193
0.9999912698252407
0.9999906736069908
0.9999898311211269
0.999989098111082
0.9999887041750651
0.9999886917369826
0.9999889140276184
0.9999892361085033
0.9999895600801679
0.9999897315328186
0.9999896052652938
0.9999891136872558
0.9999883598230641
0.9999876490552794
0.9999872459201681
0.9999871342423863
0.9999872399198803
0.99998751749768
0.9999878349808203
0.9999879562454068
0.9999878018053079
0.9999873710030494
0.9999868026953679
0.9999862938639829
0.9999859971032642
0.9999858894542233
0.9999858549664167
0.9999858850620454
0.9999860009159985
0.9999861898303104
0.9999862061022442
0.999986012765101
0.9999856889231667
0.999985437118231
0.9999852607991563
0.9999850182958117
0.9999848127549852
0.9999847682366447
0.9999849022197669
0.9999850568362173
0.999985053844558
0.9999849032204927
0.9999846471366838
0.9999843216005877
0.9999839940392622
0.9999837121301907
0.999983466140676
0.9999834160213062
0.999983551684679
0.9999837892053195
0.9999838836026488
0.999983672642075
0.9999831742627675
0.9999826753763146
0.9999822552061828
0.9999820092296535
0.9999819159935592
0.9999819127472969
0.9999819323669636
0.9999819783336584
0.9999819786317525
0.9999817916325834
0.9999813981042653
0.9999809095601588
0.9999805524283638
0.9999804217026851
0.9999804398388736
0.9999804375878415
0.9999803990946249
0.9999803573446259
0.9999801681355828
0.9999797912642063
0.9999793816899922
0.9999790618385095
0.999978917392891
0.9999788826235909
0.9999788861748409
0.9999788017711162
0.9999785768690911
0.9999782744549401
0.9999779245005449
0.9999776801814391
0.9999775257252774
0.9999775522937846
0.9999776335164371
0.9999776899829024
0.9999777120120217
0.9999776507026603
0.9999774808021874
0.9999771802442783
0.9999767501233334
0.9999764140241307
0.9999762400597779
0.9999763278096944
0.9999764151427499
0.9999763974433312
0.9999762938785541
0.9999761510236873
0.9999759748181896
0.999975749736934
0.9999754353272764
0.9999752003455563
0.9999751446496964
0.9999753046043308
0.9999754406762636
0.9999753173272218
0.9999749513544551
0.9999746242070265
0.9999744851966765
0.9999743619567976
0.9999741237345509
0.9999737635595473
0.9999735039920936
0.9999734696517498
0.9999735291604666
0.9999733974470726
0.999973149666361
0.9999730561919767
0.9999730611720345
0.9999729532997318
0.9999726083685759
0.99997211882626
0.9999716904632158
0.9999714884916373
0.9999714647343925
0.9999714681696245
0.9999713598720569
0.9999711052167471
0.9999708665842502
0.9999706209755478
0.9999703916352775
0.99997015468428
0.9999700050517322
0.9999699612341728
0.9999699850549261
0.9999698746640443
0.9999695674759204
0.9999692689667606
0.9999691096606408
0.9999690198292535
0.9999689690820921
0.9999687939639743
0.9999685708313639
0.9999685184021531
0.9999684866279018
0.9999682777667671
0.9999679249994994
0.9999676496319313
0.9999676738510858
0.9999679592861082
0.9999681027351182
0.9999679961327255
0.9999676438482793
0.9999671498454731
0.9999666605199534
0.9999662278656417
0.9999659835949735
0.9999659665518796
0.9999661912519207
0.9999664496192003
0.9999665179789806
0.9999663732658143
0.9999661313054166
0.9999658345969202
0.9999654905558918
0.9999651960783901
0.9999650290411247
0.9999649796308362
0.999965093921906
0.9999652697728502
0.999965400819386
0.9999652727860585
0.9999648796356072
0.9999643408483468
0.9999638310815239
0.9999635160440218
0.999963470906396
0.9999636650816991
0.9999639564291649
0.9999639944165251
0.9999636153247021
0.9999630025995847
0.9999623690521107
0.9999618633339428
0.9999616223289255
0.9999616569387672
0.9999618513818455
0.9999621719789653
0.9999624295427681
0.9999624281198132
0.9999620501559474
0.9999614683995365
0.9999609743787211
0.9999606800822688
0.9999605850923321
0.9999605427854593
0.9999605236640476
0.9999605812465195
0.9999606249589922
0.9999605167477839
0.9999602769920914
0.999959957256521
0.9999596691348903
0.9999594291138438
0.9999593689363284
0.9999592989012445
0.9999592099627503
0.9999591058095214
0.999959027495438
0.9999589133270997
0.999958493976931
0.9999579889506923
0.9999576676396168
0.9999575179081285
0.9999575192073585
0.9999576023227912
0.999957688184862
0.999957708078715
0.9999576493268091
0.9999574788433739
0.9999571178941339
0.99995665756137
0.9999562764453328
0.9999561548812016
0.9999562432959668
0.9999564808474175
0.999956656835874
0.9999566464540156
0.999956375016678
0.999955879112091
0.9999552613178329
0.9999547716825372
0.9999545349163531
0.9999545096646808
0.9999545047967204
0.9999544583383936
0.9999545245585878
0.9999546877023432
0.9999546831381863
0.9999544096562363
0.9999539120442071
0.9999532893031179
0.9999529135514049
0.9999528192596073
0.999953004300213
0.9999532990836522
0.9999536687016607
0.999953948834992
0.9999539056385396
0.999953537700969
0.9999529428309897
0.9999523314387917
0.9999518291998533
0.9999516154056809
0.9999517386654202
0.9999520663031743
0.9999524281159011
0.9999526304581031
0.9999525396991622
0.9999521025380719
0.9999515010140013
0.9999507049185987
0.9999500946674869
0.9999499221239674
0.9999500730359403
0.9999504937395456
0.9999509083935263
0.9999509893695715
0.9999506611643117
0.999950067768014
0.9999494239088152
0.9999488519938595
0.9999484959142493
0.9999485528539154
0.9999489601156809
0.9999494861956277
0.9999497843838716
0.999949661327702
0.9999491947170006
0.999948523773935
0.9999478847567295
0.9999472361023655
0.9999467499362806
0.999946774390346
0.9999471647622787
0.9999475462116236
0.9999477040049601
0.999947646510978
0.9999475253813396
0.9999472376825739
0.9999468342111586
0.9999463489593365
0.999945855316452
0.9999454933284387
0.9999453539021722
0.9999453485820129
0.9999454053627832
0.9999455329084942
0.9999455168343273
0.9999453177702989
0.9999451229944369
0.9999448339573116
0.9999444899251019
0.9999442991901201
0.9999442577512528
0.9999443691581308
0.9999445027992651
0.9999445279700768
0.9999443664252394
0.9999440803766418
0.9999438400087602
0.9999436715695971
0.9999434020495132
0.999943126902066
0.9999429719538308
0.9999428725372673
0.9999427729240035
0.9999426402360425
0.9999424753068863
0.9999422465698431
0.9999420726080454
0.9999418777897378
0.9999417979954497
0.9999416736527593
0.9999414043357997
0.9999410771821653
0.9999409492339143
0.9999408720349172
0.9999407158543964
0.9999405019060927
0.9999402189095911
0.9999400947704374
0.9999400948601647
0.9999402487913355
0.9999404876378535
0.9999406877351504
0.9999407033229042
0.9999405442058853
0.9999401876721461
0.9999397280262421
0.9999393085856857
0.999939106826893
0.9999389089279888
0.9999387116612344
0.9999386027079291
0.999938571294869
0.9999385545651627
0.9999385153463666
0.999938355861992
0.9999381629545745
0.999937903991578
0.999937548363553
0.9999372822954692
0.999937140974725
0.9999373169030904
0.9999374959231142
0.9999375596975287
0.9999375104537083
0.9999373784291076
0.9999372891865752
0.9999371646899117
0.9999368869615368
0.9999365798166521
0.9999362808229618
0.9999360127196134
0.9999356945879712
0.9999354235175989
0.9999352535129759
0.9999351718357985
0.9999351608857402
0.9999354233824208
0.9999357068930261
0.9999357284649936
0.9999353447364802
0.9999347894358711
0.9999342615150472
0.9999339818337174
0.9999339465493227
0.9999340209690114
0.9999339226095009
0.9999338037468106
0.9999337548200365
0.9999334956765608
0.9999329582999201
0.9999324920924556
0.9999321676854096
0.999931956003603
0.9999319265017634
0.999931934361184
0.9999319845931425
0.9999320895363281
0.999932194721897
0.9999321723169367
0.999931916298729
0.9999315830336367
0.9999312531132533
0.9999308701158232
0.9999303312151836
0.9999299999925199
0.9999299981688796
0.9999301649710092
0.9999304894496811
0.9999307294140248
0.9999308612092498
0.9999307618398631
0.999930280724284
0.9999295581720079
0.9999289001956498
0.9999285239089631
0.9999284837887445
0.9999287515712894
0.9999291517456491
0.9999294111684506
0.9999295291305187
0.9999293218967007
0.9999287763969132
0.9999279185662021
0.9999270636354145
0.9999263944695451
0.9999261163194798
0.9999262751665972
0.999926716179867
0.9999271912054323
0.9999274282579714
0.9999271878680444
0.9999266648490149
0.9999260066757053
0.9999254090764631
0.9999251300489763
0.9999251617933893
0.9999253754814806
0.9999255914543506
0.999925706066041
0.9999257428688125
0.9999257085388993
0.9999254306973105
0.9999249217187733
0.9999244296846894
0.999924218084374
0.9999242276310845
0.9999242382425478
0.9999241074802839
0.9999238094122145
0.9999234648826008
0.9999230817771863
0.9999226688227365
0.9999223325986729
0.9999221926505706
0.9999222562458265
0.999922490672414
0.999922718288359
0.9999227732496795
0.9999226717691847
0.9999225999342916
0.9999223867427939
0.9999222059272526
0.9999221079255926
0.9999220187297241
0.9999218914378393
