0.9999978328891351
0.9999972681781569
0.9999957428037364
0.9999936742018806
0.9999915967106664
0.9999899149294005
0.9999889180886697
0.9999886599072576
0.9999891112047138
0.9999901247123983
0.9999914505184713
0.9999926538299762
0.9999933446904962
0.9999933435528638
0.9999926024224195
0.9999912638843299
0.9999896903626081
0.99998828039643
0.9999873191131202
0.9999868809068387
0.9999869321457205
0.9999872352246821
0.9999877743542606
0.9999884568017221
0.999989072368566
0.999989435285201
0.9999893271905538
0.99998864750945
0.9999875694507613
0.9999863761138884
0.9999853560964489
0.9999846609511603
0.9999843118981253
0.9999842778434704
0.9999844642900252
0.9999848602102622
0.9999853597999087
0.9999858565951917
0.999986062821765
0.9999857600046429
0.9999850828603104
0.9999841924019898
0.9999832500664575
0.9999823687845325
0.9999817340555766
0.9999814107667248
0.9999813568180221
0.9999815870936951
0.999981926586747
0.9999821787130478
0.9999822820127369
0.9999821952538147
0.999981873938501
0.9999813273736152
0.999980659159441
0.9999800342561384
0.9999795998760391
0.9999794064955555
0.9999794169827553
0.9999795516872702
0.9999796779226686
0.9999797033008743
0.9999795750877449
0.9999792079473755
0.9999787202326887
0.9999781807831987
0.9999777105348782
0.9999774242058096
0.9999773374556238
0.999977382246366
0.9999774603200139
0.9999773981169932
0.9999773336670755
0.9999772024757686
0.9999770349316308
0.9999769161651574
0.9999767491379747
0.9999764989542361
0.9999761168887105
0.9999756488008928
0.9999752205452582
0.9999748976516598
0.9999746633893971
0.9999744462024113
0.9999742407924226
0.9999741476159146
0.9999741092597517
0.9999740916581348
0.9999740383944655
0.9999739308046778
0.9999736930330752
0.9999732343697969
0.9999726310506976
0.9999719274443987
0.999971339818989
0.999971046032625
0.9999710089239896
0.9999710934712657
0.9999711834447627
0.999971160044195
0.9999710545189324
0.9999709270365015
0.9999707184745031
0.9999702692168242
0.9999696656644157
0.9999690495894448
0.9999685011224149
0.9999680574589602
0.9999678604930459
0.9999678718289301
0.9999680297305741
0.9999681656852786
0.9999681301842694
0.9999679679493442
0.9999676984659444
0.999967388560928
0.999967107094871
0.999966776867053
0.9999665243859802
0.9999663060072121
0.999966105021041
0.9999658226684957
0.999965636019508
0.9999655520453264
0.9999654899867064
0.999965323167553
0.9999649787593599
0.9999645774651968
0.9999643241350704
0.9999642034113639
0.9999640713967003
0.9999637356714423
0.9999633774581979
0.9999631859372594
0.9999631596895654
0.9999631886390897
0.9999630964551777
0.9999629315071971
0.9999626995556549
0.9999623936654883
0.9999620580918974
0.9999617466545069
0.9999614673901603
0.9999612537184691
0.9999611528236793
0.9999610911745961
0.9999610827315963
0.9999610717887709
0.9999609348366651
0.9999606307314539
0.9999603432660539
0.9999599955509324
0.9999595763171835
0.9999591627054311
0.9999587919282549
0.9999585173180234
0.9999584850638943
0.999958663628044
0.9999588369318171
0.9999587757558486
0.9999583800641701
0.999957786483647
0.9999570815255953
0.9999564371542637
0.999955802455949
0.999955300765303
0.9999549856814918
0.9999549727604101
0.9999552563771635
0.9999556737912962
0.9999559806213847
0.9999560153077086
0.9999557365360863
0.9999552625190393
0.9999546988319519
0.9999541937661737
0.9999538776080542
0.9999534956454581
0.9999531859322643
0.999953105781891
0.9999533365166191
0.9999538233599302
0.9999542308692176
0.9999543787653453
0.9999541542378746
0.9999536557981007
0.9999529533812682
0.9999522215715639
0.9999515263523245
0.9999509382894354
0.9999504154918614
0.9999501464147221
0.9999501906848103
0.9999503801339121
0.999950503006234
0.99995049225597
0.9999502690841773
0.9999499359367592
0.999949522779797
0.9999489945831361
0.9999484001263683
0.9999477701134237
0.9999471471760609
0.9999467075690693
0.9999467010589711
0.99994706649179
0.9999475073699952
0.9999478938054177
0.9999480755920792
0.9999478800423034
0.9999473679716893
0.9999467677802516
0.9999462337313935
0.9999458164470862
0.9999454937659117
0.9999452325195733
0.9999450762754637
0.9999449974021036
0.9999449171364975
0.9999448419326168
0.9999448178988611
0.9999447321241279
0.999944657312651
0.9999445343958369
0.9999442891586325
0.9999438877855245
0.9999434515616531
0.9999431653400794
0.9999429838598196
0.9999429229895573
0.9999428458746978
0.9999426589299301
0.9999424466716412
0.999942254865198
0.999942106428354
0.9999420820282324
0.9999421285230796
0.9999422080488989
0.9999422750260949
0.9999422953478891
0.9999421289209975
0.9999417690378147
0.9999410918468953
0.9999403241558862
0.9999396641765902
0.9999390648366373
0.9999386381412122
0.9999385404257514
0.99993874454794
0.9999390645067505
0.9999393135888249
0.9999392937241022
0.9999389817287592
0.9999385875472533
0.9999380375371206
0.9999375515442298
0.9999371755245371
0.9999369039860615
0.9999367337326027
0.9999367137093987
0.9999367408862545
0.9999366073697383
0.9999362054637178
0.9999358043322832
0.9999356152001521
0.9999355214966326
0.9999355564256334
0.9999356049628443
0.9999356728032271
0.9999357747690272
0.9999358266129753
0.9999357781505085
0.9999355020491888
0.9999350354299341
0.9999343776042264
0.9999336081154848
0.999932868308636
0.9999323459274736
0.9999321728962153
0.9999323323268949
0.9999328143176693
0.9999333975819014
0.9999338368056471
0.9999339571450258
0.999933729286918
0.99993314228517
0.9999323402660465
0.9999313546559214
0.9999304740238109
0.9999296650325714
0.9999289742327723
0.9999285507373041
0.9999284300409808
0.9999287413643143
0.9999292445442061
0.9999297237526049
0.9999301512612849
0.9999303692650489
0.99993036425651
0.9999300336365785
0.9999293641118827
0.9999284718762178
0.999927584145572
0.9999270140346285
0.9999267578403678
0.9999267388363511
0.999926820111786
0.9999271154928862
0.9999275224181366
0.9999278533227547
0.9999279052035572
0.9999274435419276
0.9999265379546759
0.999925469701542
0.99992456104204
0.9999237869212749
0.9999233124844763
0.9999232656447014
0.9999235155022582
0.9999238870718568
0.9999244726676749
0.9999250010605545
0.9999253394854991
0.9999251927991862
0.9999246356696454
0.999923641295532
0.9999223854771542
0.9999211623361928
0.9999204122991289
0.9999201484484627
0.9999202726818115
0.9999205344970821
0.9999208641307864
0.999921180879411
0.9999214029660698
0.9999214995807385
0.9999213373791075
0.9999208977507882
0.9999201675474543
0.9999193847656443
0.9999186454273936
0.9999181187585297
0.9999177574384237
0.9999175443992683
0.9999175426444065
0.9999175860031151
0.999917637420539
0.9999175978329718
0.9999174779044336
0.9999172692974199
0.9999169140778268
0.9999164678088756
0.99991585532827
0.9999151936780788
0.9999145722304328
0.9999139163018103
0.999913439898968
0.9999131042420357
0.9999129282279297
0.9999128492874867
0.9999128122092357
0.9999128706827917
0.9999129274476951
0.9999128801003432
0.9999127285296776
0.9999124876564758
0.9999120676414159
0.9999115419180324
0.9999110198292444
0.9999105666808439
0.9999102647297127
0.9999101259168919
0.9999100545392451
0.9999099301920459
0.9999098815428984
0.9999098565177533
0.9999096740216805
0.9999094820163625
0.9999093086333347
0.9999090949262155
0.9999089295618013
0.9999088693279674
0.9999087589283769
0.9999085684316517
0.9999081690312724
0.9999076051454789
0.9999071711606069
0.9999068704062535
0.999906717065554
0.9999067557518684
0.9999068124420432
0.9999068812339686
0.9999070136890593
0.9999071979539714
0.9999072831469398
0.9999069901044337
0.9999062725067437
0.9999052072148462
0.9999040671496354
0.9999030953966421
0.9999024845089532
0.9999023626903785
0.9999025628953429
0.9999030793771116
0.9999036361022386
0.9999040662289165
0.9999043496605329
0.9999043146166637
0.999903900169055
0.9999030915703566
0.9999020966353528
0.9999009062996088
0.9998998694423263
0.9998991778772137
0.9998989980677826
0.9998991960076834
0.9998996633675634
0.9999002548196705
0.9999006229192925
0.9999007666907449
0.9999004500206168
0.9998998130773944
0.9998990582301636
0.9998984014640999
0.9998978293268845
0.9998974119675104
0.9998971162142215
0.9998969030588999
0.9998966765557811
0.9998963486153879
0.9998960148511498
0.9998958292828665
0.9998958550502328
0.9998957874567638
0.9998956975061598
0.9998955442362314
0.999895234532614
0.9998947243038667
0.999894113481015
0.9998935643105955
0.9998931227085244
0.9998929616946398
0.9998930420606891
0.9998933251861024
0.9998935492287186
0.9998935919295652
0.9998933490576852
0.999892684951747
0.9998916809905349
0.9998907141814388
0.9998898166746449
0.9998891871682706
0.9998888848068374
0.9998889763192049
0.9998894193777391
0.9998900041858073
0.9998903614693969
0.9998904238091237
0.9998901897958437
0.9998896615195466
0.9998889569786878
0.9998880383433738
0.9998872636125065
0.9998866550317952
0.9998861433538841
0.9998859764023261
0.9998862690620508
0.9998867317932978
0.9998872433263002
0.9998875586054182
0.9998875056254624
0.9998871806106667
0.9998866025066235
0.9998858970837499
0.9998850616940242
0.9998843406729743
0.9998840037096564
0.9998840204125299
0.9998841883979175
0.9998843757636644
0.9998843978111371
0.9998844436269672
0.9998845145212377
0.9998843513995012
0.9998839104182684
0.9998832647780915
0.9998826956579198
0.9998821075000278
0.9998818306635628
0.9998819395047317
0.9998821943784668
0.9998824438708354
0.9998826225627011
0.9998824326713989
0.9998821920672659
0.9998818652933893
0.9998813400831497
0.9998807269612219
0.9998801570517357
0.9998798797224527
