0.9999998383072553
0.9999994384145302
0.9999992166002002
0.9999996387147339
0.9999996040810782
0.9999992129507672
0.9999993553648074
0.9999996495750039
0.9999993024065177
0.9999991620878682
0.9999995209685895
0.9999994287083925
0.9999991020813626
0.9999992904083053
0.9999994665563333
0.9999991720102251
0.999999092610606
0.9999993845045501
0.9999992664025197
0.9999989910272742
0.9999992004475469
0.9999993150649256
0.9999990174338039
0.9999990102194852
0.9999992496536333
0.9999990706367784
0.9999989017144278
0.9999991028844241
0.9999991198636135
0.9999988996923467
0.9999989334242395
0.999999077659102
0.9999989272352018
0.9999988015446711
0.999998980728106
0.9999989426582612
0.9999987481510882
0.999998816760053
0.9999989135726712
0.99999876171018
0.9999987064608543
0.9999988606408935
0.9999987758224748
0.999998618381741
0.9999987245582959
0.9999987957447509
0.9999986268619482
0.9999985663627157
0.9999987515736648
0.9999986370603772
0.9999984725386429
0.9999986057557253
0.9999986395795294
0.9999984582634488
0.9999984803628758
0.9999986172119838
0.9999984778347265
0.9999983572635522
0.9999985138100379
0.9999984884991961
0.9999983037979521
0.9999983761034054
0.999998485587549
0.9999983116275413
0.9999982212245577
0.9999984026944589
0.9999983559613984
0.9999981629618812
0.9999982451778111
0.9999983473788066
0.9999981997620796
0.9999981008463968
0.9999982706632691
0.9999982598741187
0.9999980597940853
0.9999981165283607
0.9999982494246101
0.9999980895258593
0.9999980213057331
0.9999981737046358
0.9999981101932063
0.9999979553376132
0.9999980510969039
0.9999981298090301
0.9999979601696056
0.9999979488776627
0.9999980391585108
0.9999979768662078
0.9999978920444246
0.9999979320541171
0.9999979632818593
0.9999978284446243
0.9999978770737163
0.9999979314538053
0.9999977954588329
0.9999977697285323
0.999997861449578
0.9999978038792298
0.9999976982012755
0.9999977652545011
0.9999977806164989
0.9999976478202464
0.9999976800886115
0.9999976839096798
0.9999976088607838
0.9999976063320306
0.9999976345165867
0.9999975997760235
0.9999975217222381
0.9999975509723021
0.9999975189034129
0.9999974904493764
0.9999975118340634
0.9999974712874246
0.9999974170886587
0.9999974250853748
0.9999974540872317
0.999997393108932
0.9999973521822523
0.9999974162275225
0.9999973584626108
0.9999972700868408
0.9999973669498556
0.9999973535053411
0.9999972488986012
0.9999972615446292
0.9999973253525869
0.9999972425425404
0.9999971917470561
0.9999972627791534
0.99999724123514
0.9999971328918069
0.9999971809726845
0.9999972090613942
0.9999970966274185
0.9999970667483491
0.9999971798960696
0.9999971304362723
0.9999970139087319
0.9999970652306515
0.9999970543337524
0.9999969733686699
0.9999969392041659
0.9999969754321073
0.9999969812075826
0.999996863696914
0.9999968763752533
0.9999969070006243
0.9999968545710031
0.9999968619902024
0.9999968656206256
0.9999968442120662
0.999996803800872
0.999996832435744
0.9999968324842984
0.999996744468616
0.99999670383628
0.9999967729634457
0.999996735242772
0.9999966178960452
0.9999966804941246
0.9999966944867825
0.9999966194519354
0.9999966037159548
0.9999966733854773
0.9999965766772535
0.9999965007856171
0.9999965861698814
0.9999965637341617
0.9999963882052514
0.9999964823463495
0.999996530227345
0.9999963868558809
0.9999963566804845
0.9999964720619171
0.9999963780480824
0.999996273204571
0.9999963884750797
0.9999964016420799
0.9999962425594476
0.9999962423173292
0.9999963732255917
0.9999962478854081
0.9999961306255924
0.9999962799536077
0.999996278203181
0.9999960912791638
0.9999961420909624
0.9999962344483535
0.9999961040848642
0.9999960626153127
0.9999961788331314
0.9999961278366731
0.9999959811124791
0.9999960573130059
0.9999961240546867
0.9999959556026307
0.9999958887231551
0.9999960175885594
0.9999960060344587
0.9999958823805026
0.9999959403081708
0.9999959676652848
0.9999958386993979
0.9999958117172194
0.9999959195545836
0.9999958262815397
0.9999956491514034
0.9999957754006129
0.9999958379885704
0.9999956350642749
0.9999955986235539
0.9999957594994703
0.9999956521065387
0.9999955243815681
0.9999956415897837
0.9999956738690212
0.9999955169157677
0.9999955051556555
0.9999956059489106
0.9999954968357904
0.9999954221449889
0.9999955184290773
0.9999954479416632
0.9999953669437471
0.9999954068738868
0.9999954754538858
0.9999953890435972
0.9999953243052808
0.9999953774860877
0.9999954011428765
0.9999953401776133
0.999995245667381
0.9999953197143545
0.9999952777375314
0.9999951811932536
0.999995169532611
0.9999951813761221
0.9999951980644501
0.9999951421630512
0.9999951249164964
0.9999950976215769
0.9999950382507431
0.99999506111557
0.9999950593492092
0.9999949733617606
0.9999949117552499
0.9999949692377949
0.9999949384338785
0.9999948885724113
0.999994899905519
0.9999948866058931
0.9999948255508664
0.9999948555476821
0.9999948377068717
0.9999948235972939
0.999994869180762
0.9999948456620391
0.9999947948794005
0.9999947698903133
0.9999947350785818
0.9999947740888069
0.9999947263653448
0.9999946377633532
0.9999947287144318
0.9999947735752023
0.9999946300333613
0.9999946112583386
0.9999947073018247
0.9999946172363134
0.9999945036945969
0.9999946003462978
0.9999946382258764
0.9999944799259792
0.9999944572150669
0.9999945593937678
0.9999944726769119
0.9999943934834492
0.999994507843746
0.9999944868616046
0.9999943741799596
0.9999943959843812
0.9999944780110531
0.9999943745213896
0.9999943372298095
0.9999944063618452
0.9999943686761238
0.9999942979920774
0.9999943830608979
0.9999943975643968
0.99999425091562
0.9999942709925683
0.9999943530036541
0.9999942755794585
0.9999941961618083
0.9999942668700496
0.9999942914460384
0.9999941581331567
0.9999941797251976
0.9999942369327268
0.9999940984857623
0.9999940962217571
0.9999941832324886
0.9999940862155152
0.9999940728538925
0.9999941422011431
0.9999940974805782
0.999994007968526
0.9999940553413391
0.9999941332004254
0.9999940077582266
0.99999392445497
0.9999940316010324
0.9999940279329383
0.9999938806245654
0.9999938828632494
0.9999940021392398
0.9999939178105028
0.9999938523067637
0.9999939550193564
0.9999939166673892
0.9999937420786811
0.9999937831390873
0.9999939012437746
0.9999937313770917
0.9999936234799611
0.9999938413780213
0.9999937653312299
0.9999935425924242
0.9999936051308254
0.9999937296184086
0.99999357314532
0.99999351977842
0.9999936485207147
0.9999935971481063
0.9999934624746195
0.9999935343007142
0.999993566816052
0.9999933686275931
0.9999934132028834
0.9999935342791256
0.9999933629246803
0.9999933066810124
0.9999934426973255
0.9999934051857073
0.9999932756922464
0.9999933036256687
0.9999934008013985
0.9999932723848675
0.9999932099509179
0.9999933574648091
0.9999932883164524
0.9999931117900759
0.9999932021196448
0.9999932592121036
0.999993139693125
0.9999931147977106
0.9999932443969851
0.9999931341840305
0.9999930685517563
0.9999931384844931
0.9999931008933463
0.9999929844321536
0.9999929863064512
0.9999930112890391
0.9999929317415414
0.9999928799973191
0.9999929774117744
0.9999929071088628
0.9999928296724496
0.9999929258159374
0.9999928588167284
0.9999927363760186
0.9999928318245291
0.99999284798973
0.9999927159845421
0.9999927744935017
0.9999928481921547
0.9999927665406856
0.9999926865385268
0.9999928085228187
0.9999928168572308
0.9999926722831838
0.9999926628928436
0.9999927802082074
0.9999927190640532
0.9999925788135139
0.999992698130803
0.9999927421476634
0.9999925233804481
0.9999925229372923
0.9999926748196722
0.9999925677496834
0.9999924069226094
0.9999925934179874
0.9999926465091425
0.9999923637381019
0.9999923627504644
0.9999926156545373
0.9999924736249972
0.9999922577269921
0.9999924695837953
0.9999925554417697
0.9999923142718773
0.999992290713685
0.9999925227008274
0.9999923475659541
0.9999921590095426
0.9999923937975834
0.9999923714354275
0.9999921430854872
0.9999922158337178
0.9999923699110239
0.9999921806389371
0.9999920077966286
0.9999922579949867
0.9999922405936126
0.9999919568031232
0.9999920491437947
0.9999922152435533
0.9999920032227873
0.9999918904617088
0.9999921229893002
0.9999920244182698
0.9999918184886413
0.9999920262551306
0.9999920792876019
0.9999918315531823
0.9999918292753112
0.9999921150285769
0.999991948230874
0.9999916716030449
0.9999919098967689
0.9999920361789126
0.9999917176485998
0.9999916905711485
0.9999918936168853
0.9999918141935007
0.9999915990228482
0.9999917666611334
0.9999918731163088
0.9999916124338092
0.999991548884924
0.9999917852127669
0.9999917022636537
0.9999914444650692
0.9999916220051329
0.99999173436253
0.9999914915911601
0.9999914498771542
0.9999916739097455
0.9999915659991877
0.9999913429148383
0.9999914614080533
0.9999915826035812
0.9999913551094786
0.9999912368712839
0.9999914561703855
0.9999914188990268
0.9999911911023751
0.9999913509604146
0.9999914596308578
0.9999913046163748
0.9999912490324296
0.9999913744848864
0.9999913348469899
0.9999912539834701
0.9999913185559933
0.9999912839575925
0.9999912145535951
0.9999912070749114
0.9999912456339495
0.9999911698606332
0.9999910717486644
0.9999911395880928
0.9999911545054572
0.9999910512815123
0.9999910126835571
0.9999911250172008
0.9999910445965221
0.9999909518461901
0.999991056229828
0.9999909660960065
0.9999908313629331
0.9999909752125691
0.9999910502965103
0.9999908986767768
0.9999908728551253
0.999991001666184
0.9999908750207618
0.9999907733116379
0.9999909344976041
0.9999909274600626
0.9999907562585657
0.999990841526798
0.9999909132479338
0.9999907024944491
0.9999907237659197
0.9999908550566007
0.9999906908972211
