0.9999997828417858
0.999999354494696
0.9999989032262415
0.9999992418043094
0.9999996473406986
0.9999992348904623
0.999998850514436
0.9999991463058497
0.9999995037574373
0.999999125685056
0.9999987776183393
0.9999990642285
0.9999993876218399
0.9999990350772276
0.9999987263860282
0.9999989667665249
0.999999263265958
0.9999989160883982
0.9999986445418906
0.999998897502252
0.999999149796302
0.9999988313462513
0.9999985771452924
0.9999988158673389
0.9999990292196971
0.9999987042711665
0.9999984999708463
0.9999987002663788
0.9999989099060801
0.9999986086729727
0.9999983987499083
0.9999986434219738
0.9999988004977959
0.9999985196423199
0.9999983543441174
0.9999985296565903
0.9999986688540998
0.9999984150613758
0.999998260376506
0.9999984344751381
0.9999985641542982
0.999998336165063
0.9999981774024312
0.9999982991294684
0.9999984822608128
0.9999982610829693
0.9999980942233059
0.999998215848132
0.9999983664001925
0.9999981648031798
0.9999980146008255
0.9999981236640179
0.999998246372194
0.9999980592896855
0.9999979216849905
0.9999980151977381
0.9999981405493662
0.9999979405987842
0.9999978177135689
0.999997934920269
0.9999980500828237
0.9999978585313906
0.9999977281712386
0.9999978475262224
0.9999979146173443
0.9999977783822257
0.9999976785892516
0.9999977418716046
0.9999978393809023
0.9999976943384639
0.99999756828264
0.9999976178900427
0.9999977036184023
0.999997569383926
0.999997455979217
0.9999975130196659
0.9999975930474234
0.9999975256373536
0.9999974413469687
0.9999974356864638
0.9999974729990991
0.9999974453646702
0.9999973991616442
0.9999973361198568
0.9999973541419942
0.9999973523983331
0.9999973290586095
0.9999972844027287
0.9999972990542977
0.9999972717888211
0.9999972051485956
0.9999972250422663
0.9999972409014963
0.9999971719488984
0.9999971247118847
0.999997132219998
0.9999971969893103
0.9999971195446923
0.9999970235849683
0.9999970726337939
0.9999971123428995
0.9999970217509365
0.999996973962447
0.9999969970079343
0.9999969828726252
0.999996922748772
0.9999968733187342
0.9999968771161495
0.9999968918673943
0.9999967938536023
0.9999967458048677
0.9999967953242384
0.9999968014277661
0.9999966583474654
0.9999966075223782
0.9999967180937435
0.9999967222920768
0.9999965345176182
0.9999965080377343
0.9999966129723026
0.9999966053201315
0.9999964627333314
0.999996406107949
0.9999965087716
0.9999965309310426
0.9999964168782424
0.9999963144797063
0.9999964082542141
0.999996453405842
0.9999963719857301
0.9999962335821533
0.999996302357743
0.9999963800693145
0.9999962983144796
0.999996180922809
0.9999962196585755
0.9999962477556199
0.9999961644639551
0.9999961696286145
0.9999961974216497
0.9999961526403499
0.9999960766223868
0.9999960507749766
0.999996109010508
0.9999960862640903
0.9999960031151798
0.9999959624414436
0.9999960054937286
0.9999959848419195
0.9999958947165808
0.9999958807500555
0.9999959168242142
0.9999958826883298
0.9999958053437447
0.9999957921631566
0.999995795301929
0.9999957335401463
0.9999956865486364
0.9999957357129226
0.9999957434395633
0.9999956677125762
0.9999955995828022
0.9999956244000833
0.9999956040563066
0.9999955383219987
0.9999954957789737
0.9999955220080511
0.9999954602318119
0.9999954161182305
0.9999954282703538
0.9999954863298521
0.9999953938367298
0.9999953437689162
0.9999953306941609
0.9999953355386613
0.9999952785427882
0.9999952152193798
0.9999951833122499
0.9999951797618053
0.9999951138864097
0.9999951140660955
0.9999951330674536
0.9999950483129612
0.9999949384953827
0.9999949911041889
0.9999950561814333
0.9999949642898354
0.9999949095158551
0.9999949152364578
0.9999949151365319
0.9999948840224469
0.9999948848424398
0.9999949049069342
0.9999947975292472
0.9999947585605947
0.9999948380694199
0.9999948767394339
0.9999947182483283
0.9999945838919478
0.9999946774808759
0.9999947651362118
0.9999946700258072
0.9999945201814685
0.9999945912413878
0.9999946711473856
0.9999946160397858
0.9999944921500983
0.9999945228623078
0.9999945437596117
0.9999944699626994
0.9999943107562385
0.9999943349958136
0.9999944839864443
0.9999944153396282
0.9999942686050667
0.9999943336669564
0.9999944870543133
0.9999943684760196
0.9999941788384087
0.9999942791650938
0.9999943815469706
0.999994263022513
0.9999941085545389
0.9999941439878357
0.9999942118773488
0.9999941525490256
0.999993991194064
0.9999940094676731
0.9999941045474647
0.999994041560624
0.9999938866458601
0.9999938521431341
0.999993991860931
0.9999939590257124
0.999993841527896
0.9999937900210188
0.9999938638056817
0.9999938175109682
0.9999936856594354
0.9999936474999715
0.9999937753648889
0.9999937623114076
0.9999935882538983
0.9999935369680653
0.999993629339614
0.9999936385367211
0.9999934838810783
0.9999934100402967
0.9999935282057365
0.9999935428694642
0.9999933731030846
0.999993290788371
0.9999933806211752
0.9999934097317112
0.9999932343286715
0.9999931619425592
0.9999932513010077
0.9999932621815031
0.999993190110641
0.9999931528287211
0.9999931701774625
0.9999931505361863
0.999993064964197
0.9999929981279135
0.9999930675327932
0.9999931166681933
0.9999930328548959
0.9999928562112352
0.9999929162689146
0.9999930188492123
0.9999929238141746
0.9999928309311626
0.9999929371829513
0.9999929746580732
0.999992819253553
0.999992787800655
0.9999929258258808
0.9999929246326715
0.9999927345542953
0.9999926402781684
0.9999927794485278
0.9999928089193231
0.9999926845819965
0.999992566187517
0.9999926821986812
0.9999927503622552
0.9999926042730374
0.9999924981497749
0.9999926180951275
0.999992641248283
0.9999925152074418
0.9999924209893901
0.9999925200398692
0.9999925563466321
0.999992437454369
0.9999923585525707
0.9999924362876143
0.999992416982824
0.9999922786642002
0.9999922730466956
0.9999923697772027
0.9999923196262519
0.9999921788515336
0.9999921524418052
0.9999922321713696
0.9999922020036555
0.9999920634224513
0.9999920181131459
0.9999921505383106
0.9999921623964966
0.9999920145505748
0.9999918910688097
0.9999920364400904
0.9999921052207179
0.9999919008215419
0.9999918353426253
0.9999920151258205
0.9999920247318795
0.9999917960919437
0.9999917664632573
0.9999918785751624
0.999991880694492
0.9999916735738982
0.999991605353568
0.9999917363963683
0.9999918164640764
0.9999916572077402
0.9999915156378598
0.9999916699729556
0.99999175052848
0.999991564637399
0.9999914387659098
0.9999915226158577
0.9999915787271093
0.9999914325236249
0.9999914162336405
0.9999914658455696
0.9999914456153796
0.9999913363488242
0.9999913394076284
0.9999913908396049
0.9999913773414923
0.9999912749702977
0.999991259812846
0.9999913669536515
0.9999913645528138
0.9999911988654087
0.9999912030173146
0.9999912935973636
0.999991288110798
0.9999911377397032
0.9999910709744998
0.9999911028730877
0.9999910729006027
0.9999909989851342
0.999990962476403
0.9999909800240492
0.9999909607952829
0.9999909547311101
0.9999908108670292
0.9999908138832918
0.9999908582178111
0.9999909053502254
0.9999908016875934
0.9999907909677612
0.9999908108473932
0.9999908797628103
0.9999907971394877
0.9999907824300686
0.9999907885693609
0.9999907802898031
0.9999906714550546
0.9999906414193709
0.9999906236914807
0.9999906005645192
0.9999904765935915
0.9999905369539147
0.9999905914275372
0.9999905089533682
0.9999904257922692
0.9999904858248825
0.9999904457696732
0.999990368215173
0.9999903431607122
0.9999904430331397
0.9999904430740929
0.9999903504048888
0.9999903747264057
0.9999904596398275
0.9999903864073608
0.9999902269967783
0.9999903072266126
0.999990421529615
0.9999902765768268
0.9999901695799397
0.9999902849000156
0.9999903215158304
0.9999901926103294
0.9999900666606784
0.9999901927913598
0.9999902510280366
0.9999901204894786
0.9999900092819461
0.9999900343110252
0.9999900955803481
0.9999899953282281
0.9999899037791812
0.9999900119206209
0.9999900293458008
0.999989900478595
0.999989827883122
0.9999898912870677
0.9999899079870044
0.9999898328197885
0.9999897408886413
0.9999898529644521
0.9999898517380568
0.9999896361531383
0.9999896533356084
0.9999898486731529
0.9999898009502144
0.9999895557201939
0.999989582018311
0.999989870194722
0.9999897364166611
0.9999894534871704
0.9999894995600315
0.9999897209252462
0.9999896069504004
0.999989374704948
0.9999894447240036
0.9999896995353986
0.9999896006617456
0.9999893405604893
0.9999894056516965
0.9999896206272105
0.9999895068034814
0.9999891889264937
0.9999892266044245
0.9999895016278071
0.9999893648242943
0.9999890800935982
0.9999891210500996
0.9999893699770521
0.9999893420445574
0.999989173190461
0.9999891512617672
0.99998927853102
0.9999892485288417
0.9999890748273905
0.9999889754575078
0.9999891087861734
0.9999891581277356
0.9999890190721595
0.9999889166800815
0.9999890113391106
0.9999890668830038
0.9999889763664946
0.9999888338917329
0.9999888590922539
0.999988965229898
0.9999889108337032
0.999988736629715
0.9999887362377758
0.9999888074087813
0.9999888229414909
0.9999886849228148
0.999988651721883
0.9999887079252254
0.9999886685818521
0.9999885753194911
0.9999885865002064
0.9999886390009115
0.9999886161062059
0.9999884905291153
0.9999885284479411
0.9999886302942284
0.9999885718327378
0.999988482469419
0.99998851276725
0.9999885638593606
0.9999884960801803
0.9999884212412838
0.9999883740610762
0.9999883255324704
0.9999883149614496
0.9999883347632946
0.9999883112416601
0.9999882671456187
0.9999881471600992
0.9999881948384309
0.9999882263941238
0.9999881815532102
0.9999880916986332
0.9999881457341738
0.9999881438452565
0.9999880626427909
0.9999879711711036
0.9999880188916348
0.9999880677305004
