0.9999999509635608
0.9999997529130483
0.9999999287880936
0.999999756197137
0.9999998989681816
0.9999997781416415
0.9999998586970996
0.9999997999553665
0.9999998186217885
0.9999998189114081
0.9999997782917571
0.9999998337590785
0.9999997428176921
0.9999998417409165
0.9999997168489831
0.9999998408158077
0.9999997018133832
0.9999998304620586
0.9999996872031626
0.9999998186245304
0.9999996905939116
0.9999997931299187
0.9999996991960435
0.9999997633736253
0.9999997127631652
0.9999997247518913
0.9999997239778413
0.9999997018765248
0.9999997298880378
0.9999996805420267
0.9999997357095065
0.9999996577709156
0.9999997344617724
0.9999996410737566
0.999999730607402
0.9999996315763832
0.9999997168909901
0.9999996293252402
0.9999996996801368
0.9999996312563475
0.9999996794240034
0.9999996264337755
0.9999996589976866
0.9999996226724772
0.9999996346682246
0.9999996327659492
0.9999996124836413
0.9999996371278642
0.9999995920073423
0.999999627306882
0.9999995765019806
0.9999996207918563
0.9999995600774731
0.9999996173792656
0.9999995450653101
0.9999996043131674
0.9999995442114219
0.9999995806078823
0.9999995369872836
0.9999995595209905
0.9999995408650155
0.9999995400416092
0.9999995487182862
0.9999995182040008
0.999999543230854
0.9999995061401854
0.9999995376606738
0.999999500335507
0.9999995233804966
0.9999994983124562
0.9999995097968613
0.9999994825833902
0.9999995008802103
0.9999994738296535
0.9999994865237269
0.9999994769341596
0.9999994737731859
0.9999994765672923
0.9999994597280515
0.9999994792010292
0.9999994444090938
0.9999994672624504
0.9999994310545263
0.9999994641041348
0.9999994299656508
0.999999450678505
0.9999994251521762
0.9999994443822503
0.9999994256889776
0.9999994273770558
0.9999994244502552
0.9999994232859328
0.999999424381453
0.9999994042418057
0.999999412217152
0.9999993966483384
0.9999994069379214
0.9999993778689074
0.9999993929893278
0.9999993674340107
0.9999993745765017
0.9999993578370822
0.9999993574452014
0.9999993441740791
0.9999993432246373
0.9999993418423451
0.9999993328738159
0.9999993324194552
0.9999993246097679
0.9999993193594366
0.9999993091358824
0.9999993151738564
0.999999304168451
0.9999993081041827
0.9999992850736087
0.9999992952082398
0.9999992690577615
0.999999283312004
0.9999992564691121
0.9999992699774295
0.9999992514352722
0.9999992604713172
0.9999992399268405
0.9999992524641883
0.9999992348567952
0.9999992403932402
0.9999992172417739
0.9999992225532223
0.9999992105573227
0.9999992002578312
0.999999197037788
0.9999991909359036
0.9999991876842796
0.9999991946077513
0.9999991768059228
0.9999991909310573
0.99999916775426
0.9999991856893183
0.9999991568664807
0.9999991664157611
0.9999991581377372
0.9999991449504626
0.9999991472393278
0.9999991362252207
0.9999991327447655
0.999999130389164
0.9999991287172573
0.9999991131396605
0.9999991139571084
0.9999990977504543
0.9999991015739556
0.9999990862683948
0.9999990852153454
0.9999990715511096
0.9999990706182228
0.9999990682314175
0.9999990594305975
0.9999990635958103
0.9999990390268736
0.9999990581378984
0.9999990379359586
0.9999990421660253
0.9999990302670083
0.9999990348885859
0.999999023117913
0.9999990286055889
0.9999990095484856
0.9999990176839807
0.9999989987156496
0.9999990038441008
0.9999989954541102
0.9999989893842887
0.999998984702358
0.999998972384854
0.999998977990486
0.9999989647443086
0.9999989624823624
0.9999989608603809
0.9999989586130058
0.9999989489104613
0.9999989484291313
0.9999989396705266
0.9999989385330162
0.9999989221179578
0.9999989368035138
0.9999988956423527
0.9999989317666602
0.9999988921542184
0.9999989271527915
0.999998892493617
0.9999989140829105
0.9999988857671217
0.9999989035396607
0.9999988736669191
0.9999988868319873
0.9999988739283885
0.9999988773137312
0.9999988699818583
0.9999988643154877
0.9999988652393499
0.9999988474359437
0.9999988504855661
0.99999883371643
0.9999988473962624
0.9999988305025613
0.9999988349175736
0.9999988225502671
0.9999988244952452
0.9999988015722581
0.9999988178926229
0.9999987838172791
0.999998805485221
0.9999987734090381
0.9999987891932179
0.9999987781037166
0.9999987760289146
0.9999987735609525
0.9999987595812712
0.9999987841485445
0.99999874772906
0.9999987690756026
0.999998727905621
0.9999987516547012
0.9999987280769446
0.9999987357392055
0.9999987134777735
0.9999987168124487
0.9999987132984972
0.9999987108425524
0.9999987027712178
0.9999986973244902
0.9999986979735239
0.9999986829576454
0.9999986858145534
0.9999986618746965
0.9999986782430879
0.9999986532524268
0.9999986689130268
0.9999986364778009
0.9999986716836641
0.9999986213433153
0.9999986619843496
0.9999986144195263
0.9999986564423105
0.9999986160654629
0.9999986377586519
0.9999986091834613
0.9999986053736402
0.9999986216753767
0.9999985885532958
0.9999986200502939
0.9999985702725264
0.9999986141166813
0.9999985625118303
0.9999986045145187
0.9999985581841552
0.9999985910269703
0.9999985422457567
0.9999985686859985
0.9999985417395473
0.9999985579023473
0.9999985399544903
0.9999985415821901
0.9999985333796445
0.9999985330699086
0.9999985255427158
0.9999985196949717
0.9999985084280172
0.9999985127039509
0.9999985107676085
0.999998494197115
0.9999984992405764
0.9999984775352447
0.9999984856652293
0.9999984617268842
0.9999984751778314
0.9999984440260589
0.9999984657161536
0.9999984383209279
0.9999984596578183
0.9999984267740826
0.9999984435903982
0.9999984249825397
0.9999984222976488
0.999998420771419
0.9999984161464718
0.9999984205113958
0.9999983995478668
0.9999983984359633
0.9999983886110986
0.9999983867163278
0.9999983750821425
0.9999983768426686
0.9999983476105773
0.9999983547026622
0.9999983368529394
0.9999983470825394
0.9999983296751764
0.9999983394281781
0.9999983268801863
0.9999983260701666
0.9999983149373898
0.9999983104766106
0.999998314115634
0.9999983019568037
0.9999983005374088
0.9999982910348149
0.9999982901076628
0.9999982856636722
0.9999982718596351
0.9999982732223642
0.9999982543692209
0.9999982559438486
0.999998248619712
0.9999982493019968
0.9999982275895619
0.9999982390181976
0.99999822712407
0.9999982165250304
0.9999982204838331
0.999998207186704
0.9999981949845862
0.9999981932814606
0.9999981750078631
0.9999981772615054
0.9999981645539884
0.9999981630481198
0.9999981457496525
0.9999981445630666
0.9999981319785758
0.9999981323722191
0.9999981098538562
0.9999981190564236
0.9999980934207711
0.9999981055417896
0.9999980833674618
0.9999981042739299
0.9999980688672281
0.999998094657287
0.999998053516428
0.9999980683261421
0.9999980495860223
0.9999980456219778
0.9999980430736407
0.9999980339640457
0.9999980356410557
0.9999980271980496
0.9999980151538294
0.9999980195513886
0.9999980173547589
0.9999980092351278
0.999998010934672
0.9999980010628289
0.9999979993780949
0.9999979871825047
0.9999979945903374
0.9999979855126623
0.999997975015395
0.9999979758200855
0.9999979600004194
0.9999979749256606
0.9999979551890972
0.9999979619324612
0.9999979357107934
0.9999979419337394
0.9999979239108335
0.9999979317779365
0.9999979239143758
0.9999979405760778
0.999997905563548
0.9999979274148286
0.9999978913433449
0.9999979163552459
0.999997875181463
0.9999979028382737
0.9999978565947005
0.9999978820438712
0.9999978404687618
0.9999978699573034
0.99999784505009
0.9999978479817071
0.9999978485702532
0.9999978328104555
0.999997853721402
0.9999978183452494
0.9999978417857237
0.9999978077662834
0.9999978400918055
0.9999977946621363
0.9999978145007891
0.99999778138348
0.9999978009880842
0.9999977690166129
0.9999977776176412
0.9999977695131747
0.9999977630890662
0.9999977695939852
0.9999977481587801
0.999997768069285
0.9999977364311551
0.9999977577542914
0.9999977235638281
0.9999977362246631
0.9999977027463036
0.9999977206668524
0.9999976897245549
0.999997718561927
0.9999976879436053
0.9999977036864767
0.9999976782099345
0.9999976999995572
0.9999976597044256
0.9999976966962492
0.9999976589905546
0.9999976788643944
0.9999976484658961
0.9999976583944145
0.9999976348371398
0.9999976402610206
0.9999976316866086
0.9999976138061578
0.9999976261194092
0.9999975989462888
0.9999976253770704
0.9999975901836625
0.9999976122393001
0.9999975814786232
0.9999976207994065
0.9999975823666243
0.9999976126404746
0.9999975760539676
0.9999976059376682
0.9999975767149276
0.9999975974161146
0.9999975698744026
0.9999975833572691
0.9999975593731113
0.9999975688109997
0.9999975505161088
0.9999975514305375
0.9999975438091728
0.9999975359446924
0.9999975274489228
0.9999975223876852
0.999997523374135
0.999997509237522
0.9999975045858964
0.9999974965751048
0.9999975089176214
0.9999974910546702
0.9999975137416358
0.9999974714090295
0.999997489319098
0.9999974587498561
0.9999974805883897
0.9999974551019525
0.9999974618527168
0.9999974511774445
0.9999974436168526
0.9999974544755083
0.9999974185355945
0.9999974581013146
0.999997410296306
0.9999974381673022
0.9999974067320702
0.9999974280506897
0.9999973967024699
0.9999974064240689
0.9999973808705827
0.9999974002565786
0.9999973808694345
0.9999973880807409
0.999997377744768
0.9999973638194434
0.9999973832695526
0.9999973482156215
0.9999973580692896
0.9999973336617449
0.9999973549787081
0.9999973227355474
0.999997353301535
0.9999973133529991
0.9999973423478548
0.9999973068512996
0.9999973373011449
0.9999972978708441
0.9999973058372043
0.9999973123289732
0.999997293836039
0.99999731799906
0.9999972700797202
0.9999972963360084
0.9999972401645952
0.9999972898962906
0.9999972356081195
0.9999972880885283
0.9999972255310386
0.9999972748509105
0.9999972103906738
0.9999972487471478
