0.9999996245897206
0.9999991625250177
0.999998360025732
0.999998037085371
0.9999985977010923
0.9999992691964981
0.9999991091357848
0.9999983765009021
0.9999978513542653
0.9999981633130834
0.9999988726702888
0.9999989600675128
0.9999983357035268
0.9999977930212007
0.9999978975015482
0.9999984870076153
0.9999987517632151
0.9999982933007109
0.9999977180406514
0.9999976741560772
0.9999981242143934
0.9999984923790598
0.9999982122673404
0.9999976582514613
0.9999974568434468
0.9999978075442264
0.9999982303407333
0.9999980783583969
0.9999975925438622
0.9999973072365503
0.9999974814485633
0.9999978925453079
0.9999979007436077
0.9999975441702791
0.9999972520175121
0.9999972619118406
0.9999975604817678
0.9999976535574552
0.9999974425752473
0.9999971846406325
0.9999971224355529
0.9999973872016289
0.9999975067575047
0.9999973288473849
0.9999970610178756
0.9999969402009337
0.9999971841711678
0.9999973445451529
0.9999971769192626
0.9999969346248372
0.9999967550541999
0.9999968774446937
0.9999970922318353
0.9999970403849628
0.9999967876691142
0.9999966021126424
0.9999966555131989
0.9999968281355203
0.9999967968664101
0.9999965764197424
0.9999964211748908
0.9999964643039418
0.9999965724631145
0.9999965577118003
0.9999963973606928
0.9999962763278288
0.9999962775387445
0.9999963409108816
0.999996384141798
0.9999962768677215
0.9999960989695461
0.9999959880344489
0.9999959842917618
0.9999960993419849
0.9999960822002593
0.9999959335545473
0.9999957566461719
0.9999956897990095
0.9999958367948453
0.9999958807064376
0.9999957117079169
0.9999955274160329
0.9999954886479444
0.9999955842350997
0.9999956194742906
0.9999955247528064
0.999995376018649
0.9999952535966339
0.999995277165354
0.9999952882699206
0.9999952753459372
0.9999952017939105
0.999995067185242
0.999995058385815
0.999995074554343
0.9999950899837686
0.9999950221779591
0.9999948592909901
0.9999947935128614
0.9999948903914795
0.9999949049747592
0.9999948088846591
0.9999946593307503
0.9999946352119843
0.9999946622185942
0.999994680666979
0.9999946161539749
0.999994453637558
0.9999943565773542
0.9999944381553383
0.9999945123035759
0.9999944651581721
0.9999943158519833
0.9999941769230393
0.9999942349419874
0.9999943820134299
0.9999944178187101
0.9999942085050869
0.9999939843697806
0.9999939694511235
0.9999941269845257
0.9999942281064669
0.999994134980591
0.9999939330504732
0.9999938060670688
0.999993876855908
0.9999940085400857
0.9999939813267997
0.9999937201878446
0.9999934793862753
0.9999935074213714
0.9999937499939457
0.99999384116882
0.9999935987065375
0.9999933440041295
0.9999932755298455
0.9999934180773714
0.9999935966164918
0.999993464107586
0.9999932044276507
0.999993064678645
0.9999931383230494
0.9999932980310384
0.9999933102934967
0.99999311257218
0.9999928819657707
0.9999929160913305
0.9999930766463025
0.9999931763884773
0.9999929859610274
0.9999927112582407
0.999992700629499
0.9999929219293829
0.9999929947310284
0.9999928088486023
0.9999925660143809
0.9999924906143379
0.9999926266546644
0.9999926956704969
0.9999925724028376
0.9999923590192618
0.9999923240644627
0.9999924417799949
0.9999924867636267
0.9999924049808867
0.9999922897725261
0.9999922507822273
0.999992273175466
0.9999922847949317
0.9999922451871989
0.999992131240056
0.9999920676773769
0.9999920741324126
0.9999920840558676
0.9999920856168971
0.9999920367943249
0.9999919132266069
0.99999185347934
0.9999918746681067
0.9999918913469138
0.9999919061707117
0.9999918472342278
0.9999917417346589
0.9999917976606955
0.9999918204177903
0.9999917625386385
0.999991673033264
0.9999914732669667
0.9999914731645018
0.9999915504931287
0.9999915614935638
0.999991518344982
0.9999914182211201
0.9999913635531017
0.999991322196284
0.9999912721210371
0.9999912449110548
0.9999911917883231
0.9999912384088718
0.9999912540811855
0.9999911670528274
0.9999910639532533
0.9999909703969819
0.9999910180106114
0.9999910587478555
0.9999909334058584
0.9999908669038851
0.9999908111422036
0.9999907614032653
0.9999908327407242
0.9999907923251015
0.9999906866076765
0.9999906292994613
0.9999905816658815
0.9999906512976893
0.9999906448407381
0.999990582889754
0.999990540116739
0.9999904857541897
0.9999904528295184
0.9999904290819005
0.9999903991852923
0.9999902928163595
0.9999901984969869
0.9999901694889687
0.9999902408099823
0.9999902269398168
0.9999901130952262
0.9999899823700833
0.9999899438501287
0.9999900128395446
0.9999900611428648
0.9999900153015768
0.9999899243589375
0.9999898401961858
0.999989866671702
0.9999898561586107
0.9999897739059924
0.9999897046323064
0.9999896555894955
0.9999897386864506
0.9999897742257671
0.999989597480953
0.9999894269479267
0.9999893354017839
0.9999895461575247
0.9999896768856336
0.9999895129992609
0.999989322788298
0.9999892199508637
0.999989278012724
0.9999893085133441
0.9999891429292886
0.9999890458477219
0.9999889940693047
0.9999890277919065
0.9999890626613132
0.9999889718115386
0.9999889063672631
0.9999888750590906
0.9999888346407909
0.9999888364913216
0.9999887521896695
0.9999886482644615
0.9999886391794603
0.9999887186620173
0.9999887077690487
0.9999886334287738
0.9999885441287145
0.9999885135379498
0.9999885793270783
0.9999886651527423
0.9999886039012862
0.9999884277690381
0.9999882752680551
0.9999882784102664
0.9999885260581668
0.9999885886636886
0.9999883703601673
0.9999880608610723
0.9999879980164085
0.9999882216499278
0.9999883531177678
0.9999881939289414
0.9999879146315193
0.9999877216771506
0.9999878162961894
0.999988093012136
0.9999881362321852
0.9999878717372486
0.9999874981811555
0.9999875134228502
0.999987899130903
0.9999880004276127
0.9999877613543323
0.9999874089910431
0.9999873191347668
0.9999875915787978
0.9999877892635177
0.9999876761721489
0.9999874028323938
0.9999872518747766
0.9999873429005993
0.999987461483269
0.9999873876969492
0.9999871728398105
0.9999869043259
0.9999869037915703
0.9999870815582197
0.9999871293746512
0.9999870085348985
0.999986731480222
0.9999866756279668
0.9999868911244408
0.9999870135532936
0.999986942443546
0.9999866478599221
0.9999864713829202
0.9999866645879047
0.9999868857931328
0.9999868141717922
0.9999864876761885
0.9999863017628308
0.9999864027337655
0.9999865851952812
0.9999865756807959
0.999986326100533
0.9999861399221572
0.9999861625946542
0.99998633495701
0.9999863620728742
0.9999862094137328
0.9999860436056847
0.999986028728137
0.9999862043193691
0.99998626717047
0.9999860700939217
0.9999857542203836
0.9999856105599225
0.999985749419788
0.9999859375334835
0.9999859883535622
0.999985671287495
0.9999854002407262
0.9999855651246121
0.9999857956276894
0.9999858267444074
0.9999856522191842
0.9999853296970943
0.9999852263629161
0.9999853800295986
0.9999855576475093
0.9999855295273629
0.9999851785485816
0.9999849125137047
0.9999849982151535
0.9999852229781574
0.9999853283221806
0.9999851208368105
0.9999847837287259
0.9999847055180272
0.9999848470779156
0.9999850863423673
0.9999850356770346
0.9999847195720528
0.9999844469516744
0.9999844719138624
0.9999848288141188
0.9999850034814098
0.9999847407486011
0.9999843990600823
0.9999843010331387
0.9999845066197786
0.9999847407681469
0.9999846987835203
0.9999844517059533
0.9999842678858519
0.9999843629338272
0.9999844920321519
0.9999844318948494
0.9999841642180967
0.9999839982634122
0.9999841346160484
0.9999842622105424
0.9999841616661405
0.9999839744946666
0.9999838315940749
0.9999838303145051
0.9999839508753049
0.9999838999392838
0.9999837839339597
0.9999836745006349
0.9999836435458952
0.9999837006734561
0.9999836664405997
0.9999835962626766
0.999983518618515
0.9999835308669932
0.9999835557093516
0.9999834864642643
0.9999834261959587
0.9999833839822454
0.9999833475690297
0.9999833437924555
0.9999833994603723
0.9999834574950671
0.9999834120814975
0.9999831925219074
0.9999830728247572
0.9999832309152312
0.9999833201362064
0.9999831695763517
0.9999829759847989
0.9999828608663127
0.999982963100387
0.9999830487194322
0.9999829400270263
0.9999828131714966
0.9999826790932514
0.999982716221412
0.9999827787629076
0.9999827271912549
0.9999825817311776
0.9999824588782504
0.9999825027585326
0.9999825578102735
0.9999824896335381
0.9999823785880689
0.9999822526190784
0.9999822541771742
0.9999823680060924
0.9999824103966035
0.9999822513043414
0.9999819789185039
0.9999819031036858
0.9999820544909723
0.9999822043577984
0.9999821617335939
0.9999818754128789
0.9999817099487085
0.9999818589745204
0.9999820964758926
0.9999820402154102
0.9999816594286454
0.9999813174461399
0.9999814893920913
0.9999818523358426
0.9999818826952742
0.9999816185587416
0.9999812838396289
0.9999811947999114
0.9999814834867027
0.9999817098887325
0.9999815357209356
0.9999810541197947
0.9999808280862915
0.9999812246308333
0.9999816697780682
0.9999815167040503
0.9999809443285722
0.999980560084277
0.9999809067306558
0.9999814097486057
0.999981418869108
0.9999809236748513
0.9999804694083317
0.9999805029061835
0.9999809401500868
0.9999810861780096
0.9999807609097525
0.9999804024694391
0.9999804112353831
0.9999807650171957
0.9999809472164302
0.9999806666291124
0.9999803212925639
0.9999802976224785
0.9999805375077947
0.9999807698820944
0.999980515025133
0.999980150028238
0.9999800773510945
0.9999802058344408
0.9999804880666845
0.9999804669971516
0.9999801240239484
0.9999797510455934
0.9999797906261298
0.9999800819834945
0.9999801383410191
0.9999799112363413
0.9999796186884751
0.9999795881534148
0.9999798487914281
0.9999799276453847
0.9999797090974137
0.999979350240618
0.9999792246435286
0.9999795480618272
0.9999797479624337
