0.9999945238748359
0.9999940433114175
0.9999925429539156
0.9999901424379771
0.9999870354465646
0.9999834560489586
0.9999796637957299
0.9999760201894817
0.9999728508315868
0.9999703729493923
0.9999688123144563
0.9999682296749007
0.9999684894354405
0.999969402859173
0.9999708900039314
0.9999726599235559
0.999974435349364
0.999976040832633
0.999977290448395
0.9999780963912303
0.9999782717678775
0.9999777956948912
0.9999767321301817
0.9999752083373469
0.9999733568854638
0.9999712491428687
0.999968908838701
0.9999664916080006
0.9999642032435554
0.9999623030823274
0.9999609008985268
0.9999600996003309
0.9999599439877419
0.999960357580546
0.9999611955558206
0.9999623459056741
0.9999636053283598
0.9999647243584069
0.9999655499025742
0.9999659855360177
0.9999660166123834
0.9999655461082145
0.9999645612482917
0.9999630769369612
0.9999612810285257
0.9999593167775038
0.9999572656116515
0.9999552355289295
0.9999533490992792
0.9999517440131808
0.999950477997663
0.9999495607201442
0.9999491459577321
0.999949183587547
0.9999496436765128
0.9999503148310989
0.9999510136579732
0.9999515485863625
0.9999518272293081
0.9999517663265208
0.9999513529893611
0.9999507244000969
0.9999498679808733
0.9999488116467503
0.9999477119640826
0.9999465404807248
0.9999453371813215
0.999944158194861
0.9999429825039596
0.9999418990016836
0.9999409774496645
0.9999402389596963
0.9999397442655305
0.999939420371209
0.9999392392926745
0.999939184376926
0.9999391464815334
0.9999390571271948
0.9999390638412777
0.9999390613617865
0.9999388902710976
0.9999384696314134
0.9999378316148599
0.9999369437738815
0.9999358744110224
0.9999346491992294
0.9999333504283502
0.9999321665158459
0.9999312374437391
0.99993049192748
0.9999300077293931
0.9999297016074027
0.999929590566286
0.9999293470585187
0.999929124371201
0.9999288882386471
0.9999286460729286
0.9999284799368793
0.9999282349825432
0.999928013314424
0.9999277753408957
0.9999275491377593
0.9999271905058276
0.9999265244607644
0.9999255667250438
0.9999244554180455
0.9999233221416022
0.9999223147220005
0.9999216350552373
0.9999211928702197
0.9999210080907616
0.999920991436229
0.9999209573775911
0.9999208158936861
0.9999205795894582
0.999920322016921
0.999920107913527
0.9999198705615631
0.9999195633309188
0.9999192106088819
0.9999187175726554
0.9999179288493033
0.9999168914026797
0.9999156161741255
0.999914076975978
0.9999125960953169
0.9999112947642337
0.9999104076091742
0.9999099711204152
0.9999099004397398
0.9999099343096478
0.999909966536156
0.999910014982323
0.9999098624293588
0.9999094608849817
0.9999089820512738
0.9999084974659816
0.9999081701610776
0.9999078186731502
0.9999075095986387
0.9999070864667768
0.9999063557383775
0.9999053219935714
0.9999043013762546
0.9999033155193512
0.9999023732187795
0.9999016361900321
0.9999010861756038
0.9999007121493784
0.999900385430184
0.9999002261470815
0.9999002044485614
0.9999001500688912
0.9998999718357048
0.9998995574633959
0.9998990717947395
0.9998984772458179
0.9998978132294655
0.9998970777590559
0.9998962242473577
0.9998953793314257
0.9998946064546719
0.99989389605521
0.9998935141685068
0.9998933272823162
0.9998929195169978
0.9998924160419996
0.9998919042370271
0.9998913210870091
0.9998907234866048
0.9998900864910105
0.9998893217070202
0.9998885944160008
0.9998878590852733
0.9998870301318921
0.9998863508849525
0.9998857414064494
0.9998851342007206
0.9998843794467138
0.9998834907010928
0.9998826946042418
0.9998819925499128
0.9998813999840842
0.9998809365545815
0.9998805378073199
0.9998800575262379
0.9998796750473977
0.9998793758417032
0.9998787441924009
0.9998779403546855
0.9998770517679533
0.9998761605212796
0.9998752292077087
0.9998744297854916
0.9998739348855582
0.9998735403433144
0.9998731649288122
0.9998727378275684
0.999872390037079
0.9998720856978607
0.9998716984733029
0.9998713528903986
0.9998710268877483
0.9998706830222345
0.9998702656040518
0.9998697062905263
0.9998691975121686
0.9998686324832933
0.9998681838849319
0.9998677636236598
0.9998673503950597
0.9998669084130722
0.9998662615303413
0.9998654237574262
0.9998643199839199
0.9998629932309637
0.9998617460206918
0.9998605499168655
0.999859707039013
0.9998592390504554
0.9998590333112295
0.9998587961836718
0.9998584679749396
0.9998580326550519
0.9998575099281395
0.999856950264474
0.9998564905472113
0.9998559511056561
0.9998554305614042
0.9998549909160191
0.9998546434246434
0.9998540449235966
0.9998533257592562
0.999852588759322
0.9998515841993669
0.9998505068467057
0.9998493784433695
0.9998483044301839
0.9998475415828586
0.9998470390821095
0.9998468002565369
0.9998466673974254
0.9998464709517089
0.9998462661137312
0.9998461951004466
0.9998459438040328
0.9998456800897102
0.9998456446734338
0.9998456779716803
0.9998454907249316
0.9998449675529834
0.9998442511882166
0.9998435436739428
0.9998426235678475
0.9998415887337615
0.9998404114182032
0.9998391419574462
0.9998379924323294
0.9998370484925362
0.9998364262131799
0.9998358002151673
0.9998351331116551
0.9998344973905031
0.9998340086469469
0.999833832951063
0.9998335629025744
0.999833257657805
0.9998330658138259
0.9998327924196829
0.9998322787858628
0.9998317940600046
0.9998314668901461
0.9998311573144756
0.9998307899940105
0.9998304264491306
0.999830056734078
0.9998296682979952
0.9998290354780432
0.9998284358579493
0.9998278063487904
0.999827188133248
0.9998266884170623
0.9998264654367016
0.9998264785640922
0.999826389380065
0.9998260810591467
0.9998255427663858
0.9998247420212695
0.9998238387507085
0.9998230313176608
0.9998221822957175
0.9998212489637182
0.9998202970736134
0.9998192742557347
0.999818136854319
0.9998169078212512
0.9998156007285431
0.9998143550293874
0.9998130527452138
0.9998119732349582
0.9998112130165919
0.9998105916921312
0.9998101908660058
0.9998098291041592
0.9998096580528593
0.9998095021749006
0.9998093775964927
0.9998091659866136
0.9998090199953985
0.9998089011244542
0.9998090545063104
0.9998094240931293
0.9998096207748984
0.9998096285471445
0.9998095726053868
0.9998093091223431
0.9998089427146667
0.9998084743418729
0.9998078998590423
0.9998072078631421
0.9998062687042093
0.999805018115241
0.9998036499574914
0.9998022449057473
0.9998010271132564
0.9998001285764735
0.99979948526935
0.9997991636534307
0.9997991153445128
0.9997992222561267
0.9997993117070656
0.9997994470726508
0.9997998516480029
0.9998001549163623
0.9998001888905236
0.9998000415125509
0.999799763647054
0.9997991820580674
0.9997983001336022
0.9997972861878954
0.9997961781920099
0.9997948755478894
0.9997934839662395
0.9997919749181714
0.9997904176897879
0.9997888278783106
0.9997873508104709
0.999786212684356
0.9997853494897082
0.9997848510585581
0.999784624274863
0.9997846781956261
0.9997849504112352
0.9997852011524411
0.9997853625029278
0.9997856075086237
0.9997857881011709
0.99978579845967
0.9997854032616849
0.9997847275609152
0.9997837129508668
0.999782285510029
0.999780601122847
0.9997787853372702
0.9997770806100189
0.9997757440037474
0.9997749993081972
0.9997747312354804
0.9997749045534782
0.9997750989964947
0.9997752246818892
0.9997753083026828
0.999775341996231
0.9997751159596763
0.9997746679716489
0.9997740372253798
0.9997732516301335
0.9997722152425251
0.999770848808984
0.9997694011807383
0.999767766938869
0.9997664730317981
0.9997653916427044
0.999764353216325
0.9997635766253541
0.9997633386002664
0.9997632602354071
0.9997632580691342
0.9997630982847616
0.9997628784934846
0.9997625308444482
0.99976201657664
0.9997612702078993
0.9997603507466565
0.9997594579272618
0.9997584554124845
0.9997575004634445
0.999756480589882
0.9997554508918995
0.9997544769193322
0.9997536855136585
0.9997530876045811
0.9997528187722636
0.9997526922032851
0.999752607607437
0.999752400739348
0.9997522696282384
0.9997521201228123
0.9997519508281799
0.9997517613296828
0.9997514222524886
0.9997509590878024
0.99975049367084
0.9997500536944864
0.9997492491669127
0.9997478671968384
0.9997460037707256
0.9997442123754607
0.9997427312532298
0.9997415971142155
0.9997406847843069
0.9997398872407309
0.9997393419704313
0.9997389379538911
0.9997387158905917
0.9997388388913175
0.9997391535945717
0.9997395198902573
0.9997399815555422
0.9997405545245951
0.9997409430886539
0.9997411130130232
0.9997406463994336
0.9997396052952178
0.9997381310423842
0.9997362785893538
0.9997342710458751
0.9997321521569549
0.9997302372603482
0.9997285346575255
0.9997270934682815
0.9997258805698798
0.9997248667131802
0.9997242756369691
0.9997239371266387
0.9997239802310803
0.9997242539643227
0.9997247741941604
0.9997253452564885
0.9997257442066289
0.999725908810912
0.9997259276479686
0.9997256308825945
0.9997251379950158
0.9997244695942984
0.9997236383691988
0.9997225779079275
0.9997213324928172
0.9997199720428224
0.9997186023203021
0.9997172674040531
0.9997159236133885
0.999714532685807
0.9997132904293248
0.9997124584417812
0.9997118317289616
0.9997117361810534
0.9997116592562633
0.9997117345501014
0.9997118538167251
0.9997117633580733
0.9997114368449507
0.9997110381777236
0.9997106559439082
0.9997101083782662
0.9997091622548296
0.9997080149845291
0.9997068604273294
0.9997058074260149
0.9997047306937351
0.9997035510208525
0.9997020868005074
0.9997005794638522
0.9996993526139415
0.9996983686169337
0.999697634716205
0.9996969333278266
0.9996966478114591
0.9996968244393176
0.9996973842198592
0.9996981540489128
0.9996990343816282
0.9996996847896877
0.999700149274958
0.9997003244433135
0.999700094820607
0.999699614179239
0.9996988554874019
0.9996977062719097
0.9996964891705269
