0.9999994017611226
0.999998927958241
0.9999978299989079
0.9999969841890136
0.9999970334918644
0.9999978129395954
0.9999985997941595
0.9999987306648361
0.9999980876741327
0.9999971745723635
0.9999967167894286
0.9999969632140435
0.9999976332102994
0.999998171268346
0.9999980273305918
0.9999973051981252
0.9999966165271081
0.9999963995012127
0.9999967467387361
0.9999973542557522
0.9999976744943838
0.9999973621830397
0.9999966697083621
0.999996103118897
0.9999960592284646
0.9999965399698367
0.999997051428133
0.9999971242252066
0.9999966951830752
0.9999960975234533
0.999995711882801
0.9999957940805673
0.9999962813415396
0.9999966491369671
0.9999965059702641
0.9999960544191705
0.9999955834383691
0.9999953069111054
0.999995468321477
0.9999959194502581
0.9999961400131365
0.9999959376995876
0.9999955388021758
0.9999951581193404
0.9999949631564369
0.9999951035326099
0.9999954996114379
0.9999956604966008
0.9999954229556561
0.9999950375311358
0.9999947082881264
0.9999946419682538
0.9999949480410646
0.9999952391923754
0.9999951696957877
0.9999947784048568
0.9999943554797618
0.9999941631398004
0.9999943275894921
0.9999946808722641
0.9999948284675201
0.9999946191525132
0.9999942614610793
0.9999939432813796
0.9999938474544748
0.9999940336386813
0.9999942682637307
0.999994226843498
0.9999939458528826
0.9999936997765303
0.9999935488175
0.9999935190472963
0.9999936512434517
0.9999937441880619
0.9999936175203771
0.9999934069758245
0.9999932956405005
0.9999932047414191
0.9999931775818958
0.9999932338919788
0.9999931541598293
0.9999929558883683
0.9999928092881816
0.9999927659450848
0.9999927580997865
0.999992769183816
0.9999927310181231
0.9999925432215379
0.9999923339397538
0.9999922442050637
0.999992246156902
0.9999922885476907
0.9999923022682835
0.9999921686025163
0.9999919601937268
0.9999917755851458
0.9999916709675621
0.9999917481876961
0.9999918835974807
0.9999918788991019
0.9999917160769192
0.9999915763472418
0.9999913860806988
0.999991266241895
0.9999912904611057
0.999991359545624
0.9999913756433787
0.9999912757917533
0.9999910571884995
0.9999908607429013
0.9999907902500472
0.9999908468634432
0.999990941587047
0.9999910334953476
0.9999909953145941
0.9999908392459078
0.999990600064647
0.999990468021323
0.9999905449151113
0.9999906651781227
0.9999906143205712
0.9999904317125736
0.9999902676670356
0.9999901144577392
0.9999900406771675
0.9999900990942695
0.9999901506862301
0.9999901090489144
0.999990106424443
0.9999900688619514
0.9999899062462065
0.999989756086395
0.999989703460838
0.9999897274874002
0.9999897594823178
0.9999897397771843
0.9999895981196179
0.9999894017315082
0.9999892188269426
0.9999890564822421
0.9999889933500438
0.9999890947578847
0.9999891720688296
0.9999891629829276
0.999989054856262
0.9999888278134615
0.9999885707852181
0.9999885270666633
0.9999887286708785
0.9999887979395115
0.9999887185850718
0.999988568792808
0.9999883265889631
0.9999881176345785
0.9999881695078952
0.9999883296184965
0.9999883476387977
0.9999882224119921
0.999988025342296
0.9999877914848172
0.9999877320763955
0.9999878869880146
0.9999880509644318
0.9999880652028864
0.9999879742274018
0.9999877599097257
0.9999875243766043
0.9999873975103206
0.99998750501984
0.9999876666523956
0.9999876943475962
0.9999875047934709
0.9999872279195736
0.9999870836517107
0.9999870320592834
0.9999870366909029
0.999987084361406
0.9999870609428326
0.9999868621707271
0.9999867034350093
0.9999867155602997
0.9999868121953053
0.99998684408326
0.9999867069007212
0.9999863893303369
0.999986112360278
0.9999860665104858
0.9999862134435487
0.9999863740792296
0.9999863380827059
0.9999861137191407
0.9999858567353694
0.9999856659458132
0.9999856748734594
0.9999857481203379
0.9999857506675154
0.9999856927083212
0.9999855371106388
0.9999853688871015
0.999985364732358
0.9999854303923876
0.9999852851754645
0.9999850841073287
0.9999849685090128
0.9999848082681722
0.999984776446921
0.9999848657787334
0.9999848258300056
0.9999847638767166
0.9999847026085968
0.9999845800624468
0.9999843745282367
0.9999842798052636
0.9999844289213952
0.9999845083385921
0.9999843601508472
0.9999841221690828
0.999983981404601
0.9999839467035311
0.9999839416411801
0.9999838667865687
0.999983815832061
0.9999838797326603
0.9999838505026463
0.9999837087066478
0.9999836035523461
0.9999834592234619
0.9999833273378578
0.9999833180557086
0.9999833810242742
0.9999833704026386
0.999983265414633
0.9999831176334055
0.9999829110884595
0.9999827354841226
0.999982696089419
0.9999828518875167
0.9999829023121726
0.9999828217837556
0.9999827612598453
0.9999826341888366
0.9999825179799712
0.9999825117615647
0.9999824247010632
0.9999822765141392
0.9999822975049468
0.999982413059291
0.9999824096788813
0.9999822357352609
0.9999819875998281
0.9999818189783007
0.9999817937830388
0.9999819229563466
0.9999819858380371
0.9999818480418349
0.9999815219985239
0.9999812263035711
0.9999811822110457
0.9999814188124906
0.9999816659575853
0.9999816941662836
0.999981507995236
0.9999811874842319
0.9999810259429268
0.9999810382317199
0.9999810916043262
0.9999810762807531
0.9999809463341242
0.9999808113792712
0.9999807777735479
0.9999808094696852
0.9999808695068912
0.9999808275931591
0.9999807113728524
0.999980632305998
0.9999805406842589
0.9999805220938939
0.9999804584636076
0.9999803452528512
0.9999802823608821
0.999980211774763
0.9999802161317459
0.9999802719117228
0.9999802869850868
0.9999801413709751
0.9999798825118897
0.9999796952337155
0.9999797235112425
0.9999799072592079
0.9999800747557098
0.9999800553894296
0.9999797402208062
0.9999794003169254
0.9999792618933955
0.9999792644958918
0.999979329716735
0.9999794164766435
0.9999793928204863
0.9999791816649696
0.9999789313674525
0.9999786654488256
0.9999785227310947
0.9999786480926582
0.999978827666365
0.9999788464925632
0.9999787029416827
0.9999784192819128
0.9999780990532052
0.9999779979724307
0.9999781963194272
0.9999783640228206
0.9999783114065904
0.9999780809347968
0.9999778019648335
0.9999776414556175
0.9999777138198318
0.9999779389950657
0.9999778857402144
0.9999775533819751
0.9999772696772848
0.9999771323775358
0.9999770990761244
0.9999772444294136
0.9999774195984136
0.9999773925098654
0.9999771281886392
0.9999769906130785
0.9999769442340787
0.9999769780314545
0.999977021442273
0.9999769232652753
0.9999766900891108
0.9999765786272914
0.9999765759354553
0.9999765686104695
0.9999765722879461
0.9999765832611788
0.9999764932861196
0.9999762082903053
0.9999758932368232
0.9999757266938525
0.9999759194713066
0.9999761517729839
0.9999761626619003
0.9999758489167683
0.9999755058146823
0.9999752653231101
0.9999752280235407
0.9999754772437597
0.9999757153875297
0.9999756455650813
0.9999754368005273
0.9999753131265631
0.9999752500558831
0.9999752149042247
0.9999751660070918
0.9999750752076466
0.9999748724735033
0.9999747350257743
0.9999747063150217
0.9999747045958169
0.9999746670330595
0.9999744910267845
0.9999742262909475
0.999974118002883
0.9999742183180194
0.9999743172083334
0.9999743446201862
0.9999742234973218
0.9999739132981545
0.9999736158781113
0.9999735606657775
0.9999737014360467
0.9999737792386534
0.9999736398082132
0.9999733923181108
0.9999731797963586
0.9999731261872966
0.9999730736303004
0.9999730043456138
0.9999730315389674
0.9999731552554775
0.9999731435509446
0.9999730149668373
0.9999727315005682
0.9999725180228094
0.9999725696555002
0.9999727094592994
0.9999727727722092
0.9999726690918792
0.999972521941785
0.9999723152664258
0.999972226931948
0.9999723044505652
0.9999723224414274
0.9999722112521697
0.9999720648847571
0.9999718986782081
0.9999718065154615
0.9999719256870617
0.9999721264858447
0.9999720529217506
0.9999717693970014
0.9999714695792111
0.9999712736688493
0.9999713067286747
0.999971577089718
0.9999716322238459
0.9999713622547699
0.9999711081557486
0.9999708688536715
0.9999708710818312
0.9999710815726718
0.999971227564354
0.9999711226411138
0.9999707488125468
0.999970297853887
0.9999701351386563
0.9999703863057613
0.9999706615271609
0.9999706758271072
0.9999704440406717
0.9999701089503421
0.9999699396813281
0.9999700042395374
0.9999701896189009
0.9999701588669891
0.9999698986110648
0.9999697184799259
0.9999696434120878
0.9999696115765051
0.999969766181398
0.9999698664724832
0.9999696503340748
0.9999692314845721
0.9999689763671984
0.9999690366100061
0.9999693236455913
0.9999695863621906
0.9999695453696442
0.9999691215532653
0.9999686867602077
0.9999685188757409
0.9999686162378482
0.9999688718452991
0.9999690324098078
0.999968911996393
0.9999684404512037
0.9999681636133276
0.999968221094597
0.9999684894415529
0.9999688880614849
0.9999689458733287
0.9999685139505158
0.9999679709086032
0.9999676913391813
0.9999678103940403
0.9999681760969301
0.9999685223806821
0.9999685181049549
0.9999681805193683
0.9999678588604984
0.9999677478740406
0.9999677923672592
0.9999679264494737
0.9999679144942589
0.9999677010708609
0.999967520669603
0.9999674068502652
0.9999673193877935
0.99996733254373
0.9999673702110105
0.9999672120395922
0.9999669180216856
0.9999666157651449
0.9999664879692605
0.9999666018282685
0.999966935238918
0.9999670402732123
0.9999666614989942
0.9999661791086946
0.999965859273115
0.9999659237158696
0.9999662361458518
0.9999664795325737
0.9999664166225681
0.9999660620334507
0.9999656964272499
0.9999655526332741
0.9999656056838032
0.9999657842352504
0.9999659378574539
0.9999657573173226
0.9999653617871103
0.9999649940272113
0.9999649351383848
0.999965117388399
0.9999654108852236
0.9999655909003136
0.9999653549221045
