0.9999983362547916
0.9999978174497183
0.9999964129591278
0.9999945398267198
0.9999927599562113
0.9999915680730843
0.9999912341687895
0.9999916859368412
0.9999927122047731
0.9999939665791564
0.9999950236821271
0.9999954873041925
0.9999951301136849
0.9999940560476192
0.9999925433974444
0.9999910910017615
0.9999901027397078
0.9999897730079033
0.9999901482592034
0.9999909721242277
0.9999919161932986
0.9999925991939032
0.9999927678507896
0.9999923451801639
0.9999915187296463
0.999990457779913
0.9999894486445833
0.9999887299350328
0.9999883859428685
0.9999884539092871
0.9999889537450725
0.9999896529292069
0.9999902271826994
0.9999904122878467
0.9999901073845943
0.99998948192173
0.9999886770924495
0.9999878298557513
0.9999871287735801
0.999986741681022
0.999986772608366
0.9999871383352732
0.9999876516321268
0.9999881085796166
0.9999882525604493
0.9999880919611204
0.9999877285151588
0.9999871847481121
0.9999864214681494
0.999985600281183
0.9999849666106294
0.9999847277288899
0.9999848810904367
0.9999852804344653
0.9999856444126927
0.9999858025783327
0.9999857472079566
0.9999854940765195
0.9999850442107872
0.9999844713880018
0.9999838109635525
0.9999832631573564
0.9999829823179472
0.9999829297965629
0.9999829897039798
0.9999830848665454
0.9999831930887588
0.9999833172311254
0.9999832943365461
0.9999830738301227
0.9999827637018841
0.9999823331076406
0.9999818701213518
0.999981479706362
0.9999812558211563
0.999981235212488
0.9999814261392728
0.999981573508974
0.9999815856889358
0.9999813884974391
0.999981088143458
0.999980687811808
0.9999801930139581
0.999979731321541
0.9999793761830428
0.9999791357038633
0.9999790057820827
0.9999791278005765
0.9999794241528805
0.9999797181884309
0.999979762326734
0.9999794654195463
0.9999789060435084
0.9999782653450072
0.9999777112132862
0.9999773718652324
0.9999772416644838
0.9999773129783327
0.99997753049097
0.9999777678694663
0.9999780164903167
0.9999781145459157
0.9999779673889234
0.9999774683001311
0.999976746274522
0.9999761114499347
0.9999757704275637
0.9999756241265548
0.9999756077919398
0.999975653658625
0.9999756932713468
0.9999756367064864
0.9999754831589273
0.9999752597472076
0.9999751100136626
0.9999749880817895
0.9999748054022473
0.9999745027006979
0.9999741292557026
0.9999738462397201
0.9999738479666938
0.9999739805434422
0.9999740174551813
0.9999739175591345
0.9999737291274721
0.999973363998436
0.9999728894164048
0.9999722950265191
0.9999716602498666
0.9999711954247149
0.9999710174196126
0.9999710390111031
0.999971150171883
0.999971310713515
0.999971381556397
0.9999713233220641
0.9999712526364011
0.9999710741010567
0.9999708106203306
0.9999704627043499
0.999970048978241
0.9999696937971811
0.9999694665795531
0.9999693700495143
0.9999693524378928
0.9999694141768309
0.9999695344110217
0.9999695626467267
0.9999693095150118
0.9999688530551731
0.999968313141539
0.9999678994874327
0.9999675294952484
0.999967347308271
0.9999674121786992
0.9999675752043912
0.9999676538188577
0.9999676014984533
0.9999675246879559
0.9999673720267256
0.9999670742879355
0.9999665938913178
0.9999661471829054
0.9999655646954221
0.99996508192022
0.9999648725351481
0.9999649455727756
0.9999650606488041
0.9999650954674458
0.9999650715948314
0.9999649529565118
0.9999646897903783
0.999964302833821
0.999963879808364
0.9999635274741973
0.9999633281531042
0.9999632127757132
0.9999630759064769
0.9999629729690197
0.9999628430282222
0.999962680572533
0.9999625095498634
0.9999623721950276
0.9999622231701956
0.9999620129916298
0.9999617337838417
0.9999615066143235
0.9999614389449009
0.999961521322712
0.9999615961358608
0.9999615395817708
0.9999612772430782
0.9999609809176122
0.9999606291660489
0.9999602224612758
0.9999598410812933
0.9999594832049482
0.9999591514780495
0.999958937743901
0.9999588026260996
0.9999586867449834
0.9999584367073746
0.99995802667069
0.9999575101121077
0.9999571818009342
0.9999572073914167
0.9999574090154857
0.9999575179830709
0.9999574557082582
0.9999572290192266
0.9999568948797618
0.9999565246263021
0.9999560411534408
0.9999555671208994
0.9999551391030457
0.9999548648607419
0.9999548383366317
0.9999549200747039
0.9999550910336346
0.9999551223607392
0.9999549900101374
0.9999546309415595
0.9999541876212988
0.999953753789128
0.9999534404293503
0.9999534521795141
0.9999536234393148
0.9999537558444048
0.9999538470200343
0.9999537055636439
0.9999533889611714
0.9999529343563598
0.999952443954942
0.9999518860863549
0.9999514453243304
0.9999511704672517
0.9999511026527246
0.9999511918015545
0.9999512537943296
0.9999511599295519
0.999951019724871
0.9999508616772549
0.9999507082193233
0.9999504662439336
0.9999501590856931
0.9999498327535316
0.9999495368372694
0.9999494507475669
0.99994940041802
0.9999494429960846
0.999949570980472
0.9999495754226018
0.9999493674003138
0.9999488845781832
0.9999482891978778
0.9999477152062181
0.999947314140252
0.999947118609742
0.9999470258871508
0.9999470025146879
0.999946947212618
0.9999467881835918
0.9999465373103118
0.9999462558959381
0.9999459694227362
0.9999457636774111
0.9999457848912302
0.9999459237022112
0.9999459796361982
0.9999458819755846
0.9999457371782488
0.9999455568953619
0.9999453108966072
0.9999449484246774
0.9999444656066695
0.9999439887632195
0.9999436664565834
0.9999434914709063
0.999943546237439
0.9999437948673717
0.9999440194050614
0.9999440741703896
0.9999439530822508
0.9999436129597125
0.999943163320036
0.99994263150608
0.9999421651644903
0.9999419696670598
0.999941810097332
0.9999417557308186
0.9999417642461464
0.9999417036697655
0.9999416701730532
0.9999415956673275
0.9999413956405163
0.9999410370017434
0.9999406635211372
0.9999403811061566
0.9999401201332847
0.9999398487504918
0.9999396199575599
0.9999394078212694
0.9999393703202296
0.9999393698171216
0.9999394206055663
0.9999394756501444
0.999939541294399
0.9999395147391691
0.9999392194277229
0.9999387645252927
0.9999382802003685
0.9999377608183572
0.9999372770242873
0.9999370713433394
0.9999369910963287
0.9999371895859551
0.9999374582742832
0.9999376249467492
0.9999376155857765
0.9999372824378463
0.9999366340156248
0.9999359328723507
0.9999353677645517
0.9999351217530404
0.9999351744014728
0.999935406663607
0.9999357121606867
0.9999358755397099
0.9999359167997768
0.9999357145116651
0.999935258071826
0.9999346516274401
0.9999339999418326
0.9999334572512101
0.999933206668884
0.9999332753768561
0.999933550967582
0.9999338300976643
0.9999339704274426
0.9999339947504063
0.9999337429818711
0.9999332043942254
0.9999327273700022
0.9999324461072312
0.9999322527219505
0.9999320515642223
0.9999319993789915
0.999932259885375
0.9999326947744901
0.9999329508858024
0.999932932874152
0.9999326026581518
0.9999320883650852
0.9999314379215597
0.999930820520844
0.9999302874770134
0.99992996981805
0.9999298759693799
0.9999300115691174
0.9999303768314279
0.9999306801984389
0.9999308329013687
0.9999306661790351
0.9999301691659228
0.9999296261174908
0.99992910282331
0.9999285095684961
0.9999279849377629
0.9999278395017172
0.99992801797678
0.9999283240617022
0.9999286419902718
0.9999287609581583
0.9999287358889624
0.9999284715236418
0.9999281906351299
0.9999278011438467
0.9999274408780234
0.9999270834266895
0.9999268125781525
0.9999268124675076
0.9999269964280424
0.999927277852002
0.999927455330274
0.9999275649752817
0.9999274154258373
0.9999271317344419
0.9999268882399723
0.9999265855025093
0.9999263232644663
0.9999261837558244
0.9999261576104124
0.9999261565766119
0.9999261084475929
0.9999260229885687
0.9999259958564306
0.9999260645157877
0.9999259090892009
0.9999254703697099
0.9999249150198876
0.9999245082795718
0.9999242709025747
0.9999241457788962
0.9999242001793816
0.9999242782758421
0.99992414882168
0.9999238857993176
0.9999235227432548
0.9999231773042345
0.999922882573968
0.9999226141842659
0.9999223294954589
0.9999220830379837
0.9999218317624434
0.9999216076811053
0.9999214858209594
0.9999212968029135
0.9999210009665102
0.9999206628234639
0.999920456486923
0.9999203095831721
0.9999202267224346
0.9999202266789546
0.9999202774979302
0.9999201911827689
0.9999198988850149
0.9999194815691914
0.999919118753324
0.9999188757586083
0.9999188984684124
0.9999192004811248
0.9999196256987747
0.9999199787017721
0.9999201347733649
0.9999198777696033
0.9999192656702501
0.9999184779040311
0.9999176570237275
0.9999169679626108
0.9999165484549396
0.9999164884129377
0.999916764755389
0.9999171899762809
0.999917433777218
0.999917341380488
0.999917015525361
0.9999164669938431
0.9999157037541744
0.9999148611838261
0.9999141999344767
0.9999138031739635
0.9999136162276239
0.9999136577736436
0.9999139255278715
0.9999142649242054
0.9999143578610383
0.9999141303545117
0.9999138925094225
0.999913616271022
0.9999132229947417
0.9999125043383353
0.999911791816595
0.9999113686487362
0.9999111589335394
0.999911123904576
0.9999110469159114
0.9999110009940936
0.9999110962147181
0.9999112262582401
0.9999111674070859
0.9999108678391916
0.9999105511437414
0.9999102338560243
0.9999100372281847
0.9999098816311122
0.9999096365087742
0.999909336648665
0.999909002413962
0.999908816179359
0.9999086801959474
0.9999085011708146
0.9999082823708885
0.999908020766232
0.9999076514463916
0.9999073961808095
0.9999072094320919
0.999907049589077
0.9999067432473323
0.9999062071672202
0.9999056919811817
0.9999052358454502
0.9999049510816194
0.9999047678638109
0.9999046560373459
0.9999047548071196
0.9999048080756484
0.9999046692502984
0.9999045038837198
0.9999044504919342
0.9999044364500514
