0.9999997169499599
0.9999992757637465
0.999998620001396
0.9999987029696364
0.9999993733954867
0.9999994367553013
0.9999988281131118
0.9999984564946638
0.9999988523792136
0.9999993188942374
0.9999990342413113
0.9999984705796767
0.9999984614829439
0.9999989713578539
0.999999096673566
0.9999986353247353
0.9999982688629231
0.9999985745375906
0.999998951053835
0.9999987507988235
0.9999982718614501
0.9999982329420067
0.9999986113498299
0.9999987187036048
0.9999983549092356
0.9999980586541002
0.9999982411928701
0.9999985788802026
0.9999984257357364
0.9999980234359745
0.9999979450636396
0.9999982888014475
0.9999984322761475
0.9999981576043282
0.9999978178247657
0.9999979199439498
0.9999982304744445
0.999998239223902
0.9999978637222737
0.9999976883675591
0.9999979334511425
0.9999981585357867
0.9999979939985625
0.9999976417774594
0.9999976434162722
0.9999979231033362
0.9999979685954342
0.9999977000162289
0.9999974428476301
0.9999976198503855
0.9999977908462663
0.9999977045841199
0.9999973941281788
0.9999973313312888
0.9999975577367693
0.9999976504955155
0.9999974882036214
0.9999972200741608
0.9999972844085155
0.999997473347471
0.9999974504534873
0.9999972038361095
0.9999970714208636
0.9999972280609429
0.9999973415628327
0.9999972214935873
0.9999970168299595
0.9999970447011443
0.9999971931953265
0.999997180328239
0.9999969626606124
0.9999968303120909
0.9999969741782502
0.9999970936903337
0.9999969743830163
0.999996760806888
0.9999967552643511
0.9999969010226736
0.9999968737971848
0.9999966918870538
0.9999966161417286
0.999996699736155
0.9999967865799763
0.9999966445827642
0.9999964886987056
0.9999965131915735
0.9999966606112178
0.9999966438412662
0.9999964179072165
0.9999962564324927
0.9999963393709314
0.9999964577706786
0.9999963446511061
0.9999961476506287
0.9999961690132003
0.9999963050041258
0.9999962695766735
0.9999961148233715
0.999996037991585
0.9999960878348052
0.9999962251796787
0.9999961023396973
0.9999958891857471
0.9999958444427495
0.9999960170403985
0.9999960708416222
0.9999959073974989
0.9999957094599332
0.9999957521748951
0.9999959063976827
0.9999958454456921
0.9999956323184782
0.9999955712843765
0.9999956443804388
0.9999957099460676
0.9999955989914187
0.9999954400583866
0.9999954083006621
0.9999954977738881
0.9999955508967131
0.9999953900511365
0.999995322621512
0.9999952853110741
0.9999953190379626
0.9999953320204523
0.999995252125619
0.9999952535893345
0.9999951643249151
0.9999951577169419
0.9999950776748903
0.9999950540042566
0.9999950553641967
0.9999949901354614
0.9999949263277805
0.9999948467832089
0.9999948779149447
0.999994852189616
0.9999947901269532
0.9999947376127677
0.9999947752889681
0.9999947495356581
0.9999946623155905
0.9999946317577978
0.9999946142312423
0.9999946458048262
0.9999945561979292
0.9999945086876124
0.9999944853498436
0.9999945280232665
0.9999945095230707
0.9999943871666127
0.9999943129112414
0.9999943383258909
0.9999943834800679
0.9999943662465945
0.9999942776524491
0.9999941407911932
0.9999941538326746
0.9999942026053902
0.9999941570111924
0.9999940229545625
0.9999939812619828
0.9999940164914004
0.9999940110733466
0.9999939209063219
0.9999938063108574
0.9999938106935169
0.999993817744812
0.9999938499275569
0.9999937965200393
0.999993766920191
0.9999937528186315
0.999993696715905
0.9999937018753389
0.9999937310521668
0.9999936494240073
0.9999935297443048
0.99999355648101
0.9999935421490865
0.9999935288044172
0.9999934480460744
0.9999933968791564
0.9999934091852021
0.9999934332190021
0.9999932875514752
0.9999932237167939
0.9999931928981995
0.9999932711866741
0.9999932047097516
0.9999930806515037
0.9999930632679437
0.9999931277644295
0.9999930871691962
0.9999929509657365
0.9999929309464961
0.9999930104559656
0.9999930802902176
0.9999929380277441
0.9999927508712448
0.9999927444016736
0.9999928363346058
0.9999927957758679
0.9999926399559225
0.9999925711609072
0.9999927088081356
0.9999928341479957
0.9999926579454648
0.9999923853858163
0.9999925157453795
0.9999927060237624
0.999992665305785
0.9999923881578825
0.9999923082087663
0.9999924804747983
0.9999925727316578
0.999992444453731
0.9999921838558057
0.9999922214640394
0.9999923576392292
0.9999923408206111
0.9999922012483139
0.9999921444429557
0.9999922222948626
0.9999922731891843
0.9999921595972929
0.9999920222710612
0.9999920274586495
0.9999921067899763
0.9999920688471317
0.9999919109404228
0.9999918624084093
0.9999918723284313
0.9999919255621966
0.9999918722846537
0.9999917756259418
0.99999173991015
0.9999917471300742
0.999991778220245
0.9999916292837583
0.9999915864752726
0.999991560656635
0.9999915451510274
0.9999915075362751
0.9999914427573171
0.9999913809766463
0.9999913650851442
0.9999913148203025
0.9999912690036008
0.9999912919331583
0.9999912712246395
0.9999911705377763
0.9999911153831192
0.9999912120380926
0.9999912184998928
0.9999910594184834
0.9999908758901909
0.9999909208843439
0.9999910301375071
0.9999909630065643
0.9999907631222532
0.9999907412395646
0.9999908085033543
0.999990829673143
0.9999906755652564
0.9999906259374436
0.9999906623259424
0.9999907188503572
0.9999906091742603
0.9999904466810942
0.9999904837233918
0.9999906021291628
0.9999906727663824
0.9999904238321913
0.9999902581371746
0.9999903539943181
0.9999905242788761
0.9999904323015459
0.9999902164117996
0.9999901813398556
0.999990315667899
0.9999903721902955
0.999990096843387
0.9999899913099702
0.9999901097216594
0.99999029593693
0.9999901361851954
0.9999898743033199
0.9999898319500191
0.9999900137082453
0.9999899855698843
0.9999897921023171
0.999989725675743
0.9999898395097486
0.9999899858484542
0.9999898070118681
0.9999896219298589
0.9999896699700725
0.9999898501391242
0.9999898150462936
0.9999895401677343
0.9999894395806698
0.9999896043578678
0.9999897202511049
0.9999895156213127
0.9999892503439323
0.9999892854050586
0.9999895442876061
0.9999895256746909
0.9999891348111591
0.9999890522758585
0.999989288206524
0.9999893968358795
0.9999891570851456
0.9999889122165575
0.999989014816269
0.9999892083229087
0.9999891694906571
0.9999888942897747
0.9999888646107362
0.9999889910057941
0.9999890546066306
0.9999888196180904
0.999988653304072
0.9999887924973414
0.9999889238511815
0.9999888530140963
0.9999885664575728
0.9999884914520089
0.9999886237312383
0.9999886531230102
0.9999885699897589
0.9999885188665846
0.9999885624693757
0.99998855023981
0.9999884107032048
0.9999882315970575
0.9999882647393891
0.9999884254281884
0.9999883431647416
0.9999881364669093
0.9999880593006941
0.9999881063488585
0.9999882146190735
0.9999880851887427
0.9999879293374916
0.9999878412709027
0.999988003643088
0.9999880901670851
0.9999878436974087
0.9999875662587963
0.9999876550128954
0.9999879385658359
0.9999878963297775
0.9999876058758025
0.9999873501605009
0.9999875016713722
0.9999876809052117
0.9999875869919836
0.999987395621323
0.9999872513546975
0.9999873755524694
0.9999874550422279
0.9999873674387758
0.999987181844515
0.9999871356847704
0.9999871790236935
0.9999872279823415
0.9999871521160395
0.9999869624121446
0.999986969852954
0.9999870483969416
0.9999871229342118
0.9999870944046272
0.999986983148793
0.9999868350161367
0.9999868723084084
0.9999869231139564
0.9999868323694788
0.9999867075725642
0.9999866849282365
0.9999867791161681
0.9999867247149004
0.999986606905185
0.9999865843712968
0.9999866641024313
0.9999867599555673
0.999986651777832
0.9999865051381804
0.99998647004841
0.9999866068322085
0.9999866062156305
0.9999864088091747
0.9999862716282882
0.99998643498092
0.9999865644090992
0.999986353830844
0.9999861727705376
0.9999861949798252
0.9999862377807903
0.9999861375368706
0.9999859751850348
0.9999859035776903
0.9999859936485741
0.9999860910544194
0.9999859563332348
0.9999858262388601
0.9999858318966507
0.9999859109229549
0.9999859294236643
0.9999858303388978
0.9999856921972287
0.9999856893316098
0.999985889306243
0.9999858847963302
0.9999857239881262
0.999985545485446
0.9999855647420611
0.9999856681693297
0.9999856941609906
0.9999855525790488
0.9999854381393495
0.999985539058618
0.9999855603908196
0.9999855075639772
0.9999853565846862
0.9999854177013615
0.999985491325247
0.9999854335900042
0.9999853370483305
0.9999852729280818
0.999985382297876
0.9999852622289918
0.9999850948886426
0.9999850295961336
0.9999850988325708
0.9999851279320204
0.9999849899046853
0.999984947206493
0.9999850363233649
0.999985201150107
0.9999851045707158
0.9999848269800323
0.9999847658290253
0.9999848890227506
0.9999849351655764
0.9999848198774659
0.9999846373873679
0.9999846862174053
0.9999847536653239
0.9999847745394366
0.9999846138790578
0.9999845736169377
0.9999846816198981
0.9999846391669546
0.9999844831970015
0.9999843602197002
0.999984457752286
0.9999845265807664
0.999984388353017
0.9999842109281122
0.9999842002901471
0.9999843686992774
0.9999843347362627
0.9999841324670466
0.9999840151461507
0.9999840941200185
0.9999841218603291
0.9999840459714902
0.9999839619114634
0.9999839516415816
0.9999839210894349
0.9999838106749279
0.9999837605996327
0.9999837964976652
0.9999837803203563
0.999983608344006
0.9999836190542344
0.9999836565183684
0.9999837284611038
0.999983712787039
0.999983625384527
0.9999835958876875
0.9999835867220784
0.9999835916212599
0.9999835204749974
0.9999834074284047
0.9999834795022425
0.9999834690147816
0.9999833821679162
0.9999832930942341
0.9999834011416567
0.9999834126402732
0.9999832635142357
0.9999831536393073
0.9999831939198756
0.9999832936409323
0.9999832703205525
0.9999831521947313
0.9999830558144555
0.9999830291285241
