0.9999999214153731
0.9999996326884888
0.9999998090310102
0.999999765492878
0.9999996320031287
0.9999998543888531
0.9999995901366246
0.9999997851760443
0.9999996782190751
0.9999996331857951
0.9999997834036966
0.9999995572164114
0.9999997615233129
0.999999610866519
0.9999996367143192
0.9999997090188846
0.9999995381430106
0.9999997223187719
0.999999549143638
0.9999996201804925
0.9999996344398672
0.9999995140404705
0.9999996676745998
0.999999494478598
0.999999598407466
0.9999995604255748
0.9999994929534738
0.9999996155147585
0.9999994472724596
0.9999995712654465
0.9999995058474024
0.9999994739702879
0.9999995564258544
0.9999994102380476
0.9999995502008678
0.9999994370550899
0.9999994649647423
0.9999995070507407
0.9999993807806163
0.9999995177258695
0.999999377315444
0.9999994421380459
0.99999943568659
0.9999993552299591
0.9999994650498039
0.9999993400808637
0.999999416613279
0.9999993773220441
0.999999341376334
0.9999994078061556
0.9999992955504572
0.9999993773207417
0.9999993094229395
0.9999993166186941
0.9999993472220243
0.9999992540340931
0.9999993540353942
0.9999992498001865
0.9999993017978763
0.9999992928547594
0.9999992309688231
0.9999993139593577
0.9999992070585917
0.9999992749432517
0.999999233048936
0.9999992013218061
0.9999992584697762
0.9999991547134334
0.999999237984626
0.99999916443899
0.9999991757588895
0.9999991880301164
0.9999991177973463
0.9999991960785982
0.9999991022525302
0.9999991439227437
0.9999991176541474
0.9999991013186883
0.9999991473001099
0.9999990709876536
0.9999991290594126
0.9999990588067508
0.9999990768790539
0.9999990746319596
0.9999990255813802
0.9999990673652248
0.9999989897884233
0.9999990365094856
0.9999989962801956
0.9999989878430964
0.9999990086323441
0.9999989539049416
0.9999989933263951
0.9999989401465647
0.9999989638496212
0.9999989550275148
0.9999989192738032
0.9999989686474197
0.9999988917871344
0.9999989190768116
0.9999989137564715
0.9999988720685626
0.9999989349100274
0.9999988551960054
0.9999988830307968
0.9999988802966738
0.9999988322145571
0.9999988802984048
0.9999988033806524
0.9999988328534319
0.9999988120308374
0.9999987916206501
0.9999988142503706
0.9999987603809528
0.9999987857582027
0.9999987675294921
0.9999987456776458
0.9999987583465266
0.9999987160333046
0.9999987163284499
0.9999987110141879
0.9999986999069261
0.9999987068205997
0.9999986804746441
0.9999986868080043
0.9999986718207088
0.9999986613969144
0.9999986516508919
0.9999986471914369
0.9999986349033506
0.9999986231592501
0.9999986157764271
0.9999986113587146
0.9999985844973238
0.9999986148926657
0.9999985648550722
0.9999985609426073
0.999998565348246
0.9999985276493893
0.9999985578468404
0.9999985163424517
0.9999985218322461
0.9999985159347742
0.9999985008069026
0.99999851652942
0.999998465343549
0.9999984885879148
0.9999984596670692
0.9999984579151419
0.999998462033234
0.9999984305753793
0.999998432020166
0.9999984201252103
0.9999984139726823
0.9999984088011592
0.9999983952473895
0.9999983765879654
0.9999983613309003
0.9999983574902958
0.9999983479877674
0.9999983274288968
0.9999983336550721
0.9999982937340641
0.9999983191041516
0.9999982907275486
0.9999983058239399
0.9999983101873816
0.9999982516706312
0.9999982813417296
0.999998248674166
0.9999982722867816
0.9999982727140211
0.9999982110082195
0.9999982608613713
0.9999982168928764
0.99999823068329
0.9999982246435362
0.9999981945238096
0.9999982111780296
0.9999981702110513
0.9999981864950162
0.9999981674717073
0.9999981534717706
0.9999981818438143
0.9999981408806109
0.9999981492154197
0.9999981396587798
0.9999981356376173
0.9999981495932655
0.99999811881963
0.9999981283789868
0.9999981005891326
0.9999980952841663
0.9999981208181893
0.9999980959590112
0.9999980959142448
0.9999980770138661
0.9999980527525919
0.9999980742128481
0.9999980584839754
0.999998041772279
0.9999980320785895
0.9999979938927464
0.9999980337657842
0.999997989937462
0.9999979964608089
0.9999980027858303
0.9999979687537915
0.9999979933237818
0.9999979686886077
0.9999979702022866
0.9999979660166252
0.9999979445424848
0.9999979639710955
0.9999979035337402
0.9999979242307571
0.9999979095986231
0.999997919752367
0.9999979176106084
0.9999978819577472
0.999997913572114
0.9999978874918607
0.9999978836824187
0.9999978845142878
0.9999978518964828
0.9999978685614417
0.999997837121918
0.999997840382599
0.9999978355815753
0.9999978127088951
0.9999978094623497
0.9999977845566647
0.9999977953780387
0.9999977670219824
0.9999977735457419
0.9999977689873699
0.9999977646274274
0.9999977283871059
0.9999977516414027
0.9999977367107294
0.9999977119759355
0.999997711619138
0.9999976817470424
0.9999976881587213
0.9999976788035342
0.9999976742965654
0.999997671023431
0.9999976660617493
0.999997663466998
0.9999976311323243
0.9999976449355173
0.9999975887872529
0.9999976024199521
0.9999975916893892
0.9999975575390578
0.9999975775684071
0.9999975225287386
0.9999975478541702
0.9999975283657743
0.9999975117968664
0.9999975455746571
0.9999974946401903
0.9999975080767046
0.9999974903241801
0.999997463413606
0.9999974938560701
0.9999974433853241
0.9999974407253219
0.999997457865417
0.9999974182488757
0.9999974470607127
0.9999974009604726
0.9999974187637126
0.9999974133530783
0.9999973723534751
0.9999973968410156
0.9999973818011604
0.9999973657544539
0.9999973479757223
0.9999973321430793
0.9999973304266532
0.9999973145014185
0.9999973090993852
0.9999972811448594
0.999997291792955
0.9999972593014096
0.9999972475379988
0.9999972604136724
0.9999972160008306
0.9999972594290908
0.9999972201273725
0.9999972296497014
0.9999972143473973
0.9999971796547394
0.9999972291792899
0.9999971251300196
0.9999971880822394
0.9999971387706995
0.9999971279341467
0.999997181208528
0.9999970974861404
0.9999971442066539
0.999997129189616
0.9999970781987474
0.9999971345280247
0.9999970693328271
0.9999971245420256
0.9999970870911712
0.9999970772351363
0.9999971067537768
0.9999970158130758
0.9999971001562564
0.9999970265306317
0.9999970323911042
0.9999970773278662
0.9999969965648019
0.9999970768682405
0.9999970322224371
0.9999970230992827
0.9999970677547265
0.9999969763455286
0.9999970446667344
0.9999970141699774
0.999996976206812
0.999997024268944
0.9999969343766283
0.9999969948715388
0.9999969246856151
0.9999969230104534
0.9999969717822201
0.9999968750884091
0.9999969555864808
0.9999968726247347
0.9999968874184081
0.9999969246472865
0.9999968258461024
0.9999969393274544
0.9999968679825492
0.9999968613765876
0.9999968714368891
0.9999968174410963
0.9999968524660146
0.9999968421323753
0.9999968058798587
0.9999968427416228
0.9999967968700655
0.9999968043565309
0.9999967964443846
0.9999967440390509
0.9999967856285736
0.9999967376255502
0.9999967204640381
0.9999967443698808
0.9999966824275088
0.9999967376808299
0.9999966888574091
0.9999966854146106
0.9999966544484344
0.9999966260792825
0.9999966747061797
0.9999965835188583
0.999996681127353
0.9999965794370025
0.9999966111358494
0.9999966269765198
0.999996520939796
0.9999966090852684
0.9999965035795644
0.9999965629873936
0.9999965483896391
0.9999964942101393
0.999996528375399
0.9999964727778095
0.9999965035706828
0.9999964788641736
0.9999964893993651
0.9999964490374569
0.9999964307896935
0.999996453210127
0.9999964155196108
0.9999964259532853
0.9999964182516962
0.999996365394768
0.9999963969787992
0.9999963692632201
0.99999635927834
0.999996387549767
0.9999963583292092
0.9999963575102607
0.9999963561325944
0.9999963170026915
0.9999963399705465
0.9999963243795962
0.9999962850177775
0.9999962994305291
0.999996276436281
0.9999962862432119
0.9999962618540976
0.9999962585911378
0.9999962988593121
0.9999962366448878
0.999996294787964
0.999996250271299
0.9999962479931984
0.9999962426391077
0.9999962059347164
0.9999962410773835
0.9999961849336849
0.9999961810689585
0.9999961770812877
0.9999961623906138
0.9999961783286885
0.9999961346324687
0.999996130128901
0.9999961114960884
0.9999961032459238
0.9999961217683673
0.9999960868056548
0.999996095275002
0.9999960755781685
0.999996068880434
0.9999960978290761
0.9999960697653543
0.9999960603501228
0.9999960761704847
0.999996033836942
0.9999960748028364
0.9999960566972246
0.9999960263934794
0.9999960553580304
0.9999960176627517
0.9999960352797919
0.9999960174481323
0.9999960006031688
0.9999960157965496
0.9999959588970528
0.9999959768631067
0.9999959574252245
0.9999959269127019
0.9999959600481816
0.9999959198618653
0.9999959314145278
0.9999959333467726
0.9999959044009591
0.9999959316904361
0.9999958642479543
0.9999959108133453
0.9999958776420591
0.999995874291516
0.9999958834385568
0.9999958279665949
0.9999958646918913
0.9999958176568526
0.9999958174847734
0.9999958100864621
0.9999957975899895
0.9999958187662222
0.999995750194269
0.9999957900517144
0.9999957393127107
0.9999957315557754
0.9999957575018658
0.9999957161726152
0.9999957710664188
0.9999956916856331
0.9999957097801098
0.9999956609228223
0.9999956643865885
0.9999956906306136
0.9999956314090633
0.999995698748935
0.9999956265463044
0.99999567273938
0.9999956561530705
0.9999956386821678
0.999995661990589
0.9999956257818959
0.9999956330757694
0.9999956209193227
0.999995622720943
0.9999956009772037
0.9999956109544902
0.9999956104331832
0.9999955702573671
0.9999955984548088
0.9999955387549176
0.9999955813338455
0.9999955452785907
0.9999955356194452
0.9999955491001516
0.9999955100252529
0.9999955566672021
0.9999955150469545
0.9999955375745129
0.9999955432550407
0.9999955035591277
0.9999954969707474
0.9999954962175572
0.9999954775363441
0.9999954769447917
