0.9999998568138774
0.9999994515268281
0.9999993552679858
0.9999997570470671
0.9999995233595571
0.9999992716200373
0.9999996265325434
0.9999995901047193
0.9999992219127979
0.999999490897356
0.9999995999214369
0.9999992171400625
0.999999358102956
0.9999995642832311
0.999999253193576
0.9999992250128515
0.9999994940318709
0.9999992967496314
0.9999991348681913
0.9999994190934313
0.9999993158010259
0.9999990999224952
0.9999993108334007
0.9999993169755627
0.999999088328568
0.9999991740260226
0.999999290194013
0.9999990785476761
0.99999906955688
0.9999992556792586
0.999999092486753
0.9999989978102791
0.9999991834645408
0.9999991040739739
0.9999989456975741
0.9999990957835605
0.9999991080263847
0.9999989195629755
0.9999990020102855
0.9999990832602567
0.9999989039471493
0.9999989079533983
0.9999990197873796
0.999998883636873
0.999998849591742
0.9999989656753014
0.9999988668625651
0.9999987759060207
0.9999988823768342
0.9999988516567933
0.9999987320350052
0.9999987913383065
0.9999988038357674
0.9999986849120925
0.9999986972951028
0.9999987762207019
0.9999986876863153
0.9999986205927355
0.9999987164693046
0.9999986722546583
0.9999985890441828
0.999998664569165
0.9999986353273088
0.9999985572656925
0.9999985851939411
0.9999985819540316
0.9999985323542181
0.9999985005879007
0.9999985576493949
0.9999984786086574
0.9999984206853904
0.9999985363624537
0.9999984639937245
0.999998347826383
0.9999984564458876
0.9999984494018906
0.9999983186736098
0.9999983593654277
0.9999984268400808
0.9999983312337255
0.9999982905059974
0.9999984052899381
0.9999983155575807
0.9999982377939984
0.9999983363943848
0.9999982755986846
0.999998171276207
0.9999982593006598
0.9999982514514116
0.9999981496509354
0.999998191474643
0.9999982265141655
0.9999981174416797
0.9999981248063762
0.9999981947140482
0.9999980865285787
0.9999980420214991
0.999998162079916
0.9999980831642693
0.9999980033261886
0.9999980951039962
0.999998059972069
0.9999979588892343
0.9999980320187267
0.9999980592861752
0.9999979182029505
0.9999979504540059
0.9999979966711103
0.9999979017916155
0.9999978757091924
0.9999979332646718
0.9999978472135179
0.9999978269126687
0.999997884248455
0.9999978109532958
0.9999977556809123
0.9999978119512406
0.9999977747801105
0.9999976882807577
0.9999977069162098
0.9999977326570737
0.9999976771584204
0.9999976339963451
0.9999976864265469
0.9999976262791412
0.9999976072117716
0.9999976406057751
0.9999975843031488
0.9999975793803527
0.9999976017520047
0.9999975506569776
0.9999975016768599
0.9999975414428279
0.9999975198589209
0.9999974427717004
0.9999974433078084
0.9999974645877289
0.9999974626705536
0.9999974333889081
0.9999974425198123
0.9999974313166856
0.9999974052407049
0.9999973892394918
0.9999973780077936
0.9999973664443036
0.999997357452266
0.9999973547120155
0.9999973501069994
0.9999973359709118
0.9999973337502885
0.9999973322723966
0.9999972565812093
0.9999972704375367
0.9999973202044722
0.99999722137761
0.9999971959600394
0.9999972927716123
0.9999972415387103
0.9999971532737038
0.9999972262406387
0.9999972020919032
0.9999970892508964
0.9999971878843857
0.999997169694791
0.9999970299079988
0.9999971030528608
0.999997134610335
0.9999969986948358
0.9999970459251319
0.9999971078410734
0.99999698050608
0.9999969527936363
0.9999970079476349
0.9999969231055221
0.9999968950548812
0.9999969557845623
0.9999969188192851
0.9999968221713241
0.999996886985984
0.999996892115037
0.9999967811779767
0.9999967889185969
0.9999968258840902
0.9999967541317488
0.9999966745341576
0.9999967539623378
0.9999967681507376
0.9999966748855356
0.999996697096494
0.9999967228933747
0.9999966496431347
0.9999966353426507
0.9999966865232305
0.9999966000437697
0.9999965635097622
0.9999966229411663
0.9999965754125145
0.999996540193226
0.9999965543555895
0.9999965560992455
0.9999964878603603
0.9999964666537472
0.9999965143172458
0.999996466309117
0.9999964055015397
0.9999964561092954
0.9999964477108112
0.9999963390121213
0.9999963925687646
0.9999964134825713
0.9999962894509595
0.9999963250642374
0.9999963666004988
0.9999963092613473
0.9999962841397156
0.9999962680117603
0.9999962960423507
0.9999962581682131
0.9999961995283074
0.999996229341508
0.9999961811806697
0.9999961706594338
0.9999961786095496
0.9999961396190284
0.9999961545134738
0.9999961052733812
0.9999960900178027
0.9999961191370875
0.9999960575868344
0.9999960485675997
0.9999961254053599
0.9999960537936852
0.9999960237044085
0.9999961052787387
0.9999960331377977
0.9999959421181274
0.9999960340479628
0.9999960118797088
0.9999959079860786
0.9999960015462024
0.9999960144356397
0.9999958532407831
0.9999959092020386
0.9999959939219029
0.9999958543631681
0.9999958382701636
0.9999959399332132
0.9999958519626738
0.999995779464854
0.999995877466463
0.9999958262938347
0.9999957251476153
0.9999957391145639
0.9999957921714698
0.999995692450777
0.9999956658941107
0.9999957250193021
0.9999956832507977
0.9999956046901693
0.9999956150553667
0.999995656034687
0.9999956112566443
0.9999955747950684
0.9999955964064576
0.9999956155826457
0.9999955514038232
0.9999955323249158
0.9999955403739792
0.9999954679911413
0.9999954744262742
0.9999954776534611
0.9999954738939743
0.9999954249407355
0.9999954374965591
0.9999954487303824
0.9999953589915751
0.9999953438496209
0.9999953970761928
0.9999953227762978
0.9999952527200385
0.999995354002612
0.9999953160270078
0.9999951589828685
0.9999952579214233
0.9999952865366445
0.9999951416213988
0.9999951783505955
0.9999952588501254
0.9999951520221266
0.99999511694006
0.99999521412376
0.999995137827256
0.999995033412194
0.9999951385046344
0.9999951137393593
0.9999950293048454
0.9999950601834221
0.9999950898894338
0.999994959148355
0.9999949732852877
0.9999950613454361
0.999994931938074
0.9999949245159687
0.9999950433214797
0.9999949515454057
0.9999948715079559
0.9999949777911196
0.9999949459595308
0.9999947815867438
0.9999948762446333
0.9999949433701117
0.999994765270572
0.9999948177071248
0.9999948707279054
0.9999947274881616
0.999994753695166
0.9999948156946069
0.9999946885170737
0.9999946715869004
0.9999947715738476
0.9999946603841364
0.9999946008549447
0.9999947354332535
0.9999946745250292
0.9999946110823862
0.9999946685088302
0.999994618229298
0.9999945552235773
0.9999946179969404
0.9999945972616057
0.9999944881464611
0.9999945461149681
0.9999946050825931
0.99999448197892
0.9999944792017309
0.9999945345005203
0.9999944311891257
0.9999944294117252
0.9999944732964258
0.9999944098259597
0.9999943597779627
0.9999943639191946
0.9999943507235823
0.9999943105568657
0.9999942968941206
0.9999943011900098
0.9999942245685979
0.9999941968541054
0.9999942440055876
0.9999942071670305
0.9999941958141281
0.9999942016244215
0.9999941652254768
0.9999941465480081
0.9999941656593231
0.9999940941272235
0.9999940942232062
0.9999941094462352
0.9999940406349652
0.9999940717673786
0.999994119070936
0.99999400565036
0.999994000478052
0.9999940432702945
0.9999939965977038
0.99999399198715
0.9999940218709674
0.9999939641286881
0.99999392838413
0.9999939429626521
0.9999938981294065
0.9999938735491192
0.999993882382781
0.9999938324862534
0.999993790511139
0.9999938324539528
0.9999938185779923
0.9999937707496526
0.9999937975359856
0.9999937710516367
0.9999937068097814
0.9999937305872647
0.9999937616203576
0.9999937032701458
0.999993713728491
0.9999937412170946
0.999993683099494
0.9999936843164724
0.9999936681834016
0.9999936510122944
0.99999363013362
0.9999936337730944
0.9999936564709909
0.999993560780473
0.9999935606562247
0.9999935782490241
0.9999935178599039
0.9999935869023132
0.9999935478365477
0.9999934512686475
0.9999935186957025
0.9999935274092366
0.9999934132962564
0.9999934197604717
0.9999934758060801
0.9999933215828571
0.9999933210663936
0.9999934622131408
0.9999933210544936
0.9999932512130734
0.9999933812083012
0.999993324927119
0.9999932164093221
0.9999933491837721
0.9999933128605533
0.9999931841631617
0.9999932722019632
0.9999932823707135
0.9999931887728518
0.9999931660467433
0.999993192369204
0.9999931394003609
0.999993111658466
0.9999931353318005
0.9999931234510133
0.9999930635169245
0.999993088321783
0.9999930953681463
0.9999929988488772
0.9999930185948059
0.9999930234015459
0.9999929313226712
0.999992956016225
0.9999929521723855
0.9999928403197583
0.9999928578267803
0.9999929487023339
0.9999928375360899
0.9999927917467997
0.9999929027076551
0.9999927752563275
0.9999927646667702
0.9999928671409756
0.9999927644818742
0.9999927014789427
0.9999927741044027
0.9999927051093257
0.9999926499743613
0.9999927191893051
0.9999926123358991
0.9999925694054391
0.9999926687326914
0.9999926279601207
0.9999924893170244
0.9999925637884014
0.9999925964791745
0.999992451720148
0.9999924932445187
0.9999925367892599
0.9999924702528276
0.9999924118716139
0.9999924567086014
0.9999924254820467
0.9999923414992749
0.999992413624842
0.9999923696702943
0.9999922693894132
0.9999923176405203
0.9999923151648727
0.999992171134056
0.9999922395983909
0.9999922966935084
0.9999921284169949
0.9999921743498615
0.9999923058484584
0.9999921519183156
0.999992064910911
0.9999922416635335
0.9999921083719542
0.9999919688629326
0.9999921692473854
0.9999921202413968
0.9999919598531519
0.9999920498900774
0.9999920627673753
0.9999919877158424
0.999992022553382
0.9999920163324333
0.9999919627485249
0.9999919426230246
0.9999919717691119
0.9999918771357619
0.999991841722358
0.9999919089451966
0.9999918550034266
0.9999918188941178
0.9999918160473026
0.9999917842752187
0.999991761532368
0.9999917943639416
