0.9999998802467608
0.9999995259488774
0.9999994828809818
0.9999998240734598
0.9999995085399402
0.9999994433842342
0.9999997633558991
0.9999994896045113
0.9999993984514205
0.9999997061145147
0.999999465339042
0.9999993735669396
0.9999996553236236
0.9999994328649915
0.9999993192599657
0.9999995931078706
0.9999994107446534
0.9999992986265265
0.9999995436819687
0.9999993737006816
0.9999992483019969
0.9999994922182287
0.99999934376897
0.9999992312062382
0.9999994481435499
0.9999993070593051
0.9999992075797351
0.9999993918973418
0.9999992816022254
0.9999991809477706
0.999999338704549
0.9999992448468413
0.999999121199632
0.9999992924968297
0.999999210790986
0.9999990930478937
0.999999242816237
0.9999991886899517
0.9999990572694762
0.9999991866369898
0.9999991656539325
0.9999990326987567
0.999999146983596
0.9999991290223954
0.9999990208061634
0.9999991097328984
0.9999990867530395
0.9999989801428417
0.9999990574882378
0.9999990480185194
0.9999989425977468
0.9999990287424332
0.9999989989047489
0.9999989050507653
0.9999989749278022
0.9999989600892393
0.9999988720938568
0.9999989143490196
0.9999989120919616
0.9999988378920196
0.9999988683011432
0.9999988634113222
0.9999988069666484
0.9999988005591276
0.9999988137383676
0.9999987594982197
0.9999987576974666
0.9999987465180218
0.9999987168570466
0.9999987153770779
0.9999987137489003
0.9999986731602762
0.9999986797952732
0.9999986927783706
0.9999986293201722
0.9999986316867037
0.9999986645873943
0.9999986072429897
0.9999986024090018
0.999998614587861
0.9999985681486668
0.999998549950735
0.9999985784460884
0.9999985301949564
0.9999985100964747
0.999998533068031
0.999998516709084
0.9999984777336394
0.9999985052236326
0.9999984750041385
0.999998446986561
0.9999984618709951
0.9999984378490555
0.9999984155486639
0.9999984051733379
0.9999984131652533
0.9999983916343749
0.999998353676756
0.9999983606452281
0.999998358734877
0.9999983033638548
0.9999983153264327
0.9999983047745606
0.9999982360689407
0.9999982516020647
0.999998261584432
0.9999981886510896
0.9999982200395287
0.999998216139749
0.9999981548874112
0.9999981794871333
0.999998158832179
0.9999981002573224
0.9999981433768347
0.9999981405712038
0.9999980650940604
0.9999980940891333
0.9999980879736228
0.999998023845691
0.9999980156428165
0.999998042532969
0.999997999315822
0.9999979942718975
0.9999980199606096
0.9999979753431222
0.999997963462378
0.9999980167236246
0.9999979670580751
0.9999979154364754
0.9999979543528064
0.9999979263850653
0.9999978593144371
0.999997893940409
0.999997886042462
0.9999978453181233
0.9999978656048542
0.9999978250481889
0.99999778463185
0.9999978385948258
0.9999978045546651
0.9999977541182048
0.9999978054833796
0.9999977868013669
0.9999976981541321
0.9999977497291416
0.9999977173809741
0.9999976530896141
0.9999977210808665
0.9999976801774346
0.999997597236195
0.9999976797093892
0.9999976334720729
0.9999975293409876
0.9999976157702527
0.9999975724479994
0.9999974822005063
0.9999975480541978
0.999997489296582
0.9999974207741515
0.999997508143036
0.9999974558673952
0.9999973889243241
0.9999974472690386
0.9999974092198003
0.9999973477885835
0.9999973927673415
0.9999973799897743
0.9999973162285037
0.9999973532603357
0.9999973149252354
0.9999972593634007
0.9999973055724221
0.9999972799858073
0.99999723469775
0.9999972921433621
0.9999972229253181
0.9999971938889561
0.9999972551506886
0.9999971861484809
0.9999971542463055
0.9999972295416827
0.9999971627437009
0.9999971319556109
0.9999971562250187
0.999997122109771
0.9999970901465912
0.9999970929289034
0.9999970736921013
0.9999970459122333
0.9999970738244739
0.9999970593113746
0.9999970001941902
0.9999970430234931
0.9999970150904639
0.9999969481252977
0.9999969833362039
0.9999969649739716
0.9999969107057466
0.9999969493300848
0.9999969373481026
0.999996881186703
0.999996923148135
0.9999969044434928
0.9999968422973126
0.9999968881355629
0.999996882960072
0.999996810012659
0.9999968474479566
0.9999968325506499
0.9999967661585831
0.9999968095008647
0.9999968016137919
0.9999967071722178
0.9999967774949965
0.9999967455871904
0.9999966947134754
0.9999967245478175
0.9999967097839346
0.9999966400577298
0.9999966771199557
0.9999967020279263
0.9999965970701851
0.9999966709232403
0.9999966838439288
0.9999966065664025
0.9999966510842341
0.999996647548021
0.9999965577161783
0.9999966073489748
0.9999966089565843
0.9999965300132874
0.9999965778147755
0.999996567569137
0.9999964962228532
0.9999965414225797
0.9999965264782894
0.9999964593339089
0.9999964913401921
0.9999964879392331
0.9999964037751964
0.99999642004958
0.9999964346135894
0.9999963547224751
0.9999963806721816
0.9999963854525316
0.9999963163115912
0.99999631576198
0.9999963285795287
0.9999962707954413
0.9999962315059467
0.9999962818188832
0.9999962349683678
0.9999961656382782
0.9999962192696749
0.9999962095804205
0.9999961169164456
0.9999961735235828
0.9999961834292165
0.9999960762980226
0.9999961489913216
0.9999961903459387
0.9999960426918826
0.999996095461628
0.9999961523439893
0.9999959894644977
0.9999960749296328
0.9999961273365103
0.9999959677544384
0.9999960359138281
0.9999960778550147
0.9999959060854443
0.9999960171523053
0.9999960764430452
0.9999958635694008
0.9999959359020533
0.9999960202837563
0.9999958280871346
0.9999958847530598
0.9999959523622726
0.9999957846079328
0.9999958575916801
0.9999958872091874
0.9999957534670779
0.9999958098294529
0.9999958497431118
0.9999957040861152
0.9999957381112582
0.9999957871330116
0.9999956563886657
0.9999957160368684
0.9999957317533579
0.9999956171364128
0.9999956563640982
0.9999956998677613
0.9999956075498456
0.999995607756174
0.9999956508230996
0.9999956116280014
0.999995593881073
0.9999956031931271
0.999995575848173
0.9999955599294168
0.9999955858800521
0.9999955087185166
0.9999955203141759
0.9999955292009258
0.9999954894194313
0.9999954866085484
0.999995428482222
0.9999954360402417
0.9999954878623452
0.9999953927833924
0.9999953991682823
0.9999954295025084
0.9999953391132466
0.999995378582431
0.9999954001496604
0.9999952809336904
0.9999952981149405
0.9999953497065293
0.9999952707634022
0.9999952688173284
0.9999953059476473
0.999995267888165
0.999995234637719
0.9999952569078477
0.999995192613308
0.9999951875439175
0.9999952508455098
0.9999951875158161
0.9999952044474901
0.999995230272423
0.9999951698228566
0.9999951678055373
0.9999951588317808
0.9999951731282684
0.9999951537247312
0.9999950890920728
0.99999512219804
0.9999951215499009
0.9999950305539801
0.9999950680021483
0.9999950893481507
0.999994993434978
0.9999949989537594
0.9999950336167386
0.9999949516054856
0.9999949310592916
0.9999949647436813
0.9999948976431187
0.9999949050282266
0.9999949337695865
0.9999948686413334
0.999994866654651
0.9999949073902743
0.9999948415306708
0.9999948500839613
0.9999948662185509
0.9999947892304939
0.9999948468859304
0.9999948398722321
0.9999947505679686
0.9999948367241426
0.9999947530242752
0.9999947031818365
0.9999948015427783
0.9999947323654091
0.9999946666110335
0.9999947813787923
0.9999946790912454
0.9999945948779931
0.9999947467822429
0.9999946508617904
0.999994507925816
0.999994695464183
0.9999946203761905
0.9999944320707694
0.9999946186430578
0.9999946002342814
0.999994365948408
0.9999945192841966
0.9999945599161154
0.9999943318132062
0.9999944455720844
0.999994501663578
0.9999943127829961
0.999994386518612
0.9999944476082453
0.9999942912288345
0.9999943180262866
0.9999943618161244
0.999994305663936
0.9999943115979598
0.9999943158841187
0.9999942582975593
0.9999942854436501
0.9999943068183982
0.9999942355546714
0.9999942316744249
0.9999942372831054
0.9999942057438866
0.9999942284412228
0.9999942220831671
0.9999941860223426
0.9999942254927836
0.9999941849968428
0.999994155049473
0.9999941793746271
0.9999941441658512
0.9999941310654692
0.9999941326424155
0.9999941093954872
0.9999941305979237
0.9999940656551563
0.9999940417882874
0.9999940810734286
0.9999940274339693
0.9999940115359546
0.999994044471794
0.999993965362592
0.9999939506946747
0.9999940060277007
0.9999939307762037
0.9999939246084083
0.9999939817844974
0.9999939177095205
0.9999938893476142
0.9999939564286549
0.999993886348725
0.9999938244123001
0.9999939371865719
0.9999938686398845
0.9999937537177316
0.9999938952398355
0.9999938300462459
0.9999936992621876
0.9999938429345381
0.999993828884043
0.9999936918312806
0.9999937884435001
0.9999937485010294
0.9999936393639671
0.9999937361741867
0.999993725239469
0.9999936308608354
0.9999936911006111
0.9999936834823219
0.99999361325287
0.9999936787737977
0.9999936448167642
0.9999935345623227
0.9999936363245217
0.9999936145068687
0.9999935222696517
0.999993599514104
0.9999935854321901
0.9999934918744967
0.9999935410302532
0.9999935466380799
0.9999934810482306
0.9999934953164317
0.999993467507477
0.9999934453475652
0.9999935050393742
0.9999934304943088
0.999993384367139
0.9999934099599045
0.999993384244643
0.999993362588852
0.9999933706566732
0.9999933422987181
0.9999933291379347
0.9999933221914822
0.9999932863905583
0.9999932637180574
0.9999932367810055
0.9999932578576205
0.999993242153046
0.9999932066531683
0.9999932607600995
0.9999931982361012
0.9999931469967043
0.9999932214655428
0.9999931823113086
0.9999930841828586
0.9999931924464279
0.9999932178803396
0.999993099577338
0.9999931703362296
0.9999931843108048
0.9999931082284892
0.9999931331068317
0.9999931536776522
0.999993138406039
0.999993083593104
0.9999930932749198
0.9999931154111409
0.9999930627631859
0.9999930299485277
0.9999930533641064
