0.9999998818341204
0.9999995124188746
0.999999519145027
0.999999818332361
0.9999994769806905
0.999999503143365
0.9999997622203558
0.999999434776755
0.999999494392698
0.9999996999881955
0.999999408900785
0.9999994846259742
0.9999996340274653
0.9999993814142605
0.9999994614548127
0.9999995849451485
0.9999993386995131
0.999999442228571
0.9999995203016036
0.9999992935603553
0.9999994133916249
0.9999994553627333
0.9999992592568221
0.9999993970357335
0.9999993962461107
0.9999992472609758
0.9999993686232579
0.9999993413506634
0.9999992225200811
0.9999993461812229
0.9999992816646963
0.9999991886092965
0.9999993192501159
0.9999992028385772
0.9999991471642733
0.999999254160701
0.9999991401173347
0.9999991085627852
0.9999992295602119
0.99999909828172
0.9999990828248104
0.9999991906779753
0.9999990753414643
0.99999906180886
0.9999991516459954
0.9999990404923962
0.9999990489832994
0.9999991189163532
0.9999989712048283
0.9999990147835278
0.9999990698545405
0.9999989530384192
0.9999989859620477
0.9999990139929771
0.9999989132942126
0.9999989451307109
0.999998955554681
0.9999988782779337
0.9999988949991713
0.999998912081665
0.9999988215194483
0.9999988751075993
0.9999988748144633
0.9999987940081918
0.9999988724054338
0.9999988664602585
0.9999987594949715
0.9999988254601703
0.9999988115406183
0.999998736047409
0.9999987994847196
0.9999987543210762
0.999998707280335
0.9999987713474462
0.9999987093494722
0.9999986719687485
0.9999987339327269
0.999998653770233
0.9999986570441242
0.9999986978691359
0.9999986186383933
0.9999986109828543
0.9999986400237288
0.9999985880779062
0.9999985610610479
0.9999985902998589
0.9999985713511207
0.9999985556299674
0.9999985752663428
0.9999985396455229
0.9999985289260178
0.999998529373671
0.9999984771664658
0.9999985055020698
0.99999850632132
0.9999984145567287
0.9999984598397772
0.9999984614084885
0.999998384012412
0.9999984098535946
0.9999984057658412
0.9999983480714147
0.999998374252509
0.9999983706325638
0.9999983153587622
0.9999983247229836
0.999998315672176
0.9999982761905389
0.9999983093793413
0.9999982691368957
0.9999982572175278
0.9999982849356844
0.9999982162397284
0.9999982372296897
0.9999982691126834
0.9999981823768203
0.9999982110829619
0.9999982500165372
0.9999981370447953
0.9999981908821426
0.9999982279841061
0.9999981094351775
0.9999981549514279
0.9999981849298704
0.9999980884715615
0.9999981386923781
0.9999981333952028
0.9999980253861975
0.9999981005411244
0.9999980609169066
0.9999979712303939
0.9999980913997082
0.9999980044269017
0.999997932907528
0.9999980658667637
0.9999979755285302
0.9999979194397253
0.9999980286807078
0.9999979093406453
0.9999979165401804
0.9999979754469176
0.9999978664848357
0.9999979054859757
0.9999979217043562
0.9999978130718902
0.9999978797844484
0.9999978814622353
0.9999977876545458
0.9999978612964273
0.9999978458578377
0.9999977553729751
0.999997825088405
0.9999978063381003
0.9999977477771176
0.999997764912325
0.9999977639802701
0.9999977073941153
0.9999977334124468
0.9999977204130701
0.9999976767165324
0.9999977010980858
0.9999976869011493
0.9999976763586883
0.999997678477985
0.999997641780022
0.9999976500509244
0.9999976380711599
0.9999975941382367
0.9999975938197715
0.9999976095395756
0.9999975609597386
0.9999975775887626
0.9999975594199612
0.9999975371290851
0.9999975664148223
0.9999974953910262
0.9999974854934213
0.9999975595038287
0.9999974496746378
0.9999974571046654
0.999997533519385
0.9999974458650137
0.9999974265392869
0.999997467421325
0.9999973987037076
0.9999973808237372
0.9999974350124047
0.999997381984159
0.9999973556973903
0.9999974022336254
0.9999973338099085
0.9999973471561056
0.9999973639926545
0.9999972720230493
0.9999973255856622
0.999997334182674
0.9999972558393208
0.9999972908138518
0.9999972915944366
0.9999972366160563
0.9999972705845311
0.9999972348734183
0.9999971932330969
0.9999972376413632
0.9999972017529641
0.9999971665979406
0.9999972149188561
0.9999971725024345
0.9999971417492132
0.9999971705703703
0.9999971362825071
0.9999970921197489
0.9999971178453404
0.9999970904764035
0.9999970564597545
0.9999970780522682
0.9999970466800632
0.9999970132148611
0.9999970565424734
0.9999970314148646
0.9999969889512254
0.9999970109985155
0.9999969640401897
0.9999969526434511
0.9999969832867421
0.9999969126530516
0.9999969156797566
0.9999969626413265
0.9999969067182473
0.9999968824718927
0.9999969470413599
0.9999968811022083
0.9999968719430442
0.9999968824330914
0.9999968506111506
0.9999968507830467
0.9999968577486226
0.9999968326122813
0.9999968062605762
0.9999968014948891
0.999996797774523
0.9999968266130802
0.9999967764994595
0.9999967622853076
0.9999967811162345
0.9999967341785878
0.999996773179513
0.9999967578295816
0.9999966692298975
0.9999967215469189
0.9999967136206083
0.9999966137891135
0.9999966520950815
0.999996677761674
0.9999965719301044
0.9999966144446006
0.9999966444586668
0.9999965785653437
0.9999965703049035
0.9999965740970076
0.9999965084913054
0.9999965316450119
0.999996513424644
0.9999964293370374
0.9999964676950631
0.999996464297996
0.9999963892002999
0.9999964303242738
0.999996414258245
0.9999963451604855
0.9999964212347144
0.9999963911878506
0.9999963029990544
0.9999964086913623
0.999996308474004
0.9999962617616205
0.999996384021233
0.9999962987554155
0.9999962700107369
0.9999963606547724
0.9999962623305757
0.9999962442351278
0.9999963574380047
0.999996228943512
0.9999962294488732
0.9999962977095973
0.9999961544880904
0.999996226423251
0.9999962626725248
0.9999961026685283
0.999996226952024
0.9999962111333697
0.9999960518046814
0.9999961648196597
0.9999961315062603
0.999996017571334
0.9999961468470455
0.9999961003767129
0.9999959906363569
0.9999961054315861
0.9999960750782633
0.9999959889537972
0.9999960611468935
0.9999960002436271
0.9999959452501656
0.9999960108459923
0.9999959003566171
0.9999958828911915
0.9999959526141122
0.9999958770357674
0.9999958847714064
0.9999959289055038
0.9999958170190184
0.9999958534816189
0.9999958570255185
0.9999957548047773
0.9999958442890277
0.9999958247361248
0.9999957380318565
0.9999958243318423
0.9999958005496364
0.9999956863116971
0.9999958094869852
0.999995737343716
0.9999956439305553
0.9999957543555293
0.9999957057233033
0.9999956143242498
0.9999956634059733
0.9999956353391316
0.9999955974125903
0.9999956239566562
0.9999955760673254
0.9999955689660434
0.9999955803766067
0.9999955339219543
0.9999955481477395
0.9999955668951243
0.9999954893114453
0.9999955278515027
0.9999955365603506
0.9999954528943034
0.9999954617437978
0.9999954628717556
0.9999954300469208
0.9999954291883856
0.9999954498984258
0.9999954099104419
0.9999954190837629
0.9999954223707612
0.9999953717385583
0.9999953723528128
0.9999954086758249
0.9999952938981075
0.9999953667511045
0.9999953563235451
0.9999952217481809
0.9999953328448468
0.9999953264111674
0.9999951956859272
0.9999952974608882
0.9999952347630746
0.999995155464149
0.9999952663499999
0.9999951944755527
0.999995116292532
0.9999952253408285
0.9999951084128035
0.999995078205917
0.9999951813903809
0.9999950455852558
0.9999950757753295
0.9999951888413932
0.9999950212783182
0.9999950509372187
0.9999951543584548
0.9999949834454283
0.9999950204334335
0.9999950912033014
0.9999949211368312
0.9999950065272405
0.9999950538870698
0.9999948648651837
0.9999949832525555
0.9999950068705686
0.9999948065726367
0.9999949603839423
0.9999949533621805
0.9999947710208585
0.9999949492483682
0.9999949288668705
0.9999947119805304
0.9999949068861724
0.9999948998567533
0.9999946929618542
0.9999948449297646
0.9999948516600465
0.999994702026256
0.9999948226608169
0.9999948279139751
0.9999946883280929
0.9999947685223369
0.99999481908244
0.9999946652886046
0.9999947457852735
0.9999947591400948
0.9999946321423214
0.9999946708681884
0.9999946894923063
0.9999945896655913
0.9999946323306633
0.9999946495391216
0.9999945415951598
0.9999945852392423
0.9999945821106865
0.9999944768147419
0.9999945294639362
0.9999945076340973
0.999994397056256
0.9999944878810436
0.9999944288993802
0.9999943213588538
0.9999944365732645
0.9999943658564013
0.9999943191163603
0.9999944195927416
0.99999431815806
0.9999942772125361
0.9999943779846849
0.9999942593950213
0.9999942337246396
0.9999943156204373
0.9999942039266049
0.999994190520607
0.999994263335308
0.9999941460109927
0.9999941494946992
0.9999941814081081
0.9999940832018269
0.9999941341987164
0.9999941666316596
0.9999940371737481
0.9999941073349791
0.999994090464302
0.9999939948566801
0.99999409635022
0.9999940826954599
0.9999939387969551
0.9999940837860164
0.9999940394749594
0.9999939120690027
0.9999940993666689
0.999994017748603
0.9999938522632905
0.9999940782855163
0.9999939514346077
0.9999938215905191
0.9999940646063189
0.9999939227358874
0.9999938429695039
0.999994058832717
0.9999938772502903
0.9999938657485228
0.9999940543815687
0.999993868058812
0.9999938776683747
0.999994008213156
0.9999937919346893
0.9999938298291396
0.9999939472832757
0.9999937743869851
0.9999937808916749
0.9999939070733191
0.9999937412657032
0.9999937563927237
0.9999938600192251
0.9999936921225797
0.9999937125754788
0.9999938150841976
0.9999936270995352
0.9999936428136993
0.9999938046396087
0.9999936143417546
0.9999936041082094
0.9999937069026756
0.9999935322486481
0.9999935898929102
0.999993660643542
0.9999934435254433
0.9999935587997598
0.9999936249767845
0.9999934414146351
0.9999935497598031
0.9999935783027736
0.9999934331687683
0.9999935742593058
0.9999935637894294
0.9999933803533618
0.9999935246370432
0.9999935255745667
