0.9999999396158156
0.9999996992533273
0.9999999149285363
0.9999997018079362
0.9999998830041248
0.9999997034630322
0.9999998472345389
0.999999713452565
0.9999998116660986
0.9999997216685614
0.9999997753154493
0.9999997339781254
0.9999997418554888
0.9999997407697091
0.9999997083209367
0.9999997481282312
0.9999996781326106
0.999999752379859
0.9999996508102702
0.9999997480600727
0.9999996328521585
0.9999997447709225
0.9999996208643829
0.9999997320747345
0.9999996028529675
0.9999997181033156
0.9999995939556576
0.999999701743186
0.9999995829080177
0.9999996805876111
0.9999995811573883
0.9999996576783821
0.9999995786178372
0.9999996346585127
0.9999995874112658
0.9999996122608263
0.9999995917721419
0.9999995900692495
0.9999995871511662
0.999999570279812
0.9999995850021189
0.9999995558313373
0.9999995787462668
0.9999995338531216
0.9999995758942736
0.9999995197874769
0.9999995665092288
0.9999995036696172
0.9999995526341986
0.9999994868768077
0.9999995505383684
0.9999994767972404
0.99999953801227
0.9999994661468287
0.9999995152815234
0.9999994539500524
0.9999995026227554
0.9999994523301111
0.9999994791864053
0.999999447117313
0.9999994599571526
0.9999994372237695
0.9999994425038045
0.9999994378674809
0.9999994279913451
0.9999994357084387
0.9999994139923352
0.9999994275920736
0.9999994000662119
0.9999994152701205
0.999999374519467
0.9999994102180187
0.9999993574080899
0.9999993935380533
0.9999993416576566
0.9999993743223354
0.9999993287647542
0.999999356617196
0.9999993066133646
0.9999993511030543
0.9999992916572951
0.9999993274999154
0.9999992894054636
0.9999993100374189
0.9999992764640381
0.9999992998522071
0.99999926353198
0.9999992820483212
0.9999992685061794
0.9999992604543734
0.999999253406427
0.9999992541438364
0.9999992338721734
0.9999992404163074
0.9999992271915924
0.9999992266576218
0.9999992225654439
0.999999212035098
0.9999992047243496
0.9999991898650326
0.999999192486098
0.999999174787224
0.9999991867688386
0.999999159860956
0.9999991755785473
0.9999991369483375
0.9999991658692392
0.9999991190225104
0.9999991527767041
0.9999991069765469
0.9999991356868773
0.9999990930964853
0.9999991220864253
0.9999990821911068
0.9999991201966107
0.9999990686803165
0.999999100682006
0.9999990581606016
0.9999990859936209
0.9999990575367302
0.9999990689558819
0.9999990563903038
0.9999990515749864
0.999999041525047
0.999999035405134
0.9999990227213016
0.9999990162191587
0.9999990246406042
0.9999990030731666
0.9999990193206376
0.9999989910192578
0.9999990100400169
0.9999989760096173
0.9999990005597611
0.9999989772957658
0.999999001851212
0.9999989660397417
0.9999989868202711
0.999998957637901
0.9999989675379344
0.9999989508122312
0.9999989496468377
0.9999989458005429
0.999998930308262
0.999998935154187
0.9999989123282562
0.9999989190373385
0.9999989005882589
0.999998903808619
0.999998893307571
0.9999988906605066
0.9999988809451131
0.9999988846945794
0.9999988716537255
0.9999988835049235
0.9999988623821703
0.9999988674252805
0.999998856188106
0.999998857178967
0.9999988376113566
0.9999988383956592
0.9999988194410079
0.9999988142467288
0.9999988196252918
0.9999987890500132
0.999998811950222
0.9999987741282927
0.9999988076433698
0.9999987669198713
0.999998787688621
0.9999987572693706
0.9999987792415196
0.999998742286673
0.9999987745797935
0.9999987283307946
0.9999987627595829
0.9999987124134121
0.9999987489633889
0.9999986978639069
0.9999987324178906
0.9999986849481588
0.9999987130183208
0.9999986745291164
0.9999986843629662
0.9999986684662894
0.9999986667721406
0.999998671975738
0.9999986489007364
0.9999986605415679
0.9999986371547024
0.9999986454973903
0.9999986269788413
0.9999986231727351
0.9999985969661821
0.9999986015372058
0.9999985872059642
0.9999985830069013
0.9999985731989852
0.9999985482588235
0.9999985562255672
0.9999985443076951
0.9999985482455623
0.9999985324915702
0.9999985447645756
0.9999985219636353
0.9999985411054844
0.9999985107217729
0.9999985295963897
0.9999984994039929
0.999998521033649
0.9999984886122847
0.9999985010005501
0.9999984877130187
0.9999984922061897
0.9999984792727441
0.9999984681470983
0.9999984743857528
0.9999984602418183
0.9999984650427073
0.9999984510757202
0.9999984500888378
0.9999984142519283
0.9999984368183888
0.9999983822507713
0.9999984186425014
0.9999983807320824
0.9999983886727924
0.9999983668047076
0.9999983668264553
0.9999983527871769
0.9999983611385329
0.9999983433429196
0.9999983326966592
0.9999983327437911
0.9999983151455499
0.9999983310508196
0.9999983008152863
0.9999983144921699
0.9999982881602887
0.9999983026036807
0.9999982796987582
0.9999982776887709
0.9999982655154845
0.9999982784888628
0.999998249614822
0.9999982627832017
0.9999982345323188
0.9999982401337129
0.9999982089188848
0.9999982215073728
0.9999982080874723
0.9999982012272031
0.9999981847241974
0.999998174946858
0.9999981853351052
0.9999981608291999
0.9999981864042704
0.9999981248402586
0.999998167386668
0.9999981202523653
0.9999981631080765
0.999998100264027
0.9999981550715721
0.9999980957556363
0.9999981383973551
0.999998079972637
0.9999981164576689
0.9999980708924471
0.9999980910226016
0.999998059486706
0.9999980668805256
0.9999980575083269
0.9999980359452326
0.9999980422988908
0.9999980014357355
0.9999980378652509
0.9999979802528829
0.999998029849387
0.9999979793669312
0.9999980214923849
0.9999979650030124
0.9999980089325528
0.9999979646166968
0.99999799333709
0.9999979779244942
0.9999979766026599
0.9999979653233668
0.9999979579139329
0.9999979643197784
0.9999979382519736
0.999997941373676
0.9999979235700068
0.999997912070929
0.9999979079633046
0.9999979043040435
0.9999978966414728
0.999997891240492
0.9999978967796558
0.9999978700255091
0.9999978824273204
0.9999978704498689
0.9999978685819008
0.9999978625604514
0.9999978623360843
0.9999978378865493
0.9999978618258804
0.9999978159427687
0.9999978435912493
0.9999977970760536
0.9999978295406065
0.999997804780846
0.9999978151354816
0.9999977859002416
0.9999978030160267
0.9999977681319436
0.9999977943711496
0.9999977485678436
0.9999977985553004
0.9999977310628118
0.9999977780041094
0.9999977029322527
0.9999977729327844
0.9999976961014776
0.9999977465042873
0.9999976882493853
0.9999977283107351
0.9999976803825875
0.9999977190201699
0.9999976785669643
0.9999977019168852
0.9999976756544596
0.9999976833136202
0.9999976814007375
0.9999976594929805
0.9999976718914015
0.9999976429560554
0.9999976554633143
0.9999976350975792
0.9999976409352137
0.999997607876294
0.9999976333476824
0.9999975909203362
0.9999976341663391
0.9999975834123074
0.9999976359856104
0.9999975648727258
0.999997606185528
0.9999975316739315
0.9999975910578739
0.9999975011657024
0.9999975674217112
0.9999974738163308
0.9999975666879428
0.9999974608443143
0.9999975274533752
0.9999974580361054
0.9999975067013692
0.9999974503014761
0.9999974903832619
0.9999974314794602
0.9999974925847556
0.9999974296703068
0.9999974717219169
0.99999743746345
0.9999974577492712
0.9999974343297496
0.9999974549663703
0.9999974209453432
0.9999974331893953
0.9999974158691257
0.9999973924177915
0.9999974046279355
0.9999973640147123
0.9999974050385932
0.9999973518427187
0.9999973804217123
0.9999973319711445
0.9999973635134671
0.9999973064590854
0.9999973612976164
0.9999972820161945
0.9999973361681062
0.9999972763406721
0.999997303280564
0.9999972427346268
0.9999972718251644
0.9999972492267211
0.9999972561947533
0.9999972477756882
0.9999972365764656
0.9999972340215468
0.9999972149200874
0.9999972100173917
0.9999971934735192
0.999997208069025
0.9999971859676112
0.9999971970114615
0.9999971703619677
0.9999971863392793
0.999997172321048
0.999997173438268
0.9999971608609844
0.9999971602566539
0.9999971346332414
0.999997135318757
0.9999971139107393
0.9999971339563307
0.9999970946872765
0.9999971290513207
0.9999970894133201
0.9999971137397412
0.9999970873329217
0.9999971115552964
0.9999970756787167
0.9999971117493681
0.9999970500250335
0.9999970981265871
0.9999970530451652
0.9999970687415427
0.9999970565318065
0.9999970575965532
0.9999970525997103
0.9999970381508229
0.9999970372638112
0.9999970304165082
0.9999970165320139
0.9999970085122543
0.9999969869440711
0.9999969781757313
0.9999969760463621
0.9999969658157154
0.9999969721884026
0.9999969666291652
0.999996964258219
0.9999969459947271
0.999996951368984
0.9999969596952704
0.9999969330077494
0.9999969548320912
0.9999969060192212
0.9999969281440562
0.999996914588033
0.9999969164441804
0.9999968967959341
0.9999969089955383
0.9999968839971166
0.9999969045266962
0.9999968867864127
0.9999968972230948
0.9999968884810654
0.999996886291213
0.99999688186172
0.9999968422362393
0.9999968631119566
0.9999968425134393
0.9999968483732954
0.9999968166585769
0.999996849633036
0.9999968022101898
0.999996835346966
0.9999968157673284
0.9999968391604909
0.9999967890558898
0.9999968310903103
0.9999967597515218
0.9999968019550354
0.9999967354083246
0.9999967846416595
0.9999967179826694
0.9999967614703927
0.999996726541369
0.9999967446231748
0.9999967108136193
0.9999967036917433
0.9999967065747026
0.9999966954384946
0.999996693018751
0.999996650314465
0.9999966771952562
0.9999966438163023
0.9999966718889313
0.9999966223063395
0.9999966544130189
0.9999965893063142
0.999996668714557
0.999996597004735
0.9999966508454339
0.9999965614088538
0.9999966182564625
0.9999965671671001
0.9999965909086551
0.9999965294256683
0.9999965623523461
0.9999965160230948
0.9999965484860173
0.9999964955747584
0.9999965268412417
0.9999965075746186
0.9999965327128791
0.9999964947688094
