0.9999999239665698
0.9999997039548989
0.9999996724072967
0.9999999107701457
0.9999997362076013
0.9999996396363406
0.9999998870868207
0.9999997658151794
0.9999996191541218
0.9999998577061118
0.9999997919131461
0.9999996085196842
0.9999998208980972
0.999999818456533
0.9999996083247935
0.9999997825727704
0.9999998374091401
0.9999996107073806
0.9999997413061666
0.9999998494911199
0.9999996203751885
0.9999997028561439
0.9999998526692162
0.9999996391007411
0.9999996666565775
0.9999998470961821
0.9999996622098664
0.9999996323050787
0.999999834048165
0.9999996850477176
0.9999996043290879
0.999999815401402
0.9999997133472471
0.9999995827511072
0.999999788524007
0.9999997354444576
0.9999995751761025
0.999999754617142
0.9999997522163832
0.9999995696890129
0.9999997210076069
0.9999997640645263
0.9999995716551439
0.9999996855283143
0.9999997726445237
0.9999995794399739
0.9999996519525551
0.999999775180697
0.999999593667974
0.999999618952808
0.9999997717284165
0.9999996129692849
0.9999995888625433
0.9999997607620468
0.9999996316428585
0.9999995593311702
0.999999741623659
0.9999996494581317
0.9999995410149827
0.9999997202429874
0.9999996686244783
0.9999995303592323
0.9999996955513695
0.9999996841804748
0.9999995216320378
0.9999996633138477
0.9999996964420889
0.9999995240532383
0.9999996297788688
0.9999997037190322
0.9999995309370298
0.9999996004015634
0.9999997043963286
0.999999542311109
0.9999995724384098
0.9999996994479204
0.9999995535904592
0.9999995440918082
0.9999996896054064
0.9999995659901864
0.9999995188550184
0.999999677851838
0.9999995820200975
0.9999994982590019
0.9999996587567095
0.9999995959657287
0.9999994843891948
0.9999996331539315
0.9999996127180802
0.9999994778211163
0.9999996059569917
0.9999996204054609
0.9999994766124202
0.9999995765022407
0.9999996286157656
0.9999994806041164
0.9999995459876959
0.9999996299666819
0.9999994882349778
0.9999995191769203
0.9999996244917005
0.9999994930312546
0.9999994839618915
0.9999996124933069
0.9999995022796028
0.9999994567988804
0.9999995972217803
0.9999995159070749
0.9999994380995633
0.9999995804699714
0.9999995292203184
0.9999994260497646
0.9999995591137784
0.9999995402009021
0.9999994193362467
0.999999536018078
0.9999995472509807
0.999999416082879
0.99999950942678
0.9999995505618678
0.9999994148823677
0.9999994807565494
0.9999995506974647
0.9999994191442261
0.9999994532143002
0.9999995462335397
0.9999994267963972
0.9999994267874454
0.9999995372672892
0.9999994370291249
0.9999994062485705
0.9999995237658026
0.9999994449676455
0.9999993874662056
0.9999995051851983
0.999999454189256
0.9999993739585011
0.9999994851613275
0.9999994630756305
0.9999993669190503
0.9999994596297944
0.9999994670152955
0.9999993652332435
0.9999994367017147
0.9999994695045824
0.9999993653576442
0.999999410685126
0.9999994684729205
0.9999993702130526
0.9999993886757891
0.999999463650456
0.9999993755645978
0.9999993697752574
0.9999994523349749
0.9999993839986471
0.9999993499207948
0.9999994404201737
0.9999993856402845
0.9999993316720026
0.9999994263768667
0.9999993902858199
0.9999993212835082
0.9999994084617291
0.9999993913906828
0.9999993124356942
0.9999993890114993
0.9999993920200261
0.9999993062485727
0.9999993658703478
0.9999993947733947
0.9999993041833195
0.9999993414929742
0.9999993900083345
0.9999993051256792
0.9999993228697502
0.9999993827374802
0.9999993060074805
0.9999993008326362
0.9999993757445655
0.999999313115024
0.9999992838184062
0.9999993605572713
0.9999993205794357
0.9999992660206712
0.9999993432897398
0.9999993254425925
0.9999992526086591
0.9999993232621127
0.9999993302395702
0.9999992461222728
0.9999993037323474
0.999999335051401
0.9999992466558838
0.9999992798007236
0.9999993315491917
0.9999992453694126
0.9999992584516268
0.9999993237361356
0.9999992447930351
0.9999992393191767
0.9999993140132996
0.9999992464067213
0.9999992253668119
0.9999993011607622
0.9999992506361591
0.99999920671444
0.999999285416612
0.9999992584314716
0.9999991995307429
0.9999992693070888
0.9999992633465895
0.999999189016819
0.9999992497994827
0.9999992640807178
0.9999991812688583
0.9999992286640762
0.9999992594392015
0.9999991829261908
0.9999992098655469
0.9999992575472784
0.9999991782814338
0.999999195940002
0.9999992484187566
0.9999991783254704
0.9999991717936718
0.9999992418740912
0.9999991810619947
0.9999991515288548
0.99999922766468
0.9999991841832806
0.9999991412319799
0.9999992089088109
0.9999991888727896
0.999999131394554
0.9999991843262122
0.9999991897693988
0.9999991236968512
0.9999991636849216
0.999999185672189
0.9999991149173975
0.9999991495720068
0.9999991828154999
0.9999991100120265
0.9999991324609839
0.9999991794597609
0.9999991112281632
0.9999991117533948
0.9999991695987455
0.999999110081684
0.9999990998153572
0.9999991594903083
0.9999991145443738
0.9999990824109163
0.9999991526421487
0.9999991134957659
0.9999990688092998
0.9999991394551496
0.9999991195890631
0.9999990659751942
0.9999991240762061
0.9999991221556418
0.9999990597683522
0.9999991077295718
0.999999119937138
0.9999990577228628
0.9999990875630298
0.999999117868815
0.9999990590088992
0.9999990673418955
0.9999991093658178
0.9999990614346322
0.9999990512741992
0.9999991018876079
0.9999990594160084
0.999999041345213
0.999999095016711
0.99999905658382
0.999999029700672
0.9999990811236591
0.9999990568693756
0.9999990170758628
0.9999990711406763
0.9999990518139785
0.9999990054320677
0.9999990493593206
0.9999990552588681
0.9999990014066762
0.9999990374837887
0.9999990517867204
0.9999989976501604
0.9999990224435696
0.9999990452681193
0.9999989917987679
0.999999005742857
0.9999990360078252
0.9999989953696782
0.9999989863401679
0.9999990249650815
0.9999989925143123
0.9999989694059672
0.9999990184060426
0.9999989936894353
0.9999989584302382
0.9999990032541342
0.9999989926871635
0.9999989510589392
0.9999989881687003
0.9999989845966731
0.9999989403486338
0.9999989726024396
0.9999989808612231
0.9999989400524409
0.9999989577522304
0.9999989717434187
0.999998938712915
0.9999989402921395
0.9999989657482296
0.9999989378815622
0.9999989270731956
0.9999989567150527
0.9999989334733294
0.9999989125700127
0.9999989484327657
0.9999989279197172
0.999998901421196
0.9999989364717389
0.9999989250407142
0.9999988898177065
0.9999989218083695
0.9999989129744794
0.9999988853061544
0.9999989060814173
0.9999989031852035
0.9999988780504131
0.9999988955818082
0.9999988968281678
0.99999887251503
0.999998885555304
0.9999988858481904
0.9999988681133367
0.9999988757294014
0.9999988800782263
0.9999988583293401
0.9999988659526555
0.9999988798406101
0.9999988529604703
0.9999988487174589
0.9999988725147306
0.9999988539525482
0.9999988453359944
0.9999988672008338
0.9999988495241461
0.9999988247929333
0.999998859489935
0.9999988421408523
0.9999988150309549
0.9999988517624246
0.9999988352773124
0.999998801368345
0.9999988392120704
0.9999988278017438
0.9999987932730847
0.9999988274110053
0.999998823421812
0.9999987919331721
0.9999988122476519
0.9999988120852359
0.9999987889679776
0.9999988006110889
0.9999988095934191
0.9999987843468436
0.9999987836424132
0.999998802393969
0.9999987764865114
0.9999987666247813
0.9999987915708304
0.999998771790193
0.9999987589787495
0.9999987813564809
0.9999987608413801
0.9999987460301569
0.9999987720187602
0.9999987523240746
0.9999987372829975
0.9999987552401823
0.9999987480531038
0.9999987274003835
0.9999987463307961
0.999998737257315
0.9999987233774761
0.9999987344068381
0.999998730605052
0.9999987167779611
0.9999987146925947
0.9999987211038976
0.9999987188971691
0.9999987075185593
0.9999987143075123
0.9999987145932997
0.9999986952605153
0.9999987098417867
0.9999987072357439
0.99999868776654
0.9999987004009039
0.9999986990517675
0.9999986780862533
0.9999986852458509
0.9999986931977286
0.9999986735184315
0.9999986748116044
0.9999986871788311
0.9999986652233346
0.9999986662585171
0.999998672338583
0.9999986614257976
0.9999986522674537
0.9999986637421774
0.9999986557428214
0.9999986394079636
0.9999986615001982
0.9999986534859326
0.9999986305629109
0.9999986535360258
0.9999986535495541
0.9999986187104919
0.9999986429054122
0.9999986461086893
0.9999986223187198
0.9999986321449442
0.9999986382546086
0.9999986159354705
0.9999986247820302
0.9999986324907661
0.9999986121247461
0.9999986120644087
0.9999986263645718
0.9999986097563989
0.9999986047415426
0.9999986190514617
0.9999986050093911
0.9999985920193256
0.9999986083007587
0.9999986025307243
0.999998576100675
0.999998601228214
0.9999985947245899
0.9999985716165918
0.9999985903221972
0.999998589435522
0.9999985579228305
0.9999985779971325
0.9999985879259399
0.9999985468912217
0.9999985578271156
0.9999985790701513
0.9999985493261355
0.9999985443160261
0.9999985725284865
0.9999985452537233
0.9999985375914169
0.9999985673407014
0.9999985405540781
0.9999985263478423
0.9999985600980372
0.9999985414078172
0.9999985197114409
0.9999985526722825
0.9999985395084406
0.9999985102414618
0.9999985454916237
0.9999985351667964
0.9999984951553174
0.999998529774555
0.9999985287236743
0.999998488954872
0.999998521392749
0.9999985274968285
0.9999984765282949
0.9999985066214295
0.9999985183932042
0.999998470512647
0.9999984979677904
0.9999985143918306
0.999998469946101
0.9999984842786755
0.99999850709317
0.9999984661156512
0.9999984715096661
0.9999984944970688
0.9999984564833927
0.9999984579305671
0.9999984787444172
0.9999984586762561
0.9999984444454972
0.9999984700969146
0.9999984585193404
0.9999984350592127
0.9999984595490296
0.9999984581728166
0.9999984239346476
