0.9999982981732359
0.9999924856218109
0.9999942987860201
0.9999977504175702
0.9999914926641339
0.9999956936832017
0.9999965123572145
0.9999913630894786
0.9999967864240077
0.9999947493394267
0.9999919666605469
0.999997362213287
0.9999929553726687
0.9999931172667743
0.999997322448615
0.999991560017926
0.9999944407725961
0.999996486594293
0.9999909027192223
0.9999956186840043
0.9999950793028317
0.9999911535648901
0.9999964194601504
0.99999331465225
0.9999920860334066
0.9999966380727766
0.9999917201753651
0.9999932760460216
0.9999961815231365
0.999990730944851
0.9999945177493561
0.999995092736786
0.9999905125019913
0.999995479197331
0.9999935275278633
0.9999910131222374
0.9999958692880424
0.9999918656373773
0.9999920754268296
0.9999956477181055
0.9999905279471156
0.9999933045190547
0.9999948712014666
0.9999899278142568
0.9999943508309479
0.9999936073993283
0.9999901528401224
0.9999949505328344
0.9999920794251339
0.9999908986426854
0.9999950418542941
0.999990705995955
0.9999919883427579
0.999994508431133
0.9999898346023341
0.9999930284537724
0.9999935353833264
0.9999894835071388
0.9999938413299785
0.9999921935107664
0.9999898959786143
0.9999942361759199
0.999990786822038
0.999990754775119
0.9999939803033626
0.9999896520583317
0.9999918575185046
0.9999933282660975
0.9999891348796777
0.9999927759138734
0.9999921856436434
0.9999891510978063
0.9999933519088333
0.9999908339019566
0.9999897716654087
0.9999933870318005
0.9999895954382109
0.9999907153932415
0.9999929218744701
0.9999888757331854
0.9999916958846454
0.9999919717125626
0.9999885928021064
0.9999924016215102
0.9999907679880752
0.9999888578596944
0.9999927369518937
0.9999895782835789
0.9999896255261473
0.9999925070451589
0.9999886683072258
0.9999905143975207
0.9999917272540411
0.9999882289816384
0.9999913492094419
0.9999905977011646
0.9999881644833151
0.9999918638940607
0.9999893921552417
0.9999885790032192
0.9999918765713486
0.9999884017315351
0.9999894257518346
0.9999913294753038
0.999987694794231
0.999990346982999
0.9999904201883767
0.9999874230265582
0.9999909890548981
0.9999893700772488
0.9999876569158697
0.9999912203061587
0.9999883538388742
0.9999883358461319
0.9999907984698633
0.999987507828527
0.9999890970247082
0.999990140238326
0.999986989650802
0.9999897077832927
0.9999893029413547
0.9999868477172651
0.9999900656273528
0.9999883739226091
0.999987126073265
0.9999901081210332
0.9999873990583324
0.9999876274520458
0.9999897665628825
0.99998667262747
0.999988465980937
0.999989096554102
0.999986140721819
0.9999890595700639
0.9999881125378267
0.9999861583568145
0.9999893463772741
0.9999870868261119
0.9999866545039692
0.9999892178003525
0.9999862254029759
0.9999873945013975
0.9999885839649446
0.9999856408667436
0.9999882125226881
0.9999876923780795
0.9999855242581028
0.9999885770928961
0.9999866793724552
0.9999857754630852
0.9999884775110676
0.999985866303679
0.9999864169025996
0.9999880421106425
0.999985266333046
0.9999870945618663
0.999987345584691
0.9999849140014684
0.9999875486505463
0.9999864987049205
0.9999849300643825
0.9999876640025047
0.9999855381678164
0.9999853046518722
0.9999874235464881
0.9999848745486066
0.9999859427076621
0.9999868859664918
0.9999843561215409
0.9999865412818681
0.9999861079483566
0.9999842242031541
0.999986803178642
0.9999852653194317
0.9999844381344457
0.9999867210684218
0.9999845073960174
0.9999850212814615
0.9999862254464489
0.9999839832678417
0.9999856238779
0.9999855909758796
0.999983607068164
0.9999859758995625
0.9999847844022247
0.999983626029866
0.9999859568304781
0.999983976335115
0.9999840056937794
0.9999856044682963
0.9999834390128108
0.9999846160091818
0.9999849945778037
0.9999830086712206
0.9999851135710084
0.9999843079001394
0.9999828640559845
0.9999852030668582
0.9999834937158217
0.9999830761164575
0.9999850048293828
0.9999828851147958
0.99998348345779
0.9999844752164558
0.9999824386297383
0.9999840356734904
0.999983879493156
0.9999822294346725
0.9999842826977337
0.9999831216309715
0.9999822453070603
0.9999841846950629
0.9999825185552023
0.9999825456260623
0.9999838328238141
0.9999819782118876
0.9999829352786728
0.9999833522356499
0.9999815147871189
0.9999832657320644
0.9999826684782872
0.9999813949398382
0.9999834351083158
0.999981916851521
0.9999815850975553
0.9999833119021848
0.9999812303143436
0.999981933907672
0.9999828939952415
0.9999809083567687
0.9999823482084933
0.9999821727041195
0.9999806754898982
0.9999825383112658
0.9999815380662792
0.9999806877029961
0.9999824945343828
0.9999808373940141
0.9999809201170973
0.9999821341346469
0.9999801337895967
0.9999813102557323
0.9999816535434886
0.999979727531768
0.9999815680746496
0.9999810331727634
0.9999797282317195
0.9999816842381567
0.9999802954560236
0.9999799869608252
0.9999815240786024
0.9999797145284206
0.9999804252279975
0.9999811542066529
0.9999794003312612
0.9999808199176914
0.9999805867821067
0.9999791725250162
0.9999810100523171
0.9999798662529149
0.9999792006928392
0.9999809486849792
0.999979261158073
0.9999794857048768
0.9999806560586919
0.9999787717165459
0.9999797708464505
0.9999799925509915
0.9999784619168233
0.9999801115561053
0.9999793813075483
0.9999783490185042
0.9999802897339043
0.9999787209669143
0.9999785384538639
0.9999800610644043
0.9999783426758142
0.9999789312177393
0.9999795783636211
0.9999779519485891
0.9999793590816286
0.9999790719137074
0.9999777492982451
0.999979622370503
0.999978376094619
0.9999777445493908
0.9999794833468075
0.9999777745398793
0.999977985569181
0.9999791783905255
0.9999774131057756
0.9999783515683536
0.9999786585273128
0.9999772579586389
0.9999786823287813
0.9999780430629764
0.9999770782204773
0.9999785422526662
0.9999773621115403
0.9999770924147499
0.999978300675696
0.999976907674057
0.9999773407577389
0.999977858676872
0.9999764924000968
0.9999775011004883
0.9999772616600834
0.999976152673572
0.9999776995286336
0.9999767008064786
0.9999761803581804
0.9999775691570002
0.9999762228441296
0.999976398586945
0.9999772510262402
0.9999758767979459
0.9999767531775442
0.9999767274001525
0.9999755731238
0.9999770547295249
0.9999763965767487
0.9999754186102026
0.9999771268334305
0.9999759770716505
0.9999754961662632
0.9999768976751149
0.9999754888486628
0.9999758712210264
0.9999765055884338
0.9999749983770669
0.9999763057454713
0.9999760158600298
0.9999747332941769
0.999976433330806
0.9999755496265557
0.9999747839388532
0.9999762465022102
0.999975009116355
0.9999750213096612
0.999976021403694
0.9999745769602917
0.9999754052644165
0.9999754932664617
0.9999742135390658
0.999975639550457
0.9999749226176494
0.9999739280873812
0.9999754762506584
0.9999745145211323
0.9999741312586278
0.9999753420675338
0.9999739686815741
0.999974460495925
0.9999750277804001
0.9999735567369671
0.9999747146479141
0.9999745572150659
0.9999732183989462
0.999974736872876
0.9999741005635051
0.9999731278294071
0.9999747452072147
0.9999735152263681
0.9999733755901592
0.9999745982583526
0.9999728248587514
0.9999736116052566
0.9999741832710471
0.9999722990063967
0.9999739251029389
0.9999736737224612
0.9999720528478794
0.9999740704346766
0.9999731117050946
0.99997222299074
0.9999739298681815
0.9999725226969813
0.9999726165304644
0.999973749849308
0.9999719341071047
0.9999730124935472
0.9999733571061857
0.9999715418136057
0.9999733125469451
0.9999728037055485
0.9999715327198794
0.9999733716801462
0.9999720641490104
0.9999716819586414
0.999973235130244
0.9999714016227751
0.9999720769246548
0.9999729498359148
0.9999709950253013
0.9999723934312787
0.9999722964521912
0.9999708588214761
0.9999725267275839
0.9999717546655836
0.9999709329144163
0.9999725463141343
0.9999710963754255
0.9999710599691746
0.999972310517943
0.9999706201922545
0.9999713418433869
0.9999719511278253
0.9999704000887295
0.999971557775575
0.9999713547436547
0.9999702586078539
0.9999716686800351
0.9999706748719034
0.9999703808361214
0.9999715766448163
0.9999701142632531
0.9999705805174768
0.9999713214829586
0.999969736021904
0.9999706539950018
0.9999707262378013
0.999969520996124
0.9999706661406067
0.9999700475910134
0.9999694741722213
0.9999706418218371
0.999969593580159
0.9999696700780535
0.99997048266433
0.9999692033368565
0.999969822458539
0.9999700891100162
0.999969023941161
0.9999699079040382
0.9999695831719684
0.9999690536520006
0.9999699994476511
0.9999690315251893
0.9999690362444077
0.9999698561633779
0.9999685321117036
0.9999690752644581
0.9999696133320874
0.9999683039963833
0.9999692264899542
0.9999690709761209
0.9999681377983176
0.9999693110374275
0.999968531755114
0.9999681476178073
0.9999692472303116
0.999968106740599
0.9999682279968716
0.9999689861601455
0.999967732358754
0.9999683256390424
0.9999686135377133
0.9999674339380705
0.9999683266850783
0.999968055551026
0.9999671949964051
0.9999681724796694
0.9999675292154586
0.9999672816532107
0.9999680069612532
0.9999670366312436
0.9999672981529074
0.999967808513185
0.9999667785308577
0.999967344436228
0.9999673812341248
0.9999665151504498
0.9999673523198279
0.9999670161994816
0.9999663713453529
0.9999672482954256
0.9999665800921363
0.9999663123097942
0.9999671010134331
0.9999662134239621
0.9999662554174756
0.9999668475757698
0.9999658990181716
0.9999662493638586
0.9999665907924356
0.9999655392301691
0.9999662018540717
0.9999661417234975
0.9999652894634811
0.9999660886816124
0.9999656888307072
0.9999653321404239
0.9999660371055072
0.9999652563811614
0.9999652935392263
0.9999657209047887
0.9999649521691412
0.9999651902206512
0.9999654296119681
0.9999649464424712
