0.9999999065286697
0.9999995256594983
0.9999998945030364
0.9999995364158295
0.9999998710127648
0.9999995601636765
0.9999998370849609
0.9999995911324494
0.9999997966351842
0.9999996270648372
0.9999997523845522
0.9999996666193917
0.9999997037878291
0.9999997054051984
0.999999659443864
0.9999997439658879
0.9999996125325049
0.9999997763416065
0.9999995737289884
0.9999997992458347
0.9999995337581887
0.9999998143794323
0.9999995092925272
0.999999819761859
0.9999994962475843
0.9999998137584113
0.9999994917127848
0.9999998016066859
0.9999995009808818
0.9999997796850462
0.9999995194122812
0.9999997517771854
0.9999995436313971
0.9999997182918514
0.9999995707646101
0.999999678413799
0.9999996050556237
0.9999996347642799
0.9999996390552464
0.9999995944152468
0.9999996673729712
0.9999995520652946
0.9999996921373935
0.9999995113042317
0.9999997108097836
0.9999994803105675
0.9999997246694683
0.9999994532715608
0.999999728765861
0.9999994355410738
0.9999997261143332
0.9999994304061489
0.9999997094312875
0.9999994372726857
0.9999996888986258
0.9999994477498664
0.9999996581481834
0.9999994666693606
0.9999996264253836
0.9999994921658228
0.9999995910750362
0.9999995157269058
0.9999995517359749
0.9999995457985066
0.9999995163298919
0.9999995761741223
0.9999994798636528
0.9999996009526793
0.9999994460277513
0.9999996197501475
0.9999994192857626
0.9999996332904014
0.9999993982711046
0.9999996362697837
0.9999993856512056
0.999999630126848
0.999999376712682
0.9999996159642163
0.9999993814184948
0.9999995960245421
0.9999993941476797
0.9999995693031662
0.9999994063500849
0.9999995406553197
0.999999427617636
0.9999995100610947
0.9999994485589248
0.9999994777305397
0.9999994708924455
0.9999994420769457
0.9999994938027275
0.9999994095940165
0.9999995145265514
0.9999993828135217
0.9999995301142897
0.9999993640087244
0.9999995391979989
0.9999993462118058
0.9999995401035229
0.9999993356939483
0.9999995352831784
0.999999333506525
0.9999995213698261
0.9999993312839235
0.9999995048156163
0.9999993341317824
0.9999994817308632
0.999999342226186
0.999999453819747
0.9999993522530897
0.9999994273322399
0.9999993658291021
0.9999993940191018
0.9999993872178892
0.9999993662729797
0.9999994070760229
0.9999993373315716
0.9999994247778992
0.9999993193246379
0.9999994392859777
0.9999993016779897
0.9999994511509974
0.9999992847723128
0.9999994510001162
0.9999992751752913
0.9999994488264958
0.9999992679612466
0.9999994404044287
0.9999992694772837
0.9999994192326497
0.9999992710548851
0.9999993902256887
0.9999992725804597
0.9999993675042018
0.9999992862978498
0.9999993409121529
0.999999302677365
0.9999993129437963
0.9999993182503732
0.9999992869459664
0.9999993318186599
0.9999992612636808
0.9999993440623456
0.9999992357982532
0.9999993511203831
0.999999215227876
0.9999993546279315
0.9999991991578197
0.9999993554940139
0.9999991932958106
0.9999993497440844
0.9999991861116384
0.9999993352020414
0.9999991863264986
0.9999993175809293
0.999999191744685
0.9999992966834838
0.9999991994237629
0.999999271936032
0.9999992083023117
0.9999992488429644
0.9999992165338836
0.9999992212639648
0.9999992292300952
0.999999195865166
0.9999992407166926
0.9999991719462552
0.9999992489875404
0.9999991496919515
0.9999992534413326
0.9999991342617619
0.9999992535547579
0.9999991201925547
0.9999992544885323
0.9999991109959369
0.9999992462316369
0.999999107999477
0.9999992400818272
0.9999991107270478
0.9999992240207627
0.99999911822997
0.9999992096841444
0.9999991258585812
0.9999991925643338
0.9999991315155815
0.9999991682037448
0.9999991428509905
0.9999991479269572
0.9999991494435974
0.9999991247740355
0.9999991521078678
0.9999990993555431
0.9999991537249903
0.999999075104566
0.999999157727018
0.9999990585318977
0.9999991569568348
0.9999990428975242
0.999999158259179
0.9999990343486901
0.9999991567342805
0.999999026675823
0.9999991525253731
0.9999990275333855
0.9999991401898506
0.9999990279562855
0.9999991286219212
0.9999990302319121
0.9999991102981174
0.9999990360769964
0.9999990896308274
0.9999990430227201
0.9999990651811149
0.9999990531537134
0.999999040917945
0.9999990606871031
0.9999990222931291
0.9999990746252155
0.9999989935837356
0.9999990775108705
0.9999989809362788
0.9999990799960735
0.9999989705522817
0.9999990846134791
0.9999989610528794
0.9999990822831604
0.9999989527383516
0.9999990763268843
0.9999989456557773
0.9999990650754531
0.9999989498844254
0.9999990545060822
0.9999989535251568
0.9999990365584821
0.9999989614380694
0.999999023292447
0.9999989693939676
0.9999990004630412
0.9999989745534287
0.9999989766271787
0.9999989863386158
0.9999989531718982
0.999998987394847
0.9999989309744097
0.9999989876688372
0.9999989111252162
0.9999989879222608
0.9999988983365969
0.9999989892815915
0.9999988854141784
0.9999989899833579
0.9999988760356876
0.9999989849788408
0.9999988749615453
0.9999989801778499
0.9999988745595906
0.9999989655379754
0.9999988802852311
0.999998950055628
0.9999988916041616
0.9999989331137559
0.999998894777997
0.9999989144700683
0.9999989054177582
0.9999988926408514
0.999998911056703
0.9999988732017723
0.9999989199456721
0.9999988576408491
0.9999989199068311
0.999998841017621
0.9999989186003434
0.9999988275464936
0.9999989164494164
0.9999988135343065
0.9999989076706437
0.9999988051386286
0.9999989025546306
0.9999988053200399
0.999998896863057
0.9999988069816816
0.9999988857892571
0.9999988114012385
0.9999988717981372
0.9999988182102376
0.9999988586761569
0.9999988211255689
0.9999988396011684
0.9999988233781483
0.9999988191272892
0.9999988245313187
0.999998796050012
0.9999988277018543
0.9999987838618476
0.9999988305904962
0.9999987724839117
0.9999988297720956
0.9999987570871816
0.9999988208963332
0.9999987454165323
0.9999988206021503
0.9999987386404258
0.9999988133319072
0.9999987366261065
0.9999988038443018
0.9999987407110927
0.9999987882355644
0.9999987460868158
0.9999987726181744
0.9999987523127537
0.9999987554231994
0.9999987573412912
0.9999987376662675
0.9999987637639939
0.999998727207807
0.9999987616099648
0.9999987125440482
0.9999987625699114
0.9999987039187455
0.9999987567746442
0.9999986852658812
0.9999987505544807
0.999998671979772
0.9999987480257592
0.9999986656205786
0.9999987370664837
0.9999986610268063
0.9999987253735754
0.999998667604007
0.9999987126727662
0.999998671040687
0.9999987009440034
0.9999986714325193
0.9999986848184265
0.9999986720517815
0.999998670616439
0.9999986751345881
0.9999986575163955
0.9999986760047984
0.999998647268452
0.9999986803677753
0.9999986343936718
0.9999986838895069
0.9999986256239319
0.9999986781929695
0.9999986169753053
0.9999986732076819
0.9999986084577637
0.9999986625293448
0.9999986022317119
0.9999986521734795
0.9999986046365411
0.9999986418292669
0.9999986051144838
0.9999986342294244
0.9999986030091983
0.9999986183648468
0.9999986075150458
0.9999986052603864
0.9999986076479951
0.9999985944993788
0.9999986038020785
0.9999985841544841
0.9999986024529911
0.999998574445533
0.9999985938095727
0.9999985620344828
0.9999985959878974
0.9999985498494774
0.9999985974872616
0.9999985397333745
0.9999985951019275
0.9999985244308891
0.9999985906037152
0.999998520251255
0.9999985822153517
0.9999985233435764
0.9999985710173614
0.9999985198186326
0.9999985600709351
0.9999985183786441
0.999998550278367
0.9999985197876287
0.9999985408433227
0.999998511339109
0.9999985260984002
0.9999985148780832
0.9999985109664272
0.9999985126205669
0.9999984922160892
0.9999985101000228
0.9999984738557998
0.9999985122319336
0.9999984701158284
0.9999985064011322
0.9999984581438996
0.9999984993702424
0.9999984515683596
0.9999984925530141
0.9999984470152046
0.9999984842501632
0.9999984475472027
0.9999984693045039
0.9999984459360327
0.9999984547824953
0.9999984424067727
0.9999984461007005
0.9999984356480023
0.9999984354569929
0.9999984284020842
0.9999984266989264
0.9999984199166637
0.9999984166623163
0.9999984100055528
0.9999984037587942
0.9999983968826094
0.9999983920901502
0.9999983898635673
0.9999983876761842
0.9999983849552624
0.9999983794978866
0.9999983796386941
0.9999983710385482
0.9999983717749158
0.9999983655210946
0.9999983616089662
0.9999983568612582
0.9999983555380901
0.9999983509243939
0.9999983551157361
0.9999983450542144
0.9999983482098597
0.9999983356598842
0.9999983341677742
0.9999983258494343
0.9999983242174573
0.9999983211736511
0.9999983129679673
0.9999983065088139
0.9999983014104379
0.9999983008795698
0.9999982988321308
0.9999982965649648
0.9999982932129743
0.9999982952961534
0.9999982840146789
0.9999982972006282
0.9999982690064675
0.999998283789071
0.999998266573478
0.9999982842834623
0.9999982604438438
0.9999982752471611
0.999998255091674
0.9999982595657807
0.9999982463565863
0.99999823658454
0.9999982357633669
0.999998223510276
0.9999982321289411
0.9999982114338696
0.9999982255553094
0.9999981996918699
0.999998217544496
0.9999981989319443
0.9999982136259474
0.9999981966616134
0.9999982074720213
0.999998193076666
0.9999982003422525
0.9999981878552608
0.999998196939662
0.9999981874734291
0.9999981855506774
0.9999981814815536
0.999998173416697
0.9999981708030666
0.9999981624765
0.9999981597750388
0.9999981500893231
0.9999981533032123
0.9999981322638609
0.9999981448357383
0.9999981261200543
0.9999981347523449
0.9999981197149395
0.9999981283618861
0.9999981122682909
0.9999981151154588
0.9999981124707441
0.9999981085781896
0.9999981123141283
0.9999981051619696
0.9999981204153927
0.9999980985589101
0.9999981193768591
0.9999980893763066
0.9999981075948297
0.9999980850088805
0.9999980970609146
