0.9999997933042821
0.9999997756822571
0.9999997314197623
0.9999996687422588
0.9999995857677976
0.9999994862073136
0.9999993800883796
0.9999992711504381
0.9999991653255189
0.9999990737317737
0.9999990020791842
0.9999989479672151
0.9999989217185166
0.9999989218217008
0.9999989481714584
0.9999989935922281
0.9999990568358719
0.9999991340565444
0.9999992121528724
0.9999992960550284
0.9999993772314436
0.9999994480623683
0.9999995067433601
0.9999995524054538
0.999999580293512
0.999999585293606
0.9999995684045137
0.9999995332774003
0.9999994800498534
0.9999994071441389
0.999999322162651
0.999999232812758
0.9999991397404469
0.9999990533670802
0.9999989745654463
0.999998907909908
0.9999988607663148
0.9999988301584832
0.9999988290649547
0.9999988465032713
0.9999988898746023
0.9999989453830705
0.9999990116198452
0.9999990806201654
0.9999991426673361
0.9999992080060144
0.9999992659253034
0.9999993150774131
0.9999993563944527
0.9999993778412638
0.9999993833948222
0.9999993724421511
0.9999993426554363
0.9999992932487041
0.9999992258165809
0.9999991549496164
0.9999990742125526
0.9999989967599708
0.9999989193236097
0.9999988494937224
0.9999987929018928
0.9999987599840918
0.9999987383954183
0.9999987324163895
0.9999987453936777
0.9999987766326236
0.9999988214195921
0.9999988662665155
0.9999989159242594
0.9999989761219122
0.99999902864213
0.9999990764853899
0.999999120849787
0.9999991457428411
0.9999991657401965
0.999999167663849
0.9999991579140007
0.9999991331995361
0.9999990940445616
0.9999990468445112
0.99999898731607
0.999998918268872
0.9999988476858306
0.9999987812528652
0.9999987179874166
0.9999986598757392
0.9999986274445833
0.9999986037232329
0.999998596909708
0.999998599597971
0.9999986214364546
0.9999986532159465
0.9999986929950688
0.9999987414150893
0.9999987914999903
0.9999988418681964
0.9999988902347845
0.999998920540396
0.9999989438516357
0.9999989555915817
0.9999989558584818
0.9999989454489047
0.9999989243621333
0.9999988911221492
0.999998848598852
0.9999987960547476
0.9999987410841547
0.9999986839152123
0.9999986327041035
0.999998588774554
0.9999985457866843
0.999998512928997
0.9999984914440374
0.9999984831306709
0.9999984911994153
0.9999985125128877
0.9999985419604813
0.9999985765270006
0.9999986132188635
0.9999986485960259
0.9999986875638279
0.9999987145640883
0.9999987371877954
0.999998752818082
0.9999987668218553
0.9999987595465045
0.9999987455495909
0.9999987248856206
0.9999986949927485
0.9999986530864704
0.9999986006694247
0.9999985560949014
0.9999985022024058
0.9999984606208527
0.999998417002354
0.9999983840912964
0.9999983632484019
0.9999983510025371
0.9999983445810482
0.999998349657771
0.999998370070223
0.9999983899702621
0.9999984226627037
0.9999984542965372
0.9999984843212805
0.9999985104938999
0.9999985253393581
0.9999985449425837
0.9999985559891936
0.9999985537435608
0.9999985489002158
0.9999985305023253
0.9999985130952527
0.9999984851142284
0.9999984568783626
0.999998419486216
0.9999983836855473
0.9999983506377779
0.9999983105443834
0.9999982705635339
0.9999982423816127
0.9999982073540277
0.9999981812431775
0.9999981694970005
0.9999981714036272
0.9999981918983791
0.9999982175175742
0.9999982454686882
0.9999982708990645
0.9999982946757312
0.9999983116425267
0.9999983333329612
0.9999983536993363
0.9999983572945574
0.9999983594414223
0.9999983562958753
0.9999983423406847
0.9999983286606468
0.9999983125907506
0.9999982925479501
0.9999982596771442
0.9999982226303563
0.9999981830860856
0.9999981480069456
0.9999981021445379
0.99999806565794
0.9999980441928394
0.9999980262044706
0.9999980240123941
0.9999980222930263
0.9999980272868523
0.9999980506676578
0.9999980672077557
0.9999980865287748
0.9999980990335942
0.9999981077337639
0.999998124989242
0.9999981344010009
0.999998144184771
0.9999981494343099
0.9999981497783758
0.999998143336059
0.9999981349415583
0.9999981187621704
0.9999981090598887
0.9999980856501953
0.9999980561104018
0.9999980266137407
0.9999979908247424
0.9999979544363694
0.9999979204803154
0.9999979039427623
0.9999978953681106
0.9999978781729807
0.9999978803660687
0.9999978820926255
0.9999978903424813
0.99999789485573
0.9999979129701905
0.9999979280439808
0.9999979484096464
0.9999979598118928
0.9999979654537179
0.999997978247967
0.9999979864904566
0.9999979843976354
0.9999979773919367
0.9999979673930321
0.9999979585554344
0.9999979463544675
0.9999979202472531
0.9999979050836029
0.999997874016401
0.9999978441495219
0.9999978149197896
0.9999977858948527
0.9999977587847745
0.9999977358329075
0.9999977224202928
0.9999977163248617
0.9999977129824044
0.9999977131471227
0.9999977212507718
0.9999977269906641
0.9999977413651147
0.9999977533208696
0.9999977601902135
0.9999977695330219
0.9999977810583272
0.999997793155362
0.999997798671893
0.9999978015349275
0.9999977973929477
0.9999977811532921
0.9999977663433438
0.9999977464002932
0.9999977262387874
0.9999976937360158
0.9999976655231356
0.9999976300722571
0.9999976138342007
0.9999975955765721
0.9999975724262352
0.9999975559545865
0.9999975490819476
0.9999975420421467
0.9999975477207004
0.9999975497342478
0.9999975524140134
0.9999975645075976
0.9999975721120306
0.9999975848575944
0.9999975970247851
0.9999975995401175
0.9999976104895725
0.9999976123785377
0.9999976080064982
0.9999976035320483
0.9999975959758667
0.9999975782702057
0.999997557672239
0.9999975355701032
0.9999975132806563
0.9999974928658757
0.9999974678483999
0.9999974510501056
0.9999974364515426
0.9999974154227873
0.9999973927424395
0.9999973832292978
0.9999973810908656
0.9999973931271786
0.9999973961626207
0.9999973998044684
0.9999974042472196
0.999997408263082
0.9999974040122481
0.9999974048715033
0.9999974013153816
0.9999973928471667
0.9999973874364831
0.9999973884223388
0.9999973893873675
0.9999973886139436
0.9999973770668478
0.9999973640522414
0.9999973522710546
0.9999973304931095
0.9999973099366565
0.9999972906731004
0.9999972607673645
0.9999972382718314
0.9999972202153812
0.9999971962249619
0.999997177101461
0.9999971701758558
0.9999971745846651
0.9999971831131648
0.9999971911778767
0.9999971934387762
0.99999719601326
0.9999972085593907
0.9999972077621345
0.9999972129585288
0.9999972120510172
0.9999972096373375
0.9999972052895343
0.9999972044688815
0.9999971872371786
0.9999971617230531
0.9999971509421007
0.9999971279984079
0.9999971108133435
0.9999970933893079
0.9999970681709326
0.9999970477791276
0.9999970422153469
0.9999970309624833
0.9999970199479526
0.9999970160834069
0.9999970088381396
0.9999970089527597
0.999997007242566
0.9999970096977009
0.9999970123077824
0.9999970091992879
0.9999970150134236
0.9999970172858396
0.9999970118718227
0.9999969966123681
0.9999969903878647
0.9999969817282747
0.9999969735384295
0.9999969629759055
0.9999969456320509
0.9999969352441171
0.9999969171609393
0.99999691041318
0.9999968993789882
0.9999968850264273
0.9999968836500872
0.9999968764052906
0.9999968714000323
0.9999968655484817
0.9999968533700511
0.9999968507177887
0.9999968460710783
0.9999968366349514
0.9999968354059054
0.9999968285918659
0.9999968234541486
0.9999968293397292
0.9999968241447464
0.9999968202037208
0.9999968089257384
0.9999968010834704
0.999996784639374
0.9999967644048752
0.9999967486440224
0.9999967401524249
0.9999967374141264
0.9999967292565642
0.999996731241781
0.9999967237955811
0.9999967258366569
0.9999967223928653
0.9999967248651919
0.9999967196675741
0.9999967207476612
0.9999967129424169
0.9999966967233967
0.9999966851623937
0.9999966827237812
0.9999966668035163
0.9999966544531242
0.9999966507891253
0.9999966483719637
0.9999966427661935
0.9999966337092345
0.9999966250251655
0.9999966187225671
0.9999966056010701
0.9999965897274473
0.9999965943577486
0.9999965977605035
0.9999966090167155
0.9999966131804188
0.9999966097925256
0.9999966035113895
0.9999966073486866
0.9999966033690167
0.9999965930945545
0.9999965815489575
0.9999965673057493
0.999996553010452
0.9999965478944995
0.999996539000063
0.9999965322831351
0.9999965190865937
0.999996508096283
0.9999964979027467
0.9999964792345413
0.9999964682123059
0.9999964502340061
0.9999964410582864
0.9999964289483746
0.9999964171200526
0.9999964146994051
0.9999964063860094
0.9999963918501696
0.9999964024059319
0.9999964042583049
0.9999964053460798
0.999996410873535
0.9999964023897827
0.9999963997346306
0.999996391312277
0.9999963828466786
0.9999963788634901
0.9999963827247055
0.9999963715058666
0.9999963723894851
0.9999963773435623
0.9999963811351977
0.9999963665460181
0.999996356014449
0.9999963383685451
0.9999963205513789
0.9999962910353052
0.9999962771687875
0.9999962542976657
0.9999962482430961
0.9999962332947687
0.9999962302731377
0.9999962283914495
0.9999962160083211
0.9999962251250094
0.9999962270139818
0.9999962285511731
0.9999962228730405
0.9999962327570039
0.9999962345166322
0.9999962332804316
0.9999962365615389
0.9999962390192716
0.9999962422076789
0.9999962387575053
0.9999962335749968
0.9999962216288484
0.9999962065522028
0.9999961911479781
0.9999961721700006
0.9999961600186851
0.9999961380481022
0.9999961168661222
0.9999960826789704
0.9999960616431128
0.9999960383396684
0.9999960195253329
0.9999960152645648
0.9999960154167249
0.9999960228206952
0.9999960279755545
0.9999960360490079
0.9999960332455077
0.9999960415687915
0.9999960458675959
0.999996047560443
0.999996043743678
0.999996044881307
0.9999960439911652
0.9999960458664872
0.9999960411627263
0.9999960245435128
0.999996006577918
0.999995992091468
0.9999959705743744
0.9999959502370014
0.9999959152854595
0.9999958885554688
