0.9999998482102227
0.9999996257295956
0.9999993024941971
0.9999993046278097
0.9999996079918658
0.9999998180104622
0.9999996069025074
0.9999992874953757
0.9999992759837865
0.9999995798144048
0.9999997876040362
0.9999995844334737
0.9999992727984106
0.9999992609897874
0.9999995622130056
0.9999997620553932
0.9999995599741887
0.9999992597777324
0.9999992441580603
0.9999995382274578
0.9999997335579759
0.9999995413439065
0.9999992518297052
0.9999992289184665
0.9999995181426182
0.9999997030534888
0.9999995207620753
0.9999992369085876
0.9999992190097964
0.99999949507937
0.999999673831744
0.9999994978667421
0.9999992235066617
0.9999992095312893
0.9999994715099538
0.9999996460512006
0.9999994706452245
0.9999992034774875
0.9999991833805729
0.999999439606106
0.9999996114904591
0.999999443278793
0.9999991911844838
0.9999991681464788
0.9999994214838954
0.999999575751479
0.999999411559753
0.9999991795869334
0.9999991529826854
0.9999993969227239
0.999999547066114
0.9999993819620789
0.9999991602209117
0.9999991269709217
0.9999993704679285
0.9999995241444961
0.9999993719952527
0.9999991454376921
0.9999991078066979
0.9999993455265904
0.9999994954334579
0.9999993540824768
0.999999135881023
0.9999990934147063
0.9999993271383882
0.9999994699925757
0.9999993247281271
0.9999991187969075
0.999999067259233
0.999999292917694
0.9999994369113837
0.9999992979237665
0.9999990914349085
0.9999990453451092
0.9999992650661476
0.9999994043089597
0.9999992658760477
0.9999990733879495
0.9999990294449095
0.9999992452846842
0.9999993727998373
0.999999237020883
0.9999990411920482
0.9999990030977842
0.9999992243270986
0.9999993416076668
0.999999199327792
0.9999990134212491
0.9999989865845573
0.9999991955830028
0.9999993020722582
0.9999991660700553
0.999998991225195
0.9999989611853008
0.9999991754155833
0.9999992822753061
0.999999142610033
0.999998959919205
0.9999989411649542
0.9999991405820429
0.9999992469742468
0.999999120625093
0.999998932568884
0.999998913405305
0.9999991145094645
0.9999992269693976
0.9999990957323828
0.9999989056357335
0.999998889112348
0.9999990939907055
0.9999991941186328
0.9999990681002416
0.9999988903212227
0.9999988756638509
0.9999990763940199
0.9999991766057542
0.9999990505918005
0.999998864555374
0.9999988572286065
0.9999990396427595
0.9999991466657625
0.9999990270507159
0.9999988426272369
0.9999988362402922
0.9999990142102001
0.9999991207468383
0.999998996268391
0.9999988257119712
0.9999988235626359
0.9999989870380528
0.9999990910237603
0.9999989718879985
0.999998798254451
0.999998790078253
0.9999989532432016
0.9999990641136995
0.9999989471977433
0.9999987795453442
0.999998778002374
0.9999989254889026
0.9999990292397115
0.9999989170181485
0.9999987692647466
0.9999987567067874
0.9999988989264265
0.9999989926889683
0.9999988908160532
0.9999987387873889
0.9999987286711473
0.9999988721696534
0.9999989586542993
0.9999988619273167
0.9999987116894841
0.9999986989952157
0.9999988454392413
0.9999989183795354
0.9999988250868268
0.9999986735009078
0.9999986746575886
0.9999988122033042
0.9999988884913538
0.999998793266903
0.9999986535501845
0.9999986649387642
0.9999987919980515
0.9999988598733269
0.9999987678633555
0.9999986377346282
0.9999986447142949
0.9999987675929156
0.9999988238226952
0.9999987401895846
0.9999986140236026
0.9999986232039975
0.9999987440627996
0.9999988053046052
0.9999987263353501
0.9999985947524381
0.9999986077780818
0.999998720984901
0.9999987819857283
0.9999986989500241
0.9999985752983723
0.9999985749582231
0.9999986923511922
0.9999987496639668
0.9999986775198597
0.9999985593711965
0.9999985573957395
0.9999986624476611
0.9999987175755077
0.9999986491395747
0.9999985400576599
0.9999985336633176
0.9999986303390936
0.9999986851379713
0.9999986132787577
0.999998510398557
0.999998505984173
0.9999986076472683
0.9999986597302218
0.9999985900974346
0.9999984959080058
0.999998493282525
0.9999985858888409
0.9999986268824859
0.9999985639193033
0.9999984718165292
0.9999984608673318
0.9999985442183449
0.9999985910817129
0.9999985326518072
0.9999984451147248
0.9999984359696742
0.9999985174260899
0.9999985617271118
0.9999984920591682
0.9999984112926036
0.9999984092166846
0.9999984874713299
0.9999985293773257
0.999998473288852
0.9999983879055921
0.9999983791459702
0.999998446233417
0.9999984990116348
0.9999984458459437
0.999998366869204
0.9999983672311201
0.9999984225072908
0.9999984696906795
0.9999984132771192
0.9999983381582378
0.9999983486132635
0.999998402717412
0.9999984409429488
0.9999983814929181
0.9999983118299983
0.9999983180989831
0.9999983667338648
0.9999984006952294
0.9999983500628791
0.9999982963776861
0.9999982996096598
0.9999983425288425
0.9999983753572499
0.999998324483658
0.9999982731406406
0.9999982684281288
0.9999983135548937
0.9999983528922882
0.9999983032249151
0.9999982442614475
0.9999982382372359
0.9999982803367086
0.9999983215896688
0.999998274032986
0.9999982201956445
0.9999981954424481
0.9999982410594975
0.9999982958849094
0.9999982516162128
0.999998193663925
0.9999981779594798
0.9999982292935058
0.9999982808282131
0.9999982385545211
0.9999981718890796
0.999998155002414
0.9999982029193775
0.9999982564213078
0.999998217912243
0.9999981546019541
0.9999981408883274
0.9999981755182539
0.9999982270663694
0.9999981913535804
0.9999981302732824
0.9999981228414121
0.9999981513374656
0.999998202769744
0.9999981655864575
0.9999981145842992
0.9999980970969276
0.9999981240783433
0.999998175650519
0.9999981389923869
0.9999980837457924
0.9999980714546899
0.9999980934823147
0.9999981429297381
0.9999981076525666
0.9999980549241593
0.9999980504236812
0.9999980717200984
0.9999981191619699
0.9999980764136934
0.9999980308063843
0.9999980358421905
0.9999980502274006
0.9999980891845236
0.9999980535190408
0.9999980080078102
0.999998012854673
0.9999980305792354
0.9999980674563252
0.9999980402092843
0.9999979983495264
0.9999979959924292
0.9999980035971694
0.9999980496643602
0.9999980255762086
0.9999979842666936
0.9999979660703894
0.9999979740594113
0.9999980169096314
0.9999980120662995
0.9999979693081177
0.9999979553602617
0.9999979514662597
0.9999979931263764
0.9999979895030534
0.9999979491858147
0.9999979390001886
0.9999979207490952
0.9999979491985189
0.9999979608169416
0.9999979229972166
0.9999979118669408
0.9999978971935986
0.9999979318996238
0.999997938519689
0.9999978899163465
0.9999978824621445
0.9999978626484473
0.9999979121911744
0.9999979097655065
0.9999978648180412
0.9999978691189245
0.9999978496180725
0.9999978761562535
0.9999978756396166
0.9999978404863274
0.9999978561220565
0.9999978260428771
0.9999978299957794
0.9999978394161987
0.9999978133570891
0.9999978246925415
0.9999977990894937
0.9999978044040125
0.9999978108016315
0.9999977871141148
0.9999978048283845
0.9999977763654531
0.9999977729361607
0.9999977847000907
0.9999977621334719
0.9999977702538683
0.9999977400735154
0.9999977440855952
0.9999977517462517
0.999997731049284
0.999997738803098
0.9999976977639478
0.9999976990626172
0.9999977229801255
0.9999977153007802
0.9999977025461223
0.9999976579466114
0.9999976768874586
0.999997696708337
0.9999976910415491
0.9999976751490327
0.9999976272293146
0.9999976451403659
0.9999976615855888
0.9999976619753305
0.9999976574465882
0.9999976069875959
0.9999976098509644
0.9999976219009737
0.9999976250635919
0.9999976304426291
0.9999975775586107
0.9999975810135174
0.9999975932876001
0.9999976005400022
0.9999976100280957
0.9999975544310612
0.9999975449031624
0.9999975629175433
0.999997572389013
0.999997570230826
0.9999975257088102
0.9999975321742126
0.9999975438542528
0.9999975317272595
0.9999975299477324
0.9999974881240004
0.9999974995906926
0.9999975017069326
0.9999974802618936
0.9999974791954243
0.9999974623772289
0.9999974800696045
0.9999974756731911
0.9999974496090325
0.9999974448687623
0.9999974240846556
0.999997436813685
0.9999974363070924
0.999997415570503
0.9999974065516396
0.9999973834334374
0.9999974069680247
0.9999974056695949
0.9999973860620072
0.9999973752857446
0.99999734177042
0.9999973683161837
0.9999973677611729
0.999997353920669
0.9999973403829774
0.9999973126215355
0.9999973375201734
0.9999973327998551
0.9999973197335995
0.9999973105062832
0.999997289566193
0.999997314561613
0.9999973065972882
0.9999972865805531
0.999997275528881
0.9999972730459464
0.9999972873523785
0.9999972678996202
0.9999972617746896
0.9999972617600706
0.9999972445019394
0.9999972486928743
0.9999972402731085
0.9999972388494499
0.9999972392301981
0.9999972201119833
0.9999972270811134
0.9999972210866456
0.9999972222567086
0.9999972247305184
0.9999972117453382
0.9999972236027406
0.999997199951813
0.9999971982257141
0.9999972027276526
0.9999971792737928
0.9999971871759156
0.9999971625948776
0.9999971641376086
0.9999971553454974
0.9999971420110065
0.9999971580132712
0.9999971247699759
0.9999971232747799
0.9999971184695221
0.9999971194110074
0.9999971263323949
0.9999970958858506
0.9999971078033307
0.9999971005679993
0.9999970832646505
0.9999970941680962
0.99999707933149
0.9999970813327544
0.9999970606613365
0.9999970565096827
0.9999970702019454
0.9999970427296393
0.9999970441666308
0.9999970341101709
0.9999970216820301
0.9999970360621646
0.9999970160715123
0.9999970257032887
0.9999970101690377
0.9999969911460362
0.9999970014904654
0.9999969892981344
0.9999970000514699
0.9999969774814739
0.999996969487725
0.9999969816758204
0.9999969674638904
0.9999969745234731
0.9999969666109866
0.999996964320738
0.9999969711717173
0.999996929197658
0.9999969444484679
0.9999969444039342
0.9999969462204681
