0.9999999345914274
0.9999998722805323
0.9999997359406352
0.9999996677035015
0.9999997245378228
0.9999998375306478
0.9999999149675717
0.9999998838434115
0.9999997602483055
0.9999996700495823
0.9999996959634005
0.9999997978004644
0.999999886976872
0.9999998875886039
0.9999997849679266
0.999999675788233
0.9999996705605192
0.9999997599989013
0.9999998568878684
0.9999998833419041
0.9999998033616043
0.9999996843133464
0.9999996482153078
0.9999997189452499
0.9999998216956378
0.9999998695772276
0.9999998193572548
0.9999997060915466
0.9999996393040106
0.9999996847393415
0.9999997864610786
0.9999998504890713
0.9999998273123619
0.999999725452813
0.9999996365072106
0.99999965336332
0.9999997522711203
0.9999998272839387
0.9999998256700856
0.9999997420796745
0.9999996430289515
0.999999637096203
0.9999997149650813
0.9999997985383964
0.9999998190970681
0.999999753722554
0.9999996540013906
0.9999996192197118
0.9999996794593854
0.9999997655922626
0.9999998035411221
0.9999997603161039
0.9999996664898128
0.9999996112799038
0.9999996501397311
0.9999997309594171
0.9999997852060614
0.9999997636115971
0.9999996763436516
0.9999996058933007
0.9999996221865817
0.9999996985820524
0.9999997636916295
0.9999997616957674
0.999999686793389
0.9999996086787306
0.9999996048770927
0.9999996665523025
0.9999997383066318
0.9999997540493811
0.9999996943441004
0.9999996138723525
0.9999995896625282
0.9999996357732499
0.9999997064616913
0.9999997388265388
0.9999996979877571
0.9999996243917542
0.9999995828766555
0.9999996089801306
0.9999996733917135
0.9999997182339576
0.9999996997932901
0.999999630646453
0.9999995765562169
0.9999995838621558
0.9999996364059365
0.9999996926499249
0.9999996937280484
0.999999634962657
0.9999995742369069
0.9999995621042986
0.9999996059734385
0.9999996650380385
0.9999996840314772
0.9999996381027965
0.9999995744673565
0.9999995466906725
0.9999995773340076
0.9999996359200249
0.9999996671318289
0.9999996379123334
0.9999995752891844
0.999999538250219
0.9999995559326849
0.9999996069019477
0.9999996464617773
0.9999996316917028
0.9999995775905146
0.9999995311283356
0.999999534647326
0.999999577589593
0.9999996238248248
0.9999996265151383
0.999999576672274
0.999999525656047
0.9999995191175325
0.9999995530244292
0.9999995997168276
0.9999996124321802
0.9999995741737149
0.9999995270411561
0.9999995077606209
0.9999995290931979
0.9999995764101869
0.9999995970551374
0.9999995693227987
0.9999995219142187
0.9999994941613667
0.9999995033578287
0.9999995454315176
0.9999995777812338
0.999999564750091
0.999999519276724
0.9999994839862281
0.9999994829628512
0.9999995205842502
0.9999995591242379
0.9999995541432019
0.9999995192663969
0.9999994809512437
0.9999994657335389
0.999999495223757
0.999999538470644
0.9999995450235283
0.9999995174585037
0.9999994811070736
0.999999456907334
0.9999994717833521
0.9999995164892591
0.9999995333157671
0.9999995093996888
0.9999994762797004
0.9999994460381779
0.9999994506183802
0.9999994905857857
0.9999995164575219
0.9999995015886265
0.999999473368158
0.9999994437255391
0.9999994376097394
0.9999994698593533
0.9999994971825994
0.9999994904523842
0.9999994699019105
0.9999994418566057
0.9999994197712471
0.99999944273435
0.9999994821271911
0.9999994854647837
0.999999467075614
0.9999994365079287
0.9999994066315416
0.9999994170564835
0.9999994605998311
0.9999994745325738
0.9999994602496638
0.9999994336402909
0.9999993999138073
0.9999993991918481
0.9999994383556592
0.9999994585122011
0.9999994494524119
0.9999994264650833
0.9999993962680281
0.9999993876695997
0.9999994187734986
0.9999994424562884
0.9999994364103041
0.9999994188539969
0.999999390065625
0.9999993758662209
0.9999993943955263
0.9999994214606351
0.9999994244689117
0.9999994089790502
0.9999993813247862
0.9999993581879544
0.9999993694867915
0.9999994009797006
0.9999994124141144
0.9999993976394755
0.9999993743536512
0.9999993495577667
0.9999993528778922
0.9999993803277267
0.9999993971515545
0.9999993877826228
0.9999993660057676
0.9999993397882533
0.9999993360255511
0.9999993608916017
0.9999993781564147
0.9999993779331011
0.9999993614136208
0.9999993303806406
0.9999993167203745
0.9999993387106217
0.999999364238938
0.9999993657856673
0.999999350285381
0.9999993235926333
0.999999304591017
0.999999318957828
0.9999993453841264
0.999999354220001
0.9999993466017322
0.999999321740222
0.9999993001385017
0.9999993044972765
0.9999993304538571
0.9999993444595062
0.999999335900117
0.9999993117053124
0.9999992851338706
0.9999992889239158
0.9999993123422695
0.99999932535058
0.9999993206513726
0.9999992987697187
0.9999992751696675
0.9999992755330388
0.999999295053415
0.999999306323494
0.9999993041544969
0.999999288837317
0.9999992703868072
0.9999992652475751
0.9999992752959488
0.9999992895740423
0.9999992969490742
0.9999992841602625
0.9999992628899995
0.9999992469112825
0.9999992525677356
0.9999992669373341
0.999999280677106
0.999999277388352
0.9999992575510357
0.9999992356770779
0.9999992350497322
0.9999992484073765
0.9999992583026356
0.9999992585302809
0.9999992428094516
0.9999992208921944
0.9999992158755925
0.9999992284277526
0.9999992396513218
0.9999992434632652
0.999999231471776
0.9999992091556097
0.9999992033956627
0.9999992154670865
0.9999992272979686
0.9999992309556706
0.999999214467642
0.9999991945837522
0.9999991886348312
0.999999198210817
0.9999992123485083
0.999999219563049
0.9999992045278666
0.9999991810965708
0.999999175198231
0.9999991825874527
0.9999991896397413
0.9999991986434948
0.9999991925409092
0.9999991761951221
0.9999991632411094
0.9999991653370945
0.9999991678121334
0.9999991806201208
0.9999991864482649
0.9999991671747239
0.9999991488929968
0.9999991451674612
0.9999991533622249
0.9999991629004299
0.9999991666806346
0.9999991530291619
0.9999991346987976
0.9999991328192332
0.9999991350118529
0.9999991443856235
0.9999991526887536
0.9999991400602372
0.9999991222563844
0.9999991186596544
0.9999991183147823
0.9999991263887024
0.9999991377871248
0.9999991276234798
0.9999991081629
0.9999990974727557
0.9999990994221715
0.9999991057763244
0.9999991159467536
0.9999991159890552
0.9999991007236105
0.9999990907276518
0.9999990833295038
0.9999990847795872
0.9999990988557746
0.9999991111731559
0.9999991016071808
0.9999990835129345
0.999999071002919
0.9999990666520624
0.9999990813166626
0.9999990966509719
0.9999990859544724
0.999999071645279
0.9999990610396722
0.9999990541237556
0.9999990610354432
0.9999990726451029
0.9999990721046391
0.9999990588415858
0.9999990502118384
0.9999990446482973
0.9999990467393922
0.9999990592329361
0.9999990639318161
0.9999990538405691
0.999999043021326
0.9999990302565785
0.9999990271449902
0.9999990399437109
0.9999990497231251
0.9999990393764427
0.9999990310715537
0.9999990186212905
0.9999990135086897
0.9999990268749084
0.9999990378625851
0.9999990332957652
0.9999990194680015
0.9999990016651585
0.9999989981826721
0.9999990129895848
0.9999990250052492
0.9999990231822108
0.9999990049260501
0.9999989905688133
0.9999989886994655
0.9999989963819577
0.9999990111011521
0.9999990055136518
0.9999989880962832
0.9999989733900637
0.9999989656967501
0.9999989747679681
0.9999989898883311
0.9999989917618355
0.9999989744555232
0.9999989615463979
0.9999989502987363
0.9999989532298272
0.9999989685029647
0.999998974548047
0.999998963357785
0.9999989486442475
0.9999989391806645
0.9999989387674504
0.9999989491922354
0.9999989565473322
0.9999989525053358
0.9999989385001404
0.9999989276684045
0.9999989237700808
0.9999989300949245
0.9999989382111631
0.9999989397896044
0.9999989265616814
0.9999989141594692
0.9999989036514921
0.9999989042290811
0.999998913504841
0.9999989200354544
0.9999989166032245
0.9999989037973819
0.999998890629746
0.9999988902916415
0.9999988995737112
0.9999989023650357
0.9999988957428356
0.9999988908374676
0.9999988868309956
0.9999988858027336
0.9999988927945364
0.999998897325654
0.9999988885020319
0.9999988793133052
0.9999988754908603
0.9999988723965826
0.999998872927294
0.999998875883357
0.9999988736228936
0.9999988640187703
0.9999988593517677
0.999998856794225
0.9999988584048584
0.9999988595633359
0.9999988584241529
0.9999988506429393
0.99999884103489
0.9999988404478828
0.9999988426091352
0.9999988429400221
0.9999988425559201
0.9999988366746333
0.9999988298761158
0.9999988266307136
0.9999988170815347
0.9999988199733459
0.99999882629832
0.9999988274328964
0.9999988181246162
0.9999988116549713
0.999998805637298
0.9999988044432295
0.9999988108430011
0.9999988093038816
0.999998802471674
0.9999987970835604
0.9999987954443312
0.9999987929853191
0.9999987960679674
0.9999987956555253
0.999998784435681
0.9999987814509066
0.9999987833977064
0.999998787823277
0.9999987863760786
0.9999987815806894
0.9999987684259876
0.9999987607687792
0.9999987624616515
0.9999987701779176
0.9999987708299188
0.9999987582957097
0.9999987462164576
0.9999987421158012
0.9999987491816014
0.9999987587816663
0.9999987579451523
0.9999987519037213
0.9999987346218469
0.9999987211576478
0.9999987275898382
0.9999987436696731
0.9999987452106708
0.9999987377393346
0.9999987244012002
0.9999987124033894
0.9999987130695838
0.9999987301382317
0.9999987405168392
0.9999987370157845
0.999998719543259
0.9999987026086063
0.9999987007243554
0.9999987126884416
0.9999987284772477
0.9999987245784862
0.9999987052045871
0.9999986882132852
0.9999986810122647
0.9999986894306045
0.9999987035414745
0.9999987068789616
0.9999986923166789
0.9999986703961495
0.999998664133572
0.9999986721026136
0.9999986892449838
0.99999869428281
0.9999986810135341
