0.9999661386430071
0.9999578330183854
0.9999347352602327
0.9999024867266079
0.9998688408088903
0.999841486400827
0.9998269568990377
0.9998288647257588
0.999846507812597
0.9998746993905352
0.9999062481396774
0.9999330749721663
0.999948497060418
0.9999485114065164
0.9999329359585978
0.9999053018976926
0.999871964826878
0.9998412810941457
0.999821207335014
0.9998165712052814
0.9998278820440145
0.9998515459303161
0.9998806198006652
0.9999076243217225
0.9999265430342671
0.9999334251174189
0.999926441394221
0.9999063177142119
0.9998768291546788
0.9998447212463119
0.9998186652476923
0.9998060719775201
0.999809830204003
0.9998280647062734
0.9998547909529855
0.9998823360540565
0.9999041143689353
0.9999159013307767
0.9999151352074415
0.9999015559745987
0.9998770109188037
0.9998469255755205
0.9998191382629168
0.9998010410647966
0.99979731085693
0.9998077901325223
0.9998285547188946
0.9998537885908175
0.9998773887594847
0.9998941232280673
0.9999005226599801
0.9998947599816022
0.9998767452359546
0.999850196536208
0.9998218421862366
0.9997992781391151
0.9997885322524788
0.9997917167587146
0.9998063782961534
0.999827747422074
0.9998499724006015
0.9998683751920826
0.9998792021095942
0.9998799909711747
0.9998694967695524
0.9998494803078581
0.9998248026652009
0.999801610711486
0.9997860704326508
0.9997816531217892
0.999788316898391
0.9998036535948062
0.9998234791280913
0.9998429916207856
0.9998578652678295
0.9998645339592962
0.9998607721913189
0.9998464010324485
0.9998245067947321
0.9998005872198714
0.9997812254113815
0.9997712746533487
0.9997722980857793
0.999783070159265
0.9998003289168923
0.9998197806263933
0.9998367169356331
0.9998470122200881
0.9998478128426475
0.9998384706136151
0.9998205026834955
0.9997977402471064
0.9997765063186325
0.9997625049406831
0.9997585905207931
0.9997652286234935
0.9997796454063691
0.9997976933880033
0.9998147146920058
0.9998268004281259
0.9998309075648785
0.9998257605262052
0.9998119254112462
0.9997920114650587
0.9997705639733181
0.9997529112742748
0.9997439161797403
0.9997451684713885
0.9997558160196356
0.9997721419845635
0.9997893196604295
0.9998035109613775
0.9998119748451216
0.9998127873034018
0.9998047242958201
0.9997882652477467
0.9997672739870866
0.9997476660241864
0.9997347809128234
0.9997313398817135
0.9997376115746065
0.9997503721018596
0.9997661404845298
0.9997810992899101
0.9997921155361009
0.9997962821129316
0.9997921787446951
0.9997801984982839
0.9997629678828014
0.9997442854154425
0.9997289060280053
0.9997205040984024
0.9997210559508769
0.9997298181656049
0.9997439793931668
0.9997588317919731
0.9997708456602772
0.9997777728530995
0.9997782150242297
0.9997713297163053
0.999758162032201
0.9997412004110218
0.9997246412258933
0.9997131124246951
0.9997095272619334
0.9997142244849709
0.9997242775876339
0.9997361012503334
0.9997465581552464
0.9997531708500521
0.999755007933588
0.9997516833892366
0.9997430064658288
0.999729438497608
0.9997137376544076
0.9997003687555165
0.9996929038640507
0.9996930183934972
0.9997002510928162
0.9997115765769122
0.9997235879960704
0.9997326806090526
0.9997364060757198
0.9997344257661059
0.9997277856285632
0.9997171771012124
0.9997047152472361
0.9996929156283212
0.9996843996455577
0.9996813641168447
0.9996843855143674
0.9996928536140779
0.9997043073616457
0.9997153610742447
0.9997218754837301
0.9997217867966594
0.9997161843921119
0.9997069625153778
0.9996965151113351
0.9996860485572989
0.9996770885573174
0.999671349299164
0.9996707645198681
0.9996760377762427
0.9996854894281906
0.9996954613995134
0.9997023186474421
0.9997044564142338
0.9997017505759166
0.999695101986498
0.9996863991203421
0.9996771708771464
0.9996680207377581
0.9996606976621555
0.9996574035678186
0.9996603117110316
0.9996688311377834
0.9996798708177621
0.9996889044507276
0.9996923474404421
0.9996897380905667
0.9996831284633884
0.9996748733597327
0.9996659103919397
0.9996567006464885
0.999648097486701
0.9996422665005694
0.9996421994912074
0.9996488511970334
0.9996597635801946
0.999670250739448
0.999676029445922
0.9996756214645548
0.9996707481285125
0.9996634586289421
0.9996557966460666
0.9996478859190054
0.9996399199380781
0.9996324304499865
0.9996284798811533
0.9996310147575708
0.9996399564291656
0.9996515083212806
0.9996610324820873
0.9996647978551766
0.999662366362126
0.9996559295126121
0.9996475101928859
0.9996381836213609
0.9996289249119891
0.9996213044374166
0.999617641393024
0.9996194422782947
0.9996265511074899
0.9996363446554531
0.9996455907885428
0.999650712117325
0.9996499990040543
0.999644772828457
0.9996371789277136
0.999628627977472
0.9996196897583449
0.9996113409305006
0.9996054483394338
0.9996041238922152
0.999608281657332
0.9996166588097883
0.9996261136111376
0.9996326407687776
0.999634620001448
0.9996322084128071
0.999627258729593
0.9996204797043081
0.9996120724412302
0.9996027516951381
0.9995940962984127
0.9995886348562311
0.9995890221274214
0.9995955784928974
0.9996057462915663
0.9996153980391116
0.9996213537347484
0.9996224396955836
0.9996192540864977
0.9996130499942292
0.9996045157501576
0.9995944994493909
0.999584740835424
0.9995774450432948
0.9995747263089735
0.9995777191769152
0.9995853304248173
0.9995948323367068
0.999602986861946
0.9996074895621492
0.9996071619051095
0.9996023268465283
0.9995941226018361
0.9995838550534696
0.9995739935776469
0.9995660191728482
0.9995617859053586
0.9995628159532945
0.9995688418215202
0.9995776742822675
0.9995857429984623
0.9995908365066889
0.9995916010623769
0.9995885645915432
0.9995828226687422
0.9995745624038226
0.999565401249133
0.9995568846311318
0.9995509570867974
0.9995495451064117
0.9995535923429293
0.9995606665428416
0.999567573152399
0.9995720937561858
0.9995733194883754
0.9995715714251423
0.9995669982716194
0.9995600886544945
0.9995518726888951
0.9995435815329986
0.9995369049015149
0.999533869766461
0.9995354868295662
0.9995410926761364
0.9995485948734163
0.9995545141764571
0.9995565661340283
0.9995549368274833
0.9995505312457584
0.9995439471090967
0.9995366206544402
0.9995303329547826
0.9995260702886163
0.9995244322024046
0.9995253984979907
0.9995288127660867
0.9995339402086602
0.9995388773471852
0.9995423538929922
0.9995430067718493
0.999540508406874
0.999535146410259
0.9995279650034309
0.9995208572678708
0.9995154019816948
0.999512390939316
0.9995122208862829
0.9995147839408125
0.9995183309103574
0.9995219755387106
0.9995248767871844
0.9995262665685699
0.9995256143863427
0.9995227451791853
0.9995183712124859
0.9995132376631775
0.9995082145388842
0.9995038504854622
0.9995013845130905
0.9995012592683645
0.9995023337211143
0.9995033537682586
0.9995038235523078
0.9995031377139869
0.9995019400439706
0.9995008520259155
0.9994993459878417
0.999496372840113
0.9994919407078949
0.9994869825674679
0.999483616280271
0.9994820835502807
0.9994825241575976
0.9994840327224864
0.9994850003788128
0.9994847957101994
0.9994827502551139
0.9994804603936445
0.9994787099808669
0.9994767218787937
0.9994737483043518
0.9994698406926403
0.9994664026844475
0.9994650853098018
0.9994660544671601
0.9994682745294128
0.9994700898891151
0.9994703153751248
0.9994691474982693
0.9994672712828122
0.9994651540521589
0.9994628870506692
0.9994604272133769
0.9994577688450834
0.9994548193606526
0.9994528146742705
0.999452627151952
0.9994538729537291
0.9994550946143763
0.9994548239147587
0.999452617908526
0.9994499266433196
0.9994481238891005
0.9994467598770562
0.9994445371337397
0.9994413869032449
0.9994385959777508
0.999437414508087
0.9994380648284308
0.9994400884549511
0.9994416247391686
0.9994415270472237
0.9994390424316035
0.999435635862254
0.9994320968416623
0.9994289396821219
0.9994266201894925
0.999424013020047
0.9994210794175286
0.9994188729312743
0.9994187376979384
0.9994209003668886
0.9994235380981826
0.999424193656314
0.9994219394276915
0.9994182057462159
0.999414757222281
0.9994120794744173
0.999409553120492
0.9994063973254367
0.9994029973356976
0.9994007731417883
0.9994010011260203
0.9994035289905162
0.9994071570247414
0.9994091522011347
0.9994075426169915
0.9994026773201363
0.9993971056583012
0.9993925408582149
0.9993895431699829
0.999387087495402
0.9993847924521385
0.9993832416289203
0.9993830804493877
0.9993845239834852
0.9993867483506388
0.9993885238668534
0.999388241400574
0.9993868554560703
0.9993844249786856
0.9993813374535905
0.9993777420826508
0.9993734408442565
0.9993678083572847
0.9993624332821783
0.9993598145209562
0.9993618222633618
0.9993673766987616
0.9993734060096393
0.9993775288731787
0.9993778645367475
0.9993749216398613
0.9993701554751883
0.9993646041404334
0.9993587339280664
0.9993527767554223
0.999347804610023
0.9993457218067988
0.9993473997944154
0.9993522299721375
0.9993577469586089
0.9993619465344109
0.9993628283967745
0.9993606335435506
0.9993561778328642
0.9993512572989711
0.9993462634466924
0.9993412350664997
0.9993367861811818
0.9993339933055567
0.9993342088312808
0.9993373190872215
0.9993417461987896
0.9993447778584625
0.9993446865816955
0.9993416018662767
0.9993375223395752
0.9993342153165506
0.9993317923375251
0.999329165624145
0.9993260006949198
0.9993230542776962
0.9993214391453901
0.9993216865680044
0.9993230852048304
0.9993241458509275
0.9993244547416307
0.9993244968830217
0.9993238954492978
0.9993221117540125
0.9993195533896473
0.9993158125274666
0.9993109195948119
0.9993066627330068
0.9993040636370212
0.9993033694617628
0.9993041911431049
0.9993052240584098
0.9993060701008605
0.9993063714867849
0.999306176428791
0.9993046202308451
0.9993022394724317
0.9992987856840327
