0.999999911711267
0.9999995642545594
0.9999998603036442
0.9999996533463827
0.9999997412078623
0.9999997758594255
0.9999996156561252
0.999999866793781
0.9999995441905222
0.999999874588778
0.9999995700311111
0.9999998009929391
0.9999996719486499
0.999999676691487
0.9999997886867528
0.9999995669791394
0.9999998509026673
0.9999995273006406
0.9999998282965303
0.9999995831048495
0.999999737082708
0.999999691510184
0.9999996182925668
0.9999997897168827
0.999999529168384
0.9999998232438571
0.9999995179357832
0.9999997785996492
0.9999995928065558
0.9999996761962121
0.9999997036847983
0.9999995611104222
0.9999997810077625
0.9999995002291749
0.9999997895030749
0.9999995243680706
0.9999997229968176
0.9999996146775848
0.9999996163961976
0.9999997161409986
0.9999995247672192
0.9999997670178681
0.999999487855134
0.9999997469907782
0.9999995334899435
0.9999996659864095
0.9999996244549036
0.999999561665336
0.9999997086059856
0.9999994863896599
0.9999997376937888
0.9999994797642197
0.9999996975459493
0.9999995431553934
0.9999996083120877
0.9999996343963128
0.9999995141500584
0.9999996990477568
0.9999994618513006
0.9999997014809734
0.9999994784991028
0.9999996476337722
0.9999995484013893
0.999999556196969
0.9999996293827783
0.9999994713062993
0.9999996736041912
0.999999439021577
0.99999966164391
0.9999994791114224
0.9999996000630788
0.9999995587132912
0.9999995101572549
0.9999996257441558
0.9999994325330646
0.9999996498473578
0.9999994249693168
0.9999996203631302
0.9999994804007942
0.9999995474894776
0.9999995549701123
0.9999994553086222
0.9999996052354134
0.9999993981585098
0.9999996126259776
0.9999994127157681
0.9999995664004985
0.9999994794349165
0.9999994894501331
0.9999995497003431
0.9999994134487813
0.9999995812231057
0.9999993787948946
0.9999995695434863
0.9999994115316249
0.9999995234369369
0.9999994809868875
0.999999448958001
0.9999995390853353
0.999999379791422
0.9999995586523479
0.9999993645820395
0.9999995369145853
0.9999994084383214
0.9999994772370001
0.9999994748056064
0.9999993980838294
0.9999995250564595
0.99999934476043
0.999999530774295
0.9999993539572707
0.999999495667824
0.9999994078023493
0.9999994290941799
0.999999468582032
0.9999993595718426
0.9999994995800615
0.9999993221614102
0.9999994871989293
0.9999993486107689
0.9999994451494704
0.999999405067323
0.9999993833264396
0.9999994487762767
0.9999993243190745
0.9999994645346463
0.9999993066022025
0.9999994456911176
0.9999993407927721
0.9999994037062195
0.9999993930538815
0.9999993424331061
0.9999994223785108
0.9999992946782384
0.9999994230673016
0.9999992928345268
0.9999994034765838
0.999999332775806
0.9999993602407865
0.9999993816877849
0.9999993000190124
0.9999994014417519
0.9999992661748665
0.9999993929915854
0.9999992832626835
0.9999993669561169
0.9999993270930653
0.9999993161920988
0.9999993615112595
0.9999992613444266
0.9999993715451568
0.9999992438259665
0.9999993579377215
0.9999992704074654
0.9999993205307751
0.999999311723414
0.9999992637497929
0.9999993353288106
0.9999992279235164
0.9999993361876471
0.9999992268601999
0.9999993145123618
0.9999992570780097
0.9999992687536529
0.9999992936680676
0.9999992191869673
0.9999993105423555
0.9999991912691956
0.9999993037858237
0.9999992036158212
0.9999992689341408
0.999999239679769
0.999999223202071
0.9999992719616311
0.9999991779043705
0.9999992838913846
0.9999991688043348
0.9999992617532482
0.9999991944015157
0.9999992187182442
0.9999992316242865
0.9999991770669294
0.9999992582537454
0.999999152330512
0.9999992501762626
0.9999991517028288
0.9999992187557087
0.9999991772933331
0.999999176388585
0.9999992137865359
0.9999991412176289
0.9999992308126799
0.9999991206786215
0.999999210452098
0.9999991356058104
0.9999991743629479
0.9999991742496284
0.9999991378649126
0.9999992016159766
0.9999991045248681
0.9999992012788662
0.9999990983719732
0.9999991759854209
0.99999912078292
0.9999991377630258
0.9999991577341639
0.9999990977457676
0.999999180342089
0.9999990757892044
0.9999991723923837
0.9999990780925239
0.9999991395048754
0.9999991112292277
0.9999990973407212
0.9999991419122765
0.9999990566590861
0.9999991431044561
0.9999990377789332
0.999999130001089
0.9999990513016896
0.9999990962886816
0.9999990853625699
0.999999050551592
0.9999991093787733
0.9999990156532147
0.9999991097824884
0.999999013339502
0.999999090528226
0.9999990352356957
0.9999990494292625
0.9999990624927139
0.999999011383689
0.9999990788587464
0.9999989843997533
0.9999990760682868
0.9999989897844296
0.999999054130261
0.999999010001197
0.9999990209090139
0.9999990358726266
0.9999989835387973
0.9999990540498462
0.9999989643245343
0.9999990433926231
0.999998972154175
0.9999990154783032
0.9999989948360682
0.9999989810438551
0.9999990165868925
0.9999989490493619
0.9999990201443008
0.9999989419901897
0.9999990079217186
0.9999989519328829
0.9999989761280976
0.9999989787636003
0.9999989361683964
0.9999989967576675
0.9999989155837474
0.9999989894961651
0.999998919353385
0.9999989640616742
0.999998940392582
0.999998931319231
0.9999989608256419
0.9999989058466514
0.9999989737880176
0.9999988926315025
0.9999989551035146
0.9999989002095362
0.9999989226053613
0.9999989212520946
0.999998894764271
0.9999989424341921
0.9999988724067859
0.999998941196686
0.9999988652793009
0.9999989218040061
0.9999988813037581
0.9999988920728036
0.9999988986750775
0.9999988567092627
0.9999989061825909
0.9999988468015746
0.9999989036681614
0.9999988529002087
0.9999988854405915
0.9999988674305071
0.9999988515118787
0.9999988758283179
0.9999988253069163
0.9999988759302629
0.9999988206131255
0.9999988689645122
0.9999988385523733
0.9999988444795467
0.9999988500110045
0.9999988103156593
0.9999988516933919
0.9999987929504257
0.9999988445699071
0.9999987974883523
0.9999988301858116
0.9999988071382601
0.9999987980220706
0.9999988133807608
0.9999987694944419
0.9999988141964886
0.999998765113022
0.9999988077822085
0.999998775125183
0.9999987924190847
0.9999987861629442
0.9999987638351587
0.9999987909343145
0.9999987385401023
0.9999987895579516
0.99999873560585
0.9999987807685612
0.9999987474448738
0.9999987581796627
0.9999987551959445
0.9999987243567549
0.9999987616387997
0.999998702106786
0.9999987526272421
0.9999986992314809
0.999998737673213
0.9999987171255549
0.9999987143227185
0.999998730663741
0.9999986832292769
0.9999987240621112
0.9999986660018958
0.9999987149610924
0.9999986762533694
0.999998703155508
0.999998691974524
0.9999986751017599
0.9999986980196232
0.9999986484402541
0.9999986914259075
0.9999986398091618
0.9999986914920187
0.9999986526375624
0.999998670528523
0.9999986615459666
0.9999986376376009
0.9999986633882183
0.9999986113348276
0.999998663641694
0.9999986050142325
0.9999986555584066
0.9999986178158953
0.9999986310387291
0.9999986282963684
0.9999985986157213
0.9999986362749893
0.9999985831014887
0.999998635562061
0.9999985811155535
0.9999986196578194
0.999998585678881
0.9999985976940996
0.9999985944424137
0.9999985682678942
0.9999986016895658
0.99999855246395
0.99999860355414
0.9999985534564645
0.9999985845292108
0.9999985594696117
0.9999985578096676
0.9999985704714007
0.9999985403205169
0.9999985807880052
0.9999985383263338
0.999998571168634
0.9999985392908622
0.9999985502197519
0.999998543236476
0.9999985217442492
0.9999985472072979
0.9999985075411332
0.9999985472849032
0.9999985066623021
0.9999985326720732
0.9999985117411002
0.9999985007294718
0.9999985209211868
0.9999984744678466
0.999998525968017
0.9999984697069695
0.9999985163836361
0.9999984783495566
0.9999984948942098
0.9999984829428804
0.9999984679789452
0.9999984936730439
0.9999984446872511
0.9999984969587493
0.9999984437471641
0.9999984911776894
0.9999984556552652
0.9999984706239753
0.9999984716513948
0.9999984392691222
0.9999984799264099
0.9999984216157043
0.9999984769372323
0.9999984268659373
0.9999984601831549
0.9999984386014995
0.9999984273438584
0.9999984467940467
0.9999984020112507
0.9999984546806826
0.9999983916211379
0.9999984458986373
0.9999984041819939
0.9999984229504039
0.9999984164237362
0.9999983896390265
0.9999984180921749
0.9999983733488088
0.9999984073905144
0.9999983705593468
0.9999983945024145
0.9999983849723176
0.9999983822065601
0.9999983940158249
0.9999983599445377
0.9999983821315339
0.9999983334843677
0.9999983713240832
0.9999983393905635
0.99999836302033
0.9999983561346963
0.9999983490526209
0.9999983661540046
0.9999983165752697
0.999998358719281
0.9999983046730467
0.9999983527888547
0.9999983209886889
0.9999983419848495
0.9999983382771108
0.9999983196414387
0.9999983379914303
0.999998288171904
0.9999983354562569
0.9999982765470298
0.9999983265197087
0.9999982960300517
0.9999983074411403
0.9999983180709732
0.9999982715971978
0.9999983126775119
0.9999982428865769
0.9999983006408807
0.9999982540388349
0.999998286873877
0.9999982815988716
0.999998265130624
0.999998294800047
0.9999982339490838
0.9999982864503476
0.999998220619043
0.9999982749660897
0.999998237237572
0.9999982551832549
0.9999982654927569
0.9999982276505421
0.999998267680113
0.9999982045597635
0.9999982515651082
0.9999982102934406
0.9999982397513412
0.9999982299681157
0.9999982202807125
0.9999982362366578
0.9999981992629803
0.9999982353660788
0.9999981867717042
0.9999982242176889
0.9999981871955104
0.9999982005610812
0.9999982031206418
0.9999981875662717
0.9999982091423643
0.9999981739729681
0.9999981957772729
0.999998168956545
0.999998182879523
0.9999981722485682
0.9999981658189667
0.9999981818926338
0.9999981587641761
0.99999817383156
0.999998148086177
