0.9999996654359935
0.9999991938807017
0.9999984131760115
0.9999984419259933
0.9999991787673408
0.9999995996439259
0.9999991362620232
0.9999983771639543
0.9999984149172474
0.9999991217391693
0.9999995294119209
0.9999990808262949
0.9999983379404082
0.9999983797509718
0.9999990575570772
0.9999994670228992
0.9999990289875733
0.9999983163902645
0.9999983422227634
0.9999990020162044
0.9999994061868349
0.999998962574692
0.999998259833405
0.9999982895432615
0.9999989551905907
0.9999993355694794
0.9999988986827937
0.9999982368893142
0.9999982547977634
0.9999989030092171
0.9999992757583303
0.9999988488674415
0.9999982230180563
0.9999982349419873
0.9999988638891587
0.9999992165562371
0.9999987932424972
0.9999981730927286
0.9999981960931748
0.9999988035635456
0.9999991322285824
0.9999987477655112
0.9999981537832426
0.9999981820322625
0.9999987532542783
0.9999990780152127
0.9999986990912008
0.999998115295609
0.9999981524143675
0.9999986903457656
0.9999990070124454
0.9999986503322148
0.9999980807500921
0.9999980990064463
0.9999986161034686
0.9999989358289082
0.9999985931336133
0.9999980422332206
0.9999980673068726
0.9999985613027867
0.9999988471061628
0.9999985218822176
0.9999980008169463
0.9999980338755177
0.9999985091623856
0.9999987787867642
0.999998459083314
0.9999979609079448
0.9999979847306473
0.9999984507747129
0.9999987144365292
0.9999984182845141
0.9999979274142399
0.9999979459997389
0.9999983821265509
0.9999986477927573
0.9999983464425152
0.9999978902154549
0.9999978905935581
0.9999983164043564
0.999998568443818
0.9999982751088301
0.9999978350517948
0.9999978567461778
0.9999982595299055
0.9999985126298844
0.9999982262633234
0.9999977863267763
0.9999978123287869
0.9999981892746962
0.9999984692646583
0.9999981863579832
0.999997756337135
0.9999977584383133
0.9999981336212016
0.9999983812569114
0.9999981233286913
0.9999977331574388
0.9999977237382798
0.9999980805355866
0.9999983097964094
0.9999980569400608
0.9999976823600532
0.999997677532477
0.9999980258133438
0.9999982436168017
0.9999979932954182
0.9999976396239988
0.9999976359923441
0.9999979743513145
0.9999981904997962
0.9999979520612051
0.9999975821668139
0.9999975699635335
0.9999979000567264
0.9999981190769054
0.9999978780947877
0.9999975252929975
0.9999975128332518
0.9999978522462476
0.9999980410464949
0.9999978223856058
0.9999974755600702
0.9999974557445167
0.9999977931034653
0.9999979706076972
0.9999977570904165
0.9999974256558384
0.9999974182370118
0.9999977336729288
0.9999979088054548
0.9999976974068983
0.9999973599963393
0.9999973581732033
0.99999766038314
0.9999978314494412
0.9999976536470553
0.9999973338607712
0.9999973288734543
0.9999976013280513
0.9999977767952941
0.9999975985608318
0.9999972887451334
0.999997276675972
0.9999975361335486
0.9999977070476576
0.999997530572692
0.9999972272943113
0.9999972321929478
0.9999974912043051
0.9999976370242858
0.999997465021705
0.9999971811634443
0.9999971769119995
0.999997422315779
0.9999975630543325
0.9999973968385962
0.9999971243616085
0.9999971026542578
0.9999973351663417
0.9999974773564616
0.9999973318763482
0.9999970616697587
0.9999970331642103
0.9999972699580125
0.9999974024654853
0.9999972676349237
0.9999970389823479
0.9999970169684506
0.9999972200563981
0.9999973279508606
0.9999972098938433
0.9999969874703393
0.9999969509182459
0.9999971395891952
0.999997241207651
0.9999971197383983
0.9999969250880184
0.9999968823030355
0.999997064392346
0.9999971759044511
0.9999970667712486
0.9999968568689608
0.9999967979590194
0.9999969926894363
0.9999971336819113
0.9999969986492332
0.9999967799661192
0.9999967312920435
0.9999969315750624
0.9999970667393119
0.9999969475234187
0.999996730614872
0.9999966613522356
0.9999968514486868
0.9999970086508061
0.9999968998906898
0.9999966783104257
0.9999966036460584
0.9999967943145929
0.9999969570584866
0.9999968356192209
0.9999966043068549
0.9999965419325982
0.9999967470053642
0.999996924550897
0.9999967874242454
0.9999965713599985
0.9999965127922636
0.9999966900085029
0.9999968521756768
0.9999967128265221
0.9999965090474046
0.9999964603689137
0.9999966407841775
0.9999967988568923
0.9999966702974783
0.9999964730600026
0.9999964069921515
0.9999965764400341
0.9999967224717605
0.9999965914540916
0.9999964168570807
0.9999963483935004
0.9999965189925701
0.9999966460235546
0.9999965443840536
0.9999963777471593
0.9999962875408275
0.9999964412776441
0.9999965791493561
0.9999964840123112
0.9999963045768099
0.9999962249435131
0.9999963979074445
0.9999965132659958
0.9999963997658934
0.9999962334418115
0.9999961803206842
0.9999963513101825
0.9999964559233858
0.9999963447376847
0.9999961863140994
0.9999961222894156
0.999996269250209
0.9999963747088987
0.9999962903553979
0.9999961486543257
0.9999960635756497
0.9999962012620709
0.9999962975496745
0.999996235085084
0.9999960818174208
0.9999959866742257
0.9999961388524595
0.999996230298259
0.9999961531627032
0.9999960452882617
0.9999959505884914
0.9999960533352401
0.9999961368816643
0.999996086244954
0.9999959926163092
0.9999958936240321
0.9999959678475752
0.9999960717958898
0.9999960215876244
0.9999959340929732
0.9999958370747151
0.9999959211418464
0.999995988050878
0.9999959668345477
0.9999958651068861
0.9999957720112883
0.9999958438210916
0.9999959111284824
0.999995897988486
0.9999958093199848
0.9999956977446668
0.9999957653746312
0.9999958789964641
0.9999958817802004
0.999995755066
0.9999956350137673
0.9999957249242287
0.99999582086478
0.9999958006930949
0.9999956833359172
0.9999955728863128
0.9999956631932845
0.9999957766532608
0.9999957364590769
0.9999956021174484
0.9999955065510069
0.9999955943876395
0.999995705708491
0.9999956585607684
0.9999955137250812
0.9999954111819058
0.9999955269246392
0.9999956361517479
0.9999955691812208
0.9999954512523876
0.9999953593354458
0.9999954698774483
0.9999955581836946
0.9999955261016161
0.9999953733304711
0.9999952613551666
0.9999953785828197
0.9999954673246642
0.999995414801142
0.9999952801650398
0.9999952268320355
0.999995327769054
0.9999954009651988
0.9999953599993856
0.9999952550165755
0.9999951863841413
0.9999952710064521
0.9999953152182837
0.9999952595992108
0.999995161731105
0.9999951280715311
0.9999952130665122
0.9999952323739288
0.9999951865799047
0.9999951207087557
0.9999950630323258
0.9999951484834982
0.9999951770986707
0.9999951301174327
0.9999950583510154
0.9999950237441081
0.9999950842145959
0.9999951091113066
0.9999950454863764
0.9999950009787473
0.99999497364021
0.9999950152567274
0.9999950366917766
0.9999949907315819
0.9999949624515061
0.9999949378069399
0.9999949737843025
0.9999949684721839
0.9999949456324612
0.9999949068436962
0.9999948891930983
0.9999949177560993
0.999994920648926
0.9999948972547978
0.9999948642286158
0.9999948328873641
0.9999948633626786
0.9999948947899707
0.9999948583769577
0.9999948087511484
0.9999948126093792
0.9999948059798365
0.9999948311244377
0.9999947892574147
0.9999947575969366
0.9999947671579191
0.9999947545060193
0.9999947800325366
0.9999947312415155
0.9999947252384602
0.9999947197258591
0.9999947096792204
0.9999947115224556
0.9999946934254945
0.9999946591262676
0.999994638459622
0.9999946350022457
0.9999946752534696
0.9999946241313901
0.9999945807928577
0.9999945752878572
0.9999945702252347
0.9999946210092252
0.9999945483469023
0.9999944793222522
0.9999944918078495
0.9999945045343275
0.9999945213765599
0.999994453229295
0.9999944404788217
0.9999944595329184
0.9999944138382236
0.9999943992825975
0.9999943682428486
0.9999943917485113
0.9999943850983881
0.9999942930729603
0.9999943041474701
0.9999943177493348
0.9999943444797693
0.9999943231949833
0.9999942186844596
0.9999942431003092
0.9999942525797623
0.9999942541451711
0.9999942223047437
0.9999941348164185
0.9999941652475868
0.9999941587875125
0.9999941782627972
0.999994155559952
0.9999940971001181
0.9999941297479231
0.9999941157107157
0.9999940822751533
0.9999940568828707
0.999994027311625
0.9999940582530177
0.9999940108006588
0.9999939913091397
0.999993979214406
0.9999939588756545
0.9999939831464508
0.9999939338234928
0.9999939077206218
0.9999939209717918
0.9999939056107372
0.9999939029095589
0.9999938528153655
0.9999938492903849
0.9999938729557853
0.9999938435159424
0.999993836071105
0.9999938030686563
0.9999938241931589
0.9999938127678523
0.9999937782066596
0.9999937979808801
0.9999937681858679
0.9999937687042217
0.9999937571913574
0.9999937280551431
0.9999937470455014
0.9999937096303744
0.9999936945257922
0.9999936966997839
0.9999936525882615
0.9999936576532839
0.9999936525980943
0.9999936297896689
0.9999936365987512
0.9999936230088592
0.9999936256739096
0.9999935901443999
0.9999935885692486
0.9999935729819512
0.9999935419379273
0.9999935300349828
0.9999935286229744
0.9999935338048839
0.999993509870303
0.9999934665656022
0.9999934639368854
0.9999934767180946
0.9999934919182897
0.9999934627074213
0.99999340630443
0.9999934144583824
0.9999934235447162
0.999993428643388
0.9999933860933388
0.9999933322374345
0.9999933445923496
0.9999933483338459
0.9999933644344466
0.9999932945338955
0.9999932434258536
0.9999932608820377
0.9999932445855549
0.9999932671652884
0.9999931952539448
0.9999931882330441
0.9999931708610704
0.9999931655470456
0.999993181446937
0.999993125919833
0.9999931282124433
0.9999931024537609
0.9999930850569595
0.9999931373102978
0.99999309027216
0.999993055161979
0.9999930013358757
0.9999930050534308
0.9999930793472218
0.9999929982802008
0.999992944536307
0.9999929314611868
0.9999929456267543
0.9999929601047243
0.9999928983251015
0.999992882057204
