0.9999999530880904
0.9999999083099618
0.9999998178810391
0.9999997621737714
0.9999997935748668
0.999999880771715
0.9999999396889739
0.9999999162979767
0.9999998306655329
0.9999997606458568
0.9999997729248343
0.9999998503238171
0.9999999194953361
0.9999999187433078
0.9999998462642944
0.9999997685645772
0.999999758289331
0.99999982085067
0.9999998959466461
0.9999999150545623
0.9999998582465393
0.9999997765845324
0.9999997466471701
0.9999997955278963
0.9999998720400621
0.9999999064304594
0.9999998670019469
0.9999997848243145
0.9999997391517335
0.999999770940465
0.9999998445882159
0.9999998941213173
0.9999998732637955
0.9999997953344962
0.9999997361197475
0.9999997486770025
0.9999998156540132
0.9999998756007094
0.9999998737101508
0.9999998072870436
0.9999997377670514
0.9999997317047534
0.9999997888083915
0.9999998534638456
0.9999998703134023
0.9999998201747726
0.9999997478550732
0.9999997206710016
0.9999997620290776
0.9999998268005804
0.9999998594285902
0.9999998278605184
0.9999997577476623
0.9999997128467565
0.9999997356631686
0.9999998001134026
0.9999998434185291
0.9999998278319431
0.9999997651458293
0.9999997121839318
0.9999997186432165
0.9999997741966126
0.9999998233331839
0.9999998234336278
0.9999997718329255
0.9999997141111496
0.9999997029176403
0.999999747847882
0.999999802516526
0.9999998171529485
0.999999778335151
0.9999997183572148
0.9999996915931959
0.9999997228955385
0.9999997785083871
0.999999805238246
0.9999997792786907
0.9999997211789783
0.9999996849163418
0.999999704928967
0.999999755960019
0.9999997920017925
0.9999997821915598
0.999999728830425
0.9999996819611098
0.9999996889453057
0.9999997336596471
0.9999997752370833
0.9999997767801879
0.9999997296804385
0.9999996803204564
0.999999674752968
0.9999997129500777
0.9999997569063058
0.999999769635969
0.9999997339283017
0.9999996794033835
0.9999996632358318
0.9999996931632139
0.9999997385758056
0.9999997605607827
0.9999997338419037
0.9999996810871965
0.999999654575214
0.9999996753324847
0.9999997182469111
0.9999997469379602
0.9999997337861515
0.9999996854036814
0.9999996494072686
0.9999996569230544
0.9999996955250039
0.9999997313787274
0.999999728449298
0.9999996845652697
0.9999996440462406
0.9999996420838614
0.999999675338815
0.9999997120501762
0.9999997216877979
0.9999996870649278
0.9999996417666008
0.9999996323170337
0.9999996568986006
0.9999996928641294
0.9999997108325254
0.9999996867771754
0.9999996418558817
0.9999996208867047
0.999999637872115
0.9999996733361861
0.9999996979357763
0.9999996859655115
0.999999643868838
0.9999996141115726
0.9999996193293391
0.9999996530545564
0.9999996809735828
0.9999996778800391
0.9999996429179658
0.9999996044038939
0.9999996023116667
0.9999996334439007
0.9999996633090102
0.9999996696680349
0.9999996444898326
0.9999996051795124
0.9999995908601409
0.9999996159972714
0.9999996488100557
0.9999996598888284
0.9999996432631422
0.9999996075870412
0.9999995873054478
0.9999996031257478
0.9999996348299239
0.9999996490521017
0.9999996388081508
0.9999996076288961
0.9999995812908513
0.9999995877332976
0.9999996188052926
0.9999996368980559
0.9999996329374651
0.9999996064310728
0.9999995736353191
0.9999995721353137
0.9999996000756981
0.9999996239113842
0.9999996245657173
0.9999996034845211
0.9999995723849184
0.9999995620797144
0.9999995825280673
0.9999996085051286
0.9999996143702933
0.9999996017645334
0.9999995715395464
0.999999550181108
0.999999561503759
0.9999995889904636
0.9999996038831545
0.9999995959330392
0.9999995691177574
0.9999995409787783
0.9999995457351889
0.9999995729862676
0.9999995945298266
0.999999592451756
0.9999995688426863
0.9999995411075967
0.9999995358087985
0.9999995603207118
0.9999995833674102
0.9999995859838675
0.9999995679444919
0.999999538899031
0.9999995267860072
0.9999995439396782
0.9999995684886777
0.9999995736736069
0.999999564059494
0.9999995403643479
0.9999995181621749
0.9999995249066681
0.9999995532534904
0.9999995635502574
0.9999995558396217
0.9999995344461972
0.9999995073980394
0.9999995073833426
0.9999995355992515
0.9999995516251189
0.9999995450410385
0.9999995287595091
0.9999995029806521
0.9999994951319349
0.9999995194609084
0.999999537622493
0.9999995347525016
0.9999995221058268
0.9999994994543638
0.9999994819872348
0.9999994993108258
0.9999995199610047
0.9999995211708257
0.9999995132448365
0.9999994952455736
0.9999994738778161
0.9999994833015386
0.9999995076036239
0.9999995109836667
0.9999995045980264
0.9999994922664363
0.9999994704450665
0.9999994718683571
0.9999994922855396
0.9999994992423369
0.9999994950295867
0.999999485844961
0.9999994648720186
0.9999994592166309
0.9999994793500228
0.9999994919643472
0.9999994870458097
0.999999482235524
0.9999994635883271
0.9999994493207424
0.9999994630107836
0.9999994785273901
0.9999994760080588
0.999999472356926
0.9999994595657051
0.9999994426670008
0.9999994498271711
0.9999994651749038
0.9999994641078336
0.9999994623606048
0.9999994557016764
0.9999994409169275
0.9999994373929546
0.9999994498840373
0.9999994545752117
0.9999994541219452
0.9999994533385222
0.9999994357297183
0.9999994251261026
0.9999994347365855
0.999999441976654
0.9999994428969333
0.9999994445914009
0.999999430721285
0.9999994182052352
0.9999994226502256
0.9999994313502576
0.9999994337536997
0.999999437882792
0.9999994290410898
0.9999994150437347
0.9999994140509898
0.9999994220035919
0.9999994254867604
0.9999994284843493
0.9999994248376081
0.9999994088000014
0.9999994032344385
0.999999412407589
0.9999994176032093
0.9999994198558599
0.9999994168299571
0.9999994033502463
0.9999993956722643
0.9999994020830129
0.9999994087749651
0.9999994100147928
0.9999994051106631
0.9999993953404057
0.9999993851670667
0.9999993869532593
0.9999993999145971
0.9999994002365158
0.9999993971755853
0.99999938917467
0.9999993768621678
0.9999993756205702
0.9999993866539862
0.9999993945630156
0.999999393838893
0.999999383944223
0.9999993688603621
0.999999362400087
0.9999993722076622
0.9999993819950301
0.9999993832139241
0.9999993777753101
0.9999993653303556
0.9999993507189325
0.9999993583925298
0.999999369920056
0.9999993717869393
0.9999993698304258
0.9999993564494563
0.9999993380454291
0.999999340823321
0.999999356148802
0.999999361470674
0.9999993599959565
0.9999993510350629
0.9999993306576426
0.9999993243615067
0.9999993361040647
0.9999993450941312
0.9999993474505061
0.9999993414083549
0.9999993216351677
0.9999993092780184
0.9999993189639149
0.9999993288739601
0.9999993342955238
0.9999993291852368
0.99999931416463
0.999999303600235
0.9999993056547236
0.9999993164114971
0.9999993195682076
0.9999993169852985
0.9999993068959317
0.9999992950933214
0.999999293841437
0.9999993026202163
0.9999993095070283
0.9999993106800096
0.9999993017295072
0.9999992852915572
0.9999992810448989
0.9999992890930518
0.9999993004380793
0.99999930116878
0.9999992942504209
0.9999992790291735
0.9999992717679661
0.9999992792712893
0.9999992893025106
0.9999992935952507
0.9999992871275111
0.999999272380244
0.999999261719762
0.9999992657240473
0.999999277928617
0.9999992866360442
0.9999992832382796
0.9999992683643758
0.9999992551137388
0.9999992558207741
0.9999992659393725
0.9999992741566983
0.9999992772148358
0.9999992636631377
0.9999992473543142
0.9999992444585947
0.9999992514920829
0.999999259764187
0.9999992654564042
0.9999992612546921
0.9999992481280532
0.999999236136003
0.9999992346641754
0.99999924395761
0.9999992531313613
0.9999992532627695
0.9999992411358591
0.9999992264422962
0.9999992235933884
0.9999992297016386
0.9999992358112942
0.9999992403586695
0.9999992336904673
0.9999992185840113
0.999999209062957
0.9999992152466357
0.9999992257843016
0.9999992304339148
0.9999992250321107
0.9999992121486808
0.9999992008088816
0.9999992034826637
0.9999992114402697
0.9999992164786904
0.9999992147717565
0.9999992052533322
0.9999991920738348
0.9999991907900085
0.9999991995960766
0.9999992056115014
0.9999992048616242
0.9999991959013003
0.9999991882154283
0.9999991794772605
0.9999991808321771
0.9999991869103971
0.9999991908684464
0.9999991857758412
0.999999174494185
0.9999991697761884
0.9999991694038429
0.9999991760350447
0.9999991829073925
0.9999991796341521
0.9999991694786727
0.9999991592181554
0.999999157495215
0.9999991661122994
0.999999170981841
0.9999991702235432
0.9999991633994723
0.9999991509346848
0.9999991477446593
0.9999991553024802
0.9999991634671064
0.9999991614141012
0.9999991529080696
0.9999991398218459
0.9999991386232504
0.9999991463581411
0.9999991525545557
0.9999991544949423
0.9999991460522923
0.9999991289020423
0.9999991234638753
0.9999991304696724
0.9999991419159909
0.99999914481498
0.9999991339703651
0.9999991152724336
0.9999991093037451
0.9999991177912217
0.9999991246214562
0.9999991276892676
0.9999991250084191
0.9999991112574548
0.9999990978279574
0.9999991041600697
0.9999991164142067
0.9999991177071197
0.9999991124689848
0.9999991010628106
0.9999990870179083
0.9999990901815228
0.9999991065907976
0.9999991122117635
0.99999910797739
0.9999990995393656
0.999999077829292
0.9999990689502142
0.9999990879447977
0.999999101512099
0.9999991007433503
0.9999990923635891
0.999999073501661
0.999999059999341
0.9999990726171697
0.9999990906162805
0.999999092452487
0.9999990868066554
0.9999990703329963
0.9999990489098958
0.9999990564967461
0.999999075298821
0.9999990807933438
0.9999990793141833
0.999999065208496
0.9999990431212638
0.9999990386461081
0.9999990541412695
0.99999906524713
0.9999990658756003
0.9999990578223361
0.9999990369224965
0.9999990289437446
0.9999990436426265
