0.9999999311018597
0.9999997988005362
0.9999996564846835
0.999999761834781
0.9999999159115537
0.9999998248035921
0.9999996610456141
0.9999997251329433
0.9999998942779593
0.9999998469283707
0.9999996773034169
0.9999996951533603
0.9999998643858152
0.9999998615566592
0.9999996941327418
0.9999996712273396
0.9999998313641542
0.9999998699991606
0.9999997176623764
0.9999996548356187
0.9999997952287923
0.999999867976068
0.9999997375117208
0.9999996402838103
0.9999997570005877
0.999999861585729
0.9999997587510149
0.9999996387334582
0.999999723562826
0.9999998444793139
0.9999997742109691
0.9999996419314822
0.999999690669111
0.9999998266996304
0.9999997864788264
0.9999996507087855
0.999999663052005
0.9999998016672436
0.9999997956142966
0.9999996638781317
0.9999996377798795
0.9999997737076389
0.9999997992336342
0.9999996747253581
0.9999996215732715
0.9999997433355672
0.999999795880965
0.9999996916903847
0.9999996122272478
0.9999997099270347
0.9999997877757998
0.9999997012163765
0.9999996041567333
0.9999996757925338
0.9999997763369297
0.9999997117674612
0.9999996026357049
0.9999996470987013
0.9999997572621845
0.9999997220889594
0.9999996068645592
0.9999996212742788
0.9999997348626523
0.9999997284437983
0.9999996129787297
0.9999995963335097
0.9999997116364281
0.9999997333529578
0.9999996248156081
0.9999995794789396
0.9999996847346209
0.9999997308142006
0.9999996369359432
0.9999995718285405
0.999999653086762
0.9999997206295115
0.9999996446719788
0.9999995591643113
0.9999996245681476
0.9999997085133707
0.9999996565414637
0.9999995546072318
0.9999995957817178
0.9999996924266303
0.9999996651056425
0.9999995595112801
0.9999995732331004
0.9999996714396313
0.9999996670913927
0.9999995674609076
0.9999995505160932
0.9999996470088188
0.9999996656737112
0.9999995715000297
0.999999531629481
0.9999996208014844
0.9999996609542998
0.9999995809400636
0.9999995168061182
0.9999995912353068
0.9999996516175371
0.9999995904625495
0.9999995118815928
0.9999995669088659
0.9999996367555831
0.9999996032227505
0.9999995093664229
0.9999995412640114
0.9999996200362403
0.9999996042289993
0.9999995090828483
0.9999995194726978
0.9999996037116805
0.9999996035727555
0.9999995093581523
0.9999994971049285
0.9999995849084169
0.9999996023977578
0.9999995168950956
0.9999994804269737
0.9999995606222054
0.9999995937901582
0.999999525794919
0.9999994679470449
0.9999995370771649
0.9999995842541477
0.9999995322947589
0.999999462879323
0.9999995127484888
0.9999995689709683
0.9999995351958706
0.9999994566923857
0.9999994863101582
0.9999995524295904
0.9999995375051731
0.9999994589893676
0.9999994648055464
0.9999995300316079
0.9999995346533672
0.9999994630182492
0.9999994484817046
0.9999995125788608
0.9999995302432518
0.9999994681764514
0.9999994326130602
0.9999994923669661
0.999999520270567
0.9999994680302644
0.9999994204302465
0.9999994706349361
0.9999995080201929
0.999999469901262
0.9999994161015526
0.9999994558287476
0.9999994993486495
0.9999994693219005
0.9999994112200805
0.9999994343605739
0.9999994836812891
0.9999994681837463
0.9999994101457043
0.9999994120605084
0.9999994609862379
0.9999994580923066
0.9999994055564786
0.9999993976288122
0.9999994422398377
0.999999449893987
0.9999994035318227
0.9999993843927185
0.9999994257046945
0.9999994405443207
0.9999993997455595
0.9999993731380065
0.9999994081289182
0.9999994288604451
0.999999400447851
0.9999993674037784
0.999999391384987
0.9999994170932713
0.9999993971994897
0.9999993633144058
0.9999993733382568
0.9999994013299996
0.9999993878451613
0.9999993531183061
0.9999993580945684
0.9999993901665434
0.9999993833522042
0.999999347058842
0.9999993432368695
0.999999373370631
0.9999993781976556
0.9999993429723456
0.9999993321515526
0.9999993599158631
0.9999993700681696
0.9999993369723137
0.999999323520668
0.999999345919257
0.9999993655967605
0.9999993355341638
0.9999993161935533
0.9999993322825589
0.9999993586707713
0.9999993321990053
0.999999303460748
0.9999993203211514
0.999999354178405
0.9999993322983463
0.9999992919967876
0.9999993013525197
0.9999993353794442
0.9999993246055985
0.999999279851786
0.9999992877165458
0.9999993186840676
0.9999993196066533
0.9999992773690393
0.9999992740803239
0.9999993062410354
0.9999993124681905
0.9999992717474117
0.9999992605483327
0.9999992867758621
0.9999993046082449
0.9999992659674914
0.9999992485665888
0.9999992671244762
0.9999992927969586
0.9999992636897973
0.9999992374945089
0.9999992517117468
0.9999992803497287
0.9999992597897162
0.9999992278033899
0.9999992393393204
0.99999926257269
0.9999992508620154
0.9999992150266984
0.9999992234860219
0.9999992476098913
0.9999992443358985
0.9999992053777299
0.999999209457073
0.9999992282790597
0.9999992370257816
0.9999991976595458
0.999999201144398
0.9999992176411294
0.9999992280639095
0.9999991881760599
0.9999991863648557
0.999999201366832
0.9999992153124656
0.9999991842676077
0.9999991714929558
0.9999991893962188
0.9999991989951618
0.9999991750259398
0.9999991610402853
0.9999991877675815
0.9999991872422646
0.9999991716050247
0.999999150754121
0.999999172255692
0.9999991722778113
0.99999916427052
0.9999991419675538
0.9999991636931301
0.9999991639680692
0.9999991567992051
0.9999991306960505
0.9999991468647222
0.9999991552861435
0.9999991462171397
0.9999991160172524
0.9999991321087484
0.9999991453484939
0.9999991388118021
0.9999991103778961
0.9999991146978854
0.9999991302789869
0.9999991290089825
0.9999991057875568
0.9999990988032342
0.9999991211516279
0.9999991214291174
0.9999991021330317
0.9999990848358606
0.9999991129642031
0.9999991112635607
0.9999990941672036
0.9999990726138899
0.9999991038224201
0.9999991073863176
0.9999990895383145
0.9999990593967775
0.9999990899557093
0.9999991039822247
0.9999990794214415
0.9999990502003242
0.9999990721778447
0.9999990942367148
0.9999990754929338
0.9999990478028928
0.999999054354842
0.9999990845673036
0.9999990712880885
0.9999990394675445
0.9999990398765816
0.9999990694681559
0.999999059915245
0.9999990250569294
0.9999990247987883
0.9999990617585144
0.9999990550705765
0.9999990147706261
0.9999990143518414
0.9999990469760771
0.9999990409235653
0.9999990074196528
0.9999989955968702
0.9999990304153751
0.9999990322694738
0.9999990074914075
0.9999989775714021
0.9999990064987855
0.999999027170411
0.9999990012527034
0.9999989689753516
0.9999989861289722
0.9999990152914049
0.9999989931855989
0.9999989586594714
0.9999989684040315
0.999999004294193
0.9999989875995033
0.9999989499794142
0.9999989557641615
0.9999989878982133
0.9999989763268806
0.9999989433944585
0.9999989403344436
0.9999989676842039
0.9999989698612035
0.9999989378547285
0.9999989279641835
0.9999989508852152
0.9999989646603301
0.9999989319772404
0.9999989196836095
0.9999989375417909
0.9999989493847963
0.9999989255216368
0.9999989130219257
0.9999989217926495
0.9999989389339111
0.9999989189425587
0.9999989048838007
0.9999989084937561
0.9999989208498689
0.9999989103521851
0.9999988958226649
0.9999988934903241
0.9999989066328848
0.9999989038589386
0.9999988853134227
0.9999988825166567
0.9999988988834978
0.9999988985808782
0.9999988751218378
0.9999988722470711
0.9999988869599477
0.9999988901854754
0.9999988682520247
0.9999988611736911
0.9999988775299217
0.9999988851327662
0.9999988653478002
0.9999988505989594
0.9999988647144508
0.9999988699158942
0.9999988578260456
0.9999988444334085
0.9999988525035979
0.999998854759875
0.9999988447699436
0.9999988313560394
0.9999988349354393
0.9999988415078134
0.9999988372250078
0.9999988228613449
0.9999988261125852
0.999998832484071
0.9999988281241167
0.9999988154047653
0.9999988219696243
0.9999988239711047
0.9999988181489612
0.9999988028402192
0.9999988069540692
0.9999988132113409
0.9999988051802785
0.9999987876260845
0.9999987932145866
0.9999987984815026
0.999998791581417
0.9999987789304907
0.9999987799731904
0.999998784082454
0.9999987803629213
0.9999987682503619
0.9999987713344689
0.9999987791769367
0.9999987720921129
0.9999987616418585
0.9999987536200324
0.9999987650687002
0.9999987623496266
0.9999987504905565
0.99999874166744
0.9999987555521324
0.9999987518284421
0.9999987465934708
0.9999987379229508
0.9999987433690122
0.999998745910159
0.999998735481677
0.9999987217549788
0.9999987359831088
0.9999987396364263
0.9999987332989623
0.9999987137799163
0.9999987208281691
0.9999987292074434
0.9999987280597781
0.9999987049384031
0.9999987069381925
0.999998721733862
0.9999987230934884
0.9999986998854621
0.9999986931475188
0.9999987047673593
0.9999987051980775
0.9999986943018007
0.999998673473095
0.9999986908353169
0.9999986929061325
0.9999986855809658
0.9999986678506335
0.9999986777590676
0.9999986837980223
0.9999986797875945
0.9999986563367159
0.9999986632049566
0.9999986705701865
0.9999986762313015
0.9999986498592142
0.9999986510738836
0.9999986540861268
0.9999986690592814
0.9999986444351954
0.9999986365342323
0.99999865135458
0.9999986552141127
0.9999986387527784
0.9999986189510273
0.9999986303294398
0.9999986401962394
0.9999986361757075
0.9999986104394136
0.9999986157404767
0.9999986257433104
0.9999986303378676
0.9999985995332966
0.999998594989525
0.9999986128928054
0.9999986285084694
0.9999985954525079
0.9999985870381416
0.999998600724969
0.9999986177174254
0.9999985913107052
0.999998567962126
0.9999985820728453
0.9999986025888385
0.9999985925110391
0.9999985645728071
0.9999985689280255
0.99999858631727
0.9999985907029932
0.999998555277687
0.9999985550742336
0.9999985728699606
0.9999985803772774
0.9999985472063173
0.9999985418907094
0.9999985584108904
0.9999985705596756
