0.9999962048079403
0.9999891862934108
0.9999813115203255
0.9999865407275667
0.9999954023717676
0.9999904964743408
0.99998159105304
0.9999845244244876
0.9999941470227309
0.9999915574310683
0.9999823608491979
0.9999828755899527
0.9999924521215134
0.9999924567709804
0.9999833524200209
0.9999815334653283
0.9999905153713202
0.9999928585714627
0.9999843918046157
0.9999806239147669
0.9999886664695686
0.9999928530653008
0.9999855372051789
0.9999799697473639
0.9999864993727882
0.9999924360457552
0.9999864718346926
0.9999797450742199
0.9999845493476711
0.9999916442714394
0.9999875757649761
0.999979953328959
0.9999826580571934
0.9999903811232085
0.9999882395919275
0.9999803227460585
0.9999811427347521
0.9999889505079902
0.9999888522638863
0.999980930888923
0.999979768224556
0.9999872170591819
0.9999891743472701
0.999981806234849
0.9999788999868434
0.9999853460412932
0.9999891340977897
0.9999828890556522
0.9999782449413535
0.9999835822023942
0.9999887981066704
0.9999837281369881
0.9999779337616161
0.9999817190803508
0.9999878064978794
0.9999844868030835
0.9999780658284801
0.9999801591491788
0.99998671680977
0.9999849495325556
0.9999781911051084
0.9999788571201815
0.9999854662514261
0.9999853060346688
0.9999784298797986
0.9999776993892829
0.9999840822182056
0.9999854516974607
0.9999791336273923
0.999976833486293
0.9999825749558945
0.9999853959393321
0.9999798411353474
0.9999762258617474
0.9999809098649234
0.9999848974052473
0.9999805026085209
0.9999759687834717
0.9999793863896012
0.9999840979559463
0.9999808874071902
0.9999758199333932
0.999977859438115
0.9999832924455022
0.9999812957018126
0.9999758629165434
0.9999764487782716
0.9999820195856434
0.9999815105017655
0.9999759873330872
0.9999753882042827
0.9999809762131286
0.9999817698242045
0.9999765008524648
0.9999747820917682
0.9999798236571066
0.9999817382135249
0.9999769533013146
0.9999740248460455
0.9999782345350753
0.9999813032352064
0.9999772779464177
0.9999735642524825
0.999976724689456
0.9999807605456899
0.9999775518519414
0.9999734108511068
0.9999754236818331
0.9999798415113316
0.999978003113107
0.9999733796929521
0.9999742852215562
0.9999786837369516
0.9999780704141914
0.9999735248957211
0.9999730966522028
0.999977239601449
0.9999781257730509
0.9999736642027748
0.9999725323007383
0.9999759191720954
0.9999778454832128
0.9999738662263797
0.9999719152827556
0.9999747019272457
0.999977196473542
0.9999742188660766
0.9999713944902181
0.9999736939694702
0.9999763225657867
0.9999741806211732
0.999971025774037
0.9999727586991206
0.9999756644062242
0.9999742599401499
0.9999709990846358
0.999971939349015
0.9999746906327726
0.9999742123801283
0.9999708969386498
0.9999709521286919
0.9999736656526906
0.9999740774586414
0.9999709227005131
0.9999700545246566
0.9999725121384855
0.999973458621132
0.9999707828655384
0.9999692651936842
0.999971586523446
0.9999728695458004
0.9999705203276545
0.9999688356858213
0.9999707319819743
0.9999723964375847
0.9999704791292163
0.9999683162442372
0.9999694898991918
0.9999716263052911
0.9999703370743392
0.9999680068266471
0.9999688088227251
0.999970987262358
0.9999701825822153
0.999967603584432
0.9999679054781282
0.999970082373632
0.9999697767059395
0.9999670843208692
0.9999671342018469
0.9999691632572464
0.9999691880050934
0.99996673233848
0.9999666867989097
0.9999683237954602
0.9999686763777439
0.9999663619100215
0.9999660215290804
0.9999674627602816
0.9999682224512917
0.9999664743642829
0.9999655111798799
0.999966497582309
0.9999674597397287
0.9999661869061167
0.9999650762921044
0.999965629236713
0.9999668740425992
0.9999662294361737
0.9999647556485909
0.9999650119833399
0.9999660647205961
0.9999659306967826
0.9999642192387094
0.9999641906977992
0.9999653435512404
0.9999654073169199
0.9999638823560082
0.999963587385565
0.9999645069460087
0.9999649265242043
0.9999636967549261
0.9999633364123717
0.9999638473494394
0.9999645290806293
0.9999636151332977
0.999962746776334
0.9999628507551676
0.9999635452820684
0.9999633309161982
0.9999622065535869
0.9999620362703951
0.9999627848482233
0.9999631997983629
0.9999618723181966
0.9999616515535268
0.9999621494160813
0.9999625865528453
0.9999614543894405
0.9999610853487708
0.9999617678490692
0.9999622581916947
0.9999611383376237
0.9999604225808748
0.9999609771030195
0.9999615232091739
0.9999603665655946
0.9999595621045266
0.999960448335063
0.9999612280702775
0.9999601259930666
0.9999589692796517
0.9999597423300073
0.9999606796475462
0.9999597071247286
0.999958444004764
0.9999588501891192
0.9999600822501813
0.9999596774496579
0.9999583467051789
0.9999581364991142
0.9999594213119664
0.9999593687584122
0.9999580605615227
0.9999576076405103
0.9999585185297524
0.9999588266145158
0.9999576664925648
0.9999568070539004
0.9999575053942706
0.9999582243641629
0.9999576919447614
0.9999564588019595
0.9999566607778116
0.9999575655568271
0.9999573140066956
0.9999560445299104
0.9999557936404048
0.999956719465312
0.9999570002770246
0.9999556354983593
0.9999550196747858
0.9999558131126539
0.9999563786582419
0.999955213687028
0.9999544770595691
0.9999549632425878
0.9999556392163136
0.9999551625315903
0.9999539945807671
0.9999540664240222
0.999954940791598
0.9999549267919761
0.9999536341498712
0.9999535707279614
0.9999543860525614
0.999954485797399
0.9999532088806282
0.9999529301443358
0.9999533991711375
0.9999541077522052
0.9999529913895026
0.9999524753550553
0.999952911160886
0.9999536226381956
0.9999528514067114
0.9999520435473143
0.999952768050843
0.9999530111661988
0.9999524400505289
0.9999513947780009
0.9999520793600668
0.999952309995218
0.9999518465498568
0.9999506935045651
0.9999513205993441
0.9999518226437625
0.9999515702898485
0.9999503890215651
0.9999507662445827
0.9999512955937048
0.999950975501736
0.9999496667406339
0.9999500154766825
0.9999509528579357
0.9999508797696709
0.9999492424467924
0.9999492166536128
0.9999503134714275
0.9999505620128605
0.9999489544602935
0.9999483855071736
0.9999495285057731
0.9999497202812249
0.9999488314212825
0.9999477291332702
0.999948936846959
0.999949461996863
0.9999490084219707
0.9999474166869053
0.9999483056428248
0.9999486135468245
0.9999485077772495
0.9999468506890232
0.9999474762706689
0.9999479901905183
0.9999480283510452
0.9999465101799107
0.9999469293318435
0.9999476921052526
0.9999476120829202
0.999946103413048
0.9999461735333244
0.9999469395410474
0.9999467592327951
0.9999456285879639
0.9999452688991698
0.9999462610471843
0.9999462257308821
0.9999455627426636
0.9999448352655255
0.9999456683322836
0.9999455169109738
0.9999451924526586
0.9999441759479668
0.9999448309070686
0.9999447556327193
0.999944541725833
0.9999437020318139
0.9999442277638212
0.9999439816758573
0.9999438736606134
0.999943299165268
0.9999434190939025
0.9999434422359864
0.9999434281400965
0.999942780110796
0.9999429899082701
0.9999432174745418
0.9999429746021098
0.9999422762842309
0.99994227079421
0.999942554733321
0.9999421771546838
0.99994193242214
0.9999416583126804
0.9999418979427177
0.9999415085773314
0.9999413271790419
0.9999411102257661
0.999941616049658
0.9999411192131535
0.9999410380286745
0.9999404517596736
0.9999409976514151
0.999940678406386
0.999940657874366
0.9999400019094953
0.9999403896262646
0.9999401235256425
0.999940192969717
0.9999395454955418
0.9999395042426071
0.9999395221208356
0.9999395428542265
0.9999389081639748
0.9999388850048738
0.9999392096006635
0.9999388702215776
0.9999384345100732
0.999938137962584
0.9999386107274277
0.9999383975682968
0.9999381110262475
0.9999374938318096
0.9999379946847525
0.9999374751277551
0.9999371925212837
0.9999364760762995
0.9999377752798339
0.9999373472942077
0.9999367042568272
0.9999356817964759
0.9999370057772878
0.999936955800554
0.9999364967750751
0.9999351020504225
0.9999358376367767
0.999936430113543
0.9999359181989986
0.9999345407381267
0.9999347287940104
0.9999357146524116
0.9999358437803306
0.9999343770076837
0.999933943722804
0.9999350942851124
0.999935453145775
0.9999341452126783
0.9999331621794403
0.9999341936102986
0.9999345787141358
0.9999338896464889
0.9999327271660957
0.9999336716160313
0.9999339664113379
0.999933421454573
0.9999322400783643
0.9999328475584044
0.9999334472442325
0.9999329008769763
0.9999315870814026
0.9999319759532664
0.999933141346027
0.9999325826679003
0.9999312773596967
0.9999314413666556
0.9999330736384417
0.999932553845103
0.9999306671322864
0.9999300219192553
0.9999321368237976
0.99993228654817
0.9999305586286131
0.9999293504533322
0.9999312151020141
0.9999318678581512
0.9999300984105933
0.9999286539438407
0.9999301992216629
0.999931269157886
0.999930176630766
0.9999282516407574
0.9999294448379374
0.9999305969885524
0.9999295904943855
0.999927790702392
0.9999284578612718
0.9999296445918661
0.9999291113849795
0.9999273490171782
0.9999277342497047
0.9999288738932136
0.9999288105317182
0.9999268956279965
0.9999269850618465
0.999928139197373
0.9999281158284381
0.9999264315722987
0.9999261694547135
0.9999274783881817
0.9999277451319926
0.9999263555714568
0.9999255626060831
0.9999265567566104
0.9999272080482519
0.9999265587751464
0.9999252942879469
0.9999258363434338
0.9999262522788703
0.9999260786530301
0.9999251532440113
0.999925398684382
0.9999256416217055
0.999925398427797
0.9999242169549042
0.9999246345440886
0.9999250474693353
0.9999248398390945
0.9999237156255067
0.9999242302221203
0.9999246736976376
0.9999243780343322
0.9999229454009135
0.9999231497260481
0.9999240715463977
0.9999241088371816
0.9999227269962175
0.9999223705790593
0.9999232320851845
