0.9999988711934341
0.9999946058484547
0.9999981092921808
0.9999955458695805
0.99999656391377
0.9999970554917895
0.9999951403462309
0.9999982849699636
0.9999943839987596
0.999998378698518
0.9999946217182955
0.9999974076459794
0.999995853351878
0.9999959267797249
0.9999973139201955
0.9999946315344167
0.9999981238069866
0.9999941728403416
0.9999978329741721
0.9999947845476925
0.9999966357415374
0.999996065999912
0.9999951650130878
0.9999973159763215
0.9999941276774774
0.9999977609677536
0.999994073441617
0.9999971778147282
0.9999949328996308
0.9999958777204923
0.9999962075679709
0.9999945141362281
0.9999971835894469
0.9999937715205647
0.9999972922897055
0.9999940118798506
0.9999964979468375
0.9999950848053052
0.9999951387617007
0.9999962984927597
0.9999939364607116
0.9999969798110522
0.9999935509742774
0.9999967701337447
0.9999940333198434
0.999995780296067
0.9999951992644823
0.999994471203992
0.9999962671036242
0.9999935054518204
0.999996663267326
0.9999933695700677
0.9999962069617729
0.9999941490072953
0.9999950859599283
0.9999952578405384
0.9999938475613473
0.9999961367988547
0.9999931951650681
0.9999962369020083
0.99999330695818
0.9999955358270515
0.999994236514436
0.9999943502419054
0.9999953076389291
0.9999932604356699
0.9999958704009032
0.9999927798189421
0.9999956609848303
0.9999932234691904
0.9999948202192415
0.9999942698087368
0.9999937155776483
0.9999952302078017
0.9999927833124848
0.9999955698393872
0.9999926461107348
0.9999951503470283
0.9999933374292481
0.9999941556586892
0.9999943351000465
0.9999930418891797
0.999995076143081
0.9999923877243341
0.9999950606377093
0.9999926057599211
0.9999944550558506
0.9999934242582131
0.9999934497270984
0.9999942885120603
0.9999925162714427
0.9999947781864096
0.9999921705026625
0.9999945998115924
0.9999925534998011
0.9999937767057925
0.999993452544078
0.9999927950754594
0.9999941366682448
0.999992095305223
0.9999943787270199
0.9999920316140118
0.9999939806063366
0.9999925084910062
0.999993100399269
0.9999933612537811
0.999992172083121
0.999993958812864
0.9999916628318265
0.999993978352828
0.999991808282178
0.9999933656231854
0.9999924768915431
0.9999924202718219
0.9999932661935872
0.9999915948518374
0.9999937089865568
0.9999913189734082
0.999993536964099
0.9999916512070711
0.9999927407810294
0.9999924178162428
0.9999917778500266
0.9999931598615516
0.9999911352217763
0.9999933448153421
0.9999910080461656
0.9999928990126697
0.9999915529206058
0.9999920193526955
0.9999922738066261
0.9999911567283172
0.9999928477174623
0.9999907543206962
0.9999928436194312
0.9999909907293897
0.9999923045769901
0.9999915461471507
0.9999914728404486
0.9999922043721998
0.9999907391570321
0.9999926220594243
0.9999904900759745
0.9999924050329039
0.9999908333199259
0.9999916459359104
0.9999914509138711
0.9999908030741319
0.9999920160637581
0.9999903153153338
0.9999921772715941
0.9999903605504231
0.9999918139152199
0.9999908082257624
0.9999909778758435
0.9999913776475619
0.9999902480604667
0.9999917720024748
0.9999899413500404
0.999991726664676
0.9999900930633016
0.9999912067959067
0.9999906317805703
0.9999904115144507
0.9999911614959353
0.9999897894054431
0.9999913858233481
0.9999896317997123
0.9999912309921817
0.9999899181757579
0.9999906214196905
0.9999904386087064
0.999989875356736
0.9999909670746341
0.9999893916304402
0.9999910920241852
0.9999893657823379
0.999990705657763
0.999989788580001
0.9999900255306841
0.9999903534797697
0.9999893387927047
0.9999907484315524
0.9999889765329525
0.9999906993511789
0.9999891843241298
0.9999901903380025
0.9999896579029117
0.9999894039054132
0.9999901768540014
0.9999888522513696
0.9999904098502188
0.9999886884091803
0.9999901941830828
0.9999889751573039
0.9999896189758484
0.9999894962800977
0.9999889029693702
0.9999898897478647
0.9999884172777285
0.999989870240819
0.999988403466424
0.9999895687545425
0.9999888122891146
0.9999889319997736
0.9999893081172433
0.9999883202260363
0.9999895424587835
0.9999880577691318
0.999989427667139
0.9999882565106987
0.9999890191123422
0.9999887011736357
0.999988424199031
0.9999891037003157
0.9999878823445609
0.9999892249396286
0.999987830939645
0.9999889523268934
0.9999881696580655
0.9999884994333641
0.9999885718111369
0.9999879396637211
0.9999887946767647
0.999987600760026
0.9999887301731092
0.9999876884192073
0.9999884698339705
0.9999880354474393
0.999988033116704
0.9999883423097946
0.999987625759873
0.9999884980291994
0.9999874290386931
0.9999883686817862
0.9999875846665021
0.9999880155219935
0.999987869633467
0.9999875585409989
0.9999881032293796
0.9999872432380541
0.999988134540865
0.9999872044934841
0.9999879447800949
0.9999874031021543
0.9999875448600654
0.9999875983332531
0.9999871320092095
0.999987735079287
0.9999869791693999
0.9999876869798175
0.9999870115246852
0.999987419033894
0.9999871275419036
0.9999869793990703
0.9999872955731116
0.9999866254351122
0.9999874242345561
0.9999865987810852
0.9999873335013502
0.9999867154933105
0.9999870173564164
0.9999868251767364
0.9999865855480111
0.9999869931253883
0.9999862413793086
0.9999870333001659
0.9999861976944489
0.9999869489640825
0.9999863670091006
0.9999865116568749
0.9999865046747088
0.9999861238700881
0.9999865895415494
0.9999858870803041
0.9999865759273764
0.9999858268287787
0.999986443951404
0.9999860043912707
0.9999860478387871
0.9999862043132706
0.9999856722028693
0.999986305894622
0.9999854709048317
0.9999861890243675
0.9999854850488501
0.9999859216921348
0.9999855980200426
0.9999855141950931
0.9999857867829434
0.9999852030291344
0.9999859015510268
0.9999851211477483
0.9999858406833327
0.9999851596782161
0.9999855573958453
0.9999852991373527
0.9999851588102927
0.9999854347438127
0.9999847851042498
0.9999854075026673
0.999984665524561
0.9999852611010115
0.9999848233148808
0.9999848906725062
0.999984945124834
0.9999845921758234
0.999985057938716
0.9999845042826592
0.9999849659937646
0.999984429579645
0.9999847924061213
0.9999845913774089
0.9999845020459142
0.9999847307978883
0.9999843129189793
0.9999847007523816
0.9999842544697788
0.9999845106324922
0.9999842988670627
0.9999843045543423
0.9999844514779783
0.9999841456747051
0.9999844463336744
0.9999839578393123
0.9999843269850548
0.9999839676263227
0.9999841347641621
0.9999840591515544
0.9999840783185474
0.9999841381414023
0.9999838943633341
0.9999841315233183
0.9999836922329322
0.9999839010926671
0.9999836190380225
0.9999837344153423
0.9999836673673695
0.9999836029208994
0.9999836892849683
0.9999834038701443
0.9999836299175728
0.9999832991262659
0.999983454747341
0.9999833585911778
0.9999833339673204
0.9999833621525686
0.9999832609905388
0.9999833077988832
0.9999830938544052
0.9999831885088367
0.9999830824898406
0.9999829891726424
0.9999831040774074
0.9999829852100108
0.9999831224037714
0.9999829098412537
0.9999829452858862
0.9999828657027754
0.9999828854273068
0.9999827293691581
0.9999827550128696
0.9999827260533232
0.9999827235767886
0.9999826606539164
0.9999825381146747
0.9999825607445181
0.9999823315888815
0.9999824981189659
0.9999823390002673
0.9999824701616695
0.9999822972166464
0.9999823600935691
0.9999821314313558
0.9999822154820186
0.999982111234605
0.9999820059985257
0.9999821841773078
0.9999818342640638
0.9999821284610197
0.99998175929397
0.9999819805035964
0.9999816866777455
0.9999818371113842
0.9999817749753988
0.9999816504732203
0.9999817887302065
0.9999816239951291
0.9999817699209598
0.9999815123208907
0.999981624235341
0.9999815210554368
0.9999814663463449
0.9999815353898599
0.9999813506340961
0.9999815036633728
0.9999812281273904
0.9999814224452455
0.9999810765545826
0.999981283396068
0.9999810143433667
0.999981152900697
0.9999811843711524
0.9999809894922536
0.9999811185144494
0.9999808173758146
0.999981028637206
0.9999806781314141
0.9999810264179153
0.9999806087405999
0.9999809204646338
0.9999806178416618
0.9999807436642196
0.9999806759375611
0.9999804805558989
0.9999807161130378
0.999980329490164
0.9999806718245697
0.9999802961340634
0.9999806007466824
0.9999803202321476
0.9999803851077493
0.9999803367646959
0.9999801606059665
0.9999802763429948
0.9999800297793948
0.9999803062711491
0.9999799571434083
0.9999802646998625
0.999979961309815
0.9999799819227638
0.9999799011429233
0.9999798254428227
0.999979877102118
0.9999797959453818
0.9999798023199815
0.9999797434427634
0.9999797218254751
0.9999796691114603
0.9999794324516186
0.9999795478685337
0.9999794522494201
0.999979493041149
0.9999795503390377
0.9999792860630053
0.9999794948667683
0.9999790814356759
0.9999792389328811
0.9999791711722458
0.9999790234448142
0.9999792755423643
0.9999790108732338
0.9999792610334388
0.9999789453718884
0.9999790466597641
0.9999789002485017
0.9999787729889895
0.999978836246908
0.9999786840446623
0.9999788707203496
0.9999786639650765
0.9999787714808392
0.9999786730690419
0.9999785585243732
0.999978615270196
0.9999783715244422
0.999978678399746
0.9999783337612859
0.9999786739044503
0.9999783125115805
0.999978517944319
0.999978288816205
0.999978150811107
0.9999783017552873
0.9999779561859876
0.9999782858096025
0.9999779763992055
0.9999782295205425
0.999978057331984
0.9999779562087109
0.9999780927546887
0.9999777283685205
0.9999779797716716
0.9999776796945503
0.9999779844985137
0.9999777681874084
0.9999777763734661
0.9999777483405837
0.9999775308112859
0.9999776429817603
0.999977278761788
0.999977475012632
0.9999773424318004
0.99997736743137
0.9999774584885835
0.9999772690938944
0.9999773255617735
0.9999770563472734
0.9999771379663216
0.9999769155843746
