0.9999997004960445
0.9999994122047029
0.9999988288535046
0.999998480057136
0.9999986961910838
0.9999992448343483
0.9999996127912264
0.9999994501267133
0.9999989117940525
0.9999984785775745
0.9999985604880874
0.9999990575601865
0.9999994911204746
0.9999994681895205
0.9999989919341445
0.9999985055532997
0.9999984638669973
0.9999988745436421
0.9999993485073965
0.9999994391575017
0.9999990633340488
0.9999985546400624
0.999998396833929
0.9999987063262062
0.9999991825249945
0.9999993916128492
0.9999991162117413
0.9999986211539679
0.9999983525424969
0.9999985489085743
0.9999990059579846
0.9999992942951514
0.9999991425609546
0.9999986710847296
0.9999983298729479
0.9999984184893116
0.9999988411011609
0.9999991942865214
0.999999165123862
0.9999987502375788
0.999998341431826
0.999998315995338
0.9999986560075369
0.999999062883047
0.9999991468588306
0.9999988038063671
0.9999983697826738
0.9999982538533702
0.9999985147923651
0.9999989264007316
0.999999100056983
0.9999988543412184
0.9999984261296018
0.9999982210874553
0.9999983740320135
0.9999987432540265
0.9999990056808816
0.9999988714497929
0.9999984746508352
0.9999982001906614
0.999998257214582
0.999998592168382
0.9999989057126784
0.9999988753176146
0.9999985136669035
0.9999981926724308
0.9999981687252147
0.9999984436457613
0.9999987789453131
0.9999988441994285
0.9999985534948199
0.9999982131357955
0.9999980968985175
0.9999983053860321
0.9999986407766153
0.9999987801693124
0.999998582228789
0.9999982266874511
0.999998036333039
0.9999981576492979
0.9999984798104122
0.9999987035998773
0.9999985903758369
0.9999982451966232
0.9999979938442127
0.999998043975649
0.9999983317406979
0.9999986078687437
0.9999985830206142
0.9999982726090983
0.9999979826728052
0.9999979499127818
0.9999981854049889
0.9999984869648132
0.999998552045704
0.9999982849597406
0.9999979839750852
0.9999978919243486
0.9999980596730935
0.9999983556662285
0.9999984779992835
0.9999982731961973
0.9999979787167896
0.9999978459052278
0.9999979331614826
0.999998219130588
0.9999984062162272
0.9999982647644673
0.9999979776538839
0.9999978033543286
0.9999978145048687
0.9999980679176482
0.999998300892213
0.9999982450743032
0.999997985722956
0.9999977629428399
0.9999977179203096
0.9999979230749092
0.9999981977722657
0.9999982156836335
0.9999979953245854
0.9999977668364429
0.9999976657085569
0.9999978035683492
0.9999980696728955
0.9999981635160256
0.9999979918080465
0.9999977557828564
0.9999976031610188
0.9999976733593977
0.9999979478601865
0.9999980990201881
0.9999979705539093
0.9999977481506364
0.9999975640559959
0.9999975739158267
0.999997833344226
0.9999980166810044
0.9999979262068194
0.9999977237791677
0.9999975303074966
0.9999974787963545
0.999997677482372
0.9999979096498329
0.9999978960337951
0.9999977080520208
0.9999975120826075
0.9999974033819009
0.9999975390617577
0.9999977767163079
0.9999978359762326
0.9999976823413603
0.9999974837327661
0.9999973396551354
0.999997409501292
0.9999976417944945
0.9999977510473439
0.9999976628614142
0.9999974833416011
0.9999972972992436
0.9999973041440122
0.9999975168911174
0.9999976734414214
0.9999976203871328
0.9999974700227822
0.9999972932369838
0.9999972270206189
0.9999973997132003
0.9999975810123517
0.9999975716104299
0.9999974483954647
0.9999972669315098
0.9999971725638455
0.9999972950295226
0.9999974756327107
0.9999975076591738
0.9999974098246409
0.9999972401704836
0.9999971006728374
0.9999971661715913
0.9999973824241568
0.9999974714567876
0.9999973800536694
0.9999972367482686
0.9999970991144363
0.9999970839393996
0.9999972584162383
0.9999973833662474
0.999997339123992
0.9999972004513838
0.9999970458628649
0.9999969923453482
0.9999971331041884
0.9999972844741666
0.9999972787619312
0.999997169482892
0.9999970304620126
0.9999969355944247
0.999997026315739
0.9999971714204339
0.9999972102862935
0.9999971229350773
0.9999969871463265
0.9999968795658063
0.9999969235873198
0.9999970913872926
0.9999971656695481
0.99999708939285
0.9999969599226459
0.9999968395328764
0.9999968446587442
0.9999970033170764
0.99999709158536
0.9999970312946136
0.9999969056244289
0.9999967744382424
0.9999967448377395
0.9999968953254397
0.999997005126882
0.9999969907351829
0.9999968802996104
0.9999967341701738
0.9999966679477884
0.9999967620527507
0.9999969265387795
0.9999969453733492
0.9999968450929501
0.9999967092902613
0.9999966061655349
0.9999966680388543
0.9999968152149485
0.9999968717517161
0.9999967821386667
0.9999966447452632
0.9999965515867332
0.9999965881294166
0.9999967178846036
0.9999967855127397
0.9999967416066871
0.9999966239631827
0.9999965159040443
0.9999965193897322
0.9999966059033875
0.9999967097705454
0.9999966916361918
0.9999965449004726
0.9999964327206726
0.9999964347943673
0.9999965528531843
0.9999966754756968
0.9999966629548174
0.9999965473881632
0.9999964298566276
0.9999963872391616
0.9999964624729171
0.9999965995050247
0.9999966334812046
0.9999965348965608
0.9999963863433862
0.999996329560715
0.9999963758587603
0.9999964928848422
0.9999965654346809
0.9999964921083339
0.999996371131339
0.999996285095142
0.9999962918355808
0.9999963825000244
0.999996467149042
0.9999964333854129
0.9999963107830905
0.999996213928334
0.999996220688215
0.999996300409672
0.9999963762509725
0.9999963813736993
0.9999963059690561
0.9999961991348447
0.9999961623172166
0.9999962367525791
0.9999963093533191
0.9999963206797463
0.999996260391567
0.99999615498993
0.9999960971808028
0.999996136094497
0.9999962310880357
0.9999962628949266
0.9999962106415409
0.9999961117981055
0.9999960315248141
0.9999960557364922
0.9999961484906646
0.999996185301469
0.9999961370981312
0.9999960647662924
0.9999959836757862
0.9999959866023853
0.99999605682468
0.9999961074226449
0.9999960961077085
0.9999960260227648
0.9999959418933284
0.9999959202584728
0.9999959817572217
0.9999960604776756
0.9999960249653231
0.9999959787169658
0.9999959075054833
0.9999958323144119
0.9999958897494126
0.9999959782565391
0.9999959872487749
0.9999959490536572
0.9999958627291096
0.9999957600292931
0.9999957896145056
0.999995928642976
0.9999959517322068
0.9999958851005732
0.9999958253353887
0.9999957466736142
0.9999957297532936
0.9999958388332079
0.9999958751538518
0.9999958081386028
0.9999957614629454
0.9999957155900455
0.9999956853931096
0.9999957728739762
0.9999958364595318
0.999995765613733
0.9999956998525314
0.9999956765753263
0.999995624711401
0.999995674951085
0.9999957538500016
0.999995711933317
0.9999956554840508
0.9999956223470577
0.999995567319131
0.9999955840026061
0.9999956815483007
0.9999956626782673
0.9999955809327967
0.9999955741837767
0.9999955340701576
0.9999955011055701
0.9999955832653347
0.9999956327036468
0.9999955561913233
0.9999955020779853
0.9999954572081844
0.9999953956509325
0.9999954647200944
0.9999955485387194
0.9999954911211155
0.9999954499984651
0.9999954318549441
0.9999953581293068
0.9999953726864247
0.999995437091049
0.9999954268883937
0.9999953853504505
0.9999953486163102
0.9999952934190988
0.9999952821060245
0.9999953572028992
0.9999953743143931
0.9999953126447235
0.9999952947274002
0.9999952506482971
0.9999952365637083
0.9999952794388517
0.999995288444389
0.9999952180195509
0.9999952039839306
0.999995167789515
0.9999951578450847
0.999995204181629
0.9999952194680378
0.9999951958358501
0.9999951554297796
0.9999951085924804
0.9999950788428879
0.9999951029886991
0.9999951415487995
0.9999951562660461
0.9999951047060471
0.9999950378711076
0.9999950160341952
0.9999950186107192
0.9999950352610563
0.9999950839505514
0.9999950456897432
0.9999949906831586
0.9999949428540955
0.9999949004474906
0.9999949216479173
0.9999949842626066
0.9999949694333845
0.99999492529744
0.9999948638953238
0.9999948233250682
0.9999948321422454
0.9999948928067468
0.9999949136804664
0.9999948830755673
0.9999948216677641
0.9999947522047429
0.9999947459445775
0.999994804126558
0.9999948452947324
0.9999948328678209
0.9999947866566121
0.9999947117007297
0.9999946708578443
0.999994709189488
0.9999947582834562
0.9999947567657037
0.9999947039764407
0.9999946526737106
0.9999946224250897
0.9999946405759921
0.9999946930601787
0.9999946649275054
0.9999946264245932
0.9999945830131204
0.9999945500601417
0.999994558852449
0.9999946151569189
0.9999946143983048
0.9999945529555988
0.9999945218962076
0.9999945197736181
0.9999945111293821
0.9999945366627353
0.9999945481584296
0.9999945266010017
0.9999945043972078
0.9999944556746795
0.9999943912560296
0.9999944022471313
0.9999944476029063
0.9999944218364023
0.9999944032156164
0.9999943710051282
0.9999943225055935
0.9999943215058656
0.9999943716708434
0.9999943660760519
0.9999943678559723
0.9999943517893632
0.9999942654610291
0.9999942361567388
0.9999942816631479
0.9999943202435101
0.9999943203477936
0.9999942931834465
0.9999942235531144
0.9999941831585695
0.9999942170340523
0.9999942653909996
0.9999942724459856
0.9999942489168986
0.9999941612216086
0.9999941175897756
0.9999941424034222
0.9999941836213968
0.9999941922621591
0.9999941757081292
0.9999941194145583
0.9999940799202298
0.9999940967917317
0.9999941360091984
0.9999941470356978
0.9999941277228009
0.999994093083895
0.9999940355803746
0.9999940193542423
0.9999940505820952
0.9999940799366773
0.9999940839227408
0.9999940334485935
0.9999939819302005
0.9999939541026166
0.9999939758007556
0.9999939839469856
0.9999940008182923
0.9999939939619601
0.9999939452820321
0.9999939085586036
0.9999939008952962
0.9999939015633132
0.9999939044445668
0.9999938942417247
0.9999938872110656
0.9999938657962218
0.999993849722046
0.9999938341654044
