0.9999997476325712
0.9999996688803194
0.9999994841346488
0.9999992443598344
0.9999990110554994
0.9999988334792027
0.9999987363100804
0.999998756677682
0.9999988713232644
0.9999990748015495
0.9999993038731748
0.9999995052908556
0.9999996117307086
0.9999995994421647
0.9999994782534569
0.9999992809905921
0.9999990648573215
0.9999988651044257
0.9999987277503057
0.9999986819456659
0.9999987334440201
0.9999988764800407
0.9999990816348827
0.9999993042974442
0.999999458307808
0.9999994969111438
0.9999994257038629
0.9999992731013557
0.9999990737683446
0.9999988791229663
0.9999987099428906
0.9999986091122326
0.9999986201383878
0.9999987262400187
0.9999989126238219
0.9999991183129413
0.9999992836261135
0.9999993658800572
0.9999993470353358
0.9999992372237666
0.9999990653239257
0.9999988741148944
0.9999987001447204
0.9999985728126218
0.9999985386661647
0.999998602820601
0.9999987489791803
0.9999989405043898
0.9999991175684124
0.9999992278801957
0.9999992497040772
0.999999183959543
0.9999990591218468
0.9999988843878923
0.9999987089499793
0.9999985694658717
0.9999984979390542
0.9999985079570869
0.9999986059100322
0.9999987660482971
0.9999989343657736
0.9999990708117705
0.9999991300236009
0.9999991101548777
0.9999990191933668
0.9999988806158948
0.9999987136715254
0.9999985625410301
0.9999984531039126
0.9999984241181705
0.9999984732289657
0.9999985944332574
0.999998743904292
0.9999988835580355
0.9999989843114774
0.9999990194237287
0.9999989769993671
0.9999988666296012
0.9999987149862696
0.9999985551465989
0.9999984214551909
0.9999983530783949
0.999998344997929
0.9999984140119733
0.9999985362602014
0.9999986782163622
0.9999988029097063
0.9999988816367853
0.999998883725697
0.9999988070907182
0.9999986753683389
0.9999985199099664
0.9999983677510892
0.9999982618312432
0.9999982327276182
0.9999982697506532
0.9999983599119212
0.9999984966007015
0.9999986214940989
0.999998723827574
0.9999987581874245
0.9999987175238411
0.9999986238869337
0.9999984779176159
0.999998332137318
0.9999982118140756
0.9999981454001841
0.9999981542123244
0.9999982351975182
0.9999983446126443
0.9999984626330304
0.9999985613275449
0.9999986187292924
0.9999986180993733
0.9999985543892383
0.9999984491744837
0.9999983134344009
0.99999818682717
0.9999980921752776
0.9999980753863048
0.9999981113260953
0.9999981847693281
0.9999982835686408
0.9999983814933965
0.9999984420414677
0.9999984551964746
0.9999984261790075
0.9999983579973231
0.9999982679438962
0.9999981533928388
0.9999980552332264
0.9999979853244454
0.9999979813215967
0.9999980343721317
0.9999981185375275
0.9999982134724692
0.9999982850857261
0.9999983254904179
0.9999983243970173
0.9999982944099891
0.999998228633212
0.9999981208226466
0.9999980081050924
0.9999979179952652
0.9999978855706354
0.9999979185529652
0.9999979897750793
0.9999980769754282
0.9999981402673218
0.9999981751728548
0.9999981962331661
0.999998207866157
0.9999981702608515
0.9999980889083578
0.9999979775240652
0.9999978787533378
0.9999978204073425
0.9999978111008089
0.9999978603660215
0.9999979328637826
0.9999980020315632
0.9999980455289139
0.9999980741505237
0.999998082356757
0.999998065551888
0.9999980008719925
0.9999979022157159
0.9999977927595276
0.9999977080781884
0.9999976820485001
0.9999977149684932
0.9999977858602593
0.99999786250246
0.9999979147421196
0.9999979480586059
0.9999979683665287
0.9999979677755503
0.9999979178667663
0.9999978415416722
0.9999977315047306
0.9999976364697346
0.9999975874122667
0.9999975767130905
0.9999976209582778
0.9999976842127744
0.9999977536529265
0.9999978155182148
0.999997847825467
0.9999978567989726
0.9999978385386392
0.9999977796369338
0.9999976950669348
0.9999975895366952
0.9999975019366965
0.9999974661409419
0.9999974746726862
0.9999975334872427
0.9999976207804044
0.9999977011396683
0.9999977436401049
0.9999977544645019
0.9999977340749869
0.9999976851593945
0.9999976252122448
0.9999975346044097
0.9999974445879859
0.9999973751593522
0.9999973616176878
0.9999974008470762
0.9999974608352928
0.9999975382634393
0.999997585331338
0.9999976106185732
0.9999976062200387
0.9999975695779856
0.9999975261692879
0.9999974521353775
0.999997369575366
0.9999972922624586
0.9999972637522055
0.9999972754892096
0.9999973459413127
0.9999974063284333
0.9999974509190579
0.9999974766711303
0.999997485557093
0.9999974674509288
0.9999974269833951
0.9999973666794103
0.9999972835341716
0.9999972102942607
0.9999971715841562
0.9999971794072389
0.9999972203153334
0.9999972709267909
0.9999972984402223
0.9999973191594049
0.9999973392510378
0.999997348226077
0.9999973365539354
0.9999972915178068
0.999997218611216
0.9999971525956489
0.9999971105922598
0.9999971033839649
0.9999971105264217
0.9999971328852
0.9999971827527169
0.9999972091461119
0.9999972299847381
0.9999972395478609
0.9999972342911247
0.9999972095196319
0.9999971389981316
0.9999970752030015
0.9999970219455813
0.9999969937172309
0.9999969947274608
0.9999970201996515
0.999997043425695
0.9999970724779241
0.9999970909716602
0.9999971051119789
0.9999971112009016
0.9999970978355446
0.9999970424230253
0.9999969829803269
0.9999969147714703
0.9999968885925201
0.9999968873387001
0.9999969124349368
0.9999969595760598
0.9999970058833513
0.99999702544518
0.9999970321507896
0.9999970240764349
0.9999970050851821
0.9999969708854476
0.9999969112422593
0.9999968494579675
0.9999968163462425
0.9999968078948307
0.9999968182728145
0.9999968574581307
0.9999968902737669
0.9999969129056159
0.99999691979371
0.9999969148041522
0.9999968998267279
0.9999968646932123
0.9999968209039121
0.999996766843908
0.9999967265879757
0.9999967136537079
0.9999967239561801
0.999996751504196
0.9999967810955517
0.9999968055425463
0.9999968049945286
0.9999967893062405
0.9999967738674548
0.9999967554608528
0.999996738051488
0.9999966872381447
0.9999966415106822
0.9999966099763895
0.9999966152330558
0.9999966556703584
0.9999966888055982
0.9999967128906887
0.9999966952769308
0.9999966761827936
0.9999966602936413
0.9999966424849539
0.9999966307563606
0.999996607878969
0.9999965684983998
0.9999965203056622
0.9999964933029807
0.9999964931757984
0.999996512301021
0.9999965378506028
0.999996538385722
0.9999965503483106
0.9999965515210372
0.9999965537864259
0.9999965605799234
0.9999965290089644
0.9999964794959874
0.9999964244870863
0.9999963774631806
0.9999963506150181
0.9999963633476573
0.9999963991416003
0.9999964164778309
0.9999964265460433
0.9999964308556389
0.9999964212531203
0.9999964140196195
0.999996408122772
0.9999963662594015
0.9999963095683719
0.9999962527215365
0.9999962321122111
0.9999962269252072
0.9999962350287213
0.9999962625651689
0.9999962866870427
0.9999962960772314
0.9999963037691759
0.9999962938139761
0.9999962913921965
0.9999962679719412
0.9999962115888912
0.9999961613761686
0.999996117799864
0.9999961005167263
0.9999961055260594
0.9999961221105372
0.9999961405963856
0.9999961644147878
0.9999961852190611
0.9999961968816642
0.9999961931522401
0.999996164438527
0.999996115745558
0.9999960563083145
0.9999960059769653
0.9999959740202303
0.9999959697269513
0.9999959813195078
0.9999960117992246
0.9999960335761795
0.999996033837431
0.9999960462199624
0.999996052672448
0.9999960419646584
0.999996013542698
0.9999959650117076
0.9999959289507271
0.9999959044436485
0.9999958886387018
0.9999958836204476
0.9999958808854504
0.9999958913221584
0.9999959092145074
0.9999959293625083
0.9999959349433397
0.9999959364182727
0.9999959221646297
0.9999958836272117
0.9999958316313319
0.9999957741020906
0.9999957457890631
0.9999957579238601
0.9999957790584626
0.9999957954453733
0.999995803006646
0.9999958100893304
0.9999958275981836
0.9999958354598406
0.9999958358820273
0.9999958111549386
0.9999957650265134
0.9999957022022498
0.999995650511773
0.9999956269386053
0.9999956313242147
0.9999956500331824
0.9999956731751369
0.9999956967076717
0.9999957217244675
0.9999957367706857
0.9999957406884373
0.9999957421594108
0.9999956943070941
0.9999956352135072
0.999995578705226
0.9999955341459501
0.9999955063745297
0.9999955208266612
0.9999955484708546
0.9999955757485072
0.9999956023786923
0.9999956262708672
0.9999956423849669
0.9999956450802842
0.9999956389833948
0.9999956043940775
0.99999554584891
0.9999954686354072
0.9999954213083165
0.9999953888119678
0.9999953868168742
0.9999953974085247
0.9999954148715803
0.999995444845393
0.999995488576484
0.9999955218977766
0.9999955328633431
0.9999955239480757
0.9999954791097326
0.999995411039052
0.9999953418541595
0.9999952874817698
0.9999952643677055
0.9999952654741371
0.9999952881423333
0.9999953232019954
0.9999953611457719
0.9999953980817193
0.9999954084801206
0.9999953861991305
0.9999953508959745
0.9999953037464994
0.9999952400057565
0.9999952003876631
0.9999951725268131
0.9999951636733557
0.9999951868494906
0.9999951957074882
0.9999952216949678
0.9999952420239628
0.9999952518788444
0.9999952441882657
0.9999952380331678
0.9999952096160075
0.9999951811712909
0.999995137083222
0.9999950976538875
0.9999950814200913
0.9999950632457857
0.9999950586309485
0.9999950731622527
0.9999951061078709
0.9999951343061876
0.9999951406668963
0.9999951416042098
0.9999951200306506
0.9999951060842567
0.9999950712855897
0.9999950376538762
0.9999950109755309
0.9999949822921315
0.9999949658392395
0.9999949750378502
0.9999949820160611
0.9999950042335454
0.9999950182106442
0.999995014812712
0.9999950034925664
0.999994976019219
0.9999949491632174
0.999994932200823
0.9999948953075559
0.9999948805860319
0.9999948738853642
0.9999948694838585
0.9999948677416006
0.9999948711485889
