0.9999999449311386
0.9999999391745804
0.9999999259196465
0.9999999077234593
0.9999998852021373
0.9999998598000135
0.9999998329190917
0.9999998076367838
0.9999997837164252
0.9999997618309611
0.9999997422936513
0.999999727697714
0.9999997198617117
0.999999716269611
0.9999997182191932
0.9999997271305711
0.999999741516307
0.9999997611588702
0.999999784229109
0.9999998078912303
0.9999998312664669
0.9999998529842965
0.9999998709408003
0.9999998841849626
0.9999998910661179
0.9999998906688071
0.9999998832656692
0.9999998715784623
0.9999998560408343
0.9999998365348659
0.9999998151240902
0.9999997935317195
0.9999997726225601
0.9999997517372611
0.9999997315870582
0.999999714920031
0.9999997019911769
0.999999692397723
0.999999686042103
0.9999996874996813
0.9999996953150974
0.9999997064821178
0.9999997239866216
0.9999997436103877
0.9999997643777482
0.9999997850948481
0.9999998041152118
0.9999998200404409
0.9999998305015056
0.9999998352174496
0.9999998355029959
0.9999998301318204
0.9999998211332222
0.999999806584706
0.999999789255568
0.9999997697077895
0.9999997498652503
0.9999997303437381
0.999999710415668
0.9999996936763046
0.9999996807278265
0.9999996684166232
0.9999996594000633
0.9999996552115896
0.9999996562476043
0.9999996627301656
0.9999996721847205
0.9999996858395526
0.9999997004755108
0.9999997180207743
0.9999997346268265
0.9999997512166533
0.999999764778799
0.9999997750965538
0.9999997805212204
0.9999997810618674
0.9999997769166757
0.9999997675143236
0.9999997544007804
0.9999997392686786
0.9999997223305758
0.9999997058006632
0.9999996884447001
0.9999996711401941
0.99999965388835
0.9999996381465861
0.9999996272773563
0.9999996195964899
0.9999996145597945
0.999999615752834
0.9999996190237601
0.9999996262960711
0.9999996390573082
0.9999996530896343
0.9999996692773547
0.9999996844026301
0.9999997003670735
0.9999997123567883
0.9999997214890367
0.9999997250647803
0.9999997249596038
0.9999997217757294
0.9999997140075193
0.9999997034865017
0.9999996898671197
0.9999996723045889
0.999999656224602
0.9999996404705999
0.9999996248794681
0.9999996113023316
0.9999996003365526
0.9999995904050075
0.9999995840634374
0.9999995804837347
0.9999995823293124
0.9999995878072624
0.9999995933264658
0.9999996025199086
0.9999996135880972
0.9999996248597767
0.9999996354544511
0.9999996443283614
0.9999996526361757
0.9999996596745463
0.9999996636410452
0.999999662870561
0.9999996594983356
0.999999653772522
0.9999996450283188
0.9999996344306651
0.999999621396548
0.9999996070915568
0.9999995926548468
0.999999578961097
0.999999567636307
0.999999556553937
0.999999550934461
0.9999995462136968
0.9999995460345578
0.9999995472121908
0.9999995496810722
0.9999995526193224
0.9999995572550213
0.9999995636745842
0.9999995722917608
0.9999995815517885
0.9999995900984728
0.9999995970856862
0.9999996037436604
0.999999606995178
0.9999996077602977
0.9999996052934943
0.9999995997165667
0.9999995914256855
0.9999995795462778
0.9999995666880432
0.9999995541008826
0.9999995422297788
0.9999995311436871
0.9999995209692651
0.9999995114112125
0.9999995051017488
0.9999995012910855
0.9999995005427436
0.9999995015944579
0.999999504053873
0.9999995071557807
0.9999995138168868
0.9999995202688321
0.9999995280634334
0.9999995344149358
0.9999995428500643
0.9999995483132227
0.9999995516723148
0.9999995530705051
0.9999995522878162
0.9999995481531441
0.9999995422423982
0.9999995346424368
0.9999995214955368
0.9999995106579898
0.9999994992891352
0.9999994898983641
0.9999994792835598
0.9999994710294741
0.9999994655526989
0.9999994620544627
0.9999994580455366
0.9999994562761008
0.9999994584745312
0.9999994624703743
0.9999994678238001
0.9999994732824116
0.9999994788268761
0.9999994840793843
0.9999994901803585
0.9999994936659811
0.9999994953023877
0.9999994972030554
0.9999994998089414
0.9999994975684573
0.9999994962668891
0.9999994916232453
0.9999994849303967
0.9999994780294686
0.9999994694540433
0.9999994611592323
0.999999453496384
0.9999994459613318
0.9999994395920234
0.9999994340461525
0.999999428134954
0.9999994242040828
0.9999994220726569
0.9999994240798193
0.9999994260452606
0.9999994285407716
0.9999994309289421
0.9999994336953355
0.999999436588358
0.9999994412836082
0.9999994436738178
0.9999994459976191
0.9999994482917495
0.9999994488906194
0.9999994457836262
0.9999994442134663
0.9999994390568762
0.9999994318536463
0.999999423761886
0.999999415462628
0.9999994066104475
0.9999993960359378
0.9999993898915497
0.9999993842678953
0.999999379378538
0.9999993770507195
0.9999993741503165
0.9999993740792186
0.9999993754079558
0.999999376371267
0.9999993766832991
0.9999993789723438
0.999999383071851
0.9999993881820081
0.9999993927346423
0.9999993977008442
0.999999399389419
0.9999994011874793
0.9999994032550857
0.9999994022244363
0.9999994008748175
0.9999993966841073
0.9999993930046742
0.9999993851675127
0.9999993757866521
0.9999993647780148
0.9999993555351661
0.9999993458499101
0.9999993376468316
0.9999993325711349
0.9999993308990035
0.9999993298544826
0.999999327607614
0.9999993295604946
0.9999993317321362
0.9999993345457141
0.9999993368199256
0.999999343100642
0.9999993460312186
0.999999347852005
0.99999934850938
0.9999993496159147
0.9999993488887812
0.9999993493926643
0.999999345285179
0.9999993411808886
0.999999337034881
0.9999993337497389
0.9999993275553102
0.9999993213601948
0.9999993136593693
0.9999993046046877
0.999999297621593
0.9999992896460945
0.999999282865917
0.9999992755814228
0.9999992740172323
0.9999992722878973
0.9999992719243096
0.9999992727906143
0.9999992744487683
0.9999992775477881
0.9999992823586783
0.9999992857608209
0.9999992880570063
0.9999992909565266
0.9999992910322346
0.9999992931023486
0.9999992952199781
0.9999992936753097
0.9999992938456378
0.9999992900991312
0.9999992828748092
0.9999992735493761
0.9999992651517103
0.9999992569459847
0.9999992484972082
0.9999992436573297
0.9999992368612046
0.9999992323979422
0.9999992299308071
0.9999992240043819
0.9999992235099658
0.9999992217249274
0.99999921961841
0.9999992187170527
0.9999992190360113
0.9999992232785975
0.9999992286921823
0.999999232418412
0.9999992372155694
0.9999992423024842
0.999999248157826
0.999999251195952
0.9999992500908517
0.9999992481666994
0.9999992442391195
0.999999241003837
0.9999992311700158
0.9999992243396172
0.9999992156010934
0.9999992118559389
0.9999992051050838
0.9999992016872632
0.9999991973391738
0.9999991931735072
0.9999991899609855
0.9999991898500113
0.9999991884997579
0.9999991861757936
0.9999991838074245
0.9999991824367381
0.999999182719857
0.9999991834640087
0.9999991863352591
0.9999991871626068
0.9999991887197293
0.9999991902404982
0.9999991880466322
0.9999991852255186
0.9999991850150712
0.9999991840773172
0.9999991806675149
0.9999991760690244
0.9999991722028055
0.9999991676235639
0.9999991657202054
0.9999991617113113
0.9999991569990911
0.9999991522132773
0.9999991452574071
0.9999991434424533
0.999999140467051
0.9999991416520864
0.9999991402306565
0.9999991391805287
0.9999991368482112
0.9999991373977064
0.9999991408233748
0.999999143570367
0.9999991438946009
0.9999991454674353
0.9999991444754704
0.9999991438063683
0.9999991412284117
0.9999991386919989
0.9999991359010026
0.9999991332968579
0.9999991291526074
0.9999991269882885
0.9999991258065262
0.9999991206356112
0.9999991166600573
0.999999113101627
0.999999113595653
0.9999991119504075
0.9999991090795469
0.9999991051396989
0.9999991007398479
0.9999990994538003
0.999999093953159
0.9999990916988829
0.9999990896231673
0.9999990885276109
0.9999990911780754
0.9999990913382693
0.9999990924900253
0.9999990946169189
0.9999990918370779
0.9999990913474329
0.9999990893515084
0.9999990873126197
0.9999990878974888
0.9999990881595912
0.9999990874268246
0.9999990863122458
0.9999990844233353
0.9999990825729791
0.9999990760051599
0.99999907165865
0.9999990639781122
0.9999990534383932
0.9999990441277895
0.9999990389986216
0.9999990328340254
0.9999990294523267
0.9999990276038817
0.9999990294960884
0.999999031296035
0.9999990326048969
0.9999990343057824
0.9999990363601562
0.9999990395572428
0.9999990406102155
0.9999990382773876
0.9999990392209868
0.9999990396817469
0.9999990390597425
0.9999990382653055
0.9999990375652749
0.9999990357700994
0.9999990364900148
0.9999990289184225
0.9999990245724133
0.9999990171020937
0.9999990107926716
0.9999990056315251
0.9999989979900834
0.999998994170376
0.9999989894814618
0.9999989871685808
0.999998987245392
0.9999989844243606
0.999998981280051
0.9999989778666557
0.999998976985396
0.9999989745423059
0.9999989753359758
0.9999989776066547
0.9999989749571266
0.999998976637039
0.9999989798521184
0.9999989844020453
0.9999989860279516
0.9999989877704731
0.9999989909810795
0.9999989905333744
0.9999989881570969
0.999998984746633
0.9999989755662752
0.9999989686753712
0.9999989610889828
0.9999989560823717
0.9999989494775375
0.9999989456904903
0.9999989415626557
0.9999989367563314
0.999998930241117
0.9999989247113584
0.9999989201447433
0.9999989180906977
0.9999989166891734
0.9999989159935887
0.9999989135810998
0.9999989131714765
0.9999989124816854
0.9999989156870295
0.9999989212948176
0.9999989237421959
0.9999989256837425
0.9999989241863332
0.9999989256045888
0.9999989240338093
0.999998921753563
0.9999989185664796
0.9999989147024737
0.9999989099805047
0.9999989010254554
0.9999988918829913
0.9999988849045133
0.9999988801676457
0.9999988798061643
0.9999988769986611
0.9999988756415937
0.9999988756760418
0.9999988738337098
0.9999988707937658
0.9999988701676453
0.9999988659679749
