0.9999999052801032
0.9999995333360866
0.9999998892764075
0.9999995373675928
0.999999864937517
0.9999995534485306
0.9999998302458245
0.9999995825069843
0.9999997890923655
0.9999996141829339
0.9999997441006553
0.9999996499026295
0.9999996977845191
0.9999996903893463
0.9999996557683225
0.999999731185879
0.9999996147859296
0.9999997622387985
0.9999995788178584
0.9999997864754504
0.9999995457442378
0.9999998052136552
0.9999995217932007
0.9999998118901915
0.9999995079765167
0.9999998099969419
0.999999502437222
0.9999997932498177
0.9999995036429226
0.9999997696405549
0.9999995129741721
0.9999997390964648
0.9999995350990812
0.9999997062561803
0.9999995623985652
0.9999996704146705
0.9999995926629839
0.9999996322404001
0.9999996243230906
0.99999959209125
0.9999996541571876
0.9999995552902109
0.9999996813513938
0.9999995254610241
0.9999997029505973
0.9999994973417636
0.9999997122387625
0.9999994783000961
0.9999997157242096
0.9999994605132622
0.9999997104951682
0.9999994585822629
0.9999996945139026
0.9999994568902865
0.9999996763483233
0.9999994653178333
0.9999996492345729
0.9999994770190118
0.999999619340888
0.9999994952709707
0.99999958822348
0.9999995201650063
0.9999995496177723
0.9999995462223366
0.9999995141241368
0.9999995714348489
0.9999994843898945
0.9999995947049859
0.9999994564036767
0.99999961241215
0.9999994293685663
0.9999996221675378
0.9999994075535773
0.9999996249726261
0.9999993920156102
0.9999996189441709
0.9999993940005846
0.9999996053719844
0.9999993942682848
0.9999995827626293
0.9999994016475733
0.9999995560787328
0.9999994152068823
0.9999995254641649
0.9999994345624209
0.9999994970146694
0.9999994528598415
0.9999994635725432
0.9999994747236203
0.9999994321449857
0.9999994949970453
0.999999406662553
0.9999995109286778
0.9999993824045521
0.9999995205881327
0.9999993597290273
0.999999530017268
0.9999993482578841
0.9999995345313725
0.9999993386002719
0.9999995317778156
0.9999993319240188
0.9999995228948618
0.999999330572008
0.9999995093715623
0.9999993326820017
0.9999994874453556
0.9999993421040867
0.9999994647897894
0.9999993524383205
0.9999994389957951
0.9999993708838327
0.9999994102177738
0.9999993887992596
0.9999993789700864
0.9999994059842393
0.9999993471927432
0.9999994228949238
0.9999993157491441
0.9999994364232219
0.9999992954878973
0.9999994439418508
0.9999992833989818
0.9999994476293861
0.9999992709203248
0.9999994433630697
0.9999992617455843
0.9999994348017819
0.9999992595013684
0.9999994211453238
0.9999992635413373
0.9999994011728481
0.9999992721373675
0.9999993736088557
0.9999992802401063
0.9999993461544608
0.9999992967743986
0.9999993160099805
0.999999311038462
0.9999992857045457
0.9999993270647736
0.9999992622299457
0.9999993368593412
0.9999992403011414
0.9999993453247683
0.9999992245677172
0.9999993499924255
0.9999992141628192
0.999999354071525
0.9999992024101644
0.9999993485990092
0.9999992007557571
0.9999993410648386
0.9999992018015819
0.9999993291162957
0.99999920412691
0.9999993086180351
0.9999992120424791
0.9999992897031076
0.9999992220312949
0.9999992638057303
0.9999992273107812
0.9999992392143614
0.9999992362184756
0.9999992110852232
0.9999992437062734
0.9999991902422708
0.9999992515004968
0.9999991760226952
0.9999992596095316
0.9999991651830058
0.9999992628267738
0.9999991521852403
0.9999992625974944
0.9999991416142737
0.9999992597642205
0.999999138210168
0.9999992524630672
0.999999133230717
0.9999992399432238
0.9999991409389648
0.9999992303514015
0.9999991423098873
0.9999992103934272
0.9999991449922712
0.9999991845091192
0.9999991528988086
0.9999991645810685
0.9999991615558717
0.9999991423829874
0.9999991711521042
0.9999991213252288
0.9999991779183336
0.999999100364244
0.999999183352745
0.9999990837865786
0.9999991829987388
0.9999990734394902
0.9999991790509759
0.9999990667447403
0.9999991764670544
0.9999990598373499
0.999999168151379
0.9999990573217755
0.9999991562122472
0.9999990601106683
0.9999991346441087
0.9999990640628239
0.9999991151403196
0.9999990676946618
0.9999990950210044
0.9999990713555889
0.9999990733048065
0.9999990751268101
0.9999990502425278
0.9999990791730364
0.9999990230935973
0.9999990853936764
0.9999990018261776
0.9999990889152051
0.999998983766563
0.9999990875770557
0.9999989763470927
0.9999990889328257
0.9999989687443647
0.9999990839756174
0.9999989673062825
0.9999990730335787
0.9999989658825162
0.9999990610712052
0.9999989672145034
0.9999990462639927
0.999998969505694
0.9999990252201871
0.9999989788627716
0.9999989998626064
0.9999989803523758
0.9999989782722708
0.9999989846003842
0.9999989552483984
0.9999989964357607
0.9999989334286112
0.9999990031404319
0.9999989140955492
0.9999990105311041
0.9999989018063453
0.9999990105213128
0.9999988868020278
0.9999990067295296
0.9999988824296713
0.9999990009910358
0.9999988828707078
0.999998984142817
0.9999988789485053
0.999998973814481
0.9999988741552551
0.9999989570499276
0.9999988803490174
0.999998939273625
0.9999988883749472
0.9999989197093951
0.9999988968983087
0.9999989010707626
0.9999989032023711
0.9999988838855458
0.9999989120642333
0.9999988644520855
0.9999989164244663
0.9999988493008707
0.9999989132263126
0.9999988402758031
0.9999989065832098
0.9999988244991089
0.9999989064459306
0.9999988113499312
0.9999988949900642
0.9999988047510944
0.9999988894445672
0.999998803935251
0.9999988808576473
0.9999988011238814
0.999998866714727
0.9999987979063584
0.9999988477400957
0.9999988044940611
0.9999988329711655
0.9999988126642471
0.9999988155406809
0.9999988135929667
0.9999987964652758
0.9999988196190502
0.9999987725781705
0.9999988180828105
0.9999987585242505
0.9999988178955944
0.9999987472262422
0.999998817603002
0.9999987348688395
0.9999988140075892
0.9999987329089842
0.9999988070027243
0.9999987301596592
0.9999987961811946
0.9999987299647761
0.9999987889161932
0.9999987305754456
0.9999987777933086
0.9999987294602766
0.999998760470374
0.9999987293239756
0.9999987456508909
0.9999987288404147
0.9999987268658467
0.999998729888437
0.9999987091464492
0.9999987311564711
0.9999986934382181
0.9999987338539039
0.9999986791056409
0.9999987369294031
0.9999986670386954
0.9999987320525632
0.9999986598437134
0.9999987242147999
0.9999986556304954
0.9999987166624419
0.9999986508512325
0.9999987133548797
0.9999986538145531
0.9999987084622979
0.999998647250933
0.9999986987337508
0.9999986464912447
0.9999986816600084
0.9999986472065707
0.9999986631475108
0.9999986458420046
0.9999986515425764
0.9999986492208232
0.999998636577176
0.9999986459984095
0.9999986222699191
0.9999986434288124
0.9999986062842917
0.9999986390470044
0.9999985951776055
0.999998638554548
0.9999985896931458
0.9999986398464384
0.9999985800283763
0.9999986349303038
0.9999985795298411
0.9999986300117463
0.9999985776513637
0.9999986184022227
0.9999985722070494
0.9999986042567599
0.9999985712213116
0.9999985859437721
0.9999985686141463
0.9999985717166527
0.99999856632664
0.9999985622349558
0.9999985593770996
0.9999985399217473
0.9999985574856894
0.9999985274089145
0.9999985536667448
0.9999985198157761
0.9999985491719394
0.9999985199450271
0.9999985499214797
0.9999985218845231
0.9999985474383366
0.9999985159365459
0.9999985464689991
0.9999985167112767
0.9999985373078965
0.999998514860965
0.999998524724974
0.9999985094285645
0.9999985057660931
0.9999985091933615
0.9999984958225436
0.9999985106933426
0.9999984863328603
0.9999985032666314
0.9999984763788209
0.999998492535793
0.9999984610930737
0.9999984851002477
0.9999984447762786
0.9999984832322375
0.9999984411599255
0.9999984791573358
0.9999984403296175
0.9999984665051368
0.9999984400051934
0.9999984576629698
0.9999984423763213
0.9999984520167294
0.9999984387509548
0.9999984434137962
0.9999984393838243
0.9999984303959786
0.9999984386968294
0.999998415549908
0.9999984370136646
0.9999984075590979
0.9999984303209379
0.9999983927307076
0.9999984234304933
0.9999983830116476
0.9999984113669117
0.9999983720117366
0.9999984003167517
0.9999983590422323
0.9999983971685916
0.9999983487966643
0.9999983954744527
0.9999983441140727
0.999998390204677
0.9999983498364845
0.999998379504132
0.9999983508224165
0.9999983689073456
0.999998349273368
0.9999983540359074
0.999998354486746
0.9999983404011628
0.9999983584197407
0.9999983292216257
0.999998363028386
0.9999983149085645
0.9999983614563688
0.9999983031923352
0.999998355911584
0.9999982993861661
0.9999983523262028
0.999998292389
0.9999983494893104
0.9999982833125377
0.9999983378525262
0.9999982801207766
0.9999983246128956
0.9999982741212009
0.9999983143405162
0.9999982718844587
0.9999982966652821
0.999998273000339
0.999998287617105
0.9999982737741405
0.99999827720231
0.9999982731347751
0.9999982682778868
0.9999982750223134
0.9999982506280322
0.9999982768908671
0.9999982386646166
0.9999982740971625
0.9999982284528186
0.9999982654955467
0.9999982207587985
0.9999982654440545
0.9999982067041522
0.9999982522766201
0.999998197857486
0.9999982466243664
0.9999981915236265
0.999998234745024
0.9999981883604736
0.9999982170052437
0.9999981841487313
0.9999982072504391
0.9999981825715132
0.9999981923020493
0.9999981814783088
0.9999981814597488
0.9999981775106145
0.9999981699984763
0.9999981714926751
0.9999981628756955
0.9999981728985656
0.9999981474877147
0.9999981669170175
0.9999981402977067
0.9999981678184934
0.9999981256878288
0.9999981606190808
0.9999981148544694
0.9999981571842192
0.9999981070639686
0.9999981521159683
0.9999981003647282
0.9999981450255508
0.9999981019440237
0.9999981340540343
0.9999981085891877
0.9999981201782285
0.9999981042192556
