0.011038605406406622
0.01369581050622601
0.01670173966003102
0.019890038067979718
0.023165063494351847
0.026494156517724084
0.029846092586159507
0.033198935358242046
0.036548570353714435
0.03989310488766177
0.04322384121387595
0.046539687763674564
0.0498348517707542
0.0531116222693423
0.05635948279090103
0.05958853174672535
0.06279435709919569
0.06597374639878059
0.06913077584427632
0.07225881713086199
0.0753674469609555
0.07844803347483739
0.08150464507973076
0.0845332580164176
0.08753263530448856
0.09050635921069994
0.09345993019182686
0.09638795970579042
0.09928802758789634
0.10215631803975656
0.10499959909320851
0.10782348233301228
0.11062564372619713
0.11340781298809915
0.11615442152281708
0.11887060105572693
0.12155780481467063
0.12422379905315832
0.12685731446894638
0.12946711459048135
0.13205779835350823
0.13462176869912426
0.1371480759076412
0.13964761864561537
0.14211419696539013
0.1445529195997712
0.14695836170133073
0.14934218553462145
0.15170247651160138
0.15404310895610349
0.15635935316259592
0.1586438511181515
0.16090485465284635
0.1631377500928776
0.165336948670121
0.16750616452344874
0.16964692660251735
0.17175894552909748
0.173841624774045
0.17590127631601216
0.17793779356893605
0.17995059920126874
0.18194035623574714
0.18390377243439068
0.1858360760946545
0.18773308038729983
0.18960197990711258
0.19144790747097382
0.19326523515236882
0.19504783697762765
0.1968112186992903
0.19853951698368322
0.2002336674058223
0.20191492778633524
0.2035730309654636
0.2052070934443948
0.20681820215047017
0.2084024829845209
0.2099554003753421
0.21147984666301947
0.2129781151171425
0.21445123676508115
0.21590034264361918
0.21731831560983772
0.21871091922011401
0.2200801912435428
0.2214253875177427
0.22274438277542835
0.22404206696358958
0.22532125174101317
0.22657523794943513
0.227809494141688
0.22901852398118208
0.23020272286425159
0.2313634302608654
0.23249897037171086
0.23361294504366167
0.23470295204669075
0.23576587544822228
0.23680564560381687
0.23782283665257314
0.23881483228614606
0.23977191846090948
0.24069573463886668
0.24160304170934183
0.24248880333749118
0.24335822904503748
0.24422488781549778
0.24507173144467237
0.24589441486779084
0.24669154994951542
0.2474659764228729
0.2482248926705051
0.2489612831395072
0.2496832568768235
0.2503845115137442
0.25107335233009237
0.2517454930268733
0.25239121681552623
0.253017020821168
0.25361895937132084
0.25419297817631326
0.2547365930076538
0.2552588428361965
0.25576400262113524
0.25625408274741684
0.2567257289616198
0.25718409513865703
0.2576259817904272
0.258039997924164
0.2584383063811585
0.2588165555339094
0.2591621149407271
0.2594863998590415
0.2598042146440299
0.2601120409810914
0.2604125967971459
0.2606986204575607
0.26095979495563043
0.26119908070288494
0.26142106783145913
0.261628090419602
0.26181764790423634
0.26199238131228897
0.2621553623280079
0.26229831663196235
0.2624217939868129
0.2625347823553014
0.2626401917450066
0.2627366915644699
0.2628173458416266
0.26288804030924845
0.26293859633337097
0.26296510484209307
0.26297685290199757
0.26296863529233333
0.2629479055509787
0.2629132090885991
0.26286595752825653
0.26280958448568786
0.2627416154410711
0.2626628156405296
0.26257494737991943
0.2624772982200994
0.2623635137344513
0.2622324594022358
0.2620885040189184
0.26193678367403045
0.2617803027135649
0.26161355978297357
0.26144229656552326
0.26125889227640975
0.26106017215780714
0.26085095242763423
0.2606320511404018
0.26039885125337475
0.2601641653586908
0.2599200302592287
0.25966012068751065
0.2593922202099048
0.2591149571212834
0.2588213584376858
0.2585094533082855
0.2581835839553864
0.25784566319721164
0.2574935702374472
0.2571347941741783
0.2567660264186918
0.25638366862983836
0.2559939599153979
0.25559763037610383
0.2551905820579424
0.25477463574075904
0.25434270528873154
0.25389993666704275
0.25344943300834893
0.25298654592789227
0.25251643004413815
0.25203734836223773
0.2515498770770673
0.2510582552487717
0.2505619543232439
0.25005040123529537
0.24952935043990818
0.24900608160007887
0.24847757771773865
0.2479433224613035
0.24740820692416388
0.2468669519066429
0.24631736175600252
0.2457661148026073
0.2452233383867667
0.2446741532648726
0.2441212326080827
0.2435632320054381
0.2429994490262444
0.24243473403863297
0.241865009219333
0.24129208045173095
0.24071285244796117
0.24012203084975992
0.23952239027765626
0.23891980278108302
0.23831920353710334
0.23771733098278086
0.23711116769677085
0.2365013618194645
0.23589371811019103
0.2352876847204403
0.23467676092840345
0.23406438025706355
0.23345875376623149
0.23285460953616743
0.23224926644724225
0.23164716004103056
0.23104697267704366
0.23044122969069736
0.22983889098430005
0.22923749965415308
0.22863362663608464
0.228026985639711
0.22741280584001639
0.226803287379571
0.22619420163053566
0.22558458321730704
0.2249706005926944
0.22435763387193436
0.22374203441038998
0.22311998467569688
0.22249451944484214
0.22187243084689906
0.2212492243590593
0.2206284246997621
0.22000383672833884
0.21937435837223607
0.21874115127291432
0.2181012369392441
0.21745802725481025
0.2168060049830674
0.21614864582045012
0.21549118093475125
0.21483023952687066
0.21416559870726495
0.21350296599315916
0.2128509365146203
0.21220126801663486
0.21155157791734186
0.21090489203040702
0.21026345753433306
0.2096272444721445
0.2089814869146071
0.2083433905053843
0.20770850880704628
0.20707015508612098
0.20643791754373275
0.20581227889755738
0.2051917702542165
0.2045670979230593
0.20394056791606044
0.2033109450128839
0.2026727442530046
0.20203099255554585
0.20139010927941267
0.20074949627888355
0.20010825212188424
0.19946542043348514
0.1988199932720357
0.19817021612231736
0.19751401847672764
0.1968607513078589
0.19621665160777396
0.19557402360467424
0.19492051720061407
0.19426157975238326
0.19360561614825594
0.192945639406336
0.1922848405110214
0.19162782876858894
0.19097060808402377
0.19031159356099045
0.18965181908093287
0.1889870462334415
0.18831537639351473
0.18764990985426447
0.18699247361101048
0.1863359423852363
0.18567594190259723
0.18501927065344284
0.18435829216867985
0.1837006187283235
0.1830530017174084
0.18240336704164561
0.1817546738582712
0.1811074582516193
0.18045751940486104
0.17981335445951038
0.17917574820248117
0.17853810350615482
0.17789628896214182
0.1772536784990588
0.17661887950638216
0.17598246498814193
0.17535313283938714
0.17473046158826136
0.1741142920656927
0.17350082795396038
0.17288810534115304
0.172274347576815
0.1716687335534346
0.17106745705632379
0.17046729650898637
0.16987759874666442
0.1692976515111426
0.16872332069407955
0.16814823268047294
0.16757624220618092
0.1670115305642534
0.16644292463933513
0.16587953839314443
0.16531728943487867
0.16476299523434795
0.16421292761192288
0.16366554786341617
0.16311417213593496
0.16256002617491397
0.1620106530972584
0.16146039815271548
0.16091224552227912
0.16036760433722855
0.1598223868031834
0.15926924603625656
0.15871035969486627
0.15815440350201476
0.15759365189424354
0.1570377781654307
0.15648573548424743
0.1559453305065421
0.15540977863231722
0.15487357746277047
0.15434066889560116
0.15381221207787438
0.15328319226245152
0.1527530085430276
0.1522223705175202
0.15169828226821847
0.15118163940750465
0.15067164222750276
0.15016357462695668
0.14965241650280023
0.149138341101288
0.14862688709388552
0.14811019777991044
0.14760170280704726
0.14710323736909398
0.14660902685241278
0.14612365013741702
0.14564011925721537
0.14515940764759572
0.14467825224432376
0.1441964726681174
0.1437214712351574
0.1432552516769544
0.14279429310665095
0.14234245865466325
0.14190008505076188
0.14145817934765947
0.1410233301296975
0.14059215646091028
0.14017105958527323
0.13974970806571468
0.1393266636772935
0.13889644979835308
0.13846344928190396
0.13802508886265238
0.1375844939665894
0.13714902443831556
0.1367167240670166
0.13628810172600414
0.135863255483847
0.13544097034480437
0.13502601992318664
0.1346158715991524
0.1342124723166113
0.13381158771612894
0.13341982668378438
0.1330315272924445
0.13264201441243778
0.13225986084668814
0.13187156719403045
0.1314873782545634
0.13110474009368225
0.13072414485602185
0.13034956695601208
0.1299712274982052
0.1295992733242226
0.12923027840708792
0.12887388552274842
0.1285274839899364
0.12817418628425462
0.12781953922094813
0.12746874313667553
0.12711131151631
0.12675065963210855
0.12639609903365448
0.1260491188782573
0.12569712068809522
0.1253413496654848
0.12499096736891904
0.12465200631914848
0.12431263727525098
0.123970356987566
0.12362299921720536
0.12327022212468093
0.12291038642220638
0.12254342402992097
0.12217599624158611
0.1218142302198017
0.1214574070118994
0.1211040276789859
0.12076005670289551
0.1204074374315178
0.12004897805568902
0.1196955471151127
0.11934296289730921
0.11898714035194012
0.11863004960249748
0.1182693711364691
0.11791082838489568
0.11755787766001445
0.1172036484840595
0.11685722290012647
0.1165076229803257
0.11616627993058475
0.11581774197408146
0.11546656057899292
0.11511995342238539
0.11477978461017148
0.11444819142047266
0.11410838187260502
0.1137712817007093
0.11344516860691169
0.11312465876508244
0.11280287652451526
0.11248044162599818
0.11216229735354617
0.1118552236212631
0.11154932540225489
0.11124040913553301
0.11092950503045534
0.1106227446750251
0.11031618766717671
0.11001010099178761
0.10971041438319731
0.1094156444377818
0.10912113742827927
0.10882819946352533
0.10852685472709409
0.1082161185289288
0.10790710155375076
0.10759829661628849
0.10729411015525897
0.10698869226436185
0.10668323387001542
0.1063806950669013
0.10607252620303709
0.1057635121627362
0.10545456791138863
0.10513982069242617
0.10481011759712863
0.10447971767096911
0.10414841968914515
0.10382199279652823
0.10350045965061985
0.10317693548749275
0.10284954843897931
0.10251945910323525
0.1021945514262088
0.10187218840910084
0.10153870771320943
0.10120020977038596
