0.9999998682294844
0.9999995629711788
0.999999351791835
0.9999997342448302
0.9999997776634583
0.9999993928900518
0.999999470610769
0.9999998230185677
0.9999996050690223
0.9999993299209059
0.9999996470847633
0.9999997758734093
0.9999994205286321
0.9999993968319991
0.9999997684381262
0.9999996275124621
0.999999316969678
0.9999995569200242
0.9999997699162928
0.999999446564011
0.9999993282369125
0.9999997031984232
0.9999996435912496
0.9999993137928399
0.9999994566795284
0.9999997410676323
0.9999994757126961
0.9999992911588453
0.9999996199384452
0.9999996541064681
0.9999993386104471
0.9999993867754648
0.9999996988009807
0.9999995046484901
0.9999992755005402
0.9999995454242155
0.9999996516981287
0.9999993555651997
0.9999993268005565
0.999999644661401
0.999999520085989
0.9999992595123061
0.9999994548530554
0.9999996338220263
0.9999993730921625
0.9999992617584171
0.9999995771439356
0.9999995321213844
0.999999252950638
0.9999993710834765
0.9999996036141113
0.9999993828609609
0.9999992271549615
0.9999995012615825
0.9999995276550887
0.9999992518754177
0.9999993070026639
0.9999995551172948
0.999999393729249
0.9999991984025134
0.9999994254325971
0.9999995100252755
0.9999992596532609
0.9999992445753552
0.9999995005872989
0.9999994069315676
0.999999174078855
0.9999993557596746
0.9999994918412064
0.9999992692158375
0.9999991866893841
0.9999994451408577
0.9999993984677593
0.9999991707306032
0.9999992821824
0.9999994583565287
0.9999992874987969
0.9999991538688829
0.9999993918055732
0.9999993953553811
0.9999991739377463
0.9999992188052761
0.9999994246743341
0.9999992907558614
0.9999991216797325
0.9999993152409699
0.9999993783088457
0.9999991750305963
0.9999991504578369
0.9999993692196965
0.9999992890451807
0.9999991009035059
0.9999992476556825
0.9999993572431999
0.9999991824250626
0.9999991051754382
0.9999993281187713
0.9999992830428867
0.999999088167524
0.9999991853314315
0.9999993329483308
0.9999991841514774
0.9999990552473391
0.9999992723062691
0.9999992769732013
0.999999084426295
0.9999991181594943
0.9999992976302055
0.9999991918288076
0.9999990358569371
0.9999992080069725
0.9999992552385752
0.9999991018786023
0.9999990660010628
0.9999992498661828
0.9999991878678545
0.9999990179264588
0.9999991345212675
0.9999992366963362
0.9999990989318764
0.9999990024962927
0.9999991964662376
0.9999991796397837
0.9999990010129454
0.9999990654802343
0.9999992120642707
0.999999081613947
0.9999989669439536
0.9999991457289691
0.9999991623096259
0.9999989862189868
0.999999000862285
0.9999991727127442
0.9999990760746242
0.9999989286137299
0.9999990747372391
0.9999991541723031
0.9999989833124299
0.9999989481702366
0.9999991317903612
0.9999990778072126
0.9999989126310231
0.9999990129965804
0.9999991324153263
0.9999989792266429
0.9999989054148465
0.9999990808988404
0.9999990651347869
0.9999988929573528
0.9999989517358562
0.9999990977414243
0.9999989732301778
0.9999988673445468
0.9999990210654544
0.999999054755694
0.9999988851747765
0.9999988960354559
0.9999990579506763
0.9999989693607247
0.9999988310408316
0.9999989579831143
0.999999033220067
0.9999988768708407
0.999998846349034
0.9999990095972386
0.9999989736713382
0.9999988151604701
0.9999989089157484
0.999999009889926
0.999998872617437
0.9999988048565888
0.9999989597732027
0.999998962307979
0.9999987914549981
0.9999988604682949
0.9999989755305189
0.9999988616747874
0.9999987656532829
0.9999989116304469
0.9999989452887307
0.9999987681143588
0.9999988058613482
0.9999989351367888
0.9999988597809073
0.9999987363035537
0.9999988477815667
0.9999989067132147
0.9999987685899456
0.9999987594994453
0.9999988757821602
0.9999988469967517
0.999998706793907
0.9999987907438033
0.9999988800878448
0.9999987490450517
0.9999987078076416
0.999998825250501
0.999998827399545
0.9999986843796914
0.999998747992764
0.999998833397156
0.9999987393075777
0.9999986864891777
0.9999987823840448
0.9999988160938184
0.999998674246441
0.9999987084188157
0.999998803673917
0.999998745053725
0.9999986415463267
0.9999987322453581
0.9999987967363657
0.9999986570254936
0.9999986606079729
0.9999987573054969
0.9999987327934392
0.9999986137570328
0.9999986828081435
0.9999987557805067
0.999998635726561
0.9999986275718041
0.9999987018376116
0.9999987048419812
0.9999985937208746
0.9999986398139845
0.9999987075392515
0.9999986326805729
0.9999985904733985
0.9999986546070662
0.9999986906602885
0.999998576022706
0.999998604781577
0.999998675410907
0.999998629619133
0.9999985657736777
0.999998620257927
0.9999986675645478
0.9999985598008724
0.999998572311956
0.9999986369664146
0.9999986087779751
0.9999985373580869
0.9999985770690288
0.9999986417108334
0.9999985516729143
0.9999985428828155
0.9999985974712943
0.9999986031424137
0.9999985036474938
0.999998544627438
0.9999986116930264
0.9999985272423987
0.999998489171036
0.9999985579213526
0.9999985876975782
0.9999984613364129
0.9999984928321044
0.9999985704307311
0.9999985145922454
0.9999984414897152
0.9999985116703698
0.9999985617389497
0.999998440153578
0.9999984481484846
0.9999985389062738
0.9999985042510501
0.9999984101160013
0.9999984667693552
0.9999985356265743
0.9999984442285604
0.9999984106162672
0.9999984952991428
0.9999984947008241
0.9999983886784349
0.9999984293100139
0.9999985071778988
0.9999984271202491
0.9999983832701785
0.9999984537668625
0.9999984723816768
0.9999983844377931
0.9999983857708938
0.999998453868475
0.9999984066442332
0.9999983500097096
0.9999984076652718
0.9999984332141626
0.9999983468487716
0.9999983412714858
0.9999984130026711
0.9999983761781303
0.9999983079934355
0.999998359708574
0.9999983976501822
0.9999983214916204
0.9999983059810624
0.9999983763601303
0.9999983594081049
0.9999982770709359
0.9999983211721493
0.9999983696768391
0.9999983085854214
0.9999982683288695
0.9999983404415106
0.9999983460300583
0.9999982610458231
0.9999982796047089
0.9999983372826063
0.999998286153825
0.9999982360135182
0.9999982923715177
0.9999983162100939
0.9999982214405808
0.9999982318362463
0.9999983029204774
0.9999982672927967
0.9999981879397002
0.9999982498305647
0.9999982881351023
0.9999982088912391
0.9999981882890169
0.9999982588313437
0.9999982424439683
0.9999981530550595
0.9999981925707393
0.9999982406876511
0.999998185151775
0.9999981316806389
0.9999982051506487
0.9999982080519061
0.9999981304261597
0.9999981536343563
0.9999981990407322
0.9999981513820936
0.9999980962392608
0.9999981627633395
0.9999981648537694
0.9999980823599264
0.9999980976122557
0.9999981638187939
0.9999981276611439
0.9999980575974079
0.9999981268571184
0.9999981553910231
0.9999980690737761
0.9999980586443369
0.9999981402299299
0.9999981078315181
0.9999980260451145
0.99999807951203
0.9999981183487046
0.9999980509866546
0.999998018217859
0.999998100935627
0.9999980735212842
0.9999979979855151
0.9999980377865303
0.9999980877424871
0.9999980221283218
0.9999979760789509
0.9999980603151485
0.9999980551719515
0.9999979716307418
0.9999979897109711
0.9999980579785888
0.9999980024878216
0.9999979357844766
0.9999980091244829
0.9999980237254427
0.9999979426130822
0.9999979454319281
0.9999980146882155
0.9999979769650027
0.9999979099649855
0.9999979722466885
0.9999979913638568
0.9999979319347059
0.999997912855919
0.999997974967018
0.9999979489721792
0.9999979002452526
0.9999979207631667
0.9999979539395152
0.9999979175893196
0.9999978907799885
0.9999979298790993
0.9999979302594759
0.9999978858550863
0.9999978860203036
0.999997915164502
0.9999978941454518
0.9999978621222078
0.9999978879386501
0.9999978890466952
0.9999978565379224
0.9999978608744295
0.9999978783961406
0.999997857488132
0.9999978343828341
0.9999978440178405
0.999997857326812
0.9999978346302665
0.9999978025509944
0.9999978383853904
0.9999978415763933
0.9999977910706023
0.9999978042014063
0.9999978343000314
0.9999977951856888
0.9999977724546338
0.9999978101908616
0.9999978029721204
0.9999977648249089
0.9999977738485062
0.9999978029977379
0.9999977730870655
0.9999977523926135
0.999997776683379
0.9999977877142594
0.9999977453169638
0.9999977400058394
0.9999977777438154
0.9999977588634752
0.9999977136561278
0.9999977346249885
0.9999977584083979
0.9999977121448107
0.9999977005499074
0.9999977364515732
0.9999977217721583
0.9999976904312313
0.9999976971484377
0.9999977247371233
0.9999976933758168
0.9999976671322515
0.9999976996506723
0.9999976910809134
0.9999976554275616
0.999997657890666
0.9999976842464119
0.9999976570702785
0.9999976384304257
0.9999976573809009
0.999997661280829
0.9999976419252312
0.9999976168691538
0.9999976430928132
0.9999976288805242
0.9999976108470741
0.9999976143428121
0.9999976284100224
0.9999976094554002
0.9999975772039629
0.9999976097449517
0.9999976040368368
0.9999975902818624
0.9999975690819034
0.9999975902356759
0.9999975951290299
0.9999975571486498
0.999997572521182
0.9999975842490616
0.9999975741817534
0.9999975432950357
0.9999975690768252
0.9999975705519498
0.9999975416908631
0.9999975426991037
0.9999975613652706
0.9999975648453039
0.999997511179546
0.9999975344653373
0.9999975313537466
0.9999975250815824
0.999997505324183
0.9999975149388468
0.9999975272925782
0.9999974906170541
0.9999975077860891
0.999997490613931
0.9999975037954775
0.9999974770751834
0.9999974870969528
0.9999975062540125
0.9999974725487375
0.999997466423205
0.9999974698906128
0.9999974975440681
0.9999974444648345
0.99999744718648
0.9999974714083794
0.9999974527606186
0.9999974226534861
0.9999974256097703
0.9999974610632447
0.9999974047183265
0.9999974082695934
0.999997424977289
0.9999974195828912
0.9999973913048362
