0.9999996961090452
0.9999994153176998
0.9999988495897262
0.999998454324865
0.9999986495690735
0.9999992360229911
0.9999996084474079
0.9999994601234162
0.9999989501020463
0.9999984836690187
0.9999985126328484
0.9999990255011633
0.9999994855358157
0.9999994764068069
0.9999990380473255
0.9999985304582917
0.9999984230100912
0.9999988307671317
0.9999993327594014
0.9999994522619999
0.9999991015394055
0.9999985774458809
0.9999983599055601
0.9999986702879406
0.9999991759086335
0.9999993948334691
0.9999991429567024
0.9999986403508114
0.9999983268820744
0.9999985177777303
0.9999990010227809
0.9999992999556817
0.9999991789303521
0.9999987215372538
0.9999983150015245
0.999998384135895
0.9999988261826656
0.9999991863462664
0.9999991806080677
0.9999988031623147
0.9999983371784517
0.9999982512392133
0.9999986381391058
0.9999990550289266
0.9999991543959819
0.999998871855454
0.9999983840323429
0.9999981765132161
0.9999984737665425
0.9999988854272167
0.9999990806236652
0.9999989199154357
0.9999984683132077
0.9999981536271572
0.9999983231844537
0.9999987271206003
0.9999989916097766
0.999998928992046
0.9999985354630344
0.9999981553273294
0.9999981959206542
0.9999985613693663
0.9999988730563752
0.999998909314865
0.9999985986574635
0.9999981748078214
0.9999980954363847
0.9999984037399949
0.9999987399388695
0.9999988394178985
0.9999986170918667
0.9999982066632366
0.9999980227756834
0.9999982615155454
0.9999986037071152
0.9999987741801846
0.9999986413693216
0.9999982459535999
0.9999979812967851
0.9999981105311663
0.9999984606479294
0.9999986868489856
0.9999986368321081
0.9999982931363535
0.9999979619729735
0.9999979799833316
0.9999983045815037
0.9999985865180498
0.9999986005296482
0.9999983224904546
0.9999979672190902
0.9999978882030504
0.9999981516550092
0.999998453609739
0.9999985460426707
0.9999983581958114
0.9999979952978029
0.9999978068476044
0.9999980099128701
0.9999983321393824
0.9999984692690418
0.999998363852015
0.9999980425095916
0.999997773073442
0.9999978628792874
0.9999981895773078
0.9999983707279686
0.9999983369620616
0.9999980827313854
0.9999977665054695
0.9999977634403614
0.9999980388855992
0.999998267974682
0.9999982995490813
0.9999980902197928
0.9999977661243578
0.9999976766367845
0.9999978996517198
0.9999981617590545
0.9999982310915765
0.9999980869533067
0.9999977968697784
0.9999976310042087
0.9999977718566855
0.9999980166267307
0.9999981525397247
0.9999980695313484
0.9999978147354605
0.999997623111849
0.9999976810148816
0.9999978974055694
0.9999980483832716
0.9999980310292395
0.9999978216346433
0.999997591459869
0.9999975845059645
0.9999977546917918
0.9999979380484855
0.9999979884013992
0.9999978226000906
0.9999975797458603
0.9999975181006945
0.9999976607164079
0.9999978379168236
0.999997922101135
0.9999977921648383
0.9999975312502827
0.9999974346485736
0.9999975617145814
0.9999977347394671
0.9999978428134665
0.9999977663588865
0.9999975261306226
0.9999973660406684
0.9999974710102005
0.9999976443550554
0.9999977448139401
0.999997727952175
0.9999975432263102
0.9999973748100467
0.9999973856561064
0.9999975384585429
0.9999976540702179
0.9999976708566488
0.999997535720402
0.9999973461591372
0.9999972915486303
0.999997409697742
0.999997550189221
0.999997591891241
0.9999975033360949
0.9999973404141688
0.9999972468722075
0.999997305198478
0.99999745082792
0.9999975271639573
0.9999974622251954
0.9999973013038814
0.9999971876991715
0.9999972167445174
0.9999973510380009
0.9999974421566643
0.9999974223932526
0.9999972914514376
0.9999971375821342
0.9999971018962495
0.9999972207471531
0.9999973424749258
0.9999973405445769
0.9999972279460272
0.9999970726094027
0.9999969845233853
0.9999970963838105
0.9999972275478924
0.9999972462257625
0.9999971698601292
0.9999970324327908
0.9999969325162592
0.9999970019447658
0.9999971376198522
0.9999971751809842
0.9999971166005415
0.999997009054395
0.9999968779635547
0.9999968956788859
0.9999970311056854
0.99999709067964
0.9999970431066519
0.9999969569852102
0.9999968237289508
0.9999968119883883
0.9999969244514468
0.9999970059249524
0.9999969885792165
0.999996919643012
0.9999967962531503
0.9999967633878621
0.9999968201331523
0.9999969075460577
0.9999969295043452
0.9999968736863439
0.999996750129186
0.999996661942184
0.9999967140272392
0.9999968210578887
0.9999968489259541
0.9999968254684659
0.9999967308488942
0.9999966287229948
0.9999966539376183
0.9999967448161299
0.9999967892010703
0.9999967419745228
0.9999966505887387
0.9999965676892753
0.9999965768188055
0.9999966662949883
0.999996714847929
0.9999966694141886
0.999996576107951
0.9999964998441977
0.9999964860702947
0.9999965613946823
0.9999966326751722
0.9999966009495966
0.9999965372458928
0.9999964697481626
0.9999964149246553
0.9999964498909504
0.9999965315033321
0.9999965673524994
0.9999965209176428
0.9999964298143921
0.9999963416925277
0.9999963503192829
0.9999964665605569
0.9999965125459024
0.9999964492094071
0.9999963569033112
0.9999962674074789
0.9999962478091542
0.9999963535863999
0.9999964378733086
0.9999964090961753
0.9999963250124387
0.9999962390848464
0.9999961729777752
0.9999962423407174
0.9999963684755054
0.9999963692738529
0.9999962843154081
0.9999961986502487
0.9999961082225305
0.999996143342901
0.9999962632859969
0.9999963133314748
0.9999962745709089
0.9999961734853017
0.9999960593925912
0.9999960653492875
0.9999961769454876
0.9999962546337008
0.999996233817433
0.9999961471908193
0.9999960311444014
0.9999959824311438
0.9999960639263417
0.9999961465637802
0.9999961614461771
0.9999960860135358
0.9999959384377246
0.9999958819285306
0.9999959632314941
0.9999960713642495
0.9999960922900168
0.999996024340397
0.9999959112102345
0.9999958438788911
0.9999958760526101
0.9999959752849338
0.9999960176472619
0.9999959879864971
0.9999958928082574
0.9999957857293922
0.9999957996311217
0.999995902749064
0.9999959604884283
0.9999959482426591
0.9999958593789003
0.9999957333022772
0.9999957053236719
0.9999958135760342
0.9999958738812481
0.9999958648958311
0.999995800365494
0.9999957049414988
0.9999956559073756
0.9999957278467129
0.9999957879904589
0.999995798142286
0.999995759816265
0.9999956760572191
0.9999955974533393
0.9999956300864428
0.9999957018032906
0.9999957396823023
0.9999957075913041
0.9999956213623707
0.9999955527032768
0.9999955557149122
0.9999956305241077
0.9999956717279234
0.9999956452236547
0.9999955734184093
0.9999955227939044
0.9999954896424701
0.9999955605477322
0.9999955931047185
0.999995561066419
0.9999955251358182
0.9999954617393283
0.9999954206314111
0.9999954746144557
0.9999955377396893
0.9999955279320764
0.9999954772248223
0.9999953961952188
0.999995327291553
0.9999953768990762
0.9999954720118756
0.9999954745815509
0.999995422323797
0.9999953708737466
0.9999953033253862
0.9999953076548624
0.9999954016671951
0.999995425453573
0.9999953504226392
0.9999952947156352
0.9999952374305092
0.9999952198834872
0.9999953298793869
0.9999953632361007
0.9999952909898419
0.9999952437050649
0.9999952107198453
0.9999951715237818
0.9999951973263271
0.9999952589522599
0.999995208475641
0.9999951528393266
0.9999951384559413
0.9999950925825867
0.9999950961120898
0.9999951596196724
0.9999951475325068
0.9999950795207926
0.9999950761689212
0.9999950500307507
0.99999502428988
0.9999950582853225
0.9999950566219272
0.999995024430082
0.999995002308035
0.9999949611166559
0.9999948981340362
0.999994935376376
0.9999949905941248
0.9999949776155114
0.9999949329901607
0.9999948749208771
0.9999948202237333
0.9999948425304594
0.9999949086106895
0.9999949200827013
0.999994890345322
0.9999948542150939
0.9999947773985619
0.999994752943866
0.9999948297563059
0.9999948901505329
0.9999948665877282
0.9999948218727286
0.9999947367951011
0.9999947097354784
0.9999947598525033
0.9999948057715664
0.9999947854586878
0.9999947735618465
0.9999947297818487
0.9999946668361606
0.9999946897140795
0.9999947152619191
0.9999947339763685
0.9999947203089886
0.9999946710358953
0.9999946181442017
0.9999946057477966
0.9999946393087987
0.9999946574553212
0.9999946674088965
0.9999946387132245
0.9999945518444102
0.999994534439783
0.9999945630137734
0.9999945793816899
0.9999945709199151
0.9999945520231674
0.9999945054104178
0.9999944825728352
0.9999944959851366
0.9999945078341376
0.9999945260127844
0.9999945140446668
0.9999944552897394
0.999994400135523
0.9999944153605441
0.999994435121384
0.9999944305781001
0.9999944563984652
0.9999944014033008
0.9999943297437003
0.999994329992995
0.9999943459353493
0.9999943463974016
0.9999943568054491
0.9999943517859009
0.9999943001943717
0.9999942787998926
0.999994276539803
0.9999942896492315
0.9999942964300715
0.9999943201750708
0.9999942547306206
0.9999942002166572
0.9999942013781433
0.9999942021537366
0.999994210659325
0.9999942141997855
0.9999941719827629
0.9999941154054964
0.9999941247624372
0.9999941207695221
0.9999941284682111
0.9999941471967789
0.9999941318768301
0.9999940782580754
0.9999940632214478
0.9999940593620765
0.9999940636719935
0.9999941096717466
0.9999940901637256
0.9999940494598464
0.9999940320112626
0.999994020148571
0.9999939897927386
0.9999940358929755
0.999994033227315
0.9999939666822135
0.9999939424191449
0.999993947262145
0.9999939331057851
0.9999939593307248
0.9999939880706503
0.9999939377278583
0.9999938984921785
0.9999938997240524
0.9999938860674796
0.9999939155509476
0.9999939557782078
0.9999938979507639
0.9999938382704201
0.999993834672878
0.9999938102333228
0.9999938192717746
0.9999938725341943
0.9999938404859208
0.99999375996948
0.9999937425350535
0.9999937164335744
