0.9999999098796888
0.999999560619067
0.99999985414828
0.9999996477448232
0.9999997320557626
0.999999774067922
0.9999996098864723
0.9999998651905072
0.9999995434629282
0.9999998709094101
0.9999995732137515
0.9999997925051421
0.9999996758459331
0.9999996664687808
0.999999788339589
0.9999995604874427
0.9999998488582649
0.9999995328505276
0.9999998259293698
0.9999995864402436
0.9999997316076388
0.9999996907434684
0.9999996144575091
0.9999997888436863
0.9999995338360613
0.9999998250597351
0.9999995259920929
0.9999997799393081
0.9999995964764745
0.999999676549814
0.9999997056932245
0.9999995662747018
0.9999997843218554
0.9999995092601336
0.9999997928431696
0.9999995299146832
0.9999997237181105
0.9999996173381243
0.9999996180476197
0.9999997140890057
0.9999995236321341
0.9999997674057683
0.9999994920599475
0.9999997485940286
0.9999995376685773
0.9999996686488819
0.9999996297986068
0.9999995640499852
0.9999997127209735
0.9999994904784593
0.9999997423393387
0.9999994875375389
0.9999996991922228
0.9999995483362736
0.9999996070555672
0.9999996358377965
0.9999995121802929
0.999999699400135
0.9999994629680554
0.9999997054638373
0.9999994820145978
0.9999996478751305
0.9999995506429564
0.9999995530231213
0.9999996331278714
0.9999994680523517
0.9999996793542781
0.9999994418734758
0.9999996621015572
0.9999994805415101
0.9999995900670495
0.9999995580917836
0.9999994946882661
0.9999996296580603
0.9999994289458612
0.9999996511635554
0.9999994227549133
0.9999996141723747
0.9999994827356083
0.9999995339777161
0.9999995612568248
0.9999994469253708
0.9999996149421566
0.9999994009148746
0.9999996147691523
0.9999994202600759
0.9999995576928458
0.9999994883590484
0.9999994796811342
0.9999995578665504
0.9999994075931
0.9999995920065553
0.999999387019746
0.9999995695658883
0.9999994214926902
0.9999995097064982
0.9999994901009747
0.9999994335302553
0.9999995464427126
0.9999993816134769
0.9999995607194981
0.9999993754451987
0.9999995244231251
0.9999994231026341
0.999999463414863
0.9999994854986158
0.9999993990511904
0.9999995288769858
0.9999993621034134
0.9999995245840904
0.9999993717372484
0.9999994822684473
0.9999994265383025
0.9999994263576727
0.9999994769057806
0.9999993675098127
0.9999994970838386
0.9999993433088337
0.9999994855211928
0.9999993661816164
0.9999994414417296
0.9999994181588571
0.9999993794746388
0.999999457939085
0.9999993326894808
0.999999469516809
0.999999325170686
0.9999994474940207
0.9999993604399853
0.9999993977089487
0.9999994091792505
0.999999337198459
0.9999994359399165
0.9999993028368347
0.9999994374907848
0.9999993122418326
0.9999994063112138
0.9999993476127689
0.9999993543562432
0.9999993913639258
0.9999992981932755
0.9999994136140522
0.9999992782942032
0.9999994080996161
0.9999992952790783
0.9999993697725494
0.9999993340696586
0.9999993099807599
0.999999367605368
0.9999992627671866
0.999999381404931
0.9999992497218742
0.9999993641685069
0.9999992761608983
0.9999993199494234
0.9999993187622996
0.9999992652535292
0.9999993421071347
0.9999992246185399
0.9999993472353943
0.9999992264666291
0.9999993296374947
0.9999992591112293
0.9999992841220305
0.9999992988100924
0.9999992281085607
0.9999993213241103
0.9999991919572001
0.9999993188657788
0.9999992038455522
0.9999992860484165
0.9999992381258378
0.9999992344387012
0.9999992756728435
0.9999991832781147
0.9999992911155539
0.999999172343659
0.9999992794756645
0.9999991952511905
0.9999992384607646
0.9999992259401502
0.9999991881789646
0.9999992517621441
0.9999991519332189
0.9999992618064353
0.9999991490169117
0.9999992423411078
0.999999172548045
0.9999991946110632
0.9999992064184096
0.9999991474931921
0.999999231082395
0.9999991230098156
0.99999922826516
0.9999991334154275
0.9999991971544582
0.9999991617666889
0.9999991517689342
0.9999991925246516
0.9999991124935932
0.9999992075718254
0.999999097613863
0.9999991957465926
0.9999991153734733
0.9999991610243503
0.9999991504967306
0.9999991109241758
0.9999991769091219
0.9999990798227082
0.999999183557072
0.999999083358812
0.9999991589645639
0.9999991051029681
0.999999114985103
0.9999991360584808
0.9999990718152457
0.9999991536610419
0.9999990501933245
0.9999991549599835
0.9999990571196832
0.9999991259795626
0.999999082261882
0.99999907088066
0.999999112275249
0.9999990349092442
0.99999913162338
0.9999990314141918
0.999999117939703
0.9999990522803957
0.9999990739809266
0.9999990822063063
0.99999902719911
0.9999991041862822
0.9999990035703946
0.999999100921999
0.9999990065417264
0.9999990721750509
0.9999990314752059
0.999999019344994
0.9999990558284766
0.9999989829956282
0.9999990743570618
0.9999989726348877
0.9999990606377989
0.9999989889671808
0.999999018805861
0.9999990130095778
0.999998971627057
0.9999990353723968
0.999998941204099
0.9999990414115665
0.9999989441568261
0.999999017852972
0.9999989651984181
0.9999989666613408
0.9999989909510425
0.9999989220877482
0.999999008892067
0.9999989084216254
0.999999006444373
0.9999989221331442
0.9999989698549706
0.9999989521313162
0.9999989161713011
0.9999989791956183
0.999998882419621
0.9999989893272814
0.9999988848457987
0.9999989710127201
0.9999989025187467
0.9999989198262943
0.9999989302776883
0.9999988788603341
0.999998952988526
0.9999988603149345
0.9999989572191893
0.9999988656748225
0.9999989329135305
0.9999988854968038
0.9999988905888656
0.9999989073620131
0.9999988530219391
0.9999989251676304
0.9999988416771035
0.9999989258414073
0.9999988493813594
0.9999988948661203
0.9999988661537316
0.9999988537648639
0.9999988863765873
0.9999988195531981
0.9999988972149161
0.9999988180451783
0.9999988870352489
0.9999988284200481
0.9999988453852005
0.9999988463124857
0.999998807952276
0.9999988686229296
0.9999987920433813
0.9999988738320887
0.9999988000935802
0.9999988451496157
0.9999988104762879
0.999998799239611
0.9999988286494593
0.9999987660335917
0.9999988502099928
0.9999987642367134
0.999998842456009
0.9999987692332298
0.999998800588245
0.9999987899355804
0.9999987625724974
0.999998811076834
0.9999987350125523
0.9999988143800702
0.9999987382930582
0.9999987955803065
0.9999987588838903
0.9999987614880647
0.999998779642062
0.9999987337821761
0.9999987886648135
0.9999987204118217
0.999998784193798
0.9999987303195106
0.9999987595494771
0.9999987415824794
0.9999987270234428
0.9999987490947103
0.9999987077497731
0.9999987560459773
0.9999987027727265
0.9999987457483429
0.9999987078963286
0.9999987195957659
0.9999987187101068
0.999998690196429
0.9999987273876492
0.9999986752322421
0.999998733550894
0.9999986773460043
0.999998719203923
0.9999986929096865
0.9999986955351888
0.9999987047029073
0.9999986706772357
0.9999987034602954
0.9999986602705464
0.9999986926977434
0.9999986695107236
0.9999986775043873
0.9999986802504609
0.9999986526077084
0.9999986812679504
0.9999986337602942
0.9999986762089245
0.9999986321781394
0.9999986632821464
0.9999986439250473
0.9999986378952033
0.9999986598333013
0.9999986065748455
0.9999986620659569
0.9999985975065918
0.9999986492726742
0.999998609452166
0.999998627789979
0.9999986275867775
0.9999986091490571
0.9999986303316317
0.9999985862017732
0.9999986257949346
0.999998581783736
0.9999986159060188
0.9999985972121395
0.9999985963158962
0.9999986134964527
0.9999985679600316
0.9999986097349329
0.9999985534690164
0.9999985993049787
0.9999985620467413
0.9999985806751164
0.9999985770302886
0.9999985631854038
0.9999985927408102
0.9999985398484278
0.999998596983042
0.999998526165118
0.9999985791019197
0.9999985403139576
0.999998555061768
0.9999985695506622
0.9999985303971809
0.9999985825228025
0.9999985153576166
0.999998577069316
0.999998509481753
0.9999985529408452
0.9999985343281718
0.9999985254872851
0.9999985575239883
0.9999984963428001
0.9999985587654576
0.9999984782193538
0.9999985432980414
0.999998487394748
0.9999985257663896
0.9999985163738436
0.9999985015738184
0.999998533957317
0.9999984636192345
0.9999985298787315
0.9999984493636287
0.9999985093090071
0.9999984704293462
0.9999984852351118
0.9999984946346517
0.9999984582777428
0.9999985080364721
0.9999984336369037
0.9999984972356583
0.9999984270192491
0.9999984831146421
0.9999984467559673
0.999998455245516
0.9999984766743691
0.999998422751452
0.9999984876942445
0.9999983975837741
0.9999984758708829
0.9999984118903137
0.9999984531821393
0.9999984423009911
0.9999984263935329
0.9999984613344286
0.9999983922699061
0.9999984533413702
0.9999983888760184
0.9999984346151868
0.9999983962748736
0.9999984079949974
0.9999984148567226
0.9999983785827707
0.9999984239829001
0.9999983522784877
0.9999984195326287
0.9999983563511615
0.9999983961498613
0.9999983758103529
0.9999983743605914
0.9999983998285215
0.9999983450663429
0.9999983986351434
0.9999983296940537
0.9999983865017041
0.999998338765265
0.999998365249899
0.99999835880156
0.9999983340858574
0.9999983744228647
0.9999983079107284
0.9999983712956618
0.9999983032661224
0.9999983454664819
0.9999983231088098
0.9999983115058851
0.9999983430871223
0.9999982856569967
0.9999983452696921
0.9999982705137818
0.9999983274845283
0.9999982743627299
0.9999982969992445
0.9999982915579608
0.9999982684224596
0.9999983097329396
0.9999982470986646
0.9999983115878702
0.9999982401952365
0.9999982914120455
0.9999982471598889
0.9999982680657262
0.9999982592941621
0.9999982415249892
0.9999982771393826
0.9999982161014606
0.9999982783507526
0.9999982084173693
0.9999982632780319
0.999998225035076
0.9999982324265843
0.9999982456723622
0.9999982043608734
0.999998263542225
0.9999981904430526
0.9999982487490127
0.9999981950657592
