0.9999998384952071
0.9999996870392707
0.9999993697172794
0.9999991831515287
0.9999992997558161
0.9999995935713138
0.9999997916635902
0.9999997163187886
0.9999994336801656
0.9999992003129713
0.999999228812464
0.9999994881891776
0.9999997270420244
0.9999997244465921
0.9999994770474588
0.9999992101825975
0.9999991664277901
0.9999993840338407
0.9999996478180333
0.9999997107266347
0.999999516859229
0.9999992423970797
0.9999991270802162
0.9999992774199774
0.9999995512322134
0.9999996812548336
0.9999995505855485
0.9999992779550902
0.999999116878187
0.9999992018310306
0.9999994529581228
0.999999635977345
0.9999995645282191
0.9999993118252456
0.9999991210094495
0.9999991400352575
0.999999351031275
0.9999995694567035
0.9999995696504385
0.9999993418535787
0.9999991174855911
0.9999990836973235
0.9999992617800462
0.999999491645107
0.9999995515691503
0.9999993695634102
0.9999991323033399
0.9999990547340682
0.9999991730433899
0.99999939654788
0.9999995173323937
0.9999994012113922
0.9999991668481628
0.9999990325800502
0.9999991041743
0.9999993037170565
0.9999994650325121
0.999999411751874
0.999999199320099
0.9999990302718252
0.9999990476536523
0.9999992136193161
0.9999993964993974
0.9999994088960246
0.9999992303583423
0.9999990313295044
0.9999989944949988
0.9999991300363714
0.9999993229846346
0.9999993893161421
0.9999992517484941
0.9999990480056861
0.9999989629147729
0.9999990536379132
0.9999992435130723
0.9999993460353808
0.9999992610826038
0.9999990690000524
0.9999989477253349
0.999998990552487
0.9999991692347562
0.9999993011591032
0.9999992588746268
0.9999990846300001
0.9999989382664485
0.9999989425752702
0.9999990908384027
0.9999992454304882
0.9999992557424493
0.9999991059163762
0.999998937882783
0.9999989001732039
0.9999990197399491
0.9999991782966754
0.9999992287513972
0.9999991166508989
0.9999989414410319
0.9999988631900549
0.9999989518988415
0.9999991139163639
0.9999991893661433
0.9999991118632746
0.9999989428228732
0.9999988433045301
0.9999988859151103
0.9999990341229269
0.999999141373043
0.999999103652538
0.9999989538716546
0.999998832259153
0.999998836831952
0.9999989689967024
0.9999990934303291
0.999999097511365
0.9999989628180993
0.99999882147261
0.9999987943069868
0.9999988909912877
0.9999990367758984
0.9999990788359213
0.999998970922178
0.999998824864907
0.9999987591729533
0.999998822361934
0.9999989656347306
0.9999990385577081
0.9999989653965529
0.9999988266284805
0.9999987399262587
0.9999987677624137
0.9999988898462282
0.9999989899941492
0.9999989653167806
0.9999988380116398
0.9999987225101485
0.9999987230819475
0.9999988158069947
0.99999891971515
0.9999989309406974
0.9999988237072269
0.9999987076300709
0.9999986810290236
0.9999987562410527
0.9999988633999947
0.9999989029664603
0.9999988243455731
0.9999986982510826
0.9999986466011992
0.9999986979223444
0.999998796820413
0.9999988602852666
0.9999988140056509
0.9999986869766772
0.9999986086275342
0.9999986467868346
0.9999987439424084
0.9999988186670148
0.9999987961686245
0.9999986853920418
0.9999986009727303
0.9999986088098411
0.9999986896603705
0.9999987665014849
0.9999987720919093
0.999998682273144
0.9999985814005369
0.9999985736472453
0.9999986464497831
0.9999987193143812
0.9999987351304196
0.9999986689125391
0.9999985674554647
0.9999985313455277
0.9999985917229194
0.999998668823624
0.9999987031904415
0.9999986543912112
0.999998554965515
0.9999984869850486
0.9999985239035161
0.999998606757125
0.999998665633503
0.9999986434686242
0.9999985421003073
0.9999984553388432
0.9999984700575862
0.9999985598046778
0.9999986116258793
0.9999986051351546
0.9999985322653058
0.9999984289878489
0.9999984173502536
0.9999984930910195
0.999998560596484
0.999998575417162
0.999998517554308
0.9999984120180749
0.9999983753006441
0.9999984375600851
0.9999985180103664
0.9999985446700502
0.9999985082659958
0.9999984105195922
0.9999983506518887
0.999998403075677
0.9999984690359862
0.9999984954192785
0.9999984785596141
0.9999984126248045
0.9999983513252373
0.9999983638511706
0.9999984209871838
0.9999984600723201
0.9999984569269872
0.9999984039052144
0.9999983362184809
0.999998330149158
0.9999983806161221
0.999998430239799
0.9999984360312947
0.9999983881068356
0.9999983128247253
0.9999982920051403
0.9999983321456563
0.999998378277057
0.9999983991398784
0.9999983611398698
0.9999982788596395
0.9999982441063604
0.9999982764642651
0.9999983245595624
0.999998355167538
0.9999983330604706
0.9999982560551504
0.9999982023310334
0.9999982273608652
0.9999982785121307
0.9999983105783349
0.9999983035120037
0.9999982373349751
0.9999981604167738
0.9999981659259377
0.999998219228558
0.9999982618380063
0.9999982712732887
0.99999821982909
0.9999981374752384
0.9999981153989758
0.999998157350156
0.9999981966743041
0.9999982238970256
0.9999982096208382
0.9999981252963273
0.9999980683115235
0.9999980952435312
0.9999981413614139
0.9999981749322602
0.9999981819015781
0.9999981158687096
0.9999980424061131
0.9999980576106764
0.9999980836641094
0.9999981152369444
0.9999981329481439
0.9999980952847718
0.9999980244531627
0.9999980235905803
0.9999980606138168
0.9999980734608688
0.999998088342777
0.999998076238906
0.9999980057341692
0.9999979857305603
0.9999980252816276
0.9999980446828406
0.999998044056196
0.9999980475323431
0.9999979889492768
0.9999979529433317
0.9999979787657975
0.9999980061098246
0.9999980101918649
0.9999980231133804
0.9999979903908179
0.9999979311049877
0.9999979329653763
0.9999979605137023
0.999997963373476
0.9999979869212805
0.9999979814475454
0.9999979188392856
0.9999978908121647
0.999997908780804
0.9999979236926163
0.9999979473492283
0.9999979499252554
0.9999978987944648
0.9999978637569846
0.9999978761654513
0.9999978939639147
0.9999978966122057
0.9999979054569214
0.9999978636604658
0.9999978181124228
0.9999978303098428
0.9999978507008193
0.9999978571462406
0.9999978640665954
0.9999978331851386
0.9999977861884932
0.9999977941150611
0.9999978176493843
0.9999978217153328
0.9999978289153741
0.9999978094655856
0.9999977701964939
0.9999977664642983
0.9999977896179443
0.9999977859232904
0.9999977856378731
0.9999977751634832
0.9999977431763291
0.9999977303726971
0.9999977415528263
0.9999977389198393
0.9999977440135867
0.9999977410264874
0.9999977136099442
0.9999976921182978
0.9999976890614866
0.9999976854965467
0.9999976871368591
0.9999976980830902
0.9999976867593987
0.9999976569558768
0.9999976428289505
0.9999976389935668
0.9999976471223586
0.9999976596899893
0.99999765340129
0.9999976409580213
0.9999976098041394
0.9999975975125783
0.9999976116477332
0.9999976236089807
0.9999976275484587
0.9999976239864375
0.9999975968309266
0.9999975756526286
0.9999975813701429
0.9999975940623183
0.9999975919228778
0.9999975877850105
0.9999975626066523
0.9999975368234463
0.9999975391594418
0.9999975516129228
0.9999975537252845
0.9999975396682168
0.9999975164928911
0.9999975009625506
0.9999975038928982
0.9999975174346453
0.9999975095548153
0.9999974976134814
0.9999974868992817
0.9999974670376403
0.9999974622824539
0.9999974752985811
0.9999974718583501
0.9999974545412653
0.9999974547413192
0.9999974455971162
0.9999974357926731
0.9999974340630009
0.9999974313208783
0.9999974277382003
0.9999974310020446
0.9999974055606284
0.9999973836188082
0.9999973904500621
0.9999974084726599
0.9999974019685838
0.9999973972443127
0.9999973817184076
0.9999973544588959
0.9999973600942004
0.9999973703904227
0.9999973585094761
0.9999973619431347
0.9999973500685554
0.9999973311804142
0.999997330587206
0.9999973427860507
0.9999973370840631
0.999997325831454
0.9999973173534162
0.9999972961432337
0.9999972865265057
0.9999972908885567
0.9999973006506502
0.9999972999214689
0.9999973014872844
0.9999972772440108
0.9999972551508595
0.9999972479969832
0.9999972621981023
0.9999972706235067
0.9999972588342414
0.9999972436599095
0.9999972127538107
0.9999972170920035
0.9999972359444789
0.9999972378320396
0.9999972266312115
0.9999972123034547
0.9999971869891648
0.9999971895926351
0.999997217911555
0.9999972216984931
0.9999971932243538
0.9999971712629011
0.9999971515040004
0.9999971512607725
0.9999971630665797
0.999997178073284
0.9999971674686234
0.9999971513491747
0.9999971378976207
0.9999971137410079
0.9999971230674439
0.9999971463581594
0.9999971405106516
0.999997132639759
0.999997114146643
0.9999970955675169
0.9999970856936136
0.9999970928540958
0.9999970885292636
0.9999970888661109
0.9999970841130024
0.9999970633510721
0.9999970515765437
0.9999970544554713
0.9999970604966788
0.9999970686406253
0.9999970520831012
0.9999970246175125
0.9999970093338735
0.9999970214579892
0.9999970379908245
0.9999970374633279
0.999997010270176
0.9999969849255288
0.9999969767809526
0.9999969801017182
0.9999969986146233
0.9999969955241709
0.9999969758082794
0.9999969536350288
0.9999969403587953
0.9999969483655723
0.9999969580862312
0.999996958702286
0.9999969444469456
0.9999969158848352
0.9999969045343501
0.999996914233957
0.9999969211381209
0.9999969295004468
0.9999969200868032
0.9999968810928455
0.9999968581332723
0.9999968663100268
0.9999968890908095
0.9999969053313749
0.999996905066244
0.9999968685789219
0.9999968444292522
0.9999968498254104
0.99999685253365
0.9999968686231859
0.9999968809143589
0.9999968337844569
0.999996798721173
0.9999967981598318
0.9999968231980207
0.9999968351252624
0.9999968409063649
0.9999968120913435
0.9999967707237329
0.9999967637264686
0.999996781194802
0.9999967960939441
0.9999968051713952
0.9999967840716848
0.9999967490146967
0.9999967311530562
0.9999967498804814
0.9999967617907591
