0.9999996635091671
0.9999991937642482
0.9999984073498189
0.9999984426327723
0.9999991887874048
0.9999995887964291
0.9999991341939034
0.9999983831392909
0.9999984249218341
0.999999142532274
0.9999995225315884
0.9999990861174275
0.9999983643403276
0.9999983780074435
0.9999990883508013
0.9999994584081857
0.9999990421652806
0.9999983293699022
0.9999983510311597
0.999999043282831
0.9999993986708358
0.9999989641560313
0.9999982622743872
0.999998305428736
0.9999989886790182
0.9999993353408746
0.9999989118987644
0.9999982276488176
0.9999982656173395
0.999998928778339
0.999999269641976
0.999998860231833
0.99999820542862
0.9999982286880659
0.9999988749594213
0.9999992068578912
0.9999988140170093
0.9999981825147988
0.9999981932788767
0.9999988144433362
0.9999991389466554
0.9999987511000822
0.9999981431244835
0.9999981487593729
0.9999987489563025
0.9999990673959825
0.9999987199032708
0.9999981188070564
0.9999981238179548
0.999998685855825
0.9999990126210574
0.9999986763094827
0.9999980817643794
0.9999980841255246
0.9999986223655672
0.999998940212217
0.9999986086045459
0.9999980140076279
0.9999980004866085
0.9999985664980675
0.9999988774724972
0.9999985485603984
0.9999979724124128
0.9999979821981728
0.9999985118514828
0.9999988245206396
0.9999984962221969
0.9999979449585402
0.9999979377678384
0.9999984537534489
0.9999987572340672
0.9999984424753102
0.9999979087568338
0.9999978981257917
0.9999984094575304
0.9999986797298197
0.9999983679250704
0.9999978638504138
0.9999978454018112
0.9999983473034315
0.9999986199641098
0.9999983217734346
0.9999977914397645
0.9999977884272686
0.9999982758656855
0.9999985530840803
0.999998250597184
0.9999977417583777
0.9999977218646438
0.9999982129252962
0.9999984842744774
0.9999981944678437
0.9999976863846602
0.9999976743335154
0.999998149111305
0.9999983977870308
0.9999981107911144
0.9999976232551274
0.999997630644111
0.9999980876594764
0.9999983389660477
0.9999980507962979
0.9999975801902392
0.9999975726807746
0.9999980423911757
0.9999982732020408
0.9999980021918483
0.9999975178316909
0.9999975097028766
0.9999979822527241
0.999998209763381
0.9999979733434661
0.9999974805590132
0.9999974620097464
0.9999979178156408
0.9999981399619854
0.9999978852057444
0.9999974323337445
0.9999974206456135
0.9999978606609425
0.9999980683022615
0.9999978262467174
0.9999973959994054
0.9999973908801502
0.9999977962278611
0.9999979853276386
0.9999977518302493
0.9999973364991143
0.9999973419673632
0.9999977262361179
0.9999979007967283
0.9999976706117578
0.9999972722744657
0.9999972693380251
0.9999976399806798
0.9999978110674725
0.9999975956965975
0.9999972186587167
0.9999972188904408
0.999997574039224
0.9999977515416256
0.9999975260383918
0.999997159448879
0.9999971407609402
0.999997503207633
0.9999976896294879
0.9999974624466316
0.9999970942910803
0.999997096314824
0.9999974393300404
0.9999976207387636
0.9999973914188198
0.9999970387128768
0.9999970487446944
0.9999973811104944
0.999997563681503
0.9999973264903906
0.9999969910905773
0.9999969822639906
0.999997300394116
0.9999974863490688
0.99999727321098
0.9999969457946015
0.9999969190108978
0.9999972263100335
0.9999974215330784
0.9999972058052199
0.9999969099244974
0.9999968698690999
0.9999971556258241
0.9999973612645199
0.9999971641758619
0.9999968393975308
0.9999968123999383
0.9999970901073821
0.9999972987279708
0.9999971051764865
0.9999967887349795
0.9999967625090488
0.9999970221296913
0.9999972384932742
0.9999970362706843
0.9999967287805003
0.9999967174463327
0.9999969726057063
0.9999971794117838
0.9999969807515616
0.9999966738646932
0.9999966614385835
0.9999969252566503
0.9999971137270481
0.9999969283174873
0.9999966064134806
0.9999965810203485
0.9999968450456808
0.999997049889226
0.9999968566715084
0.9999965254843194
0.9999965259093143
0.9999968137706431
0.9999970049176261
0.9999967994074258
0.9999964712939698
0.9999964648308333
0.999996767185863
0.9999969330923318
0.9999967257443959
0.9999963909010773
0.9999963989334851
0.9999966788201009
0.9999968713490902
0.9999966818689224
0.9999963255908809
0.9999963117472236
0.9999966036686027
0.9999967924507254
0.9999965921559503
0.9999962584954161
0.999996227754598
0.999996519112222
0.9999967134219991
0.9999965097358225
0.9999961740113477
0.9999961508923843
0.9999964362683718
0.9999966359037027
0.9999964345214376
0.9999961016197385
0.9999960901239416
0.9999963700465202
0.9999965526106438
0.999996374746304
0.999996043842516
0.9999960057325884
0.9999962792773045
0.9999964782447782
0.9999962856662461
0.9999959888468946
0.9999959558491414
0.9999962309758745
0.9999964122578622
0.9999962205545756
0.9999959236579921
0.9999958829117408
0.9999961563697151
0.9999963351950618
0.9999961964315843
0.9999958841895077
0.9999958446917105
0.9999961079773954
0.9999962856217638
0.9999961582228517
0.9999958475719121
0.9999957865955087
0.9999960541876709
0.9999962237875886
0.9999960867114562
0.9999957835373171
0.9999957168355719
0.9999959592833259
0.9999961439555817
0.9999960076329287
0.999995701921618
0.9999956653869068
0.9999958990265124
0.999996079742297
0.9999959342451736
0.9999956402428167
0.9999955975488943
0.9999958280399306
0.999995994808087
0.9999958515328877
0.9999955818239032
0.9999955452158221
0.9999957392459549
0.9999959393600809
0.9999958085721304
0.9999955204563706
0.9999954636153039
0.9999956706960087
0.9999958860205702
0.9999957261537056
0.9999954409534266
0.9999954038012723
0.9999956354652729
0.9999958278183559
0.9999956405527699
0.9999953534111379
0.9999953213484071
0.9999955630345017
0.9999957448018845
0.9999955988036809
0.9999953163580039
0.9999952701884326
0.9999955487999009
0.999995734350465
0.9999955566243134
0.9999952578895797
0.9999952290288933
0.9999954773358046
0.999995662783022
0.9999954752746396
0.9999951803986545
0.9999951447410821
0.999995404325196
0.9999956166263434
0.9999954518044588
0.9999951453183769
0.9999950693251058
0.9999953691545476
0.9999955853830869
0.999995389926466
0.9999950763082837
0.9999950092397913
0.9999953229311894
0.9999955154381256
0.9999952945782239
0.9999949895738983
0.9999949497752539
0.9999952602538686
0.9999954232257471
0.9999952170398805
0.9999949451198541
0.9999948896633123
0.9999951858260642
0.9999953320015351
0.9999951165148553
0.9999948677388883
0.9999948377545811
0.9999951116524606
0.9999952513281072
0.9999950433716656
0.9999948028844077
0.9999947813119013
0.999995045357378
0.9999951854170727
0.9999949926329003
0.9999947281468269
0.9999946820730763
0.9999949448042116
0.9999950701694742
0.9999948879477527
0.999994660386855
0.9999946086211329
0.9999948734347002
0.9999950122580623
0.9999948521410319
0.9999945949615505
0.9999945357693543
0.9999947890919165
0.999994946329401
0.999994803822059
0.9999945486264015
0.9999944501993112
0.9999947079272904
0.9999948832461429
0.999994714990516
0.9999944514680872
0.9999944055460089
0.9999946990629414
0.9999948256297136
0.9999946584956687
0.9999944088585166
0.9999943723099756
0.9999946508698907
0.9999947538334348
0.9999946028197392
0.9999943557834906
0.9999943073521743
0.9999945747525358
0.9999946869885049
0.9999945363656991
0.9999942988641995
0.9999942626935885
0.9999945062027085
0.9999946258853687
0.999994480940701
0.9999942427815013
0.99999420497883
0.9999944462682965
0.9999945708242065
0.999994445666405
0.999994180396998
0.9999941329512232
0.9999943697036598
0.9999945070022601
0.9999943730311336
0.9999941350615648
0.9999940692867831
0.9999943330956248
0.9999944352674964
0.9999943034632408
0.9999940752455142
0.9999939930197316
0.9999942145874822
0.999994357879246
0.999994243933971
0.9999940007897818
0.9999939445439886
0.9999941728108189
0.9999942906805673
0.9999941656626005
0.999993947811223
0.9999938948310522
0.9999941105774154
0.9999942209726553
0.9999940994416666
0.9999939009817922
0.9999938553265866
0.9999940799128876
0.999994172852351
0.9999940657069495
0.9999938640925994
0.9999938508377801
0.9999940219955645
0.9999941053978727
0.9999939649584692
0.999993793704701
0.9999937940908779
0.9999939706817154
0.9999940307867679
0.9999938762413632
0.9999937214431552
0.9999937525798146
0.999993919951174
0.9999939475190185
0.9999937874508514
0.9999936744371921
0.9999937074739844
0.9999938267426002
0.9999938860456242
0.9999937513837849
0.9999936356366063
0.9999936541453506
0.9999937914717868
0.9999937992169362
0.9999936900478004
0.999993627795059
0.9999936413899364
0.9999937109452928
0.9999937341076078
0.9999936233785878
0.999993568502862
0.9999935803875449
0.9999936502216402
0.9999936626784558
0.9999935666394999
0.9999935009698925
0.9999935122017669
0.9999935678820207
0.999993596456746
0.9999934944031191
0.9999934528351649
0.9999934440535128
0.9999934825518818
0.9999935153659734
0.9999934293311249
0.9999933794630999
0.9999933967588599
0.9999934330032829
0.999993458556334
0.9999933686381558
0.999993348277997
0.9999933544986317
0.9999934013539903
0.999993408686794
0.999993308068922
0.9999932908898551
0.9999933296529213
0.9999933422763714
0.9999933422672616
0.9999932517117788
0.9999932440012281
0.9999932519210608
0.9999932617627509
0.9999932706047965
0.9999931703344959
0.9999931487419386
0.9999931473398066
0.9999932125708682
0.9999932216358765
0.9999931458066553
0.999993095782684
0.9999930576862193
0.9999931137612557
0.999993150605776
0.9999931000621277
0.9999930369739036
0.999992991259619
0.9999930672678564
0.9999931072696912
0.9999930355772156
0.9999929899517677
0.9999929635239883
0.9999930241798061
0.9999930500881116
0.9999929989153992
0.999992964762055
0.9999929421171703
0.9999929750719047
