0.9999993251602786
0.9999967219407562
0.999998925891382
0.9999973731595306
0.9999979976628767
0.9999982791127733
0.9999970243738727
0.9999989719227785
0.9999965731693882
0.9999990342094449
0.9999968071822759
0.9999984119365857
0.9999975431695987
0.9999974688937388
0.9999983653178137
0.9999966964738153
0.9999988512280503
0.999996474171921
0.9999986881225921
0.9999968949149751
0.9999979278081387
0.9999976580667871
0.9999970238244009
0.9999983863373882
0.9999964416800771
0.999998663863599
0.9999964207516758
0.9999982991065589
0.9999969512142166
0.9999974342563425
0.9999977236312567
0.9999966025920233
0.9999983071590113
0.9999962104766009
0.9999983673575967
0.9999964483564708
0.9999978341489029
0.999997059576628
0.9999969909187745
0.9999977524136295
0.9999963218983844
0.9999981473532922
0.9999961514806445
0.999998019415295
0.999996490940489
0.9999973690539545
0.9999971640780259
0.9999965659862837
0.9999977400336787
0.9999960731638362
0.9999979483904184
0.999996076047832
0.9999976436891932
0.9999965330189201
0.9999969770362184
0.9999971756322673
0.9999962758658619
0.9999976410118052
0.9999958962883664
0.999997706849423
0.9999960407812346
0.9999972692426362
0.9999965938310825
0.9999965384351523
0.9999971834170923
0.9999959458336968
0.9999975044129533
0.9999957634742153
0.9999973855950932
0.999996058534737
0.9999968452328808
0.9999966188507451
0.9999961416357513
0.9999970955771216
0.999995693344933
0.9999972612889699
0.9999957019288731
0.999997001089374
0.99999613164162
0.9999964330013196
0.999996645354191
0.999995805108223
0.9999970010462945
0.9999955383041311
0.9999970359621319
0.9999956652798738
0.999996656117478
0.9999960920839338
0.9999960510087312
0.9999965434951551
0.9999955186252024
0.999996813714642
0.9999953260261841
0.9999966883488828
0.9999955944670154
0.9999962176658476
0.9999960795840301
0.9999956396289407
0.9999964566062419
0.9999952685463078
0.9999965766037743
0.9999952651977451
0.9999963528636057
0.9999955786651995
0.9999958654019321
0.9999960010605748
0.9999953443950559
0.9999963131771676
0.9999950580058325
0.9999962981935308
0.9999951531517126
0.9999959714100903
0.9999955174098122
0.9999954752772742
0.9999958648977552
0.9999950595350439
0.9999960696843911
0.9999949225730289
0.9999959740609924
0.9999950883408595
0.9999956517362346
0.9999954173342888
0.9999951680804596
0.9999957129614484
0.999994785956192
0.9999958084266547
0.999994727113741
0.9999956682222445
0.9999949740052262
0.9999952632410614
0.9999953816037428
0.9999948367446461
0.9999956210021987
0.9999945563969082
0.99999562722055
0.9999946184484347
0.9999953761606457
0.9999949297694447
0.9999949481391206
0.9999952785559212
0.9999945741185187
0.9999955012852058
0.9999943821778243
0.9999954172282746
0.9999944937398041
0.9999950992588027
0.9999948387121864
0.999994657190704
0.9999951805749846
0.9999943001402646
0.9999952963612244
0.9999941745167883
0.9999951392263792
0.9999943391155192
0.999994803786467
0.9999946762407518
0.9999943655392284
0.9999949624591287
0.9999940564828936
0.9999950365037007
0.9999940131441423
0.9999948337880423
0.9999942487783071
0.9999944520157584
0.9999945604032654
0.9999941333224245
0.9999947801685479
0.9999939318375851
0.9999947772063876
0.9999939521886879
0.9999945302884824
0.9999941469438508
0.9999941271641117
0.9999944422225622
0.9999938172828272
0.9999946185168429
0.9999936862653517
0.9999945078141808
0.9999937781795295
0.999994194384825
0.9999940631486596
0.999993805355224
0.9999943466604306
0.9999935751567347
0.999994382381269
0.9999935253980686
0.999994171523023
0.9999937123112476
0.9999938322069059
0.9999940277255178
0.9999935161912711
0.9999942292699743
0.9999933583766826
0.9999941591945611
0.999993418130133
0.99999388879213
0.9999936391936286
0.9999935435269937
0.9999938834166197
0.9999933069885989
0.999993983150467
0.9999932296982215
0.999993813768091
0.9999932624038702
0.9999935086893075
0.9999934981720847
0.999993246174502
0.9999936960467039
0.9999930527113704
0.9999936865036917
0.9999930180773642
0.9999934705480553
0.9999931080259586
0.9999932050726493
0.999993348302846
0.9999930164942838
0.9999934891822937
0.999992810725136
0.9999934398890085
0.9999928012839112
0.9999932225906601
0.9999929620754627
0.9999929445222286
0.9999931848026761
0.999992696152639
0.9999932734400784
0.9999925253793435
0.9999931567485371
0.9999925947882925
0.9999928607211729
0.9999928160453894
0.9999925869738469
0.9999930350838677
0.9999923926184844
0.9999930461742305
0.9999923686181348
0.9999928122354586
0.999992482988872
0.9999925453454739
0.9999926859641987
0.9999923465285552
0.9999928186890626
0.999992237459468
0.9999927156461902
0.9999921757489176
0.9999924306936971
0.9999923073027763
0.9999921592756991
0.9999925007020456
0.9999919869781606
0.9999925358028605
0.9999919207722514
0.999992361438706
0.999991959880366
0.99999209933259
0.999992130067774
0.9999919220473588
0.9999922477670089
0.9999918123671178
0.9999922409731684
0.9999917415859481
0.9999920607142724
0.9999917908727998
0.9999918742126731
0.9999919326237363
0.9999917252897436
0.9999920489213697
0.9999916500034856
0.9999919865678734
0.9999915735886784
0.999991810376513
0.9999916719351727
0.9999916599935661
0.99999184592741
0.9999914970689908
0.9999918818468221
0.9999913715656201
0.99999175355401
0.9999913483875295
0.9999915668274779
0.9999914852248357
0.9999914505898503
0.9999916781573518
0.9999913041468368
0.9999916829176958
0.999991201487288
0.9999915423080582
0.9999911938019086
0.9999913307790624
0.9999913275186751
0.9999912332971423
0.999991486204839
0.9999911182757077
0.9999914169430524
0.9999910512381764
0.9999912911849348
0.9999911062882125
0.9999910898242331
0.9999912766333497
0.9999909992815411
0.9999913027237085
0.9999909155751383
0.9999911885426308
0.9999908733392137
0.999991058942748
0.9999910140885283
0.9999909543797563
0.9999910948478539
0.9999908166522709
0.9999910294635144
0.9999906792805384
0.9999909266461596
0.9999907322187962
0.9999908349853366
0.9999908300608146
0.9999907033245977
0.9999909005442277
0.9999905168547238
0.9999908481555077
0.9999904558066262
0.9999907253840367
0.9999905519362955
0.9999905617390262
0.9999906882362247
0.999990374465709
0.9999906915896104
0.9999902162216672
0.9999906017893387
0.999990219038314
0.9999904997910707
0.9999903486790055
0.9999903120691447
0.9999904605468628
0.9999901091896486
0.9999904495700435
0.9999899954010374
0.9999903511626487
0.9999900249128927
0.9999902511999232
0.9999901765680689
0.9999900791126217
0.9999902651707298
0.9999899005053385
0.9999902516914174
0.9999898092626331
0.999990158369749
0.9999898715961201
0.9999900213561256
0.999989986840674
0.9999898196166167
0.9999900061441865
0.9999896587589295
0.9999899070909526
0.9999896050372755
0.9999898400731497
0.9999896736102876
0.9999897911394023
0.9999897267299033
0.9999896279754509
0.9999897284075507
0.9999894693922423
0.9999896720231434
0.999989463152018
0.9999895892264923
0.9999895562840259
0.9999894644849943
0.9999895832841378
0.9999893395121439
0.9999894912964751
0.9999892223598693
0.9999894245072422
0.9999892222663327
0.9999894115213858
0.9999893063724239
0.99998931201496
0.9999892976759203
0.9999891371078777
0.9999892409026472
0.9999890212006799
0.9999891895027802
0.9999890292821415
0.9999891899004071
0.9999890389558772
0.9999890444069467
0.9999890343890797
0.999988841694382
0.999988968017091
0.9999887737400456
0.9999889659905011
0.9999887996917219
0.9999888731006876
0.9999887857211875
0.999988696954488
0.9999887505995503
0.9999885876395099
0.9999887360088494
0.9999885886088287
0.9999887612845406
0.9999886498465902
0.9999886708856456
0.9999885425112405
0.9999885407240569
0.9999885098230322
0.9999884318094479
0.9999885166626092
0.9999884102630291
0.9999885278866376
0.999988384801775
0.9999884448715213
0.9999883414891233
0.9999883486217754
0.9999882663548707
0.9999883033328217
0.9999882948213183
0.9999882407190342
0.9999882951778282
0.999988163756346
0.9999882137263267
0.9999881386715453
0.9999881259735601
0.9999880939613457
0.9999880111946577
0.9999880668787344
0.9999879383136184
0.9999880177654046
0.999987878690562
0.9999879393940884
0.9999878344418811
0.9999878865004936
0.9999878962912105
0.9999878244704099
0.9999878909432662
0.9999877177212285
0.9999878253469069
0.9999876596636633
0.9999877072084733
0.9999876780256334
0.9999876468254228
0.9999876840830821
0.9999876105401234
0.99998757830868
0.9999875257801007
0.9999875331937453
0.9999874575893483
0.9999874557653349
0.9999874279326284
0.9999874068383648
0.9999874151821669
0.9999873341402387
0.9999873275249986
0.9999872282310652
0.9999872327560481
0.9999871746378377
0.9999872034545363
0.9999871799257506
0.9999871821498273
0.9999871642682754
0.9999870836631579
0.9999871054360367
0.9999870113102572
0.9999870204465813
0.9999869580206706
0.9999869712501812
0.9999869461240098
0.9999869115704001
0.9999869577311048
0.9999868996478014
0.999986875193484
0.999986848097692
0.9999867520706063
0.9999868381407908
0.9999866775203848
0.9999868032481206
0.9999867256821046
0.9999867661883484
0.999986741314835
0.9999866964741964
0.9999866844517256
0.9999866198190877
0.9999866085338268
0.9999866366567299
0.9999865959293972
0.9999865991549577
0.9999865307141719
0.9999865254708248
0.9999864596522504
0.9999864469707777
0.9999863970111179
0.9999864463841338
0.9999863617333566
0.9999864230605326
0.9999863568504496
0.9999863252231539
0.9999863238240517
0.9999862242060281
0.9999863297288715
0.9999862214555908
0.9999863084834906
0.9999861594969274
0.9999862221521727
