0.9999915567714862
0.9999833633726748
0.999967753986822
0.9999585626336237
0.999962850500892
0.9999779537805327
0.9999891067724255
0.9999847048119509
0.9999702022182275
0.9999590506348442
0.999959813462581
0.9999726337427329
0.9999855082759884
0.9999851181517111
0.9999731952007196
0.999960690421378
0.9999573827096474
0.9999673416553341
0.9999813441853587
0.9999845681625136
0.9999753436774586
0.9999627260680412
0.999956222897957
0.9999628200856548
0.9999766192473006
0.9999829823404663
0.9999765823550284
0.999964203694769
0.9999558750307064
0.9999590913895984
0.9999716552539623
0.9999806193885704
0.9999774449913621
0.9999660341368604
0.9999556511891352
0.9999556647313578
0.9999668491761353
0.9999775611130337
0.999977543923672
0.9999677825316873
0.999956596389217
0.9999535695496666
0.999962190919462
0.9999735124228609
0.9999763384047761
0.9999688685923466
0.9999573284396636
0.9999515970445131
0.9999578864394444
0.9999694747273011
0.9999744484142905
0.9999693423547231
0.9999587480128361
0.9999509855821537
0.9999542017140479
0.9999653109240217
0.9999724756520754
0.9999695471586546
0.9999596195377499
0.9999508063335446
0.9999515600749279
0.999961234786957
0.9999694847303854
0.9999689046764003
0.9999604298661446
0.9999507553376682
0.9999487450441701
0.9999569047859885
0.9999664970539163
0.9999681838220418
0.9999613512566025
0.99995150203617
0.9999470986881441
0.9999527462653426
0.9999627541618524
0.9999670335352132
0.9999619495896197
0.9999520973905957
0.9999456749624922
0.9999488409246176
0.9999583274820197
0.99996454771898
0.9999620197353175
0.9999529493491597
0.9999450486728458
0.9999455891493823
0.9999539363010242
0.9999616039466183
0.9999613163528901
0.9999537398367027
0.9999453199767864
0.999943572948496
0.9999501459014937
0.9999584793531914
0.9999600470436828
0.9999539920033704
0.9999455553701062
0.9999415423609345
0.999946203043581
0.9999545416538368
0.9999577615723723
0.9999534390476644
0.9999455159567974
0.999940407439041
0.9999432559176018
0.9999514082357185
0.9999563285054907
0.9999533934209734
0.9999456587544777
0.9999393061898705
0.9999402593773966
0.9999477167573465
0.9999539208843893
0.9999528113427847
0.9999456526690162
0.9999380810762721
0.9999369502187396
0.9999434865244732
0.999950699912452
0.9999520894931033
0.999946590304494
0.9999381531358219
0.9999343910579719
0.999939453826207
0.999947203170743
0.9999501192334086
0.9999464585030238
0.9999383318041449
0.9999325266958808
0.9999355122031305
0.9999434732469078
0.999948159876526
0.9999459396955854
0.9999383978355437
0.999931742829785
0.9999324481665741
0.9999397161404633
0.9999456921297314
0.9999451531112071
0.9999388355545029
0.9999316586508236
0.9999300459614958
0.999935853970075
0.99994254031849
0.999943649535678
0.9999386781451968
0.9999315000383597
0.9999285164632673
0.9999327058236559
0.9999391472715796
0.9999416979306053
0.9999382872745275
0.9999313602426021
0.9999270489177197
0.9999297811463741
0.9999361824093338
0.9999396964721571
0.9999377585404302
0.9999317231578647
0.9999259474503921
0.9999265665125675
0.9999331934141181
0.999938046531384
0.9999372748275132
0.9999322967959671
0.9999255739356695
0.9999238746349
0.999929495828433
0.9999353463675674
0.9999361919254041
0.9999325121741759
0.9999254730814129
0.9999213046296497
0.9999252477074626
0.9999321066793004
0.9999344109348991
0.99993149941149
0.9999255335989391
0.9999204195331235
0.9999221772436165
0.9999292550862658
0.9999328208608863
0.9999302636225293
0.9999251627225717
0.999919954107675
0.9999196183343609
0.9999258513995007
0.9999304185183032
0.9999287956110087
0.9999243226195423
0.99991939963892
0.9999171799373098
0.9999218216359507
0.9999278765457325
0.9999278258430493
0.9999236950610503
0.9999189033875014
0.9999158453599203
0.9999186592839688
0.9999247151918387
0.9999264036852152
0.9999229508487395
0.9999182638825377
0.9999148137571409
0.9999158549299786
0.999921113976296
0.9999240007450352
0.9999218780126714
0.9999175114132355
0.9999134347778273
0.9999133572697723
0.9999181085617231
0.9999217527232586
0.9999206447919995
0.9999164638413185
0.9999122949463254
0.9999111778512055
0.999915034765476
0.9999194591531326
0.9999193789813785
0.9999153796684956
0.9999110189204983
0.9999092064906419
0.9999122106731142
0.9999168788220976
0.9999174571685796
0.9999140084779288
0.999909263034877
0.9999063968686074
0.9999088843606311
0.9999143849955423
0.9999162842584794
0.9999132235009978
0.9999083599180869
0.9999045259234155
0.9999055901066841
0.9999108534513185
0.9999136716628945
0.9999117356548549
0.9999074847938001
0.9999032963995114
0.9999027888811279
0.9999074998227945
0.9999114832211308
0.9999105312543627
0.9999067492470551
0.9999023211698572
0.9999006844877837
0.9999043237409792
0.9999087648019694
0.9999088712411414
0.9999057115664477
0.9999012385449356
0.9998982879958753
0.9999008565677148
0.9999055546467054
0.9999067315755141
0.9999042931364117
0.999900019866541
0.999896337670714
0.999897228388951
0.9999019417161691
0.9999045925298892
0.9999030279687772
0.9998990839517268
0.9998948294214624
0.9998942064566423
0.9998985264561824
0.9999024514066704
0.9999017207799443
0.9998978955917247
0.9998937742078061
0.999892202741046
0.9998952958094753
0.9998999678616133
0.9999004703881469
0.999897095101841
0.9998927203630202
0.9998900883622647
0.9998919750166032
0.9998965078560561
0.999897948294409
0.9998953420414765
0.9998916014012188
0.9998884965633742
0.9998891191115608
0.9998934329010212
0.9998958847161635
0.9998941465142356
0.9998906676417777
0.9998872395376261
0.9998866534222113
0.9998901605958633
0.9998934729305817
0.999893052319065
0.9998900839498964
0.9998863309113744
0.9998844754700301
0.9998871959001917
0.9998911117566911
0.9998911596072442
0.9998884137607669
0.9998849484084714
0.9998830886087058
0.9998856308047012
0.9998895414606868
0.9998901601825811
0.9998879616920424
0.9998843474794418
0.9998812591454647
0.999882399277335
0.9998868864437694
0.9998887151045325
0.9998866933615717
0.9998832791532192
0.9998799605309344
0.9998794856893587
0.9998827088794726
0.9998856112288629
0.999884769371017
0.9998820780521813
0.9998796834634663
0.9998785779029403
0.9998802547251006
0.9998826749512453
0.999882207320335
0.9998803096241446
0.9998785665617211
0.9998771131564996
0.999878013604444
0.9998801741357545
0.9998800672598451
0.9998787566275438
0.9998772214370952
0.9998756383431048
0.9998758317587271
0.999877374726257
0.9998777570555475
0.9998765080940598
0.9998754289740296
0.9998738562234054
0.9998729946574928
0.9998747606208682
0.9998761932422392
0.999875081203678
0.9998737392389028
0.9998717818943834
0.9998701284596069
0.9998713535382765
0.9998734100545633
0.9998730346616712
0.9998716345999222
0.999870190016439
0.9998684875538316
0.9998689702297598
0.9998711471783142
0.9998715735415848
0.9998705393395004
0.9998691810219791
0.9998667198762687
0.9998656346619982
0.9998677517006339
0.9998693432917267
0.9998687740522726
0.9998675655390061
0.9998653359514356
0.9998633607858021
0.9998647510954833
0.9998669040369691
0.9998672308477774
0.999866569326358
0.9998643475859716
0.9998617835026449
0.9998618091601107
0.9998635994605991
0.9998646300234053
0.9998644282702689
0.9998623407234812
0.9998596528866186
0.9998598405422335
0.9998619629766453
0.9998628494487443
0.9998626741525092
0.9998607967198572
0.9998574313470149
0.9998565833455311
0.9998587809335587
0.9998600535465236
0.999860000232199
0.999858874691379
0.9998559762824085
0.9998546124940526
0.9998564968852341
0.9998579358820374
0.9998575304932368
0.9998564302297163
0.999854129738196
0.9998526403461323
0.9998538216319756
0.9998555326141351
0.9998557579038908
0.9998548508732271
0.9998526804789538
0.9998509822264081
0.9998516233519097
0.9998526181855053
0.9998531237382308
0.9998526838609039
0.9998508569659957
0.9998492114207576
0.9998493359536228
0.9998508724200752
0.9998520652013507
0.9998515820000033
0.9998495711222826
0.9998474677341653
0.9998469635299806
0.999848824207251
0.9998506222858733
0.9998504165753505
0.9998483328546679
0.9998460618589399
0.9998452862950366
0.9998462600184875
0.9998483040172143
0.9998487405172694
0.9998467716775347
0.9998442766200293
0.9998426076374122
0.9998428515485687
0.9998450699753737
0.9998470312905212
0.9998461142002544
0.9998432933371233
0.9998405648921628
0.9998401697849004
0.9998423442717619
0.9998453605494795
0.9998452992920498
0.999842207856018
0.9998393981892486
0.9998383936539852
0.9998394604344057
0.9998419037364223
0.999842773328305
0.9998406881425442
0.999838096458989
0.9998369852605847
0.9998376898693934
0.9998401087940718
0.9998412962362394
0.9998393887374665
0.9998363897946192
0.9998348628199636
0.9998353738498911
0.9998375081128444
0.9998391282566597
0.9998380020476106
0.9998347529944108
0.9998324791989647
0.9998325866839909
0.9998345890510129
0.9998365873034631
0.999835877828371
0.999832800133026
0.9998302828090927
0.999829660338331
0.9998312375009686
0.9998334673138232
0.9998332964392475
0.9998310418688522
0.9998285476356852
0.9998270655063025
0.9998284798862624
0.9998318131906391
0.9998333848486626
0.9998317999377762
0.9998282606864557
0.9998258508528066
0.9998262105859245
0.9998288281278667
0.999830947062646
0.9998300413895395
0.999826952211449
0.99982444117231
0.9998245427105052
0.999826893304253
0.9998292941396734
0.9998293112528637
0.9998264369876744
0.9998233153803803
0.999822344948068
0.9998238679093278
0.9998265047736662
0.9998274107353352
0.9998253394473902
0.9998223410685257
0.9998208080351334
0.9998213790903929
0.9998234773313873
