0.9999999328176322
0.9999998355164871
0.9999996900181508
0.9999996889722974
0.9999998281710252
0.9999999200091422
0.9999998259157734
0.9999996857932099
0.999999685012906
0.9999998187451112
0.9999999068276023
0.999999814983745
0.9999996774143854
0.9999996785263809
0.999999807620535
0.9999998921409545
0.999999805975072
0.9999996716735887
0.9999996737722285
0.9999997948921395
0.9999998787642026
0.9999997972329482
0.99999966280112
0.9999996658116069
0.9999997832407774
0.9999998672870464
0.9999997857805916
0.9999996573644587
0.9999996601106707
0.9999997749255095
0.9999998543838834
0.9999997755950493
0.999999653947436
0.9999996525813488
0.9999997636998734
0.999999840235265
0.9999997657489483
0.9999996464703335
0.9999996436517241
0.9999997511579645
0.9999998259121641
0.9999997526572681
0.9999996392741882
0.9999996353879815
0.9999997424514089
0.9999998160315682
0.9999997441843334
0.9999996329797042
0.9999996288279726
0.9999997293520828
0.9999998018824936
0.9999997354621114
0.999999622493797
0.9999996160683863
0.9999997185692515
0.9999997894787204
0.9999997256657258
0.9999996182588122
0.9999996099112293
0.9999997069424964
0.9999997775042517
0.9999997133038566
0.9999996068938258
0.9999996006561926
0.9999996945443379
0.9999997622682775
0.9999997008060799
0.9999995982507739
0.9999995924871893
0.9999996856824913
0.9999997527267798
0.9999996913581396
0.999999583898406
0.9999995851695073
0.9999996738087565
0.9999997395528032
0.9999996798795884
0.9999995779106043
0.9999995773743461
0.9999996616235449
0.9999997242271316
0.999999665096933
0.9999995661484037
0.9999995682252709
0.9999996530232272
0.9999997095209954
0.9999996516800315
0.9999995604726147
0.9999995633809702
0.9999996446453178
0.9999996959075944
0.9999996372266478
0.999999555705401
0.9999995566247951
0.9999996329029329
0.999999682303263
0.999999627149605
0.9999995503410682
0.9999995477501905
0.9999996185794278
0.9999996671491415
0.999999616280916
0.999999536196557
0.9999995348576088
0.9999996075589732
0.9999996554380337
0.9999996057330034
0.999999526594272
0.9999995234130102
0.9999995971899709
0.9999996415029376
0.9999995934036672
0.9999995160962719
0.9999995115226976
0.9999995834835553
0.9999996312422434
0.9999995838541492
0.9999995057217786
0.9999995053569494
0.9999995756876753
0.9999996168116193
0.9999995700249245
0.9999994949930789
0.9999994953726599
0.9999995648794776
0.9999996028216204
0.9999995533652865
0.9999994812225663
0.9999994816365769
0.9999995538517497
0.9999995907897796
0.9999995411263032
0.999999471728495
0.9999994718532071
0.9999995390012538
0.9999995768426936
0.999999531491245
0.9999994601667741
0.9999994572360413
0.9999995246370507
0.9999995647716138
0.9999995205199602
0.99999945092477
0.9999994466603896
0.9999995097180802
0.9999995502790034
0.9999995110222325
0.9999994385022211
0.9999994297151444
0.99999949772312
0.9999995391538353
0.9999995004472976
0.9999994288836273
0.9999994183347186
0.999999487501528
0.9999995248550902
0.9999994904747184
0.9999994195933599
0.9999994109353582
0.9999994781822984
0.9999995136721447
0.9999994752165859
0.999999410381656
0.9999994030145615
0.9999994681816524
0.9999994970146818
0.9999994621386419
0.999999402209735
0.9999993944362672
0.999999456578648
0.9999994857864699
0.9999994494004889
0.9999993922167869
0.9999993830510346
0.9999994408670836
0.9999994691962519
0.9999994363257101
0.9999993776089448
0.9999993686577623
0.9999994249505267
0.9999994534275274
0.9999994208291039
0.9999993675116214
0.9999993569354141
0.9999994097490825
0.9999994404755668
0.9999994091157561
0.9999993549724037
0.999999347137372
0.9999993989604314
0.9999994235443045
0.9999993953709495
0.9999993421495595
0.9999993349352427
0.9999993840338549
0.9999994069816573
0.9999993816879028
0.9999993371417544
0.9999993288617925
0.9999993689969052
0.9999993939318658
0.9999993731872987
0.9999993311803642
0.9999993208705833
0.9999993599775594
0.9999993808143368
0.9999993617760979
0.9999993210341604
0.9999993104198739
0.9999993462434166
0.9999993695267233
0.9999993511437976
0.9999993048278406
0.9999992958080524
0.999999332112526
0.9999993518913877
0.9999993360642325
0.9999992966124228
0.9999992894155136
0.9999993154674794
0.9999993375530493
0.9999993202712806
0.9999992865625102
0.9999992763711025
0.9999992979775929
0.9999993224206654
0.9999993105983367
0.9999992769005653
0.999999263846734
0.9999992832198242
0.9999993087400724
0.9999993008124507
0.9999992725723662
0.9999992558267274
0.9999992702587107
0.9999992948287888
0.9999992841284078
0.9999992563412978
0.999999243280733
0.9999992564769099
0.999999278296277
0.9999992676027635
0.9999992473959567
0.9999992386107422
0.999999247781425
0.9999992648886876
0.9999992531027853
0.9999992325254808
0.9999992228472913
0.9999992334228286
0.9999992475790582
0.9999992381289103
0.9999992180233003
0.9999992097106338
0.9999992214425568
0.9999992362448489
0.9999992213549052
0.9999992040211985
0.9999992019046384
0.9999992142714397
0.999999227694227
0.9999992114908122
0.9999991921687156
0.9999991874178786
0.9999992019760741
0.999999212199393
0.9999991993690185
0.9999991838032928
0.9999991787177887
0.9999991819496155
0.9999991938180188
0.999999188498455
0.9999991762500342
0.9999991662628326
0.9999991715774832
0.9999991821991415
0.999999178063942
0.9999991651812322
0.999999160075937
0.9999991613899574
0.9999991724440072
0.9999991659571816
0.9999991525879954
0.9999991455710207
0.9999991474547825
0.999999158343381
0.9999991549442708
0.9999991414509266
0.9999991326576827
0.9999991347396253
0.9999991456113917
0.9999991422935451
0.9999991315825016
0.9999991183434501
0.9999991239029703
0.9999991377075462
0.9999991352901263
0.999999122739793
0.9999991056081469
0.9999991094086986
0.999999127565388
0.9999991272543364
0.9999991162132806
0.9999990964323033
0.9999991037155608
0.9999991212129667
0.9999991159077206
0.9999991039119244
0.9999990900383995
0.9999990897883668
0.9999991044862114
0.9999991024412618
0.9999990950892121
0.9999990804586697
0.999999074915168
0.9999990907522297
0.9999990880481703
0.9999990817433267
0.9999990691526305
0.9999990633687991
0.9999990777510668
0.9999990779660051
0.9999990683246924
0.9999990564341581
0.9999990508598277
0.9999990682459924
0.9999990657343357
0.9999990531603535
0.9999990407637762
0.9999990369519222
0.9999990522718246
0.9999990485259443
0.9999990358406832
0.9999990266131651
0.9999990278399269
0.9999990380851942
0.9999990385805713
0.9999990256017709
0.9999990060484836
0.9999990136101352
0.9999990241849077
0.9999990277707479
0.9999990139514278
0.9999989959919705
0.9999989936093158
0.9999990097016419
0.9999990171555234
0.9999989973443298
0.9999989783384979
0.9999989789138886
0.9999989883808821
0.9999990037517723
0.9999989915823192
0.9999989679178126
0.9999989597838974
0.9999989744554167
0.9999989913167675
0.9999989786263063
0.9999989565240738
0.9999989493527472
0.9999989611115562
0.9999989795494086
0.9999989652926871
0.9999989439658974
0.9999989377640793
0.9999989528082632
0.9999989685814097
0.9999989522241354
0.9999989324619015
0.9999989316901151
0.9999989414255707
0.9999989508648963
0.9999989349005138
0.9999989177754783
0.9999989190720839
0.9999989286100686
0.999998935386696
0.9999989245378945
0.9999989068658929
0.9999989029113847
0.9999989123797615
0.9999989223366751
0.9999989103522618
0.9999988977387574
0.9999988923414628
0.9999989002280547
0.9999989040702266
0.9999989003229905
0.9999988884272967
0.9999988802872066
0.9999988879811161
0.9999988943364287
0.9999988880463948
0.9999988828567375
0.9999988690626694
0.9999988751527356
0.9999988777159791
0.9999988725468542
0.9999988643850513
0.9999988591738802
0.9999988656652371
0.9999988639077095
0.9999988566373823
0.9999988518941945
0.9999988466101971
0.9999988449879775
0.9999988438035768
0.9999988441355881
0.999998840724686
0.9999988309560632
0.9999988312832326
0.999998829581221
0.9999988366392896
0.999998829322987
0.9999988155970378
0.9999988186009655
0.9999988184387306
0.9999988229369142
0.9999988161014595
0.9999988105191
0.999998811501967
0.9999988100394764
0.9999988147594796
0.9999988064110663
0.9999987966785867
0.9999987948308201
0.9999987982825852
0.9999988108817668
0.9999988025840938
0.999998787953983
0.9999987799279423
0.9999987914176818
0.9999987969779426
0.9999987889595775
0.9999987708240592
0.9999987634698955
0.9999987811164556
0.9999987909364313
0.9999987775674778
0.999998763407376
0.9999987531582021
0.9999987650181235
0.9999987716700578
0.9999987647060902
0.9999987535781977
0.9999987378248875
0.999998743993435
0.9999987595016137
0.9999987527208223
0.9999987440450335
0.9999987291886288
0.9999987324302925
0.9999987403241116
0.9999987419259135
0.9999987383740917
0.999998723626264
0.9999987188739757
0.9999987212732797
0.9999987297429923
0.9999987303253562
0.999998717940759
0.9999987087795208
0.9999987082485297
0.9999987145159996
0.9999987131727801
0.9999987040207573
0.9999986977529329
0.9999986996665284
0.9999987030918798
0.9999987046602168
0.999998698246582
0.9999986913697556
0.9999986874175625
0.9999986956522464
0.9999987004702124
0.999998689270545
0.9999986706757533
0.9999986633556136
0.9999986754594802
0.9999986914801949
0.9999986747429584
0.9999986549504731
0.9999986469756694
0.9999986613274157
0.9999986732915411
0.9999986601065072
0.9999986440068046
0.9999986361223094
0.9999986510211352
0.99999865990877
0.9999986398773015
0.9999986303415718
0.999998624736961
0.999998639337518
0.9999986442441814
0.9999986391082845
0.9999986162286258
0.9999986056313184
0.9999986223257268
0.9999986296221824
