0.9999983520100886
0.9999930758035704
0.9999942141415901
0.9999977317944184
0.9999920362604827
0.9999956923400833
0.9999964926379808
0.999991680592245
0.9999969068607736
0.9999949008851147
0.9999920582510865
0.9999975151910939
0.9999933228450529
0.9999930014108822
0.9999973226835733
0.9999921353171609
0.9999943685117564
0.9999964302264546
0.9999914917865425
0.9999956788703567
0.9999950878358163
0.9999914948256653
0.9999965040505012
0.9999936136572402
0.9999921179134508
0.9999967208688539
0.9999923069333078
0.9999931784126602
0.999996195016463
0.9999913894084647
0.9999943221315503
0.9999951053275786
0.9999910280708153
0.9999953875811418
0.9999936878959972
0.9999913003280911
0.9999959212843013
0.9999923516445158
0.9999920923804916
0.9999957280695243
0.9999913573305637
0.9999931595205235
0.9999949729630204
0.99999074504829
0.9999942590023562
0.9999937503283275
0.9999907320635287
0.9999949781883204
0.9999924661785967
0.9999911717370008
0.9999951482769247
0.9999913559777527
0.9999919779523575
0.999994660341616
0.9999906379816268
0.9999930790238398
0.9999937021080109
0.9999903326862783
0.9999939622235272
0.999992490962826
0.9999904042401953
0.9999943535289548
0.9999912738428871
0.999991021374085
0.9999941477909481
0.9999904342162931
0.9999919272289552
0.999993413479311
0.9999900412700174
0.9999928129237625
0.999992356128811
0.9999899364623888
0.9999933782377178
0.9999912720199817
0.9999903227372138
0.9999934613155952
0.9999903634696009
0.9999909307127592
0.9999929620462039
0.9999896752172286
0.9999917161527087
0.9999920678660074
0.9999894007332544
0.9999923755954948
0.9999910947581376
0.9999894637677489
0.9999926662260707
0.9999901806099236
0.9999898671661529
0.9999925084896707
0.9999894089037071
0.9999905421983801
0.9999918816309471
0.9999889484820375
0.9999911335728705
0.9999909227730691
0.9999888047755467
0.999991562145037
0.9999899262407692
0.9999889267339609
0.9999916155092374
0.9999891047502424
0.9999894203952947
0.9999912394327589
0.9999884703276596
0.9999899739654129
0.9999904795835858
0.9999881014234688
0.9999905233165806
0.9999896074960686
0.9999880753008673
0.9999907424611355
0.9999888139720966
0.9999882994440018
0.9999905223536907
0.9999880760606367
0.9999888651324215
0.9999899904324776
0.999987686630179
0.9999894065253772
0.9999892135991564
0.999987630753753
0.999989810971883
0.9999882512375813
0.9999877075486108
0.9999898933121375
0.9999874909609056
0.9999880578507102
0.9999896099318784
0.9999870641897758
0.9999885203224674
0.999988975523643
0.9999868784332612
0.9999889371129393
0.9999880667631873
0.9999868991941696
0.9999892126182295
0.99998729647965
0.9999870829491766
0.9999891524071113
0.9999867080867981
0.9999874875189934
0.9999886449988785
0.9999863454673604
0.9999880586622193
0.9999879437089375
0.9999862592815787
0.9999884610909926
0.9999870629110876
0.9999863900813543
0.9999885358494812
0.999986360282899
0.9999866864986436
0.9999882237454821
0.9999859602228952
0.9999871970544304
0.9999875900890451
0.9999858779371207
0.9999874730214634
0.9999868709478203
0.9999858594505459
0.9999875722839386
0.9999861953652777
0.9999860195182014
0.9999874925349698
0.9999856652766103
0.9999863192949201
0.9999872082251763
0.9999853781201412
0.9999867044994253
0.999986522159451
0.9999852021429181
0.9999868929457003
0.9999858599952534
0.9999853036407103
0.9999869305662366
0.999985242432925
0.9999855084117079
0.9999866538399873
0.999984837952431
0.9999857983031561
0.999986169966151
0.9999846443270981
0.9999860194748998
0.9999854088968545
0.9999845434007647
0.9999860600927474
0.9999847348959997
0.9999847438930709
0.9999858837539701
0.9999843161515137
0.9999849968620723
0.9999854314849408
0.999984140580211
0.999985203278664
0.9999848342070341
0.9999840892418003
0.9999853135858415
0.9999843358084558
0.9999840457148839
0.9999852477534219
0.9999838748584029
0.9999841269748726
0.9999849687687147
0.9999835349800148
0.9999843175756811
0.9999845191323374
0.9999833388321817
0.9999845667619518
0.9999839541016571
0.999983351661977
0.9999846859786149
0.9999834477498841
0.9999834895740453
0.9999844819256554
0.9999830237821437
0.9999836855809642
0.9999841035254088
0.9999829322434429
0.9999838450400172
0.9999834747847671
0.9999828485347906
0.9999839573168992
0.9999828275721645
0.9999829340699227
0.9999838653916647
0.9999824815000496
0.9999829692823659
0.9999834725995079
0.9999823040989302
0.9999831257996188
0.9999828809205232
0.9999822308232239
0.9999832748797242
0.9999823138679769
0.9999822068507817
0.9999830936883531
0.9999818911823155
0.9999822366679332
0.9999827505490718
0.9999817204262635
0.9999822923420828
0.9999822104100321
0.9999816205808412
0.9999824559194188
0.9999817527915015
0.999981677758804
0.9999823602294164
0.9999813345671453
0.9999817463255062
0.9999820798837522
0.9999810671092643
0.9999816953222787
0.9999816903915992
0.9999809718412872
0.9999816659645934
0.9999811665022673
0.9999809980577764
0.9999816526285451
0.9999806818153967
0.9999810826865532
0.9999814915633576
0.9999803750363386
0.9999811352693617
0.9999811042560766
0.9999803830447604
0.9999811566490567
0.9999805732076564
0.9999803763437065
0.9999811645315831
0.9999800372535464
0.9999804389550232
0.9999809455420935
0.9999796690637092
0.999980439787396
0.9999805735880272
0.999979531625635
0.999980419613989
0.9999801241709401
0.999979586077379
0.9999803322167524
0.9999795721798193
0.9999796763862787
0.9999802075907631
0.9999791914250478
0.9999795962423158
0.9999800273157862
0.9999789328722121
0.9999797196863048
0.9999795946685152
0.9999787634785144
0.9999797819655162
0.9999790435275591
0.9999788461289785
0.9999797309976296
0.999978588170777
0.9999788831413502
0.9999795267281387
0.9999782712505415
0.9999790223593426
0.9999791793508797
0.9999781201489638
0.9999790113419527
0.9999785478870037
0.9999781150989575
0.9999788662993203
0.9999780360665165
0.9999781638401277
0.9999786815341408
0.9999776735659077
0.9999782937729147
0.9999784157668521
0.9999774498646915
0.9999783452940773
0.9999780223109668
0.9999774054890535
0.9999783049081223
0.9999774723141946
0.9999775799632226
0.9999781427751326
0.9999770750074893
0.9999778303210681
0.9999778253582573
0.999976881249258
0.9999778901277806
0.9999773698068812
0.999976889589523
0.9999778438052476
0.9999768526395049
0.9999769622250215
0.9999776809103916
0.999976458387792
0.9999770719524476
0.9999773289765638
0.9999762544563698
0.9999771207351383
0.9999768694315634
0.9999762017581211
0.9999770522458169
0.999976405245699
0.9999763405772369
0.9999769872588511
0.999975977778725
0.9999764467173299
0.9999767740473803
0.9999757786665316
0.9999765134170351
0.9999765370233625
0.9999756371680851
0.9999764761085955
0.9999760992917083
0.9999756619152838
0.9999764120694715
0.9999755874171504
0.9999757277222835
0.9999762861667361
0.9999751719349037
0.9999757702329052
0.9999760038262823
0.9999749334290129
0.9999758339960935
0.9999756520692714
0.9999748708575403
0.9999757534698276
0.9999753338319137
0.9999749114903554
0.9999756695301777
0.9999747393403352
0.9999749497126355
0.9999754807181587
0.9999743098513547
0.9999749325769192
0.9999750896122024
0.9999740940236408
0.99997489360785
0.9999748428545432
0.9999741811195365
0.9999748237219636
0.9999744306669507
0.9999741427513851
0.9999748547576608
0.9999738594607483
0.9999740237842334
0.9999746524188979
0.9999734359354809
0.999974059940904
0.999974363561437
0.9999732807377953
0.9999739975995585
0.9999738101804083
0.999973251551042
0.9999740202431601
0.9999733619701299
0.9999732299658972
0.9999738407823641
0.9999728953085574
0.9999732023891624
0.9999736067336035
0.9999726953069038
0.9999732246754738
0.9999732873821648
0.9999726677505574
0.9999730544844895
0.9999728013921279
0.9999726763525487
0.9999730105145639
0.9999723650026401
0.9999725512842685
0.9999728593844583
0.9999720113577101
0.9999723339204118
0.9999725548848195
0.9999719163940644
0.9999721880538704
0.9999720565899216
0.9999719234351103
0.9999721611055304
0.9999715583199652
0.9999718265710716
0.9999719542528496
0.9999712247330829
0.9999716441208496
0.9999718241003148
0.9999711780334509
0.999971466543897
0.999971528277553
0.9999712786706055
0.9999714873107326
0.9999710916762758
0.9999711467333564
0.9999713813518747
0.9999707044372146
0.9999709395442147
0.9999711578190277
0.9999704391213887
0.9999707397578721
0.9999708296818134
0.9999703532599554
0.9999707520975848
0.9999705410439976
0.9999703730055595
0.9999706207686723
0.9999703035286328
0.9999703523386189
0.9999704671856242
0.9999700088499971
0.9999700361050562
0.9999704282773191
0.9999697762093429
0.999969788357626
0.9999700987818129
0.9999695718517779
0.9999696347643929
0.9999697759738424
0.9999694425180317
0.9999695627435591
0.999969400984917
0.9999692110950114
0.9999694244200343
0.999969208732056
0.999968956046852
0.9999693551791373
0.9999688862172211
0.9999688507457969
0.9999691054611838
0.999968778793755
0.9999687832398991
0.9999688602432295
0.9999685352472002
0.9999687174682073
0.9999687038397562
0.9999682882994815
0.9999686696348438
0.9999684511729386
0.9999681284243488
0.999968610292063
0.9999681453524992
0.9999679251202579
0.9999685000008515
0.9999678051137455
0.9999677550975944
0.9999682586164198
0.9999675605974143
0.9999677350098719
0.9999679876446946
0.9999672623971015
0.9999677515549624
0.9999677285379092
0.9999670820808881
0.999967864448344
0.9999673494886022
0.9999670709771566
0.9999678815221381
0.9999670023694877
0.9999671674312155
0.999967658681962
0.9999665917488794
0.9999672166412398
0.9999672367667669
0.999966413628939
