0.999999065220505
0.9999952887600512
0.9999989312156173
0.9999953961158462
0.999998685821282
0.9999955891659096
0.999998342769534
0.9999958665086217
0.9999979265614104
0.9999962261989933
0.9999974800576638
0.9999965944091529
0.9999969748361598
0.9999969715969875
0.9999965138846728
0.999997362461114
0.9999960586926562
0.999997684911906
0.999995676329584
0.9999979527108704
0.9999953273969638
0.9999981049510885
0.9999950908417004
0.9999981997205827
0.9999949806252971
0.9999981838951293
0.999994894256913
0.9999980376195454
0.9999949315568313
0.9999977898788059
0.9999950778270092
0.9999974830081765
0.9999952997377126
0.9999971255305791
0.9999955993979025
0.9999967552765368
0.999995957232502
0.9999963624627668
0.9999962603295517
0.9999959376478096
0.9999965345942805
0.9999955182472373
0.9999967951575741
0.9999951489179597
0.9999970317765766
0.999994885941735
0.9999971868087232
0.9999946486637663
0.9999972581318262
0.9999945098000269
0.9999972319150057
0.9999944824219429
0.9999971316320541
0.999994544253749
0.9999969143600592
0.9999946317157751
0.9999966505156024
0.9999948258200747
0.9999963091185967
0.9999950683784233
0.9999959172098726
0.9999953057450299
0.9999955437187754
0.9999955622744108
0.9999951790682305
0.9999958156959651
0.9999948059624788
0.9999959996389446
0.999994470904828
0.9999961552661846
0.999994206960643
0.9999962716892914
0.9999940069597136
0.9999962945775986
0.9999938698016954
0.9999962570901056
0.999993851047352
0.999996113111043
0.9999938215943693
0.9999959214475546
0.9999939321620561
0.9999956658328334
0.9999940713621319
0.9999953690474784
0.9999942714131749
0.9999950243184469
0.9999945176806522
0.9999946518201858
0.999994714382555
0.9999943052871721
0.999994901914858
0.9999939772535155
0.9999950779182254
0.9999936664088137
0.999995245522104
0.9999934192513886
0.9999953490841376
0.9999932027059955
0.999995385843038
0.9999930441905716
0.9999952990412079
0.9999930139326496
0.9999951739178418
0.9999930974680864
0.9999949995269709
0.999993168466512
0.9999947299137841
0.9999933139976037
0.9999944396264846
0.9999934995149459
0.9999941422945696
0.9999937062570662
0.9999937926140605
0.9999938794519697
0.9999934114173461
0.999994062193694
0.9999930906836513
0.9999942394527849
0.9999928315726305
0.9999943428124717
0.999992653025506
0.9999943986796032
0.9999924584071468
0.9999943892039843
0.9999924408155385
0.9999943318897077
0.9999924272984303
0.9999941768616795
0.9999924267989283
0.9999940126849401
0.9999925027864313
0.9999937882281749
0.9999926037196976
0.9999935513752055
0.9999927959335884
0.999993257209019
0.9999928908429949
0.9999929866966513
0.9999930414311212
0.9999926950230613
0.9999931688540626
0.9999924331434619
0.9999932803041383
0.9999921863009859
0.9999933674050823
0.9999919807927775
0.9999934192332809
0.9999918371808875
0.9999934217805933
0.9999916572713816
0.999993412460278
0.9999915617284474
0.9999932864201144
0.999991521394276
0.9999931257711897
0.9999915869095021
0.999992921452582
0.9999916775263662
0.9999926923370204
0.9999917684257025
0.9999924429355695
0.9999918964592605
0.999992174049114
0.999992008356925
0.9999919232590156
0.9999921816182105
0.9999916817497667
0.9999923167950463
0.999991451741187
0.9999923905379111
0.9999912681982064
0.9999923677146669
0.9999911022061013
0.9999923620777398
0.9999910129543075
0.9999923476850976
0.9999909004202702
0.9999922865255582
0.9999907993119231
0.9999921574657565
0.9999907200674653
0.9999919796230851
0.9999907691171055
0.9999917806820343
0.9999908502062352
0.9999915368073091
0.9999909583452385
0.9999912947754411
0.9999910678787874
0.9999910879408944
0.9999911823606397
0.9999908800987644
0.9999913003694848
0.999990689457562
0.9999913506180048
0.9999904747908605
0.9999913781850699
0.9999902781009914
0.9999913975950561
0.9999901152521705
0.9999913534095929
0.9999899649527504
0.9999912672925833
0.9999898989735103
0.9999911805223978
0.999989859910465
0.999991042961471
0.9999899084270072
0.9999908705340641
0.9999900158417323
0.9999906518667282
0.9999901009145812
0.9999904841240128
0.9999901867392487
0.9999902555408146
0.9999902684236105
0.9999900315549698
0.9999903448621988
0.9999897886684651
0.9999904191805036
0.9999896485584515
0.9999904307006365
0.9999894716884941
0.9999904563567464
0.9999893073706446
0.9999904241245623
0.9999892849635361
0.9999903744961376
0.9999891842992531
0.999990302117735
0.999989170163954
0.9999901532543912
0.9999891316554403
0.9999900049846169
0.9999892075450181
0.9999898301169315
0.999989267436479
0.9999896519904218
0.9999893635050648
0.9999894327561101
0.9999894253048673
0.9999892498607735
0.9999894737262592
0.999989019045194
0.9999895406591276
0.9999888513757275
0.9999895652588583
0.9999887570163078
0.9999896109398352
0.9999886499378811
0.9999895577493829
0.9999885174546789
0.9999894698895134
0.9999884456150475
0.9999893706923119
0.9999884738403574
0.9999892546390945
0.9999884531022064
0.9999890906137539
0.9999884742177912
0.9999889033917698
0.999988466702759
0.9999886710964174
0.9999885381958714
0.9999885283557779
0.9999886194103779
0.9999883694511831
0.9999886994938841
0.9999882101478711
0.9999887273320921
0.9999880723134502
0.9999887710614624
0.999987957218821
0.9999887554345769
0.9999878618083607
0.9999887504817919
0.9999877634290816
0.9999886480144035
0.9999877830030465
0.9999885569286598
0.9999878071365932
0.9999883411814712
0.9999877513209021
0.9999881397790895
0.9999876859595489
0.9999879299340552
0.9999877382313408
0.9999877547597219
0.9999877731480783
0.9999876028561439
0.9999877960858624
0.9999874757661976
0.9999877865116047
0.99998739665117
0.9999877860250995
0.9999873366515664
0.9999877601262843
0.9999872331502926
0.9999877659344838
0.9999871809499127
0.9999877698505678
0.9999870861978433
0.9999877355991449
0.9999870631593614
0.9999876465026002
0.9999870036894368
0.9999875107268209
0.9999869359201761
0.9999873326906509
0.9999868477757938
0.999987150053543
0.9999868231960705
0.9999869711412177
0.99998685171254
0.9999867691538409
0.9999868859908664
0.9999866331365421
0.9999869180253075
0.9999865577168319
0.9999869224929339
0.999986508991637
0.9999869010447635
0.9999864710899079
0.999986869393882
0.999986416576888
0.9999868479520395
0.9999862934469805
0.9999867988922658
0.9999861910043261
0.9999866494362012
0.9999861112192809
0.9999864749097971
0.9999860427631277
0.9999863250043043
0.9999860277972318
0.9999861561894796
0.9999860180620639
0.9999860640983307
0.9999860026409962
0.9999858911516006
0.9999860677263213
0.9999857617245137
0.9999860734561132
0.9999856520192022
0.9999861204698937
0.9999855362079286
0.9999860551555394
0.9999855268099604
0.9999860232172749
0.9999854453682908
0.9999859908705783
0.9999854371109453
0.9999859025032654
0.9999853842508485
0.999985745052546
0.9999853117383364
0.9999855809433753
0.9999852563707409
0.999985366776643
0.9999852987847454
0.9999851601328912
0.9999853076881621
0.9999850131278543
0.9999852521440509
0.999984834052181
0.9999852089106182
0.9999847362842837
0.9999851595301836
0.9999846481833169
0.9999851435279765
0.999984621284776
0.9999850912742899
0.999984549082072
0.9999850133841588
0.9999844742320845
0.9999849292824949
0.9999844202442135
0.9999847754897195
0.9999843927535839
0.9999846506106174
0.9999843212171146
0.9999845182642724
0.9999843622826935
0.9999843370021204
0.9999843724524752
0.9999842209674435
0.9999843674009634
0.9999841304281986
0.9999843588959482
0.9999839911139017
0.9999843509879497
0.9999839518325101
0.999984327030151
0.9999838452606221
0.9999842523503482
0.9999838779447741
0.9999842188875373
0.9999838232831345
0.9999840383475296
0.9999838359111797
0.9999839303907911
0.9999838129182493
0.9999838228065204
0.9999838091106136
0.999983666826629
0.9999837900140659
0.999983534048214
0.999983755050508
0.9999834017699881
0.9999837043623798
0.9999833051713849
0.999983710018805
0.9999832110061271
0.9999837202125927
0.9999831782182259
0.9999836490907268
0.9999830290978259
0.9999835382699365
0.999983037366744
0.9999834756259262
0.99998300791003
0.9999834013763805
0.9999829886662623
0.9999834015039679
0.999982956725438
0.9999832327742574
0.9999829253787619
0.9999830892521121
0.9999829217500519
0.9999829378955397
0.9999829487247299
0.9999828587456309
0.9999829208104792
0.9999826600460572
0.9999828650094779
0.9999825911165983
0.9999828322177716
0.9999824187605283
0.9999828033864734
0.9999823691351507
0.9999827737830432
0.9999823399095319
0.9999827284628401
0.9999823118141556
0.9999826572658933
0.9999823017070006
0.9999825310910122
0.9999822456013203
0.9999824077203755
0.9999821923240764
0.9999823272093562
0.9999821899686379
0.9999821633431857
0.999982222167368
0.9999820300874301
0.9999821734440169
0.9999818678596749
0.9999821996836676
0.9999817641284013
0.9999821380697682
0.9999815868505111
0.9999820766902796
0.9999815205959858
0.9999820512998212
0.9999815132875909
0.9999819745216293
0.9999815351586068
0.9999819385216101
0.9999814490075918
0.9999819244689687
0.9999814739666598
0.9999818130594004
0.9999814655766998
0.9999817373051653
0.999981476200254
0.9999816093531938
0.9999815176669143
0.9999814291474453
0.9999815686731006
0.9999813399724387
0.9999815263651514
0.9999811344180977
0.9999815365067907
0.9999809703597107
0.9999814390005388
0.9999808749674359
0.999981434238129
0.9999808113121791
0.9999813238428664
0.9999806717898511
0.999981287874504
0.9999806220183465
0.9999811549628872
0.999980636821273
0.9999810930511721
0.9999806308723906
0.9999809948056064
0.9999805916242798
0.9999808756274546
0.9999806477164919
