0.9999999485256659
0.9999999363486745
0.9999999000976155
0.9999998478075663
0.9999997924871722
0.9999997501842676
0.9999997339690098
0.9999997436139945
0.9999997750586017
0.9999998193612117
0.9999998643640239
0.9999999000721004
0.9999999212413732
0.9999999220286555
0.9999998999886329
0.999999858232854
0.9999998071219133
0.9999997610539829
0.99999973147431
0.9999997257399889
0.9999997450214897
0.9999997812032599
0.9999998236934127
0.9999998621111772
0.999999890898222
0.999999902364885
0.999999892840654
0.9999998617636902
0.9999998153182065
0.9999997672657851
0.9999997316297075
0.9999997140291371
0.9999997219878619
0.9999997472204998
0.9999997832016877
0.9999998206710172
0.999999852977557
0.9999998728688216
0.9999998746428573
0.9999998559461097
0.9999998204799279
0.9999997759915408
0.9999997334511264
0.9999997074749023
0.999999704529106
0.9999997218910183
0.9999997514091852
0.9999997858887049
0.9999998180590449
0.9999998405285578
0.9999998507748611
0.9999998422657712
0.9999998165056236
0.9999997761439847
0.9999997363725677
0.9999997067971418
0.9999996949428173
0.9999997033474203
0.9999997254971382
0.9999997551036427
0.9999997823156838
0.9999998073297167
0.999999824528819
0.9999998273920193
0.9999998115973463
0.9999997795686538
0.9999997407526248
0.9999997078814364
0.9999996878935441
0.9999996860168067
0.9999997009718665
0.9999997238709749
0.9999997504962885
0.9999997737987866
0.9999997920119527
0.9999998010989009
0.9999997966666944
0.9999997737817046
0.9999997404347906
0.9999997050016181
0.9999996776420789
0.999999668890873
0.9999996766728335
0.9999996954501832
0.9999997182719875
0.999999741536356
0.9999997618970704
0.9999997762109585
0.9999997766096301
0.9999997631495386
0.9999997349380456
0.9999997022609846
0.9999996740577705
0.9999996569448267
0.9999996538319256
0.9999996668437947
0.9999996860727439
0.9999997083770699
0.9999997297123908
0.9999997445465534
0.9999997518496518
0.9999997457428391
0.9999997261311603
0.9999996958811285
0.999999665245988
0.9999996445828885
0.9999996358002657
0.9999996406962072
0.9999996563932787
0.9999996768082682
0.9999996972189069
0.9999997150610035
0.9999997242013214
0.9999997240573547
0.999999711870358
0.9999996884640185
0.9999996604449524
0.9999996366040077
0.9999996237570871
0.9999996230802852
0.9999996333942408
0.9999996479552122
0.999999665772511
0.9999996821794253
0.999999694375722
0.9999997003488306
0.9999996947162605
0.9999996768465332
0.9999996519951261
0.9999996283206414
0.9999996111147224
0.999999606039882
0.9999996084783517
0.9999996199808932
0.9999996351451026
0.9999996535275381
0.9999996682984325
0.9999996772230286
0.999999676363968
0.999999664149654
0.9999996405740136
0.9999996142271919
0.9999995928963742
0.9999995836318009
0.999999585226644
0.9999995941549459
0.9999996066212192
0.9999996226536443
0.9999996393858454
0.9999996517841926
0.9999996542137569
0.999999645620335
0.9999996254997332
0.9999996004200914
0.9999995798393545
0.9999995647758604
0.9999995597661151
0.9999995642188628
0.9999995747361058
0.9999995913066779
0.9999996085830971
0.9999996241562157
0.9999996332135958
0.9999996290056579
0.9999996129759761
0.9999995898763293
0.9999995663809192
0.9999995477351792
0.9999995384574479
0.9999995404933857
0.9999995503298876
0.9999995642443847
0.9999995786373157
0.9999995943476625
0.9999996042640868
0.9999996047185062
0.9999995950745003
0.9999995761802264
0.9999995546553224
0.9999995352390227
0.9999995223603254
0.9999995162809007
0.9999995202455109
0.9999995310820282
0.9999995461233222
0.9999995621292737
0.9999995752836067
0.9999995810718192
0.9999995773752323
0.9999995607084534
0.9999995384239969
0.9999995170757116
0.9999995020671324
0.9999994953437437
0.9999994954981885
0.9999995015482915
0.9999995142259073
0.9999995304402358
0.9999995464215792
0.9999995555945227
0.9999995572696927
0.999999546144733
0.9999995286203881
0.9999995099085223
0.999999492616309
0.999999481857396
0.9999994767635916
0.9999994793916026
0.9999994894855601
0.9999995039270662
0.9999995190865824
0.9999995289745034
0.9999995334097229
0.9999995284849287
0.9999995169247675
0.9999994984644398
0.9999994800260203
0.9999994654733423
0.999999457562101
0.9999994547274718
0.9999994619752206
0.9999994750370581
0.999999488033445
0.9999995022291407
0.9999995092196079
0.9999995070564391
0.9999994975104051
0.9999994834704921
0.9999994657884849
0.9999994504798471
0.999999435035654
0.9999994281434448
0.9999994296819144
0.9999994417071643
0.9999994572210763
0.9999994718310588
0.9999994815430887
0.9999994825574093
0.999999477516426
0.9999994684896782
0.9999994535264317
0.9999994360296752
0.9999994214709498
0.9999994130721249
0.999999410770427
0.9999994154048524
0.9999994242814815
0.9999994373613874
0.9999994482873517
0.9999994546919612
0.9999994573554987
0.9999994533793728
0.9999994438833845
0.9999994321133622
0.9999994180478733
0.9999994024723189
0.9999993942673032
0.9999993931802467
0.9999993977667311
0.9999994064995255
0.9999994163649724
0.9999994240863649
0.9999994273833115
0.9999994285872467
0.9999994230279909
0.999999414193473
0.9999994004692128
0.9999993825600625
0.9999993722867649
0.9999993690937783
0.9999993722643722
0.999999381008542
0.9999993896446323
0.9999993990851763
0.9999994042299543
0.999999405733287
0.9999994019074505
0.9999993939919097
0.9999993835134818
0.9999993707882608
0.9999993564673564
0.9999993489446615
0.9999993497848257
0.9999993562181028
0.9999993652973393
0.9999993746125698
0.9999993804435242
0.9999993816960482
0.999999379136525
0.9999993706230283
0.999999359666997
0.9999993480906524
0.999999337067244
0.9999993275509284
0.9999993259163266
0.9999993312765503
0.9999993372520125
0.9999993458499354
0.9999993535769777
0.9999993550262215
0.999999354558269
0.9999993498191145
0.9999993427669579
0.9999993308374938
0.9999993230152315
0.9999993116404656
0.9999993060980226
0.9999993059668031
0.9999993094257661
0.9999993168715264
0.999999323275491
0.9999993284431528
0.999999332989037
0.9999993331322865
0.999999332210412
0.9999993255472667
0.9999993142250689
0.9999993023161498
0.9999992918749903
0.999999288439894
0.9999992875430549
0.9999992897594417
0.9999992971439017
0.9999993046703803
0.9999993099407397
0.9999993146085506
0.9999993165196136
0.9999993143739678
0.9999993046165069
0.9999992897609555
0.9999992754855401
0.99999926567226
0.999999263398907
0.9999992680568411
0.9999992766824134
0.9999992827859202
0.9999992875974805
0.9999992905143424
0.9999992928485539
0.99999929314125
0.9999992890156744
0.999999278788343
0.999999265938411
0.9999992535332982
0.999999247241131
0.9999992456087412
0.9999992496329168
0.9999992541894304
0.9999992580090002
0.9999992613687564
0.999999264243095
0.9999992663610598
0.9999992616182343
0.9999992509323757
0.9999992384308442
0.9999992254793417
0.9999992205279411
0.9999992197618892
0.9999992229375004
0.9999992259039577
0.9999992321981771
0.9999992355057997
0.9999992403738042
0.9999992425680213
0.9999992386798711
0.9999992319685145
0.9999992209354926
0.9999992084910385
0.9999991991702343
0.9999991948426155
0.9999991962580901
0.9999992000066481
0.9999992045581615
0.9999992093402027
0.999999212928725
0.9999992157846459
0.999999215682566
0.9999992123779966
0.999999204441161
0.999999193616108
0.9999991841882712
0.9999991765670969
0.9999991723684207
0.9999991734620949
0.9999991746088688
0.9999991791384578
0.9999991845388329
0.9999991903543136
0.9999991906560889
0.9999991884224735
0.9999991814891691
0.9999991741101556
0.9999991640730416
0.9999991557471027
0.9999991486659314
0.9999991476745382
0.9999991496573778
0.9999991518621173
0.9999991551317814
0.9999991603099706
0.9999991633330886
0.9999991661651386
0.9999991657694354
0.9999991551368927
0.9999991443491921
0.99999913321773
0.999999127388968
0.9999991241971224
0.9999991225889255
0.9999991247580821
0.9999991264310327
0.9999991303687856
0.9999991312558473
0.9999991353649897
0.9999991361279048
0.9999991311613415
0.9999991244720865
0.9999991174869419
0.9999991109909177
0.999999105856294
0.9999991034269905
0.9999990989509562
0.9999991005689919
0.9999991014094858
0.9999991047003219
0.9999991070741053
0.9999991054798638
0.9999991058142484
0.9999991022391072
0.9999990980180519
0.9999990917852901
0.9999990864151512
0.999999080837732
0.9999990753253072
0.9999990739370521
0.9999990723652937
0.9999990758056078
0.9999990801485557
0.999999080818809
0.9999990820739857
0.9999990818266253
0.9999990777805355
0.9999990747765546
0.9999990695740396
0.9999990657180982
0.9999990604267446
0.9999990555240854
0.9999990557644767
0.9999990547148091
0.9999990561027772
0.9999990586118881
0.9999990595665726
0.9999990579899112
0.9999990549011326
0.9999990517282844
0.9999990482051172
0.9999990466326366
0.9999990430592338
0.9999990392129627
0.9999990345880378
0.9999990323763185
0.9999990334703093
0.9999990363452922
0.9999990380018324
0.9999990379947445
0.9999990359475012
0.999999032047279
0.999999029670761
0.9999990258262242
0.9999990211118776
0.9999990174856249
0.999999013742386
0.9999990077080231
0.9999990057679787
0.9999990043638707
0.9999990070099468
0.9999990118242372
0.999999012808596
0.9999990153388963
0.9999990136583251
0.9999990128849847
0.9999990047274475
0.9999989940705374
0.9999989842869028
0.9999989782029733
0.9999989751626306
0.9999989774741564
0.9999989816797764
0.9999989848755991
0.9999989895231104
0.9999989927800063
0.9999989925938987
0.9999989884733315
0.9999989837169088
0.999998978042732
0.9999989713765423
0.9999989624427862
0.9999989600349859
0.9999989585388599
0.9999989600040078
