0.9999999282270324
0.9999997929294582
0.9999996391575297
0.9999997555346654
0.9999999134881147
0.9999998192031431
0.9999996461494276
0.9999997140352233
0.9999998901492504
0.9999998423023613
0.9999996574400982
0.9999996842647683
0.999999860295336
0.9999998575982596
0.9999996735730193
0.9999996533030218
0.9999998243802951
0.9999998672374845
0.9999996939303173
0.9999996275199196
0.9999997840202677
0.9999998685965438
0.9999997165137957
0.9999996144676072
0.9999997436459227
0.9999998609280965
0.9999997399203068
0.9999996078220911
0.999999705698057
0.9999998443576187
0.999999760803984
0.9999996091837133
0.9999996755360433
0.9999998218709452
0.9999997784314107
0.9999996169964038
0.9999996426487089
0.9999997929315211
0.9999997941694415
0.999999631932497
0.9999996168520097
0.9999997594386777
0.9999998018036091
0.9999996502400701
0.9999995953742911
0.9999997218925933
0.9999997992180499
0.9999996686636661
0.9999995808933153
0.9999996847449312
0.9999997883573545
0.9999996925767748
0.9999995740561254
0.999999652741797
0.9999997715982709
0.9999997085883845
0.9999995719951308
0.9999996198590608
0.9999997520700027
0.9999997239444428
0.9999995819559053
0.9999995964094276
0.9999997263247694
0.9999997347097465
0.9999995944505282
0.9999995746782816
0.9999996996897267
0.9999997372198101
0.9999996085861625
0.9999995568984649
0.9999996674962254
0.9999997317779219
0.9999996251457163
0.9999995416927765
0.9999996368136453
0.9999997221332252
0.9999996389021993
0.9999995342181353
0.9999996026118093
0.9999997063386411
0.9999996498113983
0.9999995334654121
0.9999995752796803
0.9999996821729056
0.9999996581981803
0.9999995387909186
0.999999553658995
0.9999996599967048
0.9999996603606892
0.9999995436220358
0.9999995363698998
0.9999996353901225
0.9999996613749653
0.9999995529942263
0.9999995243260238
0.9999996093362665
0.9999996548891094
0.9999995623799119
0.9999995084961822
0.9999995881194955
0.9999996478310962
0.9999995724299338
0.9999994928762611
0.9999995598590077
0.9999996334472628
0.9999995806730627
0.999999484685867
0.9999995317843338
0.9999996181119158
0.9999995866709445
0.9999994867919237
0.9999995093456893
0.9999995950414217
0.9999995897794118
0.999999489972911
0.9999994884560846
0.9999995729470711
0.9999995907678586
0.9999994991403965
0.9999994739420729
0.9999995457202797
0.9999995818422519
0.9999995026566425
0.9999994619315369
0.9999995203366981
0.9999995707930351
0.9999995106085946
0.9999994531548897
0.9999995006146959
0.9999995619569622
0.9999995115979844
0.9999994453699459
0.9999994794270252
0.9999995486110481
0.9999995161287728
0.9999994421764404
0.999999459843814
0.9999995330436249
0.9999995181111305
0.9999994441788531
0.9999994413022119
0.9999995082315895
0.9999995190996906
0.9999994399166201
0.9999994226427672
0.9999994845603415
0.9999995151464258
0.9999994405566639
0.9999994058164542
0.9999994605623718
0.9999995065106335
0.9999994458772705
0.99999939962024
0.9999994395096188
0.9999994942673961
0.9999994484442617
0.9999993900652193
0.9999994202126617
0.9999994741774294
0.999999450536999
0.9999993843221002
0.9999994015147242
0.9999994576746393
0.9999994540606743
0.9999993852872906
0.99999938028869
0.99999943685634
0.9999994441822687
0.9999993824636283
0.9999993620056046
0.9999994174122755
0.9999994340794779
0.9999993813763272
0.9999993465513464
0.9999993930037921
0.9999994240533208
0.9999993815720692
0.999999339664492
0.9999993758428655
0.999999411214495
0.9999993825559074
0.9999993342613742
0.9999993513357451
0.9999993946054644
0.9999993846645775
0.9999993283704786
0.9999993295123341
0.9999993773904788
0.9999993755776239
0.999999322997602
0.999999313046791
0.999999360244606
0.9999993687462767
0.9999993191263905
0.9999993005003669
0.999999343724178
0.9999993601749392
0.9999993133498029
0.999999289233056
0.9999993256798474
0.9999993509135009
0.9999993093064717
0.9999992788050429
0.99999930668738
0.9999993397880238
0.9999993056432102
0.9999992681834466
0.9999992864078875
0.9999993300644525
0.9999993047148681
0.9999992636760587
0.9999992673852286
0.9999993144708728
0.9999993013516629
0.9999992591194051
0.9999992550040857
0.9999992963955872
0.9999992950626612
0.999999253682255
0.9999992399010328
0.999999280524767
0.999999293607504
0.9999992497999309
0.9999992247911293
0.9999992557558458
0.9999992778246046
0.999999243954826
0.9999992158727337
0.9999992349008042
0.9999992678145028
0.9999992432074852
0.9999992097323951
0.999999215581275
0.9999992551951425
0.9999992345349858
0.9999992052391347
0.9999992009784118
0.999999235341639
0.9999992311641324
0.9999992012238346
0.99999919000324
0.9999992246641668
0.9999992269899238
0.9999991956689972
0.9999991806593213
0.9999992119691594
0.9999992240813643
0.9999991895078099
0.9999991732314707
0.9999992026989193
0.9999992203116795
0.9999991818927625
0.9999991660218324
0.999999185690821
0.9999992077717006
0.9999991794403326
0.9999991582191626
0.9999991700797939
0.9999991994614938
0.9999991709378546
0.9999991537195387
0.9999991603298162
0.9999991842626442
0.9999991684744856
0.9999991485843077
0.9999991509173184
0.999999168989777
0.999999165589208
0.9999991333901195
0.9999991427850577
0.9999991563140257
0.9999991618278565
0.9999991277406821
0.99999913091123
0.9999991405949008
0.9999991496954536
0.999999119571268
0.9999991221461845
0.9999991269315143
0.9999991422094368
0.9999991159480804
0.9999991090447854
0.9999991168352644
0.9999991335797142
0.9999991104920308
0.9999990957487239
0.9999991034908665
0.9999991215594262
0.9999991048933686
0.9999990890633456
0.9999990920396361
0.9999991058838327
0.9999990952415301
0.9999990765078103
0.9999990802261443
0.9999990905741788
0.9999990886753996
0.9999990638752386
0.9999990703000086
0.9999990797940163
0.9999990874278029
0.9999990543148091
0.9999990557764679
0.9999990634696958
0.9999990769884765
0.999999046379743
0.9999990382214679
0.9999990465484276
0.999999065443878
0.99999903502977
0.9999990242825119
0.9999990352457353
0.999999054930245
0.9999990336828934
0.9999990117999759
0.999999022012619
0.9999990371640757
0.9999990290255617
0.9999990049221043
0.999999016122581
0.9999990289810533
0.999999024955598
0.9999989958354433
0.9999990034129483
0.9999990113068935
0.9999990163084789
0.9999989833121705
0.9999989874031997
0.999998999546365
0.9999990102541201
0.9999989761896879
0.9999989691233732
0.9999989856200318
0.9999989958908206
0.9999989722384329
0.9999989597201764
0.9999989760187289
0.999998986521186
0.9999989689653698
0.9999989473337015
0.9999989636492875
0.9999989774657665
0.9999989704112805
0.9999989443905811
0.9999989529973575
0.9999989675231079
0.9999989695157697
0.9999989372005178
0.9999989352898256
0.9999989527913199
0.99999896152603
0.9999989335534791
0.9999989275493538
0.9999989403448183
0.999998952015129
0.9999989246119981
0.9999989141296037
0.999998926199787
0.9999989391035682
0.99999891498973
0.9999989053868074
0.9999989084682596
0.9999989259097547
0.9999989079043686
0.9999988930604232
0.9999988960226691
0.9999989117070519
0.9999988978722982
0.9999988822762559
0.9999988871514454
0.9999989044045959
0.9999988944893476
0.9999988760380318
0.9999988800422859
0.9999988954313234
0.9999988912168174
0.9999988710048202
0.9999988683478135
0.9999988842914225
0.9999988822025773
0.9999988583313615
0.9999988520942293
0.9999988726213298
0.99999887235817
0.9999988453521181
0.999998841684424
0.9999988603849805
0.999998860344392
0.999998839737584
0.999998833322679
0.9999988523341885
0.9999988503798671
0.9999988322901657
0.9999988238508223
0.9999988368743205
0.9999988411939793
0.999998829447062
0.9999988146691651
0.9999988209021689
0.9999988266015793
0.9999988204683964
0.9999987996386414
0.999998803941941
0.9999988181768565
0.9999988112643959
0.9999987951485086
0.9999987972270842
0.999998807578702
0.9999988067962817
0.9999987873412284
0.9999987877040933
0.9999987989012038
0.9999987958143561
0.9999987848474636
0.9999987808744757
0.9999987879421183
0.9999987802415375
0.9999987740729134
0.9999987689676232
0.9999987739981985
0.9999987746322943
0.9999987655176305
0.9999987556299466
0.9999987696483054
0.999998771501015
0.9999987576080042
0.9999987503119335
0.9999987629103978
0.9999987576971334
0.9999987452102406
0.9999987284796464
0.9999987470478959
0.9999987495468076
0.999998730682338
0.9999987207859733
0.9999987378463799
0.9999987426345549
0.9999987217972948
0.9999987153831985
0.9999987200208391
0.9999987289497991
0.9999987128616077
0.9999987037139443
0.9999987044789729
0.9999987154082145
0.9999986999158427
0.9999986951518065
0.999998692625999
0.9999987002550534
0.9999986965861866
0.9999986874502284
0.9999986771589874
0.9999986840744264
0.9999986823259038
0.9999986818254513
0.9999986719347292
0.9999986753408264
0.9999986746451689
0.9999986686073093
0.9999986621806126
0.9999986660717375
0.9999986663716444
0.9999986570464092
0.9999986495379853
0.9999986548787031
0.9999986614658846
0.9999986513148581
0.9999986346316004
0.9999986412187499
0.9999986498776525
0.9999986392645882
0.9999986255412856
0.9999986307100103
0.9999986411163948
0.9999986359438313
0.9999986209863083
0.9999986239871677
0.9999986299393752
0.9999986251033869
0.9999986130225975
0.9999986053457075
0.9999986074912341
0.9999986075468026
0.999998598849866
0.9999985936529504
0.9999985917890148
0.9999986003581312
0.9999985883522364
0.999998579462421
0.9999985812383124
0.999998591015013
0.9999985845971259
0.9999985742256241
0.9999985697450723
0.9999985770643549
0.9999985723904858
0.9999985652977538
0.9999985591838357
0.9999985677220796
0.9999985693918745
