0.9999990585512375
0.9999951959042236
0.9999989183830822
0.9999952714640244
0.9999986795590959
0.9999954795467116
0.9999983497354363
0.9999957887191557
0.9999979531161477
0.9999961856117485
0.9999974952320932
0.9999965890881094
0.9999969887311029
0.9999970182923538
0.9999964978304403
0.9999973989404227
0.9999960369838565
0.9999977145752664
0.9999956709302349
0.9999979620403722
0.9999953460069708
0.9999981193901211
0.9999951035648165
0.9999981825863186
0.9999949853819334
0.9999981480232134
0.9999949409992347
0.9999980080388893
0.9999949672276726
0.9999977757361266
0.9999951046224905
0.9999974389886982
0.9999953364584996
0.999997054799181
0.9999956511029925
0.999996642353035
0.9999959641230504
0.9999962207612829
0.9999962711630214
0.9999957700262714
0.999996561089882
0.9999953779738475
0.999996806721528
0.9999950111863704
0.9999970382805701
0.9999947412544089
0.9999971652782709
0.9999945238202753
0.9999972130829172
0.9999944049797549
0.9999971899037029
0.9999943443951117
0.9999970488876778
0.9999943847621431
0.9999968577656169
0.99999452824368
0.9999966162163404
0.9999946737999335
0.9999962647990859
0.9999949085982913
0.9999959257104828
0.999995173040969
0.9999955168972667
0.9999954697960552
0.9999951330543282
0.9999957405071952
0.9999947133600937
0.9999959570390576
0.9999943621356593
0.9999961144172747
0.9999940563915513
0.9999962287713935
0.9999938723582447
0.9999962794539333
0.9999937882094534
0.9999962460612648
0.9999937886529493
0.9999961341137926
0.9999938503001125
0.9999959442740888
0.9999940190712597
0.9999956487659918
0.9999941983856128
0.9999953507787562
0.999994392225167
0.9999949688412735
0.9999946141647139
0.9999946213952562
0.9999948127982816
0.999994247259468
0.9999949920303487
0.9999939575006708
0.9999951206842878
0.9999937040415334
0.99999522420526
0.9999935201084381
0.9999953066576788
0.9999933533954966
0.9999953316334245
0.9999932929126164
0.9999952891372773
0.9999932532574862
0.999995170997596
0.9999932952221233
0.9999950093508414
0.9999934006834211
0.9999947668125038
0.9999935345775423
0.9999944943672524
0.999993710013453
0.9999941831887821
0.9999938688443955
0.9999938830214403
0.9999940105882416
0.9999935583000413
0.9999941626917334
0.9999933243969826
0.999994223897805
0.9999931100698947
0.9999943308839354
0.9999928947656035
0.9999943994988151
0.9999927497515866
0.9999944141742172
0.9999926524661804
0.9999943573220971
0.999992642881811
0.9999942555904674
0.9999926613882338
0.9999940652844421
0.9999927485741631
0.999993820649231
0.9999928374412449
0.999993537813027
0.9999929811309972
0.9999932832016125
0.9999931230622666
0.9999930281690753
0.9999932888696328
0.9999927663748897
0.9999934320052745
0.9999925066571526
0.999993503310578
0.9999922427979114
0.9999935445015102
0.9999920903033491
0.9999935435700993
0.9999919746349141
0.9999935218782344
0.9999919397579906
0.9999934485804925
0.999991923265677
0.9999933122910484
0.99999198957156
0.9999931113312754
0.9999921131160786
0.9999928828053535
0.9999922237913954
0.999992635001892
0.9999923348020652
0.9999923855290216
0.999992477345091
0.9999921145777921
0.9999925575894365
0.9999918880522473
0.999992640072932
0.9999917206639157
0.9999927216657024
0.9999915829218005
0.9999927575548926
0.999991503324499
0.9999927536854016
0.9999913634477299
0.9999926926291707
0.9999912953367115
0.9999925744854604
0.9999913102830423
0.9999924494176793
0.9999912549710284
0.999992252509812
0.9999912882690795
0.9999920355907008
0.9999913792378274
0.9999917959097869
0.9999914461557204
0.9999915889003934
0.9999914940909853
0.9999913522324787
0.9999916202635224
0.9999911519258972
0.9999916883922141
0.9999910346558046
0.9999917567884926
0.9999908726929764
0.9999917296788982
0.9999907308267687
0.9999917825878364
0.9999906263100243
0.9999917583322026
0.9999905681309205
0.9999917025899397
0.9999905247886828
0.9999915547338355
0.9999904880151358
0.999991423447137
0.9999905057965309
0.9999912169219678
0.9999905266723632
0.9999910750626824
0.9999905566177965
0.9999908762268772
0.9999906505729025
0.9999906481043781
0.9999907560747167
0.9999904388056864
0.9999908107600778
0.9999902173652281
0.9999908768478296
0.9999900753505383
0.9999908872097407
0.9999899093183588
0.9999909007493673
0.9999897820992495
0.9999908703794362
0.999989660808712
0.9999907652902332
0.9999896335599352
0.999990666524337
0.9999896299908662
0.9999905502824724
0.9999896476219433
0.9999903410234655
0.9999896884790361
0.9999901616720064
0.999989784409405
0.9999899627583347
0.999989806130289
0.9999897709695501
0.9999898823382778
0.9999895312640671
0.9999899513738445
0.9999893777456225
0.9999899556913425
0.9999891664730471
0.9999899492740002
0.99998898479063
0.9999899075409758
0.9999888514440343
0.9999898598916279
0.9999888150171052
0.9999897965944733
0.9999887696716891
0.9999897095595832
0.9999887543138025
0.9999895823342833
0.9999888188381159
0.9999894319534954
0.999988857517281
0.9999892242898019
0.9999889172519508
0.9999890322581195
0.9999889610039685
0.9999888877092268
0.9999890181525815
0.9999887169863547
0.9999890824563179
0.9999885243868148
0.9999891145791046
0.9999883932176493
0.999989109811127
0.9999882647920029
0.999989022214866
0.9999881907564364
0.9999889969209675
0.999988038577612
0.9999889480728175
0.9999880069404156
0.9999888474510491
0.9999879909825903
0.9999886887140303
0.9999879759100618
0.9999885347817377
0.9999879734336063
0.9999884288372923
0.9999880337562874
0.9999883236621626
0.9999880318240386
0.9999881746208283
0.999988074903105
0.9999880278029404
0.9999880560992523
0.9999878534936614
0.9999880574794983
0.9999877295914767
0.9999880787296702
0.9999875934054208
0.999988079342448
0.9999873914412754
0.9999880262609995
0.99998726324857
0.9999880094854694
0.9999871400594864
0.9999879763825188
0.9999870164488878
0.9999879005167541
0.9999869761819123
0.9999877729520311
0.9999869389865952
0.9999876850888882
0.9999869167233966
0.9999875456823776
0.9999869858459653
0.999987351058397
0.9999871052522508
0.9999871779394995
0.9999871636207142
0.9999869826466508
0.9999872538838044
0.999986752375836
0.9999873106689454
0.9999865703253226
0.9999873886942542
0.9999864018945837
0.9999873620357981
0.9999862469948781
0.999987319064212
0.9999862289735523
0.999987229603214
0.9999861755064716
0.9999871133907862
0.9999861568318892
0.9999869998635238
0.9999861132202345
0.999986844505912
0.9999861721659015
0.9999866315089305
0.999986208081663
0.9999864749295377
0.9999862718072192
0.9999863396628152
0.9999863366275641
0.9999861935548979
0.9999864303341222
0.99998602465906
0.9999864660085886
0.9999858981579518
0.9999864918160094
0.999985746093869
0.999986487597896
0.9999856303868564
0.9999864439104753
0.9999855849701605
0.9999864227738506
0.9999855263870526
0.9999863195144593
0.9999855283555827
0.9999862147486361
0.9999855878112515
0.9999860573635823
0.9999855825872053
0.9999859105117131
0.9999856164532894
0.9999857777637611
0.9999856445099422
0.9999856172852981
0.9999857593528584
0.9999854231166236
0.9999858534660717
0.9999852229785176
0.9999858516659996
0.9999850265564504
0.9999858621730159
0.9999849052690002
0.9999858330359611
0.9999847626971082
0.9999858427796181
0.9999846688932226
0.9999857601532395
0.9999845858984664
0.9999856365658304
0.9999846085892268
0.9999855505974948
0.9999846314444415
0.9999854087343107
0.9999846474814557
0.9999851987616958
0.9999847132952848
0.9999850076457026
0.9999847799201927
0.9999848044849086
0.9999848313652007
0.9999845664371559
0.9999848540391388
0.9999843660414882
0.9999848941571251
0.9999841827403743
0.999984917382434
0.9999839773968866
0.9999848957006531
0.999983886377384
0.9999849507016397
0.9999838095972441
0.9999849587437725
0.9999838442684158
0.9999848642791561
0.9999838023397138
0.9999847823865385
0.9999837944916989
0.9999846468270309
0.9999838510107981
0.9999844902684085
0.9999838631423825
0.9999842837975808
0.9999839242807608
0.9999840372005856
0.999983926187218
0.9999838402015739
0.9999839575125912
0.9999836743065218
0.9999840273743279
0.9999834769967729
0.9999840896480959
0.9999833248015997
0.9999840792154847
0.9999832093650305
0.9999840394685986
0.9999831350941193
0.9999839331026419
0.9999830864070426
0.99998386205621
0.9999830437673104
0.999983713091906
0.9999830751835455
0.9999836659260328
0.9999830781821996
0.9999835035387128
0.9999830458068553
0.9999833355819533
0.9999830178191196
0.9999831968683204
0.9999829931342714
0.9999830510567458
0.9999830229904024
0.9999829365303922
0.9999830580030227
0.9999827491434478
0.9999830064088332
0.9999825949901195
0.9999830174881028
0.9999824646155877
0.9999829399959743
0.9999824140393015
0.9999829257718583
0.999982377069487
0.9999828743715314
0.9999823026058181
0.9999828552814182
0.9999822332209211
0.999982699804639
0.9999822414694279
0.9999825761922685
0.9999822931671685
0.9999824274240651
0.9999822583040182
0.9999823149816541
0.9999821995441865
0.9999822235192499
0.9999821763139299
0.9999821281202091
0.9999821606602056
0.9999819709261204
0.9999821612404813
0.9999818281634725
0.9999821328529389
0.9999817205553104
0.9999821232340418
0.9999815441342527
0.9999821479646438
0.9999815158053635
0.9999820626987337
0.9999814324212088
0.9999819717527861
0.9999813813320221
0.9999818388652887
0.99998140185091
0.9999816434802132
0.9999814453851961
0.9999815161079897
0.9999814469200153
0.999981404032592
0.9999814708803937
0.9999811980982739
0.9999814572763897
0.9999810875119547
0.9999814208573125
0.9999809690779977
0.9999813990332269
0.9999808675247751
0.9999813290852777
0.9999808146768635
