0.9999999016201647
0.9999995153366296
0.9999998881669778
0.9999995283447494
0.9999998630951014
0.9999995467461809
0.9999998274059119
0.9999995744740483
0.999999782235294
0.9999996073640971
0.9999997304678591
0.999999642501035
0.9999996787816121
0.9999996782170065
0.9999996279430967
0.9999997163590221
0.9999995782555258
0.9999997497850397
0.999999536240441
0.9999997772355078
0.9999995012581387
0.9999997970677746
0.9999994769736179
0.9999998076813893
0.999999465605842
0.9999998063149423
0.9999994648116413
0.9999997933224345
0.9999994771771168
0.9999997678104918
0.9999994907021149
0.9999997338836693
0.9999995129398043
0.9999996947487098
0.9999995420350111
0.9999996513126685
0.9999995718627288
0.9999996066147808
0.9999996030907242
0.9999995605784389
0.9999996330519603
0.9999995158967533
0.9999996627344415
0.9999994779266279
0.9999996859007164
0.9999994500396905
0.9999997033306867
0.9999994330976659
0.9999997104070759
0.9999994220131405
0.9999997063957505
0.9999994223863853
0.9999996966001825
0.9999994295611462
0.9999996735070615
0.9999994421680999
0.9999996439912747
0.9999994595357841
0.999999608653516
0.9999994815796178
0.9999995698851522
0.9999995074223037
0.999999525490072
0.9999995325507893
0.9999994868445147
0.9999995567625812
0.9999994529113143
0.9999995760697856
0.9999994265836388
0.9999995907239689
0.9999994027666143
0.9999995998978828
0.9999993875086841
0.999999601511626
0.9999993798564208
0.9999995976750942
0.9999993715060171
0.9999995846137891
0.9999993740478286
0.999999565047219
0.9999993843422019
0.9999995369557678
0.9999993992139276
0.9999995061191524
0.9999994161037372
0.999999472415291
0.9999994311100305
0.9999994452507883
0.999999446627682
0.9999994125509898
0.9999994655766424
0.9999993884257264
0.9999994848132409
0.9999993652981594
0.9999994995436682
0.9999993474616174
0.9999995054617865
0.9999993314399169
0.9999995073845105
0.9999993197793171
0.9999995019405181
0.9999993138252018
0.9999994870679249
0.9999993144587311
0.9999994704998382
0.9999993175537243
0.9999994457938925
0.9999993231369925
0.9999994170464903
0.9999993336661828
0.999999385464899
0.9999993455260513
0.9999993557817602
0.9999993608230169
0.9999993320637544
0.9999993777874971
0.9999993094863596
0.9999993917787122
0.9999992901381942
0.9999994036846398
0.9999992733669371
0.9999994067879935
0.9999992639524234
0.9999994061146777
0.9999992534486111
0.999999402514708
0.999999248412143
0.9999993916976236
0.9999992546187808
0.9999993703333742
0.9999992542790751
0.9999993483656859
0.9999992535480248
0.99999932261712
0.9999992588653229
0.9999992999804331
0.9999992678203604
0.9999992736232526
0.9999992773681662
0.9999992559456593
0.9999992884626973
0.9999992360148112
0.9999992978686626
0.9999992133885051
0.9999993028903176
0.9999992059051683
0.999999301742938
0.9999991934356459
0.9999993000246142
0.9999991862420203
0.9999992958474165
0.9999991807114278
0.999999285894071
0.9999991700810416
0.9999992731840701
0.9999991679689758
0.9999992530350732
0.9999991714839914
0.9999992383530556
0.9999991779463335
0.9999992198145543
0.9999991843815688
0.9999992013143729
0.99999918934584
0.9999991789315469
0.9999991969088494
0.9999991567598542
0.9999992070735628
0.9999991341691987
0.9999992140522874
0.9999991195546896
0.999999213068719
0.9999991037308302
0.9999992093249337
0.9999990967656075
0.999999203787708
0.9999990913195645
0.999999195877625
0.9999990875851805
0.9999991792925838
0.9999990841061556
0.9999991596698509
0.9999990844869641
0.9999991425509559
0.9999990904371596
0.9999991202434778
0.9999990954573245
0.9999991001537996
0.9999991055719029
0.999999079471293
0.9999991106517421
0.9999990656383693
0.999999109741328
0.9999990472624772
0.9999991159052325
0.9999990309050971
0.9999991127912359
0.9999990192719637
0.9999991068625534
0.9999990080742088
0.9999991020984814
0.99999899975129
0.9999990950986793
0.9999989957413996
0.9999990820579137
0.9999989936953493
0.999999066498048
0.999998990317194
0.9999990513529707
0.9999989955953535
0.9999990285302974
0.9999990052051754
0.9999990134015921
0.9999990063132449
0.9999989918914111
0.9999990092771868
0.9999989847949838
0.9999990067622013
0.9999989708841547
0.9999990111464552
0.9999989545332942
0.9999990136559144
0.9999989412163066
0.9999990064623087
0.9999989311744677
0.9999989981259374
0.9999989258465094
0.9999989897551786
0.9999989167835625
0.9999989783691221
0.9999989100816986
0.9999989672193329
0.9999989063108796
0.9999989524060461
0.9999989012845883
0.999998939851922
0.9999989013214975
0.9999989283755126
0.9999989032881403
0.999998915488277
0.9999989095616134
0.9999989020807103
0.9999989123425354
0.9999988936197899
0.9999989142335025
0.9999988805083467
0.9999989103374319
0.9999988685231613
0.9999989070558981
0.9999988556226336
0.9999989020302229
0.9999988473838913
0.9999988958091448
0.9999988360684062
0.9999988887103136
0.9999988251358402
0.999998877015205
0.9999988200676205
0.9999988611489162
0.999998820963239
0.9999988501177113
0.999998821509353
0.9999988378534549
0.9999988185718923
0.9999988263328482
0.9999988180299295
0.9999988168090345
0.9999988192149107
0.9999988048973069
0.999998815999186
0.999998788575857
0.999998813577371
0.999998777635038
0.9999988101894567
0.9999987665958755
0.999998799009986
0.9999987605479996
0.9999987910968668
0.999998757532873
0.999998783601154
0.9999987545056015
0.9999987765176225
0.9999987501510341
0.999998767833742
0.9999987517488186
0.9999987614806944
0.9999987495240552
0.9999987510046835
0.9999987452117154
0.9999987411058588
0.9999987391235721
0.9999987325256701
0.9999987317000164
0.9999987206336154
0.9999987247790338
0.9999987071996891
0.9999987133886082
0.9999986938816326
0.9999987055323835
0.9999986786031001
0.9999986891721275
0.9999986702603115
0.9999986850617203
0.9999986659926555
0.9999986823132996
0.9999986588403973
0.9999986759419036
0.9999986577555031
0.9999986661233754
0.9999986596852376
0.9999986554457441
0.9999986577462234
0.9999986395355606
0.9999986481254073
0.9999986264994111
0.9999986453026479
0.9999986199621747
0.9999986408059397
0.999998605010137
0.9999986293123158
0.9999985946929565
0.9999986221945056
0.9999985837121974
0.9999986153088499
0.9999985754398404
0.9999986009981305
0.9999985756349083
0.9999985896812014
0.9999985757853064
0.9999985777575575
0.9999985739511241
0.999998569423505
0.9999985757288516
0.9999985587169471
0.9999985818094108
0.9999985513535002
0.9999985784156318
0.9999985480337085
0.9999985759587942
0.9999985419110929
0.9999985644898106
0.9999985379780821
0.9999985554488116
0.999998535909374
0.9999985452626785
0.9999985302278663
0.9999985421531704
0.999998520829151
0.999998527035899
0.9999985192824916
0.9999985168055721
0.9999985142932252
0.9999985061292831
0.9999985081145502
0.999998501314079
0.9999985046529731
0.9999984913697624
0.9999985068632145
0.9999984842369225
0.9999985069991222
0.9999984783508192
0.9999984984528221
0.9999984689712086
0.9999984960364917
0.9999984603337246
0.9999984942944229
0.9999984413749168
0.9999984858880772
0.9999984286016677
0.9999984741522175
0.999998421170373
0.9999984574176219
0.999998410291724
0.9999984410810016
0.9999984062810597
0.9999984234728339
0.9999984077059321
0.9999984068513313
0.9999984082976978
0.9999983975304826
0.99999840839563
0.9999983878896805
0.9999984091519711
0.9999983758338788
0.999998409756929
0.9999983702266122
0.9999984121140759
0.9999983671360747
0.9999984075087955
0.9999983564435949
0.999998398467029
0.9999983555301445
0.999998387418197
0.999998356390604
0.9999983825494271
0.9999983525522644
0.9999983673147314
0.9999983465748127
0.9999983537879786
0.999998346136111
0.9999983307018074
0.999998343286984
0.9999983114037352
0.9999983363141813
0.9999983072681702
0.9999983347750059
0.999998291850715
0.9999983284422966
0.9999982870547304
0.999998332443867
0.9999982769856696
0.9999983296161224
0.9999982722133964
0.9999983220087553
0.9999982728530635
0.9999983103554029
0.9999982691910264
0.9999983015244546
0.9999982711245164
0.9999982868220728
0.9999982692908485
0.9999982727405262
0.9999982647631703
0.9999982585643199
0.9999982620167581
0.9999982413213195
0.9999982564675712
0.9999982312531265
0.9999982577473627
0.9999982153968205
0.9999982505024148
0.9999982092108746
0.9999982465668956
0.9999982025604514
0.9999982447374894
0.999998195275918
0.999998237827306
0.9999981802667968
0.999998228333592
0.999998177539962
0.9999982174192091
0.9999981765695952
0.9999981950991503
0.999998170375224
0.9999981812927613
0.9999981754637902
0.999998171054471
0.9999981814225853
0.9999981562937615
0.9999981819143424
0.9999981418586416
0.9999981836267999
0.999998130587804
0.9999981762673864
0.9999981190309457
0.9999981702560404
0.9999981022630448
0.999998160667724
0.9999980992488571
0.9999981536605752
0.9999980924282963
0.9999981424124588
0.9999980941151503
0.9999981277861113
0.9999980873359416
0.9999981159167605
0.9999980869398138
0.9999981073842492
0.9999980833407723
0.9999980929857804
0.999998090256612
0.9999980775877338
0.9999980904007039
0.9999980669750707
0.9999980842555274
0.9999980557462056
0.9999980842415224
0.9999980475748557
0.9999980731433756
0.9999980417063667
0.9999980667802286
0.9999980330213506
0.9999980589888922
0.9999980247569576
0.9999980536498106
0.9999980170217699
0.9999980437674637
0.9999980139656331
0.9999980453908708
0.9999980145782226
0.9999980390204328
0.9999980181222041
0.9999980331644943
0.9999980219826963
0.9999980285978952
0.9999980199084105
0.999998020820461
0.9999980113031132
0.9999980076654768
0.9999980085567439
