0.9999998223746354
0.9999997719057571
0.9999996506222636
0.9999994868836334
0.9999993076412644
0.9999991605295183
0.9999990920541504
0.9999991098034685
0.9999992132253885
0.9999993692292675
0.9999995342876083
0.9999996652409618
0.9999997312729105
0.9999997207148617
0.9999996380930563
0.9999995021065983
0.9999993363667684
0.9999991799999567
0.9999990681390671
0.9999990443600042
0.999999101522558
0.99999922466906
0.9999993778811879
0.9999995213633012
0.9999996149137357
0.9999996451977107
0.9999996011159688
0.9999994960976032
0.9999993480512875
0.9999991948791233
0.9999990654717454
0.999999001826081
0.9999990112635605
0.9999990969056851
0.9999992330986173
0.9999993756683756
0.9999994860364281
0.9999995489552707
0.9999995410653347
0.9999994683133752
0.9999993471713993
0.999999199850639
0.9999990581401296
0.999998958394403
0.999998937154903
0.9999989939316323
0.999999103516627
0.9999992367097168
0.9999993603600122
0.9999994469891488
0.9999994734530303
0.999999428877542
0.9999993238165035
0.9999991864741308
0.9999990481472881
0.9999989345719406
0.999998875339649
0.9999988897118735
0.9999989686610333
0.999999094628933
0.999999224593114
0.9999993282266691
0.9999993773641765
0.999999361165248
0.9999992848664775
0.9999991653915458
0.9999990316448899
0.9999989160323369
0.9999988485457478
0.9999988377599691
0.9999988933925319
0.9999989858039133
0.9999990927971637
0.9999991905865722
0.9999992561464429
0.9999992714441727
0.9999992285242475
0.9999991374020997
0.9999990224212467
0.9999989166758734
0.9999988391275185
0.999998806242551
0.9999988182678442
0.9999988784276326
0.9999989720401447
0.9999990672244656
0.9999991400961136
0.9999991783413258
0.9999991650391638
0.9999991025673212
0.9999990056708519
0.9999989019146893
0.9999988178613053
0.9999987682269694
0.9999987624294238
0.9999987967836028
0.9999988613151075
0.9999989377456603
0.9999990148641077
0.9999990690310062
0.9999990849094611
0.9999990411628141
0.9999989537536905
0.9999988523875845
0.9999987523722973
0.9999986968762448
0.9999986823453293
0.999998700787583
0.9999987480436436
0.9999988152259934
0.999998892156421
0.9999989566600097
0.9999989880980389
0.9999989760239081
0.9999989159511061
0.9999988284924209
0.9999987366416865
0.9999986601716735
0.9999986190461921
0.99999861433814
0.9999986406909659
0.9999986961971573
0.9999987651653278
0.9999988340975984
0.9999988829776333
0.9999988972740438
0.9999988672878435
0.9999987928167746
0.9999987044335286
0.9999986255875166
0.9999985676952985
0.9999985465625784
0.9999985604289211
0.9999985986328875
0.9999986564713133
0.9999987159342663
0.9999987747787925
0.9999987987420697
0.9999987911956904
0.9999987487648391
0.9999986721706826
0.9999985932215607
0.9999985332217199
0.9999984994290492
0.999998497437537
0.9999985150343883
0.9999985468525752
0.9999985852212037
0.9999986328170443
0.9999986775349753
0.9999986877482562
0.9999986667043068
0.9999986103221525
0.9999985355739001
0.9999984695983322
0.9999984274420007
0.9999984088322601
0.9999984211629455
0.9999984498531521
0.9999984823600487
0.9999985260704477
0.9999985675655761
0.9999985872269436
0.9999985706555483
0.9999985281055692
0.9999984657672095
0.9999984115893091
0.9999983766540447
0.9999983639666875
0.9999983609234987
0.9999983618702689
0.9999983863281029
0.9999984215195138
0.9999984650344947
0.999998492826491
0.9999984874919717
0.9999984502124123
0.9999983931609643
0.9999983392672831
0.9999983099805682
0.9999982989636568
0.999998303988288
0.9999983036104579
0.9999983108265277
0.9999983326994939
0.999998360692826
0.9999983909705245
0.9999983995258918
0.9999983814386659
0.999998338362948
0.999998282816894
0.999998245413824
0.999998227331285
0.9999982221965475
0.9999982291337743
0.9999982276402571
0.9999982308963264
0.9999982499666425
0.9999982691411219
0.999998291981245
0.9999982848480148
0.9999982503213322
0.9999982103093505
0.9999981796837777
0.9999981556393307
0.9999981482781095
0.9999981465562802
0.9999981399477643
0.9999981409559348
0.9999981503935792
0.9999981651180411
0.9999981859110832
0.9999981967089093
0.9999981764891184
0.9999981407174242
0.9999981025835902
0.9999980704484122
0.9999980605814106
0.9999980616603629
0.9999980678407361
0.9999980695667904
0.999998068914586
0.9999980764058058
0.9999980964177785
0.999998111917594
0.9999981145009407
0.9999980954186355
0.9999980584545811
0.9999980279664356
0.9999980052432563
0.9999979928961041
0.9999979885685643
0.9999979819948379
0.9999979793543412
0.9999979846889456
0.9999980010689095
0.999998028960177
0.9999980413172812
0.999998035318393
0.9999980033136744
0.999997969150543
0.9999979359466569
0.9999979093419089
0.9999979091421813
0.9999978959099126
0.9999978893137567
0.9999978926905176
0.999997908130876
0.9999979371498386
0.9999979575565813
0.9999979566036943
0.9999979333904994
0.9999978990142464
0.999997863119367
0.9999978286481775
0.9999978140839775
0.9999978122158272
0.9999978141965828
0.9999978293652378
0.9999978383468615
0.9999978515878365
0.9999978556340299
0.9999978540477122
0.9999978313226165
0.9999977995728325
0.9999977589864916
0.9999977351122915
0.9999977284911316
0.9999977349782443
0.9999977498494406
0.9999977465650642
0.999997745331531
0.9999977372902953
0.9999977320838884
0.9999977420229704
0.9999977499071933
0.9999977340388556
0.999997707078593
0.9999976759095098
0.9999976556339629
0.9999976512273404
0.9999976502145631
0.9999976542266007
0.9999976439495246
0.9999976366839864
0.9999976294101705
0.9999976283212688
0.9999976388342301
0.9999976371867932
0.9999976183947189
0.9999975885252057
0.9999975582294032
0.9999975478772054
0.9999975559203984
0.9999975670510599
0.9999975725828225
0.9999975772618926
0.9999975813713688
0.999997578217056
0.9999975859310953
0.9999975821937164
0.9999975544291446
0.9999975154743601
0.9999974845035251
0.9999974564255293
0.9999974556880054
0.9999974676783779
0.9999974836140744
0.999997493467445
0.9999974978659225
0.9999974985564996
0.9999974985499613
0.9999974852281469
0.9999974731228397
0.9999974538060683
0.9999974236351056
0.9999974022534299
0.9999973996104303
0.9999974194520185
0.9999974329419892
0.9999974232880033
0.9999974208785601
0.9999974119678399
0.9999974168692707
0.9999974165016776
0.9999974008493125
0.9999973833908042
0.9999973531906787
0.9999973316909538
0.9999973312053988
0.9999973323376251
0.9999973393830764
0.9999973461377691
0.9999973464182961
0.9999973452605297
0.9999973347451239
0.9999973279260423
0.9999973139419381
0.9999973077400766
0.9999972933011944
0.9999972697030006
0.9999972556295214
0.9999972479832886
0.9999972421667725
0.9999972438006273
0.9999972407637095
0.9999972397335155
0.9999972452311789
0.9999972410666311
0.9999972393831456
0.9999972386303537
0.9999972223059916
0.9999972010927783
0.999997178306075
0.9999971603957745
0.999997151303213
0.9999971469693321
0.999997139778635
0.9999971421573737
0.9999971464436951
0.9999971474712251
0.9999971549452101
0.9999971396426842
0.9999971331150245
0.9999971148179235
0.9999970898964782
0.9999970720360023
0.9999970619581539
0.999997057538808
0.9999970550659718
0.9999970449967434
0.9999970371766309
0.9999970245531111
0.9999970352387644
0.9999970486355476
0.999997046164039
0.9999970468676277
0.9999970299782729
0.9999970101026286
0.9999969901688559
0.9999969821070833
0.999996968610407
0.9999969621426341
0.9999969503532037
0.9999969385249111
0.9999969438121504
0.9999969656463386
0.9999969819466594
0.9999969906912188
0.999996992429503
0.9999969742768688
0.9999969543933898
0.9999969223246726
0.9999969024253801
0.9999968849282418
0.9999968766985762
0.9999968699399535
0.9999968668325603
0.999996882931304
0.9999969057634249
0.9999969236440941
0.9999969298479193
0.9999969187973289
0.9999968879884139
0.9999968603372862
0.9999968404315229
0.9999968126831373
0.9999967960541203
0.9999967839432734
0.9999967831957165
0.9999968008736495
0.9999968206216571
0.9999968324537567
0.9999968349695637
0.9999968239727665
0.9999967966004537
0.9999967806953586
0.9999967514159555
0.9999967330326033
0.9999967106435012
0.9999966991404559
0.9999966903716344
0.9999966995515995
0.9999967338221836
0.9999967577204428
0.9999967707473087
0.9999967694764653
0.9999967423727454
0.9999967150044254
0.9999967008388505
0.9999966794160546
0.9999966592562539
0.9999966330434567
0.9999966148246763
0.9999966094652869
0.9999966217871288
0.9999966402362096
0.9999966546067375
0.9999966717298372
0.9999966737471865
0.9999966523900483
0.9999966201420987
0.9999965926078793
0.9999965647696522
0.9999965341806619
0.9999965094213411
0.9999965019027849
0.9999965240722167
0.9999965564216323
0.9999965868300573
0.999996614051834
0.9999966211710927
0.9999966052040905
0.9999965749004878
0.9999965345888733
0.9999964928445124
0.9999964511459922
0.9999964297105005
0.9999964252147511
0.9999964381381337
0.9999964720894237
0.9999965006528401
0.9999965173962476
0.9999965199169479
0.999996508331954
0.9999964890621522
0.9999964465097442
0.9999964076142962
0.9999963735363526
0.9999963552322427
0.999996347115265
0.9999963510582679
0.9999963794210529
0.9999964072748793
0.9999964295831268
0.9999964404481029
0.9999964384471158
0.9999964307072073
0.9999964023298553
0.9999963653917747
0.9999963282152139
0.9999962882262113
0.9999962589048976
0.9999962444384591
0.9999962600190556
0.9999962962907156
0.9999963300764896
0.9999963533418521
0.9999963647745621
0.9999963608984143
0.9999963392982024
0.9999963092550944
0.9999962767288934
0.9999962309173557
0.9999961922546218
0.999996172419123
0.9999961738756383
0.9999961860843647
0.9999962121136028
0.9999962352690761
