0.9999998499034047
0.9999996413964022
0.9999993066357737
0.9999992893501892
0.9999996280922219
0.9999998198820012
0.9999996184033091
0.9999992916243143
0.9999992772755475
0.9999996040677158
0.999999789576161
0.9999995926759954
0.999999285263412
0.9999992720859855
0.9999995851995142
0.9999997588811901
0.9999995681333751
0.9999992692260685
0.9999992607860806
0.9999995595189686
0.9999997322553941
0.9999995458888905
0.9999992524776586
0.9999992426632429
0.9999995337566464
0.9999996999545083
0.9999995221621871
0.999999240711658
0.9999992305003294
0.9999995071518515
0.9999996703357212
0.9999994976709486
0.9999992239314387
0.9999992182059442
0.9999994819907353
0.9999996439838865
0.9999994665685412
0.9999992079788246
0.9999992091241175
0.9999994606850932
0.999999618502495
0.9999994466258579
0.9999991898316907
0.9999991994499047
0.999999436270865
0.9999995902477801
0.9999994208471803
0.9999991733707576
0.9999991852233403
0.999999413190647
0.9999995649862325
0.9999993917791604
0.99999915757472
0.9999991695502474
0.9999993912074384
0.9999995396061582
0.9999993740192453
0.9999991422665406
0.9999991445583418
0.9999993632855934
0.9999995037523491
0.999999351378938
0.9999991229878544
0.9999991194482604
0.999999339675955
0.9999994729390782
0.999999320808587
0.9999990932796438
0.9999990981303709
0.9999993150680541
0.999999445548871
0.9999992990683881
0.9999990749314998
0.9999990785942395
0.9999992870537483
0.9999994182575026
0.9999992819558441
0.9999990559020093
0.9999990489619704
0.9999992599973061
0.9999993965972043
0.9999992573513886
0.9999990363961841
0.9999990319559448
0.9999992329418267
0.9999993616492646
0.9999992322640744
0.999999028117683
0.9999990208365778
0.9999992140308508
0.9999993337802642
0.9999992142920697
0.9999990046973509
0.9999989938201186
0.9999991876554662
0.9999993076116578
0.9999991850096441
0.9999989866118354
0.9999989713656984
0.9999991506792042
0.9999992737159678
0.9999991663986953
0.999998968863905
0.9999989511614603
0.9999991219469424
0.9999992318558346
0.9999991314507616
0.9999989500967157
0.9999989262242858
0.9999990891711436
0.9999991992083699
0.9999991032315109
0.9999989337244239
0.9999989043483729
0.99999905517081
0.999999167096906
0.9999990788504547
0.999998907775478
0.9999988785227427
0.9999990242135963
0.9999991279468288
0.9999990505618173
0.9999988905501349
0.9999988586400492
0.9999989940986682
0.9999990936547153
0.9999990145196432
0.9999988703522951
0.9999988412356364
0.9999989732400304
0.9999990646453932
0.9999989852102559
0.9999988461483578
0.9999988284789746
0.9999989478638244
0.9999990291158645
0.9999989599775043
0.9999988254921914
0.9999988088377826
0.9999989217245631
0.9999990022139539
0.9999989395567331
0.9999988058740902
0.9999987816975203
0.999998897624726
0.9999989716415351
0.9999989193635315
0.9999987816690556
0.9999987578482501
0.999998871906102
0.9999989469382339
0.9999988906726482
0.9999987632195928
0.9999987357315135
0.9999988416345611
0.9999989197222685
0.9999988649435777
0.9999987458345542
0.9999987114916055
0.9999988215926384
0.9999988916489181
0.9999988392996001
0.9999987131987012
0.9999986850459801
0.9999987930935931
0.9999988685018091
0.9999988163387973
0.9999986803679425
0.9999986514322806
0.9999987557884885
0.9999988390689653
0.999998785541667
0.99999865033396
0.9999986238082158
0.9999987214000696
0.9999988096003812
0.9999987522965584
0.9999986235688902
0.9999985986915413
0.9999986903044016
0.9999987733486378
0.9999987210862163
0.9999985983932097
0.9999985717812585
0.9999986768638343
0.9999987502298211
0.9999986877183614
0.9999985628825483
0.999998546234731
0.99999865335779
0.9999987126146052
0.9999986518077993
0.9999985363836504
0.9999985224069456
0.9999986267746003
0.9999986761218553
0.9999986202949485
0.9999985141191597
0.9999985004967442
0.9999986039189379
0.99999864470933
0.9999985931712483
0.9999984912010961
0.9999984777470446
0.9999985691260392
0.9999986159336479
0.9999985706126925
0.999998477339961
0.9999984595529496
0.9999985430170991
0.999998581496378
0.9999985364505724
0.9999984514986958
0.9999984319379479
0.9999985197375113
0.9999985547288865
0.9999985057770148
0.9999984227945706
0.999998409323576
0.999998491952628
0.9999985199441925
0.9999984759064708
0.9999983936281837
0.9999983783319735
0.9999984628196402
0.9999984991953379
0.9999984482851021
0.999998364246002
0.9999983505133926
0.9999984231669335
0.9999984579515759
0.9999984213824697
0.999998345721417
0.999998320229835
0.9999983888778671
0.9999984316964858
0.9999983964635181
0.9999983162715467
0.9999982936861439
0.9999983587891248
0.9999983969043734
0.999998348473224
0.9999982779182094
0.9999982590231469
0.999998330051257
0.9999983727998347
0.9999983241746031
0.9999982532753704
0.9999982329842261
0.9999982973661983
0.9999983444233898
0.9999982964223078
0.9999982178327267
0.9999982061767466
0.9999982737175718
0.9999983121038
0.9999982671790086
0.9999981956219377
0.999998183075222
0.9999982395917028
0.9999982829657487
0.9999982502890525
0.9999981666510043
0.9999981533099237
0.9999982100668431
0.9999982581937069
0.9999982218178736
0.9999981454172455
0.9999981342576097
0.9999981861236178
0.9999982346543317
0.9999981939863846
0.9999981255860112
0.99999811245001
0.9999981629459925
0.999998209421162
0.9999981719822274
0.9999980990606264
0.9999980876019775
0.999998135159782
0.9999981837285692
0.9999981468597544
0.999998079560991
0.9999980701101059
0.9999981096267291
0.9999981538458931
0.9999981238131456
0.9999980575994049
0.999998040995913
0.9999980843755286
0.9999981296155183
0.999998100920402
0.9999980261943561
0.999998001726415
0.999998045245077
0.9999981005424275
0.9999980691141555
0.9999979932300922
0.9999979614647251
0.9999980107472902
0.9999980670752477
0.9999980389061884
0.9999979762491263
0.9999979515246328
0.9999979963044623
0.9999980368952508
0.9999980291875622
0.9999979664311597
0.9999979294104036
0.9999979715400458
0.9999980102828547
0.9999979935742856
0.9999979448514363
0.9999979018770827
0.9999979329076745
0.9999979679471315
0.9999979622545145
0.999997913074514
0.9999978710616887
0.9999978977585299
0.9999979336200998
0.9999979279927267
0.9999978727934093
0.999997841031349
0.9999978704005669
0.9999978992604854
0.9999978857947548
0.9999978451313326
0.9999978104154018
0.9999978373737276
0.9999978655747012
0.9999978475769462
0.9999978152162964
0.9999977813396848
0.9999977995926534
0.9999978456775966
0.9999978473949646
0.9999978072426494
0.9999977569945901
0.9999977739846581
0.999997826406835
0.9999978248804277
0.9999977847849358
0.9999977453892007
0.9999977624037208
0.9999978009772807
0.9999978032006531
0.9999977624752965
0.999997704277591
0.9999977158844959
0.9999977753463041
0.9999977816915904
0.9999977258701537
0.999997672521564
0.9999976856238657
0.9999977533355452
0.9999977585070823
0.9999977064056903
0.9999976509785298
0.9999976702146653
0.9999977349330239
0.9999977251167683
0.9999976731211907
0.9999976291195755
0.9999976476659126
0.9999977178567979
0.9999977033894208
0.9999976561701411
0.9999976029690645
0.9999976122153647
0.9999976796338591
0.9999976774943329
0.9999976260597419
0.9999975642938893
0.9999975708998652
0.9999976508863082
0.9999976629054718
0.9999976132764061
0.9999975467040588
0.9999975536233463
0.999997622524209
0.9999976280716759
0.999997573770443
0.999997522725877
0.9999975338347611
0.99999760670499
0.9999976042826122
0.9999975525453997
0.9999974958961557
0.9999975078965557
0.9999975892182853
0.9999975919351549
0.9999975390464001
0.9999974594214258
0.9999974723661927
0.9999975644151635
0.9999975536085134
0.9999975054946986
0.9999974303324919
0.9999974554107379
0.9999975420210663
0.999997533184566
0.9999974711114294
0.9999973912877445
0.9999974230342519
0.9999975239771582
0.999997523918404
0.9999974523554875
0.9999973640204518
0.9999974026812686
0.9999975108604445
0.9999974964296047
0.9999974340208899
0.9999973535842404
0.9999973903573574
0.9999974888687577
0.9999974776805759
0.9999974185256865
0.9999973275698654
0.9999973508322492
0.9999974503819653
0.9999974569862613
0.9999973913486848
0.9999972980389485
0.999997315540744
0.9999974084742171
0.9999974230238664
0.9999973572496093
0.99999727274921
0.9999972858207826
0.9999973835351335
0.9999974064466891
0.9999973377266415
0.9999972547259661
0.9999972698611713
0.9999973604564106
0.9999973707515016
0.999997310615416
0.9999972375382835
0.9999972461755423
0.9999973288031188
0.9999973469625524
0.9999972844461217
0.9999972152702218
0.9999972181392652
0.9999972931914736
0.9999973116570632
0.9999972606376688
0.9999971798121744
0.999997194254859
0.9999972644942006
0.9999972823808766
0.9999972165084673
0.9999971600657187
0.9999971798328463
0.9999972518066638
0.9999972584840449
0.9999971862196161
0.9999971276665612
0.9999971434151169
0.9999972309288987
0.9999972454951717
0.9999971678295048
0.9999970931742355
0.9999971125170171
0.9999971993567315
0.9999972199716884
0.9999971331021736
0.9999970675528823
0.9999970935648854
0.9999971691890348
0.9999971771766767
0.9999971128640314
0.9999970481604329
0.9999970697973359
0.9999971357686753
0.9999971487064371
0.9999970889171261
0.9999970212161615
0.9999970454059223
0.9999971099149737
0.9999971252707184
0.9999970636909989
0.9999969919355913
0.9999970184475595
0.9999970888202975
0.9999970960424674
0.999997022719168
0.9999969578656017
0.9999969937168568
0.9999970704733417
0.9999970676729333
0.9999969938977177
0.9999969286710428
0.9999969727694279
0.9999970480809518
0.9999970403853039
0.9999969699001646
0.9999968954641716
0.9999969445228654
