0.9999993086834837
0.99999660988973
0.9999988844646849
0.9999972574325823
0.9999979771385994
0.9999982241430247
0.9999970143576629
0.9999989580203772
0.9999964816923304
0.9999990315331893
0.9999966943235622
0.9999984346057854
0.9999974773474641
0.9999974876233347
0.9999983766184135
0.9999966374557586
0.9999988575970223
0.9999963437355168
0.9999986870806525
0.9999967640529817
0.9999979661825824
0.9999976085030543
0.9999970220317407
0.9999983608370402
0.9999963523303523
0.9999986445037143
0.9999963256192799
0.9999982970042786
0.9999969143997143
0.9999974762529188
0.999997720290457
0.9999966039336466
0.9999983131042358
0.9999961696974642
0.9999983879085639
0.9999963564586339
0.9999978837676761
0.999997032756651
0.9999970245984247
0.9999977707777519
0.9999962823220513
0.9999981838464641
0.9999960316808459
0.9999980392224228
0.9999963785706997
0.9999974048592912
0.9999971091535576
0.9999965819454347
0.9999977469452558
0.9999959750486557
0.9999979644304099
0.9999959477753145
0.9999976531454802
0.9999964279722058
0.9999969267726317
0.9999971529996386
0.9999961745140964
0.9999976540315806
0.9999957715662521
0.9999976838133011
0.9999959490974569
0.9999972143226153
0.9999965280765168
0.9999964673815244
0.9999971659957659
0.9999958254081514
0.999997483501364
0.9999956341082832
0.9999973305339195
0.9999959243588492
0.9999967866429115
0.9999965506784049
0.9999960802507546
0.9999970973082503
0.9999955618445387
0.9999972754876231
0.9999954940916869
0.9999970031850027
0.9999959269467714
0.9999963681791377
0.9999965842721541
0.9999956675878603
0.9999970065513087
0.9999952993581818
0.9999969697297759
0.9999954448241053
0.9999965591571421
0.9999959712396563
0.9999959063899035
0.9999965239231347
0.9999953303273503
0.9999967799156045
0.9999951243246402
0.9999966121458215
0.9999953861538177
0.9999961097550374
0.9999959428734616
0.9999955474276861
0.9999964342297811
0.9999951367703788
0.9999965631079533
0.9999950797371754
0.9999962419156785
0.9999953823516989
0.9999957057219394
0.9999958975732344
0.9999952210310629
0.9999962595790103
0.9999949264743855
0.999996255605143
0.9999949860739183
0.999995877379205
0.9999953561475982
0.9999953859108607
0.9999958286039987
0.9999949767461601
0.9999961112198686
0.9999947883196065
0.9999959577120642
0.9999949235433209
0.9999954956074918
0.9999953542304901
0.9999950231172248
0.9999957927569263
0.9999946827399235
0.9999958770675352
0.999994622687014
0.9999955652267837
0.9999948633051333
0.9999951118492006
0.999995282271117
0.9999946948707165
0.9999956146986994
0.9999944421311254
0.9999955899649815
0.9999944382962236
0.9999952338857698
0.9999947739103288
0.999994731099037
0.999995231095055
0.9999943642778724
0.9999954310551525
0.9999941765978808
0.9999952649582341
0.999994341163451
0.9999948643483112
0.9999947117548579
0.9999944502354615
0.9999950546124708
0.9999941407221998
0.9999951602061775
0.9999940506678545
0.999994922664459
0.9999942735728724
0.9999945260675409
0.999994649353822
0.9999941227570944
0.9999949344962352
0.9999938753935445
0.9999949288989023
0.9999938667685354
0.9999945933492546
0.9999941684665536
0.9999941573116137
0.9999945531263865
0.9999938058968245
0.9999947531251868
0.999993661386593
0.9999946241668071
0.9999937682134336
0.9999942630983975
0.9999940842454302
0.9999938596115635
0.9999944443262485
0.9999935757270052
0.9999945394719104
0.9999934861958244
0.9999943078624257
0.9999936969565931
0.9999939493289081
0.9999940447111427
0.999993534701194
0.9999942821897969
0.9999933152352809
0.9999942459273228
0.9999933777758048
0.999993980314864
0.9999936305087032
0.9999936350944464
0.9999939199062287
0.9999933313602497
0.9999940597796692
0.9999932001602251
0.9999939945237896
0.9999932553305866
0.9999937402994986
0.9999934876603713
0.9999934007910584
0.9999937707166742
0.9999931033981073
0.9999938839006476
0.9999929962518573
0.9999937191467255
0.9999931088758311
0.9999933754137265
0.9999934067580742
0.9999930685473064
0.9999936277961233
0.9999928249450472
0.9999936129996747
0.9999928429714884
0.9999934089466241
0.9999930237018213
0.9999931025730463
0.9999932728776008
0.9999928338705992
0.9999934383649852
0.9999926444738276
0.9999933572964669
0.9999926826128559
0.9999931256443301
0.9999929086833425
0.9999928031875479
0.9999931121940512
0.9999925233096987
0.999993184962014
0.9999924088225048
0.999993039099734
0.9999925073665711
0.9999927709605977
0.9999927280548616
0.9999925225964611
0.9999928773117489
0.9999923295847302
0.999992847614599
0.9999922864832358
0.9999926750575217
0.9999923943262233
0.9999924433590046
0.9999925495526983
0.9999921872199813
0.9999926236597731
0.9999920429058402
0.9999925470498009
0.9999920843980291
0.9999923874924189
0.9999922361494338
0.9999921696659496
0.9999923996697722
0.999991996183071
0.9999924744028604
0.9999918802516374
0.9999923925347433
0.9999918946007106
0.9999922275278943
0.9999920626754549
0.9999919631817157
0.9999922711826378
0.9999917519340628
0.9999923215674223
0.9999917099010018
0.9999922064107479
0.9999917693442658
0.9999919339390941
0.9999919027238994
0.9999916219163042
0.9999920740401868
0.9999914597036582
0.9999920979629635
0.9999914202122332
0.9999918887601673
0.9999915066815415
0.9999916012134202
0.9999917053910293
0.9999913800058545
0.9999918701644237
0.9999912657492585
0.9999918151211308
0.9999912616086232
0.9999915991215869
0.9999914304161566
0.99999136753016
0.9999916430958135
0.999991139265194
0.9999917094476951
0.9999910615275576
0.999991582064135
0.9999911463057444
0.9999913580019973
0.9999913170856634
0.9999910576845492
0.9999914812846403
0.9999909018888732
0.9999915134950155
0.9999908727707549
0.9999913042818241
0.9999909943269626
0.9999910278968721
0.9999911325985378
0.9999908345965481
0.9999912641852899
0.9999906789330394
0.9999912503304322
0.9999906762101025
0.9999910219531879
0.9999907946816413
0.9999907925310373
0.9999909457523546
0.9999905783009579
0.9999909773544114
0.9999905090193266
0.9999908503467808
0.9999905898947907
0.9999906246797001
0.9999907097387222
0.9999904526092788
0.9999907145264175
0.9999903628227472
0.9999906289143046
0.9999903597393314
0.9999904686166129
0.9999903854582911
0.9999903408594408
0.9999904381830569
0.9999902992941287
0.9999904429416787
0.9999902451900519
0.9999903560128166
0.9999901973435423
0.9999902826675171
0.9999902265744941
0.9999901912247254
0.9999902709833951
0.9999901248748891
0.9999902010545776
0.9999900232877111
0.999990120786863
0.999989958264891
0.9999900941534753
0.9999898955641874
0.9999900143612384
0.9999899090827522
0.9999899009010914
0.9999898462298208
0.9999897181791344
0.9999898319013827
0.9999896111983025
0.9999898814203785
0.9999895748062658
0.9999897538892014
0.9999895887567432
0.9999895243752361
0.9999896684586154
0.9999893776444098
0.999989692601329
0.999989342376237
0.9999896353014782
0.9999893267629844
0.9999894880586442
0.9999894023145712
0.9999892594570374
0.9999894747207027
0.9999891643783231
0.9999894663747805
0.9999891116825149
0.9999893679141948
0.999989129642286
0.9999891734906908
0.9999892038597206
0.9999890437195019
0.9999892454385051
0.9999889939955465
0.9999892106689515
0.999988962457307
0.9999890944315439
0.9999890027104716
0.9999889707106738
0.9999890443577201
0.9999888838611335
0.999989061835915
0.9999888094173008
0.9999890053884235
0.9999888121688709
0.9999888879935843
0.9999888428895719
0.9999887667348301
0.9999888543446781
0.9999886705088737
0.9999887964415394
0.999988619504722
0.9999887518987849
0.9999886338036545
0.9999886648711679
0.9999885998063112
0.9999885259875526
0.9999885500108185
0.999988382432208
0.9999884992455532
0.999988309662206
0.9999884457907107
0.9999883478993514
0.9999883357332648
0.9999883899795399
0.9999882138994898
0.9999883295111084
0.9999881619120351
0.999988248821129
0.9999881759307094
0.9999881253626044
0.9999881987244068
0.9999880097954343
0.9999882448356234
0.9999879762176239
0.9999881163231417
0.9999879611618706
0.9999879774860609
0.9999879316989347
0.9999878749952519
0.9999879753377168
0.9999878186563423
0.9999879460762373
0.9999877580266872
0.9999878216550796
0.999987729628199
0.9999877824900166
0.9999877307519593
0.9999877064616252
0.9999877029436359
0.9999876308751328
0.9999876729218713
0.9999875597092318
0.9999875897417911
0.9999875481875619
0.9999874893598298
0.9999875697392275
0.9999874202554169
0.9999875142629324
0.9999874049956842
0.9999874151212574
0.999987366990574
0.9999872588593333
0.9999873839260175
0.9999871925283471
0.9999873871388659
0.9999871778316766
0.9999873369294755
0.9999871108333841
0.9999872314157897
0.999987105025239
0.9999870675042933
0.9999871574479053
0.9999869635580795
0.9999872421183522
0.99998691089863
0.9999871900302199
0.9999868338519184
0.9999869865690499
0.9999869152043143
0.9999868000745471
0.9999870210853026
0.9999867401681857
0.9999870444615266
0.9999867105344442
0.9999868768805584
0.999986723406205
0.999986657425086
0.9999868395090913
0.9999865174714869
0.9999869181228807
0.9999865089600444
0.9999868287416395
0.9999865287950828
0.9999865578054145
0.9999865830370459
0.9999863543601429
0.9999866421433777
0.9999863196649267
0.999986625616279
0.9999863768833833
0.9999865045917782
0.999986416352144
0.9999862849056724
0.9999865005869446
0.9999861541508606
0.9999865190902687
0.9999861296559311
0.9999864626327084
0.9999861835441118
0.9999862871603662
0.9999862143611467
0.9999860755050993
0.9999862413587427
0.9999859490653752
0.9999862231718601
0.9999859116841077
0.9999861910947535
0.999985975704071
0.999985994334553
0.9999860209816847
0.999985804232809
