0.9999999490143993
0.9999999443049542
0.999999933733047
0.9999999177364821
0.999999896090544
0.9999998725085444
0.9999998456331323
0.9999998177699413
0.9999997918191108
0.9999997689855313
0.9999997516088452
0.9999997389453416
0.9999997320117557
0.9999997318004373
0.9999997372118927
0.9999997494867909
0.9999997652548799
0.9999997845465545
0.9999998059994242
0.999999826531491
0.9999998462614348
0.9999998647397735
0.9999998801680436
0.9999998904210234
0.9999998966383283
0.999999897191126
0.9999998930645719
0.9999998840232251
0.999999870252941
0.999999851560125
0.9999998297645859
0.9999998061059371
0.9999997826678771
0.9999997581127255
0.9999997377623352
0.9999997179320349
0.999999705118199
0.9999996990502824
0.9999997000499923
0.9999997057122527
0.9999997181295971
0.9999997327088792
0.999999750626406
0.9999997688178557
0.9999997870257574
0.9999998029192729
0.9999998172752708
0.9999998285433848
0.9999998371504832
0.9999998426128853
0.9999998438958653
0.9999998404731826
0.9999998334250222
0.9999998214520249
0.9999998058899306
0.9999997885103853
0.9999997680066831
0.999999746915238
0.9999997264996644
0.9999997082621771
0.9999996923926464
0.9999996820099438
0.9999996755398173
0.999999675300361
0.9999996792530916
0.9999996879486289
0.9999997000659523
0.999999714781652
0.999999731609934
0.9999997471624039
0.9999997626738425
0.9999997748856055
0.9999997847209892
0.9999997909468198
0.9999997941845454
0.9999997938771716
0.9999997911379347
0.9999997839570589
0.9999997727985119
0.9999997580171575
0.9999997421830213
0.9999997226212118
0.9999997045195765
0.9999996859360012
0.9999996702055947
0.9999996584515771
0.999999648666695
0.9999996439191396
0.9999996444567599
0.9999996491354164
0.9999996573679459
0.9999996677871188
0.9999996805868384
0.9999996949331547
0.9999997082342031
0.999999720249484
0.9999997308496629
0.9999997378591683
0.9999997430438206
0.9999997441361461
0.9999997423608454
0.9999997395399395
0.9999997326750861
0.9999997232655814
0.9999997128852067
0.9999997014244377
0.9999996876869446
0.9999996726767005
0.9999996570085254
0.9999996430995077
0.9999996332114394
0.9999996255505753
0.9999996192007686
0.999999615938577
0.9999996166504681
0.9999996201151803
0.9999996253791675
0.9999996330763278
0.9999996425162516
0.9999996514374044
0.999999659500841
0.9999996677242279
0.9999996747323394
0.9999996790148371
0.9999996822594212
0.9999996821647865
0.9999996832735837
0.9999996803566178
0.99999967451222
0.9999996658187256
0.9999996550540853
0.9999996451752494
0.9999996329361046
0.9999996213891222
0.9999996090519682
0.9999995963898213
0.9999995848455905
0.9999995781168849
0.9999995733308298
0.9999995718752344
0.9999995741711044
0.9999995799256517
0.9999995875021095
0.9999995950026852
0.9999996032661933
0.9999996113348937
0.9999996168956472
0.9999996231095096
0.999999628647118
0.9999996303918486
0.9999996301664719
0.9999996306911697
0.9999996289811325
0.9999996234247557
0.9999996188405914
0.9999996120537546
0.9999996031484353
0.9999995937431371
0.9999995823332829
0.9999995702936892
0.9999995597204486
0.9999995517341564
0.9999995448401708
0.9999995413365868
0.9999995399205976
0.9999995424469263
0.9999995459499935
0.9999995507827195
0.9999995569387252
0.9999995647929198
0.9999995706647298
0.9999995741224768
0.9999995787749342
0.9999995811717375
0.9999995821386339
0.9999995832600242
0.9999995830124307
0.9999995816241102
0.9999995794429777
0.9999995742370135
0.9999995672413697
0.9999995581586231
0.9999995485429886
0.999999538701129
0.9999995294239492
0.9999995208551712
0.999999513783385
0.9999995084400265
0.9999995050611025
0.9999995039881658
0.999999506046215
0.9999995098944174
0.9999995136411926
0.9999995169370889
0.9999995209629254
0.9999995270806433
0.9999995316909912
0.9999995340935063
0.9999995360181302
0.9999995384003111
0.9999995391844272
0.9999995385479852
0.9999995365828158
0.9999995326141355
0.9999995272161507
0.9999995199468101
0.9999995126542082
0.9999995039625899
0.9999994947835116
0.9999994836837819
0.999999473406159
0.9999994659529804
0.9999994616610866
0.9999994578039825
0.9999994588085542
0.9999994601200838
0.9999994649415049
0.9999994723821196
0.9999994780379492
0.9999994845876323
0.9999994888872711
0.9999994939953322
0.999999496064304
0.9999994958995936
0.9999994965196232
0.999999495452711
0.999999493803326
0.9999994905820433
0.9999994871931025
0.9999994805457054
0.9999994728584628
0.9999994640379829
0.9999994544767384
0.9999994449715642
0.9999994348762343
0.9999994263351221
0.9999994192182231
0.9999994126113193
0.9999994107809779
0.9999994120269808
0.9999994153945667
0.9999994200565634
0.9999994270819218
0.9999994318504587
0.9999994371819972
0.9999994386828422
0.9999994431214899
0.9999994438550437
0.9999994452998853
0.999999446110411
0.9999994462945947
0.9999994451191465
0.999999441544847
0.999999436316667
0.9999994289021645
0.9999994220214493
0.9999994144383267
0.9999994057200765
0.9999993948415415
0.9999993866742447
0.9999993772496798
0.9999993686520419
0.9999993673781699
0.9999993663330128
0.9999993684370505
0.9999993731436467
0.9999993783388531
0.9999993820821191
0.9999993857775549
0.9999993869222635
0.999999388733269
0.9999993885384246
0.9999993860549808
0.9999993865745446
0.9999993872893317
0.9999993875422185
0.9999993887328822
0.999999387075482
0.9999993815254425
0.9999993753327387
0.9999993690931832
0.999999359502012
0.9999993519487896
0.9999993427959017
0.9999993357066421
0.9999993304696044
0.9999993288027565
0.9999993255082926
0.9999993241699962
0.9999993226710235
0.999999321430684
0.9999993238228452
0.9999993256099552
0.9999993287082997
0.9999993299479693
0.9999993337814032
0.9999993361059707
0.9999993353233887
0.999999338260988
0.9999993404049186
0.9999993416056778
0.9999993410495458
0.9999993374773952
0.9999993361970196
0.9999993301495109
0.9999993251863508
0.9999993163835749
0.9999993084412224
0.9999993002029486
0.9999992919646005
0.9999992872638824
0.9999992849412165
0.9999992799602798
0.9999992774251006
0.9999992758697501
0.9999992767873438
0.9999992742326136
0.9999992761179874
0.9999992753957218
0.999999276112817
0.9999992772256784
0.9999992803924838
0.9999992834695342
0.9999992882590557
0.9999992916922015
0.999999294499092
0.9999992946153562
0.9999992936618934
0.999999290140678
0.9999992832605865
0.999999276168114
0.9999992688847733
0.9999992620963926
0.999999256285382
0.9999992501248895
0.9999992456888493
0.999999243103369
0.9999992396924037
0.9999992357765867
0.9999992331322825
0.9999992295549683
0.9999992276737132
0.9999992261455457
0.9999992224910149
0.9999992206697743
0.9999992214887282
0.9999992223409436
0.9999992238127449
0.9999992256001752
0.99999922923312
0.999999231663313
0.9999992313187331
0.9999992314453678
0.9999992331494825
0.9999992298383369
0.9999992264627507
0.9999992199119402
0.99999921317009
0.9999992087168702
0.9999992048745711
0.9999992011486503
0.9999991971198529
0.9999991928211622
0.9999991898395898
0.999999187094745
0.9999991823281643
0.9999991809027406
0.9999991767704409
0.9999991734601076
0.9999991726380391
0.9999991730451037
0.9999991710510568
0.9999991712917898
0.9999991711657777
0.9999991717758943
0.9999991732523152
0.9999991741452511
0.9999991728776476
0.9999991719004605
0.9999991692003811
0.9999991670263904
0.9999991660494436
0.9999991643460672
0.9999991605871548
0.9999991583803184
0.9999991553938713
0.9999991516881765
0.9999991483068486
0.9999991444007601
0.9999991400414027
0.9999991351546229
0.9999991301404159
0.9999991262872108
0.9999991243083426
0.9999991221683906
0.9999991206893147
0.9999991213754376
0.9999991248734128
0.9999991265674821
0.9999991316089863
0.9999991321611904
0.999999134023562
0.9999991356442294
0.9999991343636185
0.9999991296114144
0.9999991259809996
0.9999991231883669
0.9999991214676174
0.9999991172523806
0.9999991112500155
0.999999107309193
0.9999991060021519
0.9999991025380042
0.9999990983609686
0.9999990961952795
0.999999091692059
0.9999990843420148
0.9999990777647844
0.9999990752398573
0.9999990744586861
0.9999990742113352
0.9999990756568329
0.999999076995015
0.9999990821486469
0.9999990853858718
0.9999990886857757
0.9999990914287885
0.9999990938048927
0.9999990924518871
0.9999990918372744
0.9999990901202392
0.9999990873729938
0.99999908161906
0.9999990790468313
0.9999990730042014
0.9999990671185695
0.9999990595006925
0.9999990530589503
0.9999990474578249
0.999999037948853
0.9999990300595195
0.9999990276061279
0.999999023210076
0.9999990225952053
0.999999021602311
0.9999990219753695
0.9999990233535438
0.9999990274839969
0.9999990327328078
0.9999990370772991
0.9999990394365434
0.999999040127575
0.9999990424659673
0.9999990408334276
0.9999990427315966
0.9999990416800851
0.9999990386195974
0.9999990350694279
0.9999990289645776
0.9999990247757206
0.9999990204453347
0.9999990136047653
0.9999990069162498
0.9999990018191282
0.9999989978342207
0.9999989923955604
0.9999989898587852
0.9999989855783533
0.9999989828259842
0.9999989816114072
0.999998981807391
0.9999989805615271
0.9999989816106959
0.9999989807393975
0.9999989849757089
0.9999989883642044
0.9999989894289822
0.9999989917043924
0.9999989901839663
0.9999989899091861
0.999998989694716
0.9999989875629883
0.9999989843954206
0.999998980293336
0.9999989764981793
0.9999989740735692
0.9999989705366195
0.9999989679017024
0.999998961403203
0.9999989552259295
0.9999989482235906
0.999998941615629
0.9999989360448894
0.9999989314962429
0.9999989265840455
0.9999989249473343
0.999998923626608
0.999998922570504
0.9999989229205133
0.9999989238955969
