0.9999986654567131
0.9999938373148258
0.9999967382326228
0.9999967415183688
0.9999937600902535
0.9999984033920997
0.9999937833060081
0.9999965522816283
0.9999965200493343
0.9999936261023975
0.999998118712321
0.9999936564440465
0.9999963345063683
0.999996318841686
0.9999935221569782
0.9999978836581144
0.9999935619669101
0.9999961349748692
0.9999961252912628
0.9999933274195569
0.999997632357428
0.9999933875567771
0.9999958862813361
0.9999958482524668
0.9999932409897612
0.9999973913783459
0.9999932233321548
0.9999956661938212
0.9999956371980638
0.9999930991936514
0.9999971178814708
0.9999931383886684
0.9999954093343298
0.9999954733889609
0.9999930084739913
0.9999968685900685
0.9999930125852919
0.9999952140495326
0.999995197118689
0.9999927878689664
0.9999965959816577
0.9999927788703792
0.9999949415471978
0.9999949545685831
0.9999927134096446
0.9999963083156622
0.9999926208979314
0.9999947619041487
0.9999946769583437
0.9999926065832716
0.9999960229029087
0.9999924759467845
0.9999945507682432
0.9999944054537292
0.9999925151342293
0.9999957033876691
0.9999923287560648
0.9999943151608142
0.9999941186399031
0.9999924326358032
0.9999953633395606
0.9999921982970721
0.9999940117000644
0.9999938400752351
0.9999923338803202
0.9999950681226264
0.9999921217875603
0.9999938452885525
0.999993672552344
0.9999922369031689
0.999994815623159
0.9999919710199083
0.9999936285954765
0.9999934337934205
0.999992015771471
0.9999945223378078
0.9999917891737778
0.9999933648352299
0.9999932264552043
0.9999918217566628
0.9999942682251282
0.9999915631320593
0.9999932054052498
0.9999929261194261
0.9999916387480907
0.9999940146545431
0.9999914208281766
0.9999929352483475
0.9999927838873545
0.9999914059783284
0.9999937378884816
0.9999912467258603
0.9999926461687706
0.9999925432941872
0.9999911529605326
0.9999934259305171
0.9999910462349733
0.999992338218761
0.9999922659312355
0.9999909185187165
0.9999931251167972
0.9999908308253024
0.999992089815632
0.9999920256960244
0.9999906992579682
0.9999928138048028
0.9999906804853964
0.9999917754754667
0.9999917900734625
0.9999904950978745
0.9999925514261121
0.999990422372463
0.9999914588109495
0.9999915249383905
0.9999901998126826
0.9999922223386134
0.9999901994637744
0.9999912061609666
0.9999912748365205
0.9999899899684912
0.9999919194360215
0.9999900343321498
0.9999909159406086
0.9999909751041697
0.9999897870396015
0.999991592042207
0.9999897801653844
0.9999906455466141
0.9999907916641805
0.9999896268164786
0.9999913110817201
0.9999896114049597
0.9999903380162792
0.999990513603155
0.9999894084670821
0.9999910779523083
0.9999894002347224
0.99999017265631
0.9999902987837728
0.9999891858219007
0.9999908123994931
0.9999891349161539
0.9999899215356516
0.9999900178401401
0.9999889173270401
0.9999905536301642
0.9999888913194003
0.999989698369391
0.9999898622704374
0.9999886951214368
0.9999903484217753
0.9999887274881747
0.9999894301048093
0.9999896645364119
0.9999883931276682
0.9999900164509545
0.9999884933125534
0.9999890824525937
0.9999893748279448
0.9999881546719054
0.9999897221055432
0.9999882341760159
0.9999888611198473
0.9999890975547091
0.9999879619130247
0.9999893743556371
0.9999880148357835
0.9999887433796657
0.9999888387797512
0.9999878863521298
0.9999891559348727
0.9999877998487586
0.9999885085041915
0.9999885545796658
0.9999875490267696
0.999988851815919
0.999987437447816
0.9999882773693642
0.9999882420542789
0.9999873667914975
0.9999886580162307
0.9999872345671518
0.9999880216777712
0.9999880350522095
0.9999871260029546
0.9999883703049489
0.9999870154340753
0.9999878237878003
0.9999878076966733
0.9999868849042516
0.9999881708660735
0.9999868064223518
0.9999875600049093
0.9999876069721156
0.9999867138675417
0.9999878595932439
0.9999865942624572
0.9999871907044723
0.9999873097843146
0.9999863818345428
0.9999874679895151
0.9999863372390594
0.9999868939543124
0.9999870242693711
0.9999861410239018
0.9999871418489021
0.9999861244865291
0.9999865780185277
0.999986666394905
0.9999859345925903
0.9999869435278832
0.9999858557829315
0.9999863978475794
0.9999863854104531
0.9999856906549276
0.9999866415518611
0.9999855041279387
0.999986099356146
0.9999860535668224
0.9999854630331392
0.999986409079084
0.9999852291668617
0.9999858897252282
0.999985846720472
0.9999852517398682
0.9999861908547164
0.9999850918130683
0.9999857329575467
0.9999855996132374
0.9999850108312509
0.9999858435246409
0.9999848349244091
0.9999853841227421
0.9999852858863016
0.9999848121945959
0.9999854985527277
0.9999846052999254
0.9999850377537112
0.9999849303476958
0.9999846834749269
0.9999852104451
0.9999844791904501
0.9999848918280456
0.9999848380836649
0.9999844210572888
0.999985114174387
0.9999842598552604
0.9999846461718742
0.9999846452250367
0.99998419912739
0.9999848363034818
0.9999840657765936
0.9999844471160456
0.9999843849069002
0.9999839578644362
0.9999846721195914
0.9999838395608539
0.999984254340458
0.9999841687993438
0.9999838293168577
0.9999844230762017
0.9999836162880799
0.9999840139899401
0.9999839817565215
0.9999835250093058
0.9999841350822306
0.999983317855685
0.9999837046328791
0.9999836738360103
0.9999831910716083
0.9999838888735543
0.999982978935197
0.999983395497956
0.999983472884064
0.9999829652607078
0.9999837013576198
0.99998277505967
0.9999830736427895
0.9999832411814625
0.9999826621996655
0.9999834301224029
0.999982531251098
0.9999829609428708
0.9999829712523358
0.999982453029744
0.999983202258214
0.9999822998945804
0.9999827647871691
0.9999826155231571
0.9999821923283848
0.9999828912168542
0.9999820530869152
0.9999825228590873
0.9999823227928075
0.9999820649611872
0.9999826238266659
0.999981848394522
0.9999823003441025
0.9999820718210146
0.9999818509424937
0.9999823434971151
0.9999816492055545
0.9999821535963939
0.9999819326148761
0.9999816484859841
0.9999821817835726
0.9999813861368663
0.9999818413913204
0.9999815673449374
0.9999813456188869
0.9999819411946816
0.9999811346904146
0.999981583613828
0.9999813358272461
0.9999811578350142
0.9999816257561215
0.9999808655901018
0.999981311760985
0.9999810642898896
0.9999809680696097
0.9999813223714336
0.9999806592218844
0.99998113051375
0.999980852047899
0.9999807131351205
0.9999810360142067
0.9999804119677598
0.9999808305829554
0.9999805238338901
0.9999805185174341
0.9999807762622506
0.9999800825909814
0.9999805271090263
0.9999802530265548
0.9999802442626032
0.9999805154155478
0.9999798787138717
0.9999804247235995
0.9999799547798964
0.9999801759508644
0.9999803599323656
0.9999797090232501
0.9999801441381821
0.9999798984883373
0.9999798915533749
0.9999801200054351
0.9999795446484161
0.9999800019748741
0.9999796294792108
0.9999797333451966
0.9999799691538168
0.9999793087268756
0.9999796838729484
0.9999793852014194
0.9999794861448299
0.9999797344591523
0.9999790619791609
0.9999794607497985
0.9999791455490852
0.9999792590104756
0.999979468003908
0.9999788116030297
0.9999792610400697
0.9999788629924091
0.9999790111383215
0.999979231108593
0.9999785441299414
0.9999789779456106
0.9999787896198952
0.9999786899711064
0.9999789767996298
0.999978301912246
0.9999786440547247
0.99997846917554
0.9999784408080575
0.9999787201087665
0.9999781485999569
0.9999784574147044
0.9999781870884931
0.999978253268506
0.9999785593727721
0.9999779483979981
0.9999782919008671
0.9999780133576801
0.9999781013029725
0.9999782793889298
0.999977743691421
0.9999780975815966
0.9999778453337785
0.9999779398560273
0.9999780612435326
0.9999775464457529
0.9999777917798603
0.999977444239275
0.9999777771314212
0.9999776646973326
0.9999773338922843
0.9999776744554808
0.9999772589591378
0.9999775931957415
0.9999775583174634
0.9999770879858959
0.9999773711992759
0.999977116099742
0.999977307061167
0.9999772886242074
0.9999769126347581
0.9999770719663612
0.9999769703521397
0.9999769660951835
0.9999770662000608
0.9999766140799663
0.9999768381919822
0.9999766210447554
0.9999766276308387
0.9999768158312836
0.9999762433884252
0.9999765377178228
0.99997618676145
0.9999762872336425
0.9999764927415957
0.9999759993332045
0.9999763129018848
0.9999759896523105
0.99997606552847
0.9999761699385137
0.999975832125575
0.9999759853787725
0.9999757116468475
0.9999758875899767
0.9999759282763381
0.9999755454028044
0.9999757389669186
0.9999754408541859
0.9999755602142598
0.9999756036148126
0.9999754494011882
0.999975437744248
0.999975355846265
0.9999754324804154
0.9999753817196452
0.9999752698472266
0.9999752314503699
0.9999750891561466
0.9999752242253179
0.9999751198125629
0.9999750463886503
0.9999750655279691
0.999974883904316
0.9999750466389384
0.9999749229933462
0.9999748952712237
0.9999747703311295
0.9999746149701316
0.9999745565556946
0.9999746779156945
0.9999745212113954
0.9999745500897257
0.9999743515601802
0.9999744203909161
0.9999744678090966
0.999974311829462
0.9999744325966509
0.9999741039661062
0.9999742066635907
0.9999743107065368
0.9999740745078187
0.9999741809384024
0.9999738202960051
0.9999740610528811
0.9999740961269792
0.9999739165726899
0.999974053056482
0.9999735034971312
0.999973947506143
0.9999738262450125
0.9999737639957614
0.9999738177937375
0.9999733069909319
0.9999736801087281
0.99997366148899
0.9999735608934068
0.9999735837381826
0.9999732284099067
0.9999733928414479
0.9999734892215962
0.9999733730401098
0.9999733051821164
0.9999729921981476
0.9999731744724195
0.9999732297371992
0.9999730507273671
0.9999730084163989
0.9999727797398752
0.9999728870135821
0.9999729167770236
0.9999728144738494
0.999972931341324
0.9999725295752877
0.9999727568336321
