0.9999999183508084
0.9999996469174937
0.9999997248752697
0.9999998894411981
0.9999995963735342
0.999999797843801
0.9999998286697442
0.9999995795110659
0.9999998546498545
0.9999997475313718
0.9999996077304045
0.9999998791160482
0.9999996627578402
0.9999996657017836
0.999999868179802
0.9999995960838605
0.999999734357286
0.9999998247091
0.9999995620297643
0.9999997942115322
0.9999997570517537
0.9999995689627761
0.9999998308197301
0.9999996778755658
0.9999996128027895
0.999999838710935
0.9999996023546168
0.9999996772378962
0.9999998147200408
0.999999555093661
0.9999997361400784
0.9999997627952353
0.9999995467298908
0.9999997822572644
0.9999996927658313
0.999999573502575
0.99999979933392
0.9999996208568631
0.9999996197742254
0.9999997913904979
0.9999995584561979
0.9999996751032829
0.9999997578805842
0.9999995244514011
0.9999997248658322
0.9999996971635653
0.9999995267554583
0.9999997539150455
0.9999996253409904
0.999999566502143
0.9999997616637607
0.9999995591651369
0.999999616449379
0.9999997434027155
0.9999995165255928
0.9999996668206347
0.9999996963850399
0.999999506169449
0.9999997047994406
0.9999996313594248
0.9999995288172912
0.9999997229752879
0.999999563092982
0.9999995660129912
0.9999997163433356
0.9999995121042937
0.9999996085146163
0.9999996850644987
0.9999994893154313
0.9999996477905582
0.999999632936452
0.9999994964081536
0.9999996748311616
0.9999995729522096
0.9999995188758473
0.9999996816258112
0.9999995157559142
0.9999995547989329
0.9999996636423115
0.99999947672678
0.99999959048137
0.9999996239067285
0.999999458408439
0.9999996233073508
0.9999995662684783
0.9999994683831008
0.9999996378270811
0.999999504174855
0.9999994967710933
0.9999996342339919
0.9999994511499408
0.9999995309951181
0.9999996031653966
0.999999425262061
0.9999995653334148
0.9999995504391007
0.9999994247575917
0.9999995906909422
0.9999994939488093
0.9999994429386463
0.9999995965289586
0.9999994460819508
0.9999994736230458
0.9999995822616404
0.9999994072237887
0.9999995067653122
0.9999995434021218
0.9999993951560736
0.999999539714995
0.9999994934382175
0.9999994031300866
0.9999995535493098
0.9999994379129816
0.9999994254184192
0.999999549147755
0.9999993963600691
0.9999994529930543
0.9999995207301912
0.9999993748036395
0.99999948281773
0.9999994760510692
0.9999993713841107
0.9999995012110697
0.999999428265442
0.9999993817145509
0.9999995061241455
0.9999993833378206
0.9999994041044491
0.9999994942264774
0.9999993481237902
0.9999994320533042
0.9999994578579964
0.9999993380300846
0.9999994530897409
0.999999410298848
0.9999993438930197
0.9999994649859868
0.9999993609196215
0.9999993658693319
0.9999994597460372
0.9999993263020538
0.9999993872582569
0.999999440482602
0.9999993056864956
0.9999994111299745
0.9999993999133723
0.99999930737804
0.9999994218257452
0.9999993543121674
0.99999932097728
0.9999994276299743
0.9999993113880268
0.9999993396871066
0.9999994157427714
0.9999992844718855
0.9999993570286767
0.999999389164143
0.9999992747337973
0.9999993762533554
0.999999349912916
0.9999992803120697
0.99999938562841
0.9999993069937534
0.9999992949095141
0.9999993835551056
0.9999992757662446
0.9999993112757267
0.9999993644592108
0.9999992540573001
0.9999993329885085
0.9999993348447292
0.9999992482551281
0.9999993471204307
0.9999992969069963
0.9999992551701674
0.9999993500396285
0.9999992612460544
0.9999992732959131
0.9999993326506518
0.9999992337069619
0.9999992971259476
0.9999993092665802
0.9999992233271551
0.9999993091118646
0.9999992784095207
0.9999992285854729
0.9999993102119099
0.9999992461165189
0.9999992369846779
0.999999300324478
0.9999992146621463
0.9999992545900437
0.9999992824579411
0.9999991975134812
0.9999992684256368
0.9999992580502192
0.9999991932450281
0.9999992760856541
0.9999992274328515
0.9999992003640726
0.9999992644805156
0.9999992003924338
0.99999921054454
0.9999992505832958
0.9999991774928227
0.9999992211386
0.9999992343693841
0.9999991597949679
0.9999992315383951
0.9999992057855502
0.9999991597001543
0.9999992299867356
0.9999991811630584
0.9999991679854263
0.9999992150898103
0.9999991500642779
0.999999180603965
0.9999991923880092
0.9999991268804822
0.999999188119286
0.9999991731721518
0.999999116496063
0.9999991922768575
0.9999991447043676
0.9999991199319291
0.9999991849831504
0.9999991135140248
0.9999991300508023
0.9999991687373003
0.9999990916370013
0.999999143581061
0.9999991463608171
0.9999990798074015
0.9999991555876654
0.9999991211728513
0.9999990812772401
0.9999991506870605
0.9999990974297536
0.9999990950140356
0.9999991444684582
0.9999990759963242
0.999999110998195
0.9999991201864158
0.9999990580313786
0.9999991222294251
0.9999990924149554
0.9999990549648565
0.9999991199753118
0.9999990686675694
0.999999059199134
0.999999108277521
0.9999990443663013
0.9999990655375849
0.9999990909388272
0.999999023901226
0.999999072566993
0.9999990666224329
0.9999990137006726
0.9999990796587954
0.9999990369106933
0.999999017099127
0.9999990767008874
0.999999017681232
0.999999029724787
0.9999990605452437
0.9999990037484874
0.9999990379360243
0.9999990370358958
0.9999989940634907
0.999999040766521
0.9999990160776772
0.999998987609878
0.9999990387879487
0.9999989937679753
0.9999989830365603
0.9999990278827987
0.9999989721500222
0.9999989870997344
0.9999990135230243
0.999998958226315
0.999998998405001
0.9999989948526783
0.9999989574395699
0.9999990026506613
0.9999989704118785
0.9999989551545889
0.9999989965761642
0.9999989557850804
0.9999989615009575
0.9999989896660558
0.9999989527336436
0.9999989636934877
0.9999989743144447
0.9999989387226957
0.9999989676492818
0.9999989540178894
0.9999989315426697
0.9999989678634619
0.9999989343195483
0.9999989279064418
0.9999989600129561
0.9999989187972597
0.9999989279025138
0.9999989502622861
0.9999989057811856
0.9999989328279704
0.9999989355598312
0.9999989021968766
0.9999989372841356
0.9999989080408695
0.9999988991110274
0.999998927637604
0.9999988901301635
0.9999988939451832
0.9999989154374649
0.99999887782278
0.9999988925154316
0.9999989019196868
0.9999988689352699
0.9999988877400647
0.9999988850913833
0.9999988597704779
0.9999988858465233
0.999998869525287
0.9999988512439116
0.9999988809139659
0.9999988569868435
0.9999988460994633
0.9999988670432755
0.9999988377716498
0.999998845565993
0.9999988532197344
0.9999988224928273
0.9999988421704821
0.9999988372956158
0.999998809790818
0.9999988439860615
0.999998823402847
0.9999988047714091
0.9999988404080259
0.9999988103411561
0.999998809130534
0.9999988192833158
0.999998801045943
0.9999988135472798
0.9999988066200842
0.9999987868242779
0.999998809113829
0.9999988001372904
0.9999987758530793
0.9999988113717964
0.9999987917837739
0.9999987711407554
0.9999987996277404
0.9999987759045452
0.9999987749843209
0.9999987880990162
0.9999987665330201
0.9999987821048826
0.9999987682511989
0.9999987507685225
0.9999987755424066
0.9999987501598087
0.999998746997057
0.9999987620221423
0.9999987479657141
0.9999987452149196
0.9999987431519701
0.9999987373500939
0.9999987416831413
0.9999987351561972
0.9999987207911599
0.9999987366054135
0.9999987252508702
0.9999987094795166
0.9999987304263651
0.9999987167339625
0.9999987088281981
0.9999987191665647
0.9999986996607354
0.9999987093600751
0.9999987082108303
0.9999986861784956
0.9999987064089814
0.9999986862709722
0.9999986796204622
0.9999986975938886
0.9999986739296288
0.9999986767784851
0.9999986900537303
0.9999986614830273
0.9999986710121693
0.99999866973849
0.9999986470861028
0.9999986709112593
0.9999986539414873
0.99999863531246
0.9999986660728494
0.9999986371271767
0.9999986305861589
0.9999986616094925
0.999998626559925
0.9999986361842447
0.9999986409507513
0.9999986146853523
0.99999863723929
0.9999986214680275
0.9999986056118487
0.9999986360403601
0.9999986037395158
0.999998597856173
0.9999986222034017
0.9999985915087592
0.9999985935449374
0.9999986067936386
0.9999985764117796
0.9999985944882566
0.9999985917872046
0.9999985692782519
0.9999985835600422
0.9999985791780216
0.9999985625324102
0.9999985802977193
0.9999985606390932
0.999998547532124
0.999998573469819
0.9999985488056257
0.999998543258798
0.9999985627422315
0.9999985333529674
0.9999985449930896
0.9999985477742571
0.9999985206251522
0.9999985492283392
0.9999985338734538
0.9999985193081345
0.9999985466879748
0.9999985155938854
0.9999985125686078
0.9999985339154526
0.9999985056783648
0.9999985076829642
0.9999985178436349
0.9999984983404795
0.9999985099340445
0.9999985017148951
0.9999984824082144
0.9999985116932724
0.9999984905616089
0.9999984647049727
0.9999985064571729
0.9999984732583871
0.9999984612855555
0.9999985018807448
0.9999984610113538
0.999998468022132
0.9999984806084221
0.9999984525508494
0.9999984757496682
0.9999984642496861
0.9999984428296945
0.9999984757274607
0.9999984482532468
0.9999984367592486
0.9999984638555226
0.9999984414368892
0.9999984311107452
0.9999984477073791
0.999998425262092
0.9999984312676883
0.999998440473326
0.9999984097634201
0.9999984322384755
0.9999984239852521
0.99999839549429
0.9999984284486831
0.9999984078975722
0.9999983916199296
0.9999984268957058
0.999998387136988
0.9999984002583623
0.9999984139712981
0.9999983789166241
0.9999984063047491
0.9999983945533688
0.999998367361661
0.9999984096814084
0.9999983786550111
0.999998361169743
0.9999984075459293
0.9999983695148374
0.9999983568763262
0.9999983964927506
0.9999983511722728
0.9999983651285508
0.9999983872620147
0.999998346164349
0.9999983750651399
0.9999983740790074
0.9999983294392744
