0.999999892714012
0.9999994965826391
0.9999997413901636
0.9999997338593726
0.9999995035124022
0.9999998735963115
0.9999994887457236
0.9999997238626073
0.9999997187080845
0.9999994864234013
0.9999998494548641
0.9999994747383374
0.9999997075135696
0.999999697326787
0.9999994744849642
0.9999998273922829
0.999999467788358
0.9999996914722487
0.9999996812583686
0.9999994705462502
0.9999998062945092
0.9999994533783314
0.9999996742994485
0.999999660859333
0.9999994591819461
0.999999780058773
0.9999994453843701
0.9999996530768703
0.9999996430698176
0.9999994469498673
0.9999997581193737
0.9999994363361624
0.9999996314502488
0.9999996284159229
0.9999994385955684
0.9999997365812862
0.9999994205849215
0.9999996211596134
0.9999996087064156
0.999999426224207
0.9999997147462326
0.999999407718446
0.9999996043951641
0.9999995912845719
0.9999994118554534
0.9999996984716077
0.999999392616348
0.9999995855394294
0.9999995732963214
0.9999993975351527
0.9999996785621579
0.9999993813304153
0.9999995670951984
0.9999995495690562
0.9999993870852892
0.9999996553765088
0.9999993702217318
0.9999995492382798
0.9999995326869019
0.9999993815695787
0.9999996296567304
0.9999993616035807
0.9999995272100209
0.9999995084269255
0.9999993750319921
0.9999996039551169
0.9999993482173785
0.9999995073720289
0.9999994881567117
0.9999993581744233
0.9999995850225778
0.9999993390091836
0.9999994909739433
0.999999472914417
0.9999993446844327
0.9999995661686398
0.9999993293654632
0.9999994733190882
0.99999945063719
0.9999993284406837
0.9999995430418268
0.9999993142957914
0.9999994524316236
0.999999436083813
0.9999993124166496
0.9999995190829332
0.9999992978568393
0.9999994354633835
0.9999994131309928
0.9999992935632988
0.9999995008967029
0.9999992744882207
0.9999994117712837
0.9999993933422018
0.999999277402893
0.9999994728868512
0.9999992547271002
0.9999993894010359
0.9999993647898429
0.9999992589666394
0.9999994491379153
0.9999992389994543
0.9999993700872464
0.9999993489153479
0.9999992375924742
0.9999994264176386
0.9999992197817839
0.9999993476419134
0.9999993355760284
0.9999992268329204
0.9999993997166878
0.9999992085285405
0.9999993230589461
0.9999993191044185
0.9999992048416833
0.9999993736700029
0.9999991906132109
0.9999993018825529
0.9999992977627947
0.9999991890473354
0.9999993517120137
0.9999991691070755
0.9999992836987787
0.999999275854354
0.999999164785856
0.9999993363374361
0.9999991547283625
0.9999992648746002
0.9999992587198666
0.9999991504602834
0.9999993112552622
0.9999991448745105
0.9999992426052242
0.9999992349753426
0.9999991415108791
0.9999992878430973
0.9999991256792148
0.9999992246331015
0.9999992153539538
0.9999991261266428
0.9999992664804817
0.9999991127675072
0.999999209603926
0.9999992023116497
0.9999991154848743
0.9999992490293941
0.9999990981410941
0.9999991864002554
0.9999991853198053
0.9999990993682855
0.9999992269821482
0.9999990817610719
0.9999991655036473
0.9999991557702296
0.9999990784752825
0.9999992072685161
0.9999990610174067
0.9999991403059697
0.9999991386372883
0.9999990560034546
0.9999991854649141
0.9999990513476765
0.9999991137888022
0.9999991194706327
0.9999990396758588
0.9999991573471976
0.9999990363635972
0.9999990935100858
0.9999991009690196
0.9999990227750785
0.9999991365431438
0.9999990176221227
0.9999990732415075
0.9999990831730908
0.9999990006886103
0.9999991216427975
0.999998989331556
0.9999990534284197
0.9999990624602489
0.9999989754661566
0.9999990947885455
0.9999989733885244
0.9999990364597588
0.999999035678604
0.999998955467386
0.9999990701153941
0.9999989556774672
0.9999990124912781
0.9999990117069543
0.9999989349178446
0.9999990487084744
0.999998932628954
0.9999989907724708
0.9999989975726845
0.9999989122047783
0.9999990269251069
0.9999989177512844
0.9999989718341312
0.9999989894163492
0.9999988991729885
0.9999990080641468
0.9999989070523497
0.9999989544585616
0.9999989706181994
0.9999988761736789
0.9999989898074614
0.9999988851642005
0.9999989346891293
0.9999989444558322
0.9999988653580033
0.9999989650175238
0.9999988623438381
0.9999989158144416
0.9999989217481999
0.9999988446556346
0.999998945828133
0.9999988448930692
0.999998895500809
0.9999989055807318
0.9999988319082888
0.9999989236267454
0.9999988272657272
0.9999988782174781
0.9999988868615042
0.9999988033897032
0.9999989026956633
0.9999988008068923
0.9999988577988793
0.9999988567233907
0.999998780146662
0.9999988760223091
0.999998780391011
0.9999988302923417
0.9999988314941021
0.999998762496146
0.9999988486885661
0.9999987591499595
0.9999988021546781
0.9999988041507148
0.9999987461788999
0.9999988195750603
0.9999987457961775
0.9999987723630818
0.9999987859866757
0.9999987254886549
0.9999987953510735
0.9999987295533277
0.9999987438545933
0.9999987628537934
0.9999987082185011
0.9999987699076622
0.9999987054590034
0.9999987253167477
0.9999987298027515
0.9999986930032556
0.9999987405502548
0.9999986800715616
0.9999987069913372
0.9999987017731656
0.9999986815804612
0.9999987135530545
0.9999986665115466
0.999998691823668
0.9999986758862743
0.9999986666913221
0.9999986862039112
0.9999986472721952
0.9999986666519696
0.9999986574037003
0.9999986483173213
0.9999986574628759
0.9999986302941845
0.9999986445135104
0.9999986376768082
0.9999986350614243
0.9999986366329014
0.9999986193888564
0.9999986195858074
0.9999986176220438
0.9999986101985439
0.9999986108987101
0.9999985900097916
0.9999985934734639
0.9999985934233585
0.9999985819001725
0.9999985896326892
0.9999985665748019
0.99999858100915
0.9999985770999942
0.9999985635346043
0.9999985762389098
0.9999985489961515
0.9999985705066218
0.9999985615477364
0.999998556084552
0.9999985632689691
0.999998532719432
0.9999985442840242
0.9999985444230819
0.9999985372695986
0.9999985370774964
0.9999985194856221
0.9999985207004917
0.9999985261388542
0.9999985128234844
0.9999985087712635
0.9999984967990648
0.9999984991485286
0.9999985002959221
0.9999984915504777
0.9999984873982096
0.9999984767370795
0.9999984843739628
0.9999984768170167
0.9999984722362921
0.9999984655368123
0.9999984474319017
0.9999984666072624
0.9999984607649547
0.9999984555558145
0.9999984644879422
0.9999984314106033
0.9999984571089152
0.999998437397794
0.9999984352053801
0.9999984435222379
0.9999984076009365
0.9999984412841731
0.9999984244165413
0.9999984217402047
0.9999984259203536
0.9999983873856003
0.9999984192553935
0.9999983961283785
0.9999984005842117
0.9999983974625141
0.9999983611902147
0.9999984042585965
0.9999983776352795
0.9999983819527398
0.9999983926342031
0.9999983466318296
0.9999983883727778
0.999998368181332
0.9999983669310482
0.9999983769738001
0.9999983251439063
0.9999983743780726
0.999998344872613
0.9999983430539071
0.9999983672794289
0.9999982994100114
0.9999983595201897
0.9999983242707569
0.9999983176187061
0.9999983413897782
0.9999982801146701
0.9999983328748656
0.9999983007156482
0.9999983005382798
0.9999983206397683
0.9999982637580357
0.9999983160719508
0.9999982757148913
0.9999982759720254
0.9999982984620143
0.9999982376836009
0.999998299903718
0.9999982549662559
0.9999982466739978
0.9999982834419596
0.9999982116474836
0.9999982665658786
0.999998234385745
0.9999982214465837
0.9999982594636367
0.9999981937123119
0.9999982456670425
0.9999982110038128
0.9999981958438986
0.9999982418502861
0.9999981705909946
0.9999982254100312
0.9999981987726249
0.9999981700051583
0.9999982303887465
0.9999981504372375
0.9999982051663862
0.9999981888810715
0.9999981553682876
0.9999982067262849
0.9999981360550917
0.9999981811788919
0.9999981672110893
0.9999981343356614
0.9999981821614057
0.9999981188984144
0.9999981590667577
0.9999981461036483
0.9999981126628527
0.9999981628764782
0.9999980914079363
0.9999981372887841
0.999998124464808
0.999998086517054
0.9999981349417552
0.9999980674541721
0.9999981128000062
0.9999981018657182
0.999998065174513
0.9999981153318531
0.9999980507462276
0.9999980980215407
0.9999980755678156
0.9999980403908733
0.9999981023857161
0.9999980250893101
0.9999980796089799
0.9999980546946532
0.999998022215778
0.9999980780621758
0.9999980093311511
0.9999980535227524
0.9999980366642143
0.9999980102190335
0.9999980458022848
0.9999979946185664
0.9999980349955502
0.9999980107952192
0.9999979891863205
0.999998032154804
0.9999979791961353
0.9999980215265182
0.9999979957664671
0.9999979764029917
0.9999980012743137
0.9999979610675663
0.999998000163459
0.9999979696074272
0.9999979597035397
0.9999979836050368
0.9999979437710846
0.9999979879578551
0.9999979534072133
0.9999979571254792
0.9999979707928445
0.9999979448905542
0.9999979685876293
0.9999979397072487
0.9999979373648641
0.9999979537726343
0.9999979300156793
0.9999979519119249
0.9999979205965827
0.999997908743968
0.999997932241691
0.9999978958728856
0.9999979242945215
0.9999979035905059
0.9999978921503572
0.999997920983047
0.9999978824981094
0.9999979043720434
0.9999978890603923
0.9999978706441599
0.9999978909331727
0.9999978666243838
0.9999978788379995
0.9999978652472984
0.999997849698646
0.9999978667292074
0.999997836598697
0.999997853746403
0.9999978373762137
0.999997835451494
0.9999978436835723
0.999997824610722
0.9999978336325335
0.999997819467929
0.999997820770251
0.9999978120596343
0.999997807235518
0.9999978229479675
0.9999978005433147
0.9999977975377462
0.9999978011341829
0.9999977852953614
0.9999977938715683
0.9999977714712723
0.9999977776990809
0.9999977775483819
0.9999977590720394
0.99999778224781
0.999997752584763
0.99999775599255
0.9999977664048589
0.9999977328025307
0.9999977618110699
0.9999977298035422
0.9999977413081363
