0.9998647058322062
0.9998559737596756
0.9998307675395707
0.9997905039780318
0.9997379206227152
0.9996762154910257
0.9996087054532032
0.9995396721948384
0.9994739296637922
0.9994151820389338
0.9993669762580578
0.9993314340305114
0.9993102199685162
0.999304694253508
0.9993142288844884
0.9993374268594519
0.999373012362593
0.9994185886522872
0.9994706046297132
0.9995250457629554
0.999578665210178
0.9996285134458316
0.9996712124109786
0.9997034317765937
0.9997226343617743
0.9997279683099465
0.999718980838702
0.999696179580827
0.999660887249503
0.9996155127017876
0.9995633160414132
0.9995071780747107
0.9994501610542345
0.9993954375938086
0.9993459973013761
0.9993046179475513
0.9992728463403387
0.9992525753305185
0.999245181191805
0.9992513728904983
0.9992705492142622
0.9993014580520321
0.9993418789206446
0.9993886975647609
0.9994379202215532
0.9994854385074161
0.9995282916924219
0.999563062218936
0.9995875953729264
0.9996005187716809
0.9996017395682454
0.9995911365660786
0.9995697294290733
0.9995389317365797
0.9994997732839788
0.9994543276004635
0.9994050306179318
0.9993535302586627
0.9993023308296408
0.9992543971325781
0.9992127643823693
0.9991808688237457
0.9991607824965556
0.9991535331544366
0.9991585530724016
0.9991751806022379
0.9992020224869865
0.9992371549245497
0.9992779929475563
0.9993213223293833
0.9993639409789122
0.9994024209466557
0.999433927931664
0.9994564505907235
0.9994690129051921
0.9994706896572414
0.9994612079832425
0.9994413065615863
0.9994126009909188
0.9993765942258188
0.9993347146551597
0.999289216719203
0.9992420416353895
0.9991963387612545
0.9991545295063949
0.9991194524581565
0.9990937798904644
0.9990786108116824
0.9990754372792688
0.9990843618388847
0.9991040056103855
0.9991322495532525
0.9991662502042196
0.9992028377601408
0.9992387669346359
0.9992719001737043
0.9993008121322839
0.999324030312714
0.9993401271004336
0.9993485040219046
0.9993483316931646
0.9993393723647256
0.9993214715591163
0.9992952309357909
0.9992621754892707
0.9992234380530437
0.9991808225597156
0.9991369445838082
0.9990945634287594
0.9990567256890975
0.9990252624874043
0.9990029401794965
0.998989900230195
0.998986745827641
0.9989936645787948
0.9990084345083597
0.9990301843413583
0.9990568804475115
0.9990866094011125
0.9991173200283756
0.999146628738285
0.9991714895399753
0.9991912089131235
0.9992048070672306
0.9992106271020565
0.9992086187208712
0.9991993371952224
0.9991821789193404
0.9991582539444878
0.9991282926471603
0.9990939642619896
0.9990571123453709
0.9990195545057872
0.9989833477965422
0.9989503255818442
0.9989220267122622
0.9988996356638322
0.998884714519904
0.9988786859527153
0.9988825906612836
0.9988949673959652
0.9989142955637733
0.9989388474518163
0.9989659799669112
0.9989927157089642
0.9990170477773449
0.9990365659694057
0.9990506134157315
0.999058486153547
0.9990593846762328
0.9990535063902702
0.9990420272463155
0.9990254260915938
0.9990039561553375
0.9989789851408187
0.9989509022348637
0.9989209763535509
0.9988914501100832
0.9988632423228799
0.9988374993433593
0.9988156660383104
0.998799397624259
0.9987905063241165
0.9987891966053676
0.9987946864399505
0.9988063344514975
0.9988225398624733
0.9988413242730704
0.9988613120001961
0.9988808372314408
0.998898557999083
0.9989130319112197
0.9989216993076482
0.998925057070261
0.9989229412651283
0.9989153616404417
0.99890241388275
0.9988844039067369
0.9988624209943031
0.9988376359888359
0.9988107342504634
0.9987829458535326
0.9987547656928902
0.9987284445871136
0.9987052720726838
0.9986860845812765
0.9986734218079197
0.998668004535673
0.9986693491646982
0.9986779106414836
0.9986920889573475
0.9987091976099495
0.9987277776361996
0.9987461391562173
0.9987616568408781
0.9987729794578715
0.9987805903603186
0.9987844155723413
0.9987842559731435
0.9987808915350685
0.9987747113384724
0.9987659193161732
0.9987540844689571
0.9987398927867739
0.9987225157381345
0.9987032582470936
0.998681648027459
0.9986585973659564
0.9986359015400321
0.998615832519557
0.9985992129086254
0.9985861124589536
0.9985774644161166
0.9985738232254736
0.9985753537693436
0.9985817095049312
0.99859101427837
0.9986022028337224
0.9986141485483448
0.998624688023613
0.9986320859258667
0.9986369561678797
0.9986388554342306
0.998638144008428
0.9986348395263918
0.9986294753247393
0.9986220023796396
0.9986124918314546
0.9986012359478436
0.9985879792680405
0.998572882012644
0.998556662133736
0.9985397881692698
0.9985233854040169
0.9985082214168001
0.9984955605416342
0.9984858455182722
0.9984793667828086
0.9984763289417554
0.9984763340349548
0.9984777903717748
0.9984810869995955
0.9984853160860405
0.9984897790737977
0.9984940060670313
0.998497087620631
0.9984989635907418
0.9984986208362809
0.9984960284179621
0.9984912845402569
0.9984846421314374
0.9984759716356986
0.9984666931376297
0.9984564189187322
0.9984449203377259
0.9984323153798184
0.9984197803266968
0.998407029567056
0.9983954476136659
0.9983859695242085
0.9983781281095764
0.9983720598621763
0.9983681311960714
0.9983655507470671
0.9983651629836786
0.9983665787578967
0.998368826525007
0.9983717661475634
0.9983746707990001
0.9983778172173858
0.9983808330557242
0.998382459985444
0.998382592043334
0.9983805345798727
0.9983763695463658
0.9983701331501043
0.998361488171309
0.9983500905077805
0.9983369500732092
0.9983227230840811
0.9983078537943006
0.9982919205798367
0.9982756800550251
0.998260675486474
0.9982476676863916
0.9982366563663583
0.9982277023002885
0.9982213245384549
0.9982179214359331
0.9982178807830375
0.9982202900789232
0.9982244088442656
0.99822923191771
0.9982334129699626
0.9982369729637639
0.9982392072047792
0.998239654540106
0.9982376517022798
0.9982336953561229
0.9982283019983348
0.9982224266058763
0.9982166851499132
0.998211090597453
0.998205023421673
0.9981978287525264
0.9981891639323294
0.9981780529680373
0.9981643266349182
0.9981488365044502
0.9981329936585507
0.9981183752823964
0.9981060260482012
0.9980970611684786
0.9980918319062452
0.998091291178247
0.9980947654860567
0.998101552936288
0.9981108681359797
0.9981200463891199
0.9981283261928915
0.9981334966966765
0.9981345790381673
0.9981323122579919
0.9981267293651352
0.9981191754159051
0.9981107915012468
0.9981024458155069
0.9980939881622972
0.9980856751404082
0.9980772124180177
0.9980678677366254
0.9980571998136535
0.998045775510215
0.9980334831320004
0.9980204306131163
0.9980076635502786
0.9979963341919511
0.9979874439204818
0.9979808050578227
0.9979774073610356
0.997976500711315
0.9979777355719395
0.997980522822729
0.9979833788565154
0.9979849376520297
0.997983726830652
0.997979549850797
0.9979731127596305
0.9979646238602595
0.9979556820567763
0.9979481733355537
0.997941313395932
0.9979346296221802
0.9979285543291162
0.9979227542607346
0.9979163588340271
0.997908703745819
0.9978999358517919
0.9978895881578081
0.9978787299883554
0.9978687514469344
0.9978600719605307
0.997853911503678
0.9978504079443484
0.997849329385536
0.9978491296000401
0.9978492301269097
0.9978495637802598
0.9978488650391801
0.9978464981343572
0.9978420695325653
0.9978364334759545
0.9978300014844459
0.9978223991473255
0.9978143547901849
0.9978065542765463
0.9978004960457615
0.9977948615298936
0.997789168313966
0.9977830922578071
0.9977760711269661
0.9977683067215937
0.997760027921294
0.9977528346408491
0.9977462287447992
0.9977410920943846
0.9977370495491605
0.9977337148795528
0.9977308285784882
0.997728770146435
0.9977265540838502
0.9977243345694665
0.9977214318258154
0.9977168414806211
0.9977105531171608
0.9977025820469603
0.9976945463273243
0.9976866103166975
0.9976788385096667
0.9976725001743799
0.9976668140423578
0.9976615905831655
0.9976578924286871
0.9976551390512107
0.997652638808416
0.997649250192045
0.997644867091073
0.997638687934339
0.9976309135145212
0.9976230570177961
0.9976155724527342
0.9976106394183419
0.9976082030413329
0.9976064591719342
0.9976048536992049
0.9976033327987839
0.9976017913154823
0.99759998714837
0.9975966487708213
0.997591695294678
0.9975855710939683
0.9975798276831416
0.9975746837669318
0.9975705129132826
0.9975663206615777
0.9975625151149489
0.997559539593562
0.9975565224189161
0.9975534336881458
0.9975492528597147
0.9975451344034824
0.9975409805806351
0.9975368688088267
0.997532192575143
0.9975269859359108
0.9975213203866744
0.9975158291861549
0.9975111835162142
0.9975078464562604
0.9975048061778835
0.9975022115054173
0.9974996703873473
0.997497268634641
0.9974947677160749
0.9974911578345114
0.9974870823772863
0.9974814393747528
0.9974743953512489
0.997465174297254
0.9974546009722633
0.9974437391871454
0.9974333906028194
0.9974239993118758
0.9974164813484296
0.9974104034114804
0.9974045886589672
0.9973990775996984
0.997393609864725
0.9973881237761824
0.9973813977522863
0.9973742343907702
0.9973666271019402
0.9973599289862304
0.9973542859008366
0.9973502542784606
0.9973470045560967
0.9973449695065887
0.9973421922234951
0.9973386598882262
0.9973337187903303
0.9973278198804796
0.9973207474672836
0.9973130326683416
0.9973050507128983
0.9972963276209679
0.9972872726571005
0.9972789656612472
0.9972710797074501
0.9972638365280279
0.9972584096025714
0.9972535425931711
0.9972493201614827
0.9972458684743064
0.9972421704676802
0.9972388230905759
0.997235982648574
0.9972336122636138
0.9972315722667612
0.9972302059448617
0.9972296261699876
0.9972291519782683
0.9972274829193492
0.9972238513456765
0.997217337388901
0.9972102287771729
0.9972018730409598
0.9971928582322044
0.9971843100636884
0.9971767203195255
0.997169394585255
