0.9999999552032282
0.9999998911236504
0.9999997914488998
0.9999997922621425
0.99999988692001
0.9999999466981214
0.9999998831630963
0.999999790233911
0.9999997908902105
0.9999998816923841
0.9999999369698668
0.9999998784656134
0.9999997871039651
0.9999997873394899
0.9999998762658371
0.9999999273946429
0.9999998707697083
0.9999997855141939
0.9999997845066372
0.9999998698491224
0.9999999186607612
0.999999863611512
0.9999997794436974
0.999999777752591
0.9999998608195176
0.9999999094192155
0.9999998566050347
0.999999772390428
0.9999997710170604
0.9999998519559056
0.9999999008937075
0.9999998501885561
0.9999997673278489
0.9999997641976156
0.9999998442572392
0.9999998915317154
0.999999842345538
0.9999997611643714
0.9999997573520673
0.9999998349946473
0.9999998828762913
0.9999998374256724
0.9999997556130908
0.9999997531013595
0.9999998279726804
0.9999998750001233
0.9999998331925236
0.9999997530225214
0.9999997484878909
0.9999998197451138
0.9999998654897908
0.9999998251989879
0.9999997486295844
0.999999746485983
0.9999998143625541
0.9999998561920254
0.9999998181013051
0.9999997476157716
0.9999997412673768
0.9999998039175877
0.9999998476489473
0.9999998112569124
0.9999997406521739
0.9999997347489594
0.9999997962535603
0.9999998396141354
0.9999998059012233
0.9999997365509459
0.9999997300296947
0.9999997890212466
0.999999830043143
0.9999997977304204
0.999999731406409
0.9999997244253799
0.9999997843379189
0.9999998236744493
0.9999997877288137
0.9999997246250473
0.9999997201348533
0.9999997792622884
0.9999998160275836
0.9999997779970652
0.9999997153758226
0.9999997144565652
0.9999997711878363
0.9999998055474061
0.9999997680275123
0.9999997089411554
0.9999997092162772
0.999999763297349
0.9999997951822205
0.9999997601221208
0.9999997041077797
0.9999997027337808
0.9999997565126638
0.9999997858040268
0.9999997522707778
0.9999996967785948
0.9999996958008108
0.9999997486995003
0.9999997790729614
0.9999997453011816
0.9999996910512648
0.9999996910288939
0.9999997397486995
0.9999997702252915
0.9999997353403597
0.9999996859720571
0.9999996861891299
0.9999997321148871
0.9999997625823236
0.9999997290429873
0.9999996804987008
0.9999996764507801
0.9999997216943504
0.9999997523112473
0.9999997202869411
0.999999673110444
0.9999996695561612
0.9999997139916011
0.9999997438240527
0.9999997127361607
0.9999996638129989
0.9999996623861701
0.9999997066683184
0.9999997332510878
0.9999996984327126
0.9999996541563607
0.9999996543417415
0.9999997004480693
0.9999997257845166
0.9999996906354943
0.9999996471859831
0.9999996465967084
0.999999691778947
0.9999997159235205
0.9999996803459068
0.9999996407943228
0.9999996416207138
0.9999996814076529
0.9999997044175243
0.9999996719464911
0.999999634987947
0.9999996336782201
0.9999996729293886
0.9999996938659232
0.999999662063008
0.9999996259399461
0.999999625664157
0.9999996631152948
0.999999683172684
0.9999996565623624
0.9999996202085324
0.9999996197097155
0.9999996564718632
0.9999996750479646
0.9999996458461433
0.9999996140948644
0.9999996144604432
0.999999648658923
0.9999996662702938
0.9999996380600291
0.9999996083402594
0.9999996072111447
0.9999996357859103
0.9999996564865467
0.9999996277249068
0.9999996019704858
0.9999996004865436
0.9999996284050328
0.9999996468589869
0.9999996186307213
0.9999995941629832
0.9999995916246263
0.9999996212885085
0.9999996417574049
0.9999996140447659
0.9999995835459456
0.9999995812475644
0.9999996146890596
0.9999996350750001
0.99999960638784
0.9999995770623996
0.9999995736511725
0.9999996068871342
0.9999996256697333
0.9999995959222645
0.9999995705272556
0.9999995682364701
0.9999995982591566
0.9999996153000356
0.999999588052312
0.9999995645989966
0.9999995592035045
0.9999995868147584
0.9999996015816761
0.9999995767786007
0.9999995542122532
0.9999995549009726
0.9999995811757215
0.9999995916102408
0.9999995671740372
0.999999550499776
0.9999995502692026
0.9999995715457448
0.9999995801008689
0.9999995574678968
0.9999995399191148
0.9999995400250565
0.9999995615805201
0.9999995711525268
0.999999549649964
0.9999995324590144
0.9999995340892728
0.9999995513148273
0.9999995612565552
0.9999995389195343
0.9999995232930965
0.9999995259958983
0.9999995486649939
0.9999995558707546
0.9999995339979969
0.9999995158537184
0.9999995226984351
0.9999995401519061
0.9999995491570949
0.9999995260718997
0.9999995099717375
0.9999995179198349
0.9999995342082044
0.9999995406797638
0.9999995202656734
0.9999995046299692
0.9999995117038536
0.9999995232762058
0.9999995314685916
0.9999995158059038
0.9999994981771418
0.9999994996663822
0.9999995151063819
0.9999995199140901
0.9999995058291643
0.9999994915135779
0.9999994922299834
0.9999995063147947
0.9999995100093066
0.9999994975784985
0.9999994820612691
0.9999994828155658
0.9999994964917563
0.9999995029948314
0.9999994910046655
0.9999994730540005
0.9999994739130378
0.9999994884086901
0.9999994928712023
0.9999994787652717
0.9999994602373312
0.9999994604750847
0.9999994790514171
0.9999994847137047
0.9999994694006155
0.9999994528978452
0.9999994525116433
0.9999994673271387
0.9999994740692999
0.9999994598417893
0.9999994462930822
0.9999994450337163
0.999999461621908
0.9999994663042207
0.9999994510216585
0.9999994369403241
0.9999994348275688
0.9999994544979137
0.9999994578349136
0.9999994449924271
0.9999994334066972
0.999999429466821
0.999999445815394
0.9999994525976529
0.9999994392005025
0.9999994267433422
0.9999994207932499
0.9999994357061944
0.9999994427237037
0.9999994309169631
0.999999416657018
0.999999411206739
0.9999994228785151
0.9999994358686946
0.9999994241526029
0.999999405679638
0.9999994033864367
0.9999994188305799
0.9999994276152041
0.9999994156234726
0.9999994002048345
0.9999993958961856
0.9999994127055815
0.9999994213404594
0.999999409551641
0.9999993958445696
0.999999391233134
0.9999994029305934
0.9999994074950991
0.9999993975522313
0.9999993894766862
0.999999386308013
0.9999993964814085
0.9999993962738802
0.9999993856803981
0.9999993760354338
0.999999372014634
0.9999993873236063
0.999999388203958
0.9999993787714085
0.9999993685098089
0.9999993629015149
0.9999993748837587
0.9999993764986751
0.9999993693023499
0.9999993570238417
0.9999993544897103
0.9999993663482393
0.9999993689430178
0.9999993618167593
0.9999993498797672
0.9999993468876419
0.9999993590957948
0.9999993634226786
0.9999993538903014
0.9999993391992122
0.9999993380800849
0.9999993519028487
0.9999993586872419
0.9999993481625278
0.9999993325983861
0.9999993295611398
0.9999993407730905
0.999999347104348
0.9999993379765691
0.9999993230804368
0.9999993210123245
0.999999330394795
0.999999338304438
0.99999933276171
0.9999993181985322
0.999999314558324
0.9999993230125733
0.9999993280020181
0.999999324236521
0.9999993107700434
0.9999993047462765
0.9999993137231074
0.9999993229266606
0.9999993152973005
0.9999993009182776
0.9999992976642652
0.9999993050378164
0.9999993162927286
0.9999993071515481
0.999999289669406
0.9999992873528523
0.9999992986957702
0.9999993066205728
0.9999992914397183
0.9999992809573441
0.9999992815856725
0.9999992906878388
0.9999992966598481
0.9999992832767344
0.9999992713210366
0.9999992755769515
0.9999992850414501
0.9999992901766964
0.9999992747581203
0.9999992636410165
0.9999992699280855
0.9999992753902892
0.9999992787575535
0.9999992640409978
0.9999992543385819
0.9999992601453217
0.9999992616904947
0.9999992633355884
0.9999992552689551
0.9999992505289266
0.9999992487901889
0.9999992528922985
0.9999992547436003
0.9999992498637826
0.9999992453654317
0.9999992422310378
0.9999992447679587
0.9999992495985643
0.999999247083675
0.9999992428474983
0.9999992363020833
0.9999992388988074
0.9999992412757307
0.9999992387043277
0.9999992323510596
0.999999229962741
0.9999992311054122
0.9999992343692219
0.9999992295874691
0.9999992245150289
0.9999992245840358
0.9999992236512315
0.9999992243401633
0.9999992233902594
0.9999992158819626
0.9999992138391951
0.9999992138687681
0.9999992101884398
0.999999212284405
0.9999992075402324
0.9999992042472498
0.9999992040490332
0.9999992048362127
0.9999992039027142
0.9999991964078914
0.9999991922777054
0.9999991954693211
0.999999199010117
0.9999991989488431
0.9999991885882002
0.9999991853446711
0.9999991850063094
0.9999991870077936
0.9999991890673505
0.9999991805670857
0.9999991746159618
0.9999991757652383
0.9999991781388815
0.9999991810267753
0.9999991743383396
0.9999991676571532
0.9999991689717418
0.9999991722120941
0.999999172668425
0.9999991667153246
0.999999162923087
0.9999991637498233
0.999999163092003
0.9999991649147976
0.9999991612309437
0.9999991595042511
0.9999991564232515
0.9999991554189414
0.9999991566549793
0.9999991516958574
0.9999991553109361
0.9999991522409913
0.99999914634649
0.9999991449516351
0.9999991403419134
0.9999991450672508
0.99999914621408
0.9999991394083967
0.9999991387011027
0.9999991317749333
0.9999991338311636
0.9999991349912923
0.9999991300132324
0.9999991306862104
0.9999991235969604
0.9999991234660116
0.9999991264282717
0.999999125703388
0.9999991276946741
0.9999991149641312
0.9999991172873911
0.9999991191136695
0.9999991162517826
0.9999991169146111
0.9999991086740632
0.999999107048364
0.999999111963752
0.9999991147168145
0.9999991136086387
0.9999991001928372
0.9999990975530504
0.9999991041665839
0.9999991044730447
0.9999991031943289
0.9999990920348143
0.9999990888516682
0.9999990868377555
0.9999990913957504
0.9999990946315533
0.9999990849207185
0.9999990796890695
0.9999990742149135
0.9999990819941321
0.999999089133675
0.9999990776798047
0.9999990681119034
0.999999066082069
