0.9999996198461437
0.9999989073659146
0.9999980765185719
0.9999987000693856
0.9999995350481096
0.9999990535180543
0.9999980972845036
0.9999984833393459
0.999999417409484
0.99999917443713
0.9999981660214967
0.999998306224947
0.9999992676507863
0.9999992651091413
0.9999982654528058
0.9999981523276616
0.9999990768679121
0.9999992984006714
0.9999983906360033
0.9999980313178795
0.9999988803498682
0.999999293937047
0.9999985228168371
0.9999979522210881
0.9999986774852878
0.9999992601348571
0.9999986451643695
0.9999979549204069
0.9999984877639028
0.999999183528532
0.9999987609864782
0.9999979681680479
0.9999982930050512
0.9999990687862815
0.999998841201474
0.9999979968850634
0.9999981208599631
0.9999989029325412
0.999998910004747
0.9999980636127023
0.9999980033249689
0.9999987368381629
0.9999989402681357
0.999998136508555
0.9999978954759442
0.9999985672587907
0.9999989333689306
0.9999982342990611
0.9999978198836438
0.9999983988512671
0.9999988866494599
0.9999983244245458
0.9999977857806819
0.9999982360937866
0.9999987892930516
0.9999984265237893
0.9999977568874794
0.9999980624601406
0.9999986626738652
0.9999985036196278
0.9999977814315941
0.9999979091168493
0.9999985173489142
0.9999985432846159
0.9999978469211881
0.9999977942479289
0.9999983467912704
0.9999985507642566
0.9999978831464875
0.9999977043320476
0.9999981970309814
0.9999985142535819
0.9999979501662113
0.9999976311821372
0.9999980526207003
0.9999984640150772
0.9999980234613386
0.9999975729429889
0.9999978939681305
0.999998386984735
0.9999981028560103
0.9999975589033376
0.9999977427462644
0.9999982694473684
0.9999981495841436
0.9999975299612913
0.9999976175052787
0.9999981250415808
0.9999981660914127
0.9999975604064569
0.9999975007634273
0.999997988449616
0.999998155959464
0.9999975892751618
0.99999740618617
0.9999978552882207
0.999998143262784
0.9999976450080181
0.9999973458776589
0.9999976914494294
0.9999980857839492
0.9999977035269234
0.9999972829569771
0.9999975436463704
0.9999979927685505
0.9999977377578592
0.9999972540089657
0.9999974330142861
0.9999979119238506
0.9999977794868049
0.9999972408575999
0.9999973253470248
0.9999977713339165
0.9999978050352847
0.999997266988679
0.9999972079941939
0.9999976541361503
0.999997809056182
0.9999972833641674
0.9999971396334755
0.9999975119577442
0.9999977780639129
0.9999973301075481
0.9999970923911267
0.9999973951300126
0.9999977190066462
0.999997370962351
0.9999970419390529
0.9999972732531414
0.999997628125939
0.9999974053245505
0.9999969883504399
0.9999971489338513
0.9999975358959678
0.9999974336162409
0.9999969495164962
0.9999970439060295
0.9999974327446542
0.9999974542986759
0.9999969647823524
0.9999969435946345
0.9999973311855229
0.9999974622629144
0.9999969540302232
0.9999968685606005
0.9999971856140012
0.9999974496995285
0.9999969890499584
0.9999967891846044
0.9999970694559229
0.9999974199678544
0.9999970372432553
0.9999967332464345
0.9999969259463195
0.9999973366252665
0.9999970584161112
0.9999966647249933
0.9999967976942333
0.9999972290387824
0.9999970744507208
0.9999966344956268
0.999996711726799
0.999997140713212
0.9999971215967471
0.9999966379122311
0.9999966433799339
0.9999970141336086
0.999997114441119
0.9999966446455285
0.9999965393306305
0.999996892767255
0.9999971080012385
0.9999966799055543
0.9999964796201584
0.9999967580486646
0.9999970499852807
0.9999967213715462
0.999996431683191
0.999996624146033
0.9999969750622592
0.9999967527283727
0.9999963566915873
0.9999964949372385
0.9999968828364979
0.9999967885182423
0.999996326244243
0.999996395397777
0.9999967720536581
0.9999967969687199
0.9999963247051855
0.9999963016585622
0.9999966545664656
0.9999967706853586
0.9999963185984743
0.9999961835789805
0.9999965274537307
0.9999967332010344
0.9999963198319645
0.9999961222443786
0.9999964206456674
0.9999966745525006
0.9999963624764112
0.9999960546051722
0.9999963143228492
0.9999966295123421
0.9999964028097691
0.999996024364192
0.9999961879523299
0.999996541888726
0.9999964235404458
0.9999960030608405
0.9999960789448253
0.9999964462232365
0.9999964408741827
0.9999960121157362
0.9999959962248978
0.999996327271183
0.999996413679775
0.9999960369723856
0.9999959124697521
0.9999962084096438
0.9999963815700975
0.9999960576080174
0.999995863589361
0.9999960934265493
0.9999963219712199
0.9999960905773392
0.9999958289677969
0.9999960102711014
0.9999962867193771
0.9999961189900267
0.9999957885536611
0.9999959229849437
0.9999961952593668
0.9999961075937579
0.9999957524971214
0.9999958042480047
0.9999960816930056
0.9999960926085649
0.9999957409500029
0.9999957000768073
0.9999959662419682
0.9999960585490831
0.9999957501963999
0.9999956126336592
0.9999958699415566
0.9999960017079487
0.9999957488463375
0.999995567244923
0.9999957661449907
0.9999959259204552
0.9999957579736619
0.9999955016756809
0.999995644659905
0.9999958407289339
0.9999957599252769
0.9999954764094718
0.9999955580119172
0.999995751861263
0.999995738406967
0.9999954291009372
0.9999954449309665
0.9999956946470815
0.9999957272424451
0.9999954088624868
0.9999953684335487
0.9999956090458171
0.9999957139416495
0.9999953820303206
0.9999952999581806
0.9999955373406979
0.9999956632622609
0.9999953742312852
0.9999952413865587
0.9999954471841115
0.9999956072067812
0.9999953675067792
0.9999951797999408
0.9999953614843595
0.9999955622691179
0.9999953887003301
0.9999951216045295
0.9999952639437042
0.9999954939279151
0.9999953884740167
0.9999950910544159
0.9999951842619607
0.999995395747039
0.9999953737868441
0.9999950613100784
0.9999950858820391
0.9999953121872535
0.9999953592252285
0.9999950477305894
0.999994979868293
0.9999951835017369
0.9999952899884177
0.9999950456623732
0.9999949092996507
0.9999951085845358
0.9999952497769828
0.9999950612334162
0.9999948810067393
0.9999950135111643
0.9999952027057367
0.9999950600245238
0.9999948461244317
0.999994921962044
0.9999951183173131
0.9999950234505794
0.9999948017479379
0.9999948361467947
0.9999950269810628
0.9999950076653514
0.9999948045097943
0.999994743752574
0.9999949130190662
0.9999949866333533
0.9999947681530885
0.9999946622620314
0.9999948289626774
0.9999949565695606
0.9999947515743474
0.9999945984385619
0.9999947240734847
0.9999948758435624
0.9999947465939615
0.9999945470258833
0.9999946479648606
0.9999948279076659
0.9999947366715412
0.9999945043437359
0.9999945443903133
0.9999947425409187
0.9999947236356204
0.9999944905353474
0.9999944541431126
0.9999946342730316
0.9999946650884958
0.9999944807369854
0.9999943497185464
0.9999945234361589
0.9999946029133043
0.9999944599665498
0.9999943026842639
0.9999944260556122
0.9999945133838046
0.9999944448652425
0.9999942811352518
0.9999943658430702
0.9999944652527526
0.9999943968149299
0.9999942212344687
0.9999942834841471
0.9999944130055598
0.9999943662344566
0.9999941799125078
0.9999942050542397
0.9999943478616752
0.9999943169733244
0.9999941360273159
0.9999940729225713
0.9999942547517298
0.9999942928174077
0.9999941177142873
0.9999939901935934
0.9999942125538893
0.999994266346919
0.9999941255143598
0.9999939553066285
0.9999941292649918
0.9999941687101171
0.9999941002817964
0.9999939151490954
0.999994025398941
0.999994105960556
0.9999940171091327
0.9999938605379228
0.9999939691935372
0.9999940631642813
0.9999939545394294
0.9999938521135671
0.999993888709186
0.9999940292285535
0.9999939094781272
0.9999938527488216
0.9999938242116407
0.9999939870176259
0.9999938922478915
0.9999938283745422
0.999993754120855
0.9999939340825266
0.9999938239058956
0.9999937683380195
0.9999936862263549
0.9999938434076135
0.9999937911939653
0.999993709056061
0.9999936339023416
0.9999937542382852
0.9999937588261235
0.9999936973367549
0.9999936272339083
0.9999936677896178
0.9999937224812386
0.9999936354786187
0.9999935763654033
0.9999935738868292
0.999993690153499
0.999993559422407
0.9999935002986536
0.9999934698497722
0.9999936008996211
0.9999935160566282
0.9999934447551783
0.9999934138536857
0.9999935428775452
0.999993476435079
0.9999934198721169
0.9999933666911452
0.9999934646933718
0.9999934389514012
0.999993362984135
0.9999933047090309
0.9999933802899212
0.9999933688539139
0.9999933167126663
0.9999932647044077
0.9999932916561578
0.9999933401232272
0.9999932913729197
0.999993195547208
0.9999932105622598
0.9999932731468195
0.9999932350316111
0.9999931569266912
0.9999931427260573
0.999993229393343
0.9999931903220624
0.9999931069196157
0.9999930956214105
0.9999931758877562
0.9999931532481778
0.9999930798540342
0.9999930005737794
0.999993077761962
0.9999931013550698
0.9999930658057652
0.9999929664878511
0.9999930137595932
0.9999930756456128
0.9999930318110115
0.9999929186312115
0.9999929443348333
0.9999929994864212
0.9999929910145401
0.9999928908107624
0.9999928575327796
0.9999929279884002
0.9999929515731004
0.9999928589542428
0.9999927968225102
0.9999928632644578
0.9999929082014565
0.999992841236363
0.9999927414335233
0.9999927959477849
0.9999928571359227
0.9999928377628006
0.9999926860050625
0.9999927300485285
0.9999927979504892
0.9999927943283867
0.9999926375891293
0.9999926917864579
0.9999927559813773
0.9999927391125668
0.9999926255655345
0.9999926554870819
0.99999270072512
0.999992686933345
0.9999925910678124
0.9999925913009753
0.9999926326598824
0.9999926154053889
0.9999925561830846
0.999992527810795
0.9999925771244274
0.9999925839808756
0.9999925516772429
0.9999924958450622
0.9999925153395505
0.9999925384879185
0.9999924946288299
0.9999924252128877
0.999992456050073
0.9999925095308991
0.999992462005763
0.9999923913391741
0.9999924111089793
