0.9999993947022435
0.9999971513956912
0.9999985792297643
0.9999985424117316
0.9999971411799424
0.9999992892458277
0.9999971149531134
0.999998486418708
0.9999984460721516
0.9999970945089905
0.9999991791959545
0.9999970463867639
0.999998376853499
0.9999983145683227
0.9999970310516019
0.9999990577684231
0.9999969678956563
0.999998282851344
0.99999822413139
0.999996982791093
0.9999989293448699
0.9999968723475566
0.9999981838024699
0.9999981165757955
0.9999968907740578
0.9999988023410572
0.9999967938010712
0.9999980976006937
0.9999980162644692
0.9999968523535144
0.9999986754294393
0.9999967226747438
0.9999980015814929
0.9999979119034763
0.9999967643647716
0.9999985490500393
0.9999966601819649
0.9999978929760336
0.999997826876801
0.9999966602089704
0.9999984394498894
0.9999965999552969
0.9999977889536523
0.9999977288023344
0.9999966067001139
0.9999983340645229
0.999996538488751
0.9999976838728616
0.9999976288407817
0.999996542928168
0.9999982088751764
0.9999964784567884
0.9999975607375213
0.9999975017456297
0.9999964847978815
0.9999980835646153
0.999996409444569
0.9999974784568086
0.9999974007858393
0.9999964332499444
0.9999979613527822
0.9999963560532974
0.9999973796202174
0.9999972836902002
0.9999963525776586
0.9999978396668143
0.9999962781920791
0.9999973059133945
0.9999971752655452
0.9999962979330478
0.9999977233751516
0.9999962308612519
0.9999972159507373
0.9999970777215541
0.9999962484964605
0.9999976250199073
0.9999961501329387
0.9999971203071634
0.9999969486497821
0.9999961876690149
0.9999975163026114
0.9999960604024651
0.9999970080317256
0.9999968784932544
0.999996074172346
0.9999974015880836
0.9999960095305184
0.9999969145308987
0.9999967594658044
0.9999959981433963
0.9999972883232329
0.9999959365441248
0.9999968120272194
0.9999966652326642
0.9999959042283698
0.9999971593636315
0.9999958604939783
0.9999967152511329
0.9999965418293194
0.9999958430025996
0.999997033946839
0.9999957632016034
0.9999965919550807
0.9999964239991396
0.9999957029783269
0.9999969019014832
0.9999956505764273
0.9999964893850685
0.9999963239035862
0.9999956299301539
0.9999967799801701
0.9999955640184438
0.9999963986741073
0.9999961693186401
0.9999955488818495
0.9999966397976701
0.9999954984301165
0.9999962830973377
0.9999961072226735
0.9999955221434916
0.9999965268269507
0.9999954472533216
0.9999961762471367
0.9999959945466722
0.9999954525224167
0.9999963723956565
0.9999953835012669
0.9999960799235853
0.9999959262752944
0.9999953674858539
0.99999625325899
0.9999953289382122
0.999995951696933
0.9999958711006001
0.9999952707505511
0.9999961416913785
0.999995271920041
0.9999958123952395
0.9999957948252725
0.9999951788044856
0.9999960069997582
0.9999951804359033
0.9999956941307515
0.999995666160267
0.9999950792893956
0.9999959067758328
0.9999950842499218
0.999995579410355
0.9999955591591472
0.9999949610185532
0.999995807137751
0.9999949971551103
0.9999954695649361
0.9999954653697151
0.9999948454727744
0.9999956675912688
0.9999948844611777
0.9999953550267485
0.9999953032598087
0.9999947490222904
0.9999955381095692
0.9999947806055264
0.9999952236346894
0.9999952030163612
0.9999946270140887
0.9999954559285631
0.9999946313788217
0.999995151559676
0.9999950984324091
0.9999945407318701
0.9999953218294286
0.9999945640331368
0.9999950133112757
0.9999949792485427
0.999994405605079
0.9999952016925343
0.9999944383568681
0.9999949310206969
0.9999948663493765
0.9999943090200648
0.9999951052008637
0.9999943392461582
0.9999947861759356
0.9999948028713105
0.9999942657683379
0.9999949992166771
0.9999942853303165
0.9999946550651803
0.9999946775430761
0.9999941520833657
0.999994889844994
0.9999941666096843
0.999994564362932
0.9999945634116367
0.9999940667813322
0.9999947738674291
0.9999940522206099
0.9999944747525124
0.9999944202090892
0.9999939510171891
0.9999946532012359
0.9999939168352385
0.9999943704404397
0.9999942967385759
0.9999938844780946
0.9999945355701765
0.9999938414807059
0.9999942803855345
0.9999941941022243
0.9999938339319414
0.9999944033728626
0.999993763578148
0.9999941391548476
0.9999940823887006
0.9999937002207222
0.9999942689788032
0.999993625223248
0.9999940567248821
0.9999939647834348
0.9999936258116315
0.999994169604098
0.9999935163399066
0.9999939558540585
0.999993835354782
0.9999935126283148
0.9999940804394323
0.9999934151165003
0.9999938496638744
0.9999937097213837
0.9999934196497277
0.9999939280105157
0.9999933257199904
0.9999937499775342
0.9999936042387296
0.9999933127120441
0.9999938537626935
0.9999932046511242
0.9999936822307214
0.9999934915659033
0.9999932589544382
0.9999937212614809
0.9999931286125009
0.9999935432739631
0.9999934452356788
0.9999931458754815
0.9999936128646354
0.9999930326176554
0.9999934453554101
0.9999932947939429
0.9999930260076992
0.9999934745908178
0.9999929190107089
0.9999933369888039
0.9999931513927856
0.999992983179865
0.9999933505183808
0.9999928729056261
0.9999932692222192
0.9999930466303029
0.9999928974936947
0.9999931892047068
0.9999927534984357
0.9999931230517857
0.9999928840767723
0.9999927916028964
0.9999930658126817
0.9999926426001483
0.9999930154834754
0.9999927634566813
0.9999926452981185
0.9999929321505822
0.9999925023737353
0.9999929004304893
0.9999926424128416
0.9999925652598888
0.9999928711181246
0.9999924011275296
0.9999927955794727
0.9999925338542187
0.9999924602013427
0.9999927111401847
0.9999923192456857
0.9999926449707205
0.9999924192527919
0.9999923255735929
0.999992572265871
0.999992192165376
0.9999925149881134
0.9999922972873097
0.9999922480402593
0.9999924386053586
0.999992111096997
0.9999923979010402
0.999992157479045
0.9999921402932676
0.9999923143146268
0.9999919910761205
0.9999923189325183
0.9999920538839784
0.9999920550328089
0.9999922362626297
0.9999918941041797
0.9999921880291988
0.9999919504135322
0.9999919373471685
0.9999921331436211
0.9999918235039025
0.9999920739467761
0.9999918851783941
0.9999918187953398
0.9999920663839375
0.9999917434345613
0.9999919774662481
0.9999917792144614
0.9999917120652805
0.9999919067427054
0.9999916113823829
0.9999918502399779
0.9999916125551229
0.9999915945495866
0.9999918222064332
0.9999914797801026
0.9999917739870112
0.9999915423814338
0.9999914900329108
0.9999917042657058
0.9999913940222223
0.9999915937277568
0.9999914461519803
0.9999913750113268
0.9999915929082162
0.999991283289866
0.9999914663426097
0.999991321384809
0.9999912934988949
0.9999914995194719
0.9999911932827356
0.9999913909369768
0.999991259921422
0.9999912072323556
0.9999914243809052
0.9999911082318299
0.9999912886159491
0.9999911358117376
0.9999911532370453
0.9999912217804274
0.9999910006416515
0.9999910812318685
0.9999909915393335
0.9999909963972611
0.9999910475925337
0.9999908497657589
0.9999909233915053
0.9999908379560088
0.9999908282639133
0.9999908702785362
0.9999907917845227
0.99999075778766
0.9999907549480467
0.9999907301199976
0.9999907417646844
0.999990685418017
0.9999906908796901
0.9999906814242182
0.9999906620763536
0.9999906413885277
0.9999905992539171
0.9999906040323782
0.9999905421207285
0.9999905472392349
0.9999905815491167
0.9999904397909392
0.999990569673535
0.9999903975393092
0.9999904768942366
0.9999904607617218
0.9999903373747292
0.9999904728682512
0.9999903204391983
0.9999903512057333
0.9999903721470078
0.9999902003462582
0.9999903771806596
0.9999901915107192
0.9999902584819459
0.999990248806732
0.9999900907206196
0.9999902295488764
0.9999900702383311
0.9999901383500717
0.999990106948524
0.9999900064644199
0.9999901200742488
0.999989971081264
0.9999900201274462
0.9999899391900734
0.9999899321677127
0.9999899447141325
0.9999898651605927
0.9999899266329275
0.9999898586056317
0.9999897592912893
0.9999898862720887
0.9999897058229741
0.9999897938506058
0.9999897738577195
0.9999896564987533
0.9999897641579315
0.9999896142406933
0.9999896981875029
0.9999896544363858
0.9999895919145098
0.9999896834179954
0.9999895867938684
0.999989576336633
0.9999895315853758
0.9999894712828714
0.9999895317085205
0.9999894544289409
0.9999894287722382
0.9999894479536459
0.9999893802002356
0.9999893974770784
0.9999893775000883
0.9999893708275501
0.9999892825733703
0.9999893278777107
0.9999893384895778
0.999989288246268
0.9999893478736728
0.9999892572996244
0.9999892447092692
0.9999892167581289
0.9999892261903934
0.9999892518387672
0.9999891605114675
0.9999891818325577
0.999989113647946
0.9999890993489843
0.9999891428825901
0.9999889934046398
0.9999890687410978
0.9999890446241801
0.9999889536556457
0.9999891025679386
0.9999888215765327
0.9999889915101976
0.9999889210035028
0.999988838732798
0.9999889787966715
0.9999887450370277
0.9999888892897478
0.9999887824895667
0.999988775754414
0.9999887877156206
0.9999887018238722
0.9999887777346718
0.999988679829509
0.9999886291405035
0.9999886595467976
0.9999885984294783
0.9999886433408562
0.9999885761834764
0.9999885514955622
0.9999885645817524
0.9999885474375095
0.9999885904244563
0.9999884778281022
0.9999884935946276
0.9999884680861794
0.9999884223488897
0.9999884967897082
0.9999883007978139
0.9999883647366551
0.9999883402859602
0.9999883312639045
0.99998834580135
0.9999882515444092
0.9999882161625158
0.9999882498400124
0.9999882457319519
0.99998820652032
0.9999881029913258
0.9999881427216327
0.9999880283237075
0.9999881360061681
0.9999881084939203
0.9999879406296885
0.9999880437657672
0.9999879297367988
0.9999880108990169
0.999988018786019
0.9999878287581033
0.9999879928957065
0.9999877804621417
0.9999879428881426
0.9999879508022118
0.999987707671755
0.9999879492946493
0.9999877155885217
