0.9999999204713087
0.9999996599617632
0.9999997283010149
0.9999998924128575
0.9999996086764439
0.999999797100843
0.9999998316608282
0.9999995933977323
0.9999998537564568
0.9999997507644772
0.999999616053708
0.9999998820156346
0.9999996688351104
0.9999996687667377
0.9999998730551044
0.9999996067246003
0.9999997364836395
0.9999998258878239
0.9999995775480348
0.999999798530078
0.9999997576869922
0.9999995841299637
0.9999998348472686
0.9999996836506634
0.9999996216340801
0.9999998408920713
0.9999996182917693
0.9999996774289321
0.9999998126017055
0.9999995711361848
0.9999997351640486
0.9999997571363926
0.9999995589113613
0.9999997801143943
0.9999996881125822
0.9999995765101785
0.9999997995752258
0.999999620945571
0.9999996221064217
0.9999997892483035
0.9999995687433805
0.9999996759420106
0.9999997484983729
0.9999995430261133
0.9999997266956777
0.9999996896667422
0.9999995456073582
0.999999755183951
0.9999996243253939
0.9999995762618986
0.9999997550731398
0.9999995664660775
0.999999621107315
0.9999997302137708
0.999999530369566
0.9999996666314486
0.9999996833345525
0.9999995142814745
0.9999997003435187
0.9999996285274748
0.9999995315904996
0.9999997161413523
0.9999995709517344
0.9999995664799851
0.9999997026381358
0.9999995235478605
0.9999996120913878
0.9999996706458526
0.9999994955796074
0.9999996513504786
0.9999996198002928
0.9999994956366968
0.9999996686858685
0.9999995634430093
0.9999995193512794
0.9999996669543693
0.9999995153609932
0.9999995557596405
0.9999996465873421
0.9999994809572131
0.9999995956025691
0.9999996049863142
0.9999994709911886
0.9999996235792942
0.9999995539863102
0.9999994798693855
0.999999634569673
0.9999995038709075
0.999999510523382
0.9999996258302378
0.9999994625773719
0.9999995454702706
0.9999995909912843
0.9999994431042305
0.9999995748660346
0.9999995446440999
0.9999994484842731
0.999999593001578
0.9999994960587233
0.9999994608514556
0.9999995937115556
0.9999994542751319
0.9999994851695134
0.9999995734828356
0.9999994243023581
0.9999995184269209
0.9999995361491445
0.9999994130155554
0.9999995468645411
0.9999994856336997
0.9999994224651728
0.9999995568825313
0.9999994413503408
0.9999994450711457
0.9999995445502606
0.9999994077340195
0.9999994738248908
0.9999995118963217
0.9999993891574858
0.9999994966627592
0.9999994704351143
0.9999993912947879
0.9999995167053528
0.9999994284329871
0.9999994065671668
0.9999995144005107
0.9999993962277319
0.9999994268427741
0.9999994926634207
0.9999993708371239
0.9999994567895581
0.9999994635900346
0.9999993571016655
0.9999994766566437
0.9999994208571175
0.9999993636091236
0.9999994806685081
0.9999993754023586
0.9999993879795762
0.9999994716928524
0.9999993417985444
0.9999994128170052
0.999999445157024
0.999999327928466
0.9999994309814572
0.9999994051527806
0.9999993275235035
0.999999443002008
0.9999993587527065
0.9999993453909328
0.9999994378025976
0.9999993221898986
0.9999993661075839
0.999999419671811
0.9999992946096428
0.9999993899101642
0.9999993893774909
0.9999992891596415
0.9999994017875942
0.999999349750166
0.9999993047736231
0.9999994014883931
0.999999307755697
0.9999993275334663
0.9999993899689258
0.9999992790047406
0.9999993483507471
0.9999993679689622
0.9999992652546491
0.9999993561398933
0.9999993354410406
0.9999992697491548
0.9999993588405459
0.9999992999946121
0.9999992869662205
0.9999993539915113
0.9999992666919201
0.9999993043983187
0.9999993383112077
0.9999992461145282
0.999999316214332
0.9999993089824452
0.9999992378336432
0.9999993232834384
0.9999992757030935
0.9999992479676643
0.9999993180412867
0.9999992397498804
0.999999265358196
0.9999993026516822
0.9999992182140587
0.9999992830662939
0.9999992844730742
0.9999992134602834
0.9999992915930498
0.9999992536468701
0.9999992156623921
0.9999992883299169
0.9999992257248339
0.9999992267398748
0.9999992769764862
0.999999202662356
0.9999992392620828
0.99999925956505
0.9999991900610717
0.9999992419128599
0.9999992337695782
0.9999991881513285
0.9999992424326802
0.9999992097234466
0.9999991905384314
0.9999992457326224
0.9999991831428812
0.9999991966063095
0.9999992377339768
0.9999991619464282
0.9999992030184673
0.9999992134371761
0.9999991550378639
0.9999992124066722
0.9999991893119876
0.9999991524710784
0.9999992131189144
0.9999991649044456
0.9999991534485438
0.9999992072714701
0.9999991397187827
0.9999991659524882
0.9999991902307925
0.9999991269430089
0.9999991715199313
0.9999991680071584
0.9999991208546231
0.9999991728682902
0.9999991373490112
0.9999991174553257
0.999999167789797
0.999999109780391
0.9999991225894205
0.9999991582408143
0.9999990923799561
0.9999991355546994
0.9999991395153315
0.9999990841730092
0.999999139733622
0.9999991145309166
0.9999990835607183
0.9999991392686305
0.9999990857522656
0.9999990883274607
0.9999991305497642
0.9999990643320458
0.9999990937117903
0.9999991189359155
0.9999990497308577
0.9999990941253075
0.9999990944862444
0.9999990453452255
0.9999990992177713
0.9999990670158304
0.9999990488436491
0.999999090478982
0.9999990344504266
0.999999053380815
0.9999990800046947
0.9999990142994766
0.9999990545327575
0.9999990632268566
0.9999990070070828
0.9999990614383124
0.9999990397064439
0.9999990106723254
0.9999990583347674
0.9999990158729769
0.999999013137333
0.999999053402242
0.9999989994374296
0.9999990138751897
0.99999903636044
0.9999989810599796
0.9999990227466461
0.9999990220519415
0.9999989764989364
0.9999990260900495
0.9999990021375831
0.9999989689104644
0.9999990251917171
0.9999989729737105
0.9999989724266972
0.9999990129026645
0.9999989487558187
0.9999989771311131
0.9999989988623422
0.9999989391542716
0.9999989787680839
0.9999989700027937
0.999998934208446
0.9999989757593442
0.9999989428278593
0.9999989340925508
0.9999989717537286
0.9999989171271427
0.999998931397814
0.9999989622420127
0.999998900711866
0.9999989356433608
0.9999989385036495
0.9999989020747803
0.999998939491306
0.9999989188481774
0.9999988994975965
0.9999989399072372
0.9999988985351805
0.9999988980390763
0.9999989315382549
0.9999988821463371
0.9999988929353778
0.9999989131304311
0.9999988739439875
0.9999988934927113
0.9999988929693282
0.9999988598509748
0.9999988967385451
0.9999988693303986
0.9999988474836866
0.9999988940594722
0.9999988505919212
0.9999988487531373
0.9999988870590224
0.999998835545027
0.9999988485750384
0.9999988692440027
0.9999988231840321
0.9999988472669524
0.9999988444038486
0.9999988121453948
0.9999988481516182
0.9999988227645312
0.9999988028317186
0.9999988445545314
0.9999988023799755
0.9999987986074969
0.9999988365633168
0.9999987846181101
0.9999987974168805
0.9999988242629432
0.999998771784659
0.9999988063109083
0.9999987993745579
0.9999987603005629
0.9999988037416718
0.9999987782165889
0.9999987539265744
0.9999988070819701
0.9999987585582217
0.9999987590319757
0.999998791691976
0.999998747174822
0.9999987665591672
0.9999987719800902
0.999998734395354
0.9999987665439192
0.9999987423555331
0.9999987253602831
0.9999987636296126
0.9999987206685614
0.9999987255116694
0.999998758158572
0.9999987090575498
0.9999987272215518
0.9999987483230067
0.9999987034231671
0.9999987340972333
0.9999987352534506
0.9999986966505956
0.9999987362207171
0.9999987101157876
0.999998696532891
0.9999987369424955
0.9999986896078727
0.9999987003774649
0.9999987255945253
0.9999986831738801
0.999998701856794
0.9999987145741938
0.9999986768152491
0.9999987020789818
0.9999986992636957
0.9999986706300948
0.9999986990988802
0.9999986847821752
0.9999986760714681
0.9999986939642301
0.9999986691350645
0.9999986721737365
0.9999986880426635
0.9999986569246374
0.9999986707022412
0.999998682474281
0.9999986484580002
0.9999986661410244
0.9999986693342415
0.9999986452880518
0.9999986651450982
0.9999986476708258
0.9999986396441716
0.9999986561176628
0.9999986261000556
0.9999986271321724
0.9999986502430342
0.999998616423245
0.9999986210357871
0.9999986373396451
0.9999986052463634
0.9999986182908115
0.9999986156067131
0.9999986009548212
0.9999986117522978
0.9999985947229156
0.9999985941288987
0.9999986050752498
0.9999985850576709
0.9999985863970957
0.9999986032783764
0.9999985774037958
0.9999985803716785
0.9999985894209332
0.999998568849418
0.9999985767321652
0.9999985688653302
0.9999985591275484
0.999998573683687
0.9999985494281693
0.999998562072835
0.9999985652778937
0.9999985437217808
0.9999985447930705
0.9999985515162892
0.9999985332010294
0.9999985391878075
0.9999985357949948
0.9999985369117581
0.9999985331344551
0.9999985182796175
0.9999985234008442
0.9999985360900412
0.9999985054590353
0.9999985153652234
0.9999985250609604
0.9999985032851294
0.9999985072362527
0.9999985069729301
0.9999985001783878
0.9999985027398574
0.9999984844355937
0.9999984975483021
0.9999984959784463
0.9999984686151483
0.9999984918616003
0.999998486438184
0.9999984688762387
0.9999984866664635
0.9999984682882085
0.9999984676956194
0.9999984749370107
0.999998447300185
0.9999984674692949
0.9999984607779184
0.999998435960921
0.9999984573167003
0.9999984510204969
0.9999984243278236
0.9999984460036955
0.9999984399121747
0.9999984240427944
0.9999984433068688
0.999998428612452
0.9999984309818741
0.9999984332129752
0.9999984130345807
0.9999984252140242
0.9999984314819887
0.9999984041763801
0.9999984202084607
0.9999984197518366
0.9999984066894174
0.9999984087416934
0.9999984132037627
0.9999984055348292
0.9999984060194717
0.9999983967829552
0.9999984084369431
0.9999983988068801
0.9999983937019719
0.9999983997367002
0.9999983890540722
0.9999983881113063
0.9999983892272828
0.9999983853606174
0.9999983834126888
