0.9999998858112858
0.9999995153734056
0.9999996065545026
0.999999842917186
0.9999994393052464
0.9999997119917424
0.9999997561827048
0.9999994120871406
0.9999997934648279
0.9999996484051951
0.9999994430484516
0.9999998301834414
0.9999995344505184
0.9999995228032088
0.9999998152356919
0.9999994395285933
0.9999996201911329
0.9999997504496305
0.9999993945186725
0.9999997022587689
0.9999996535121712
0.999999407944397
0.9999997582190231
0.9999995449163022
0.9999994522460153
0.9999997685038993
0.9999994469317027
0.9999995269643763
0.9999997347658022
0.9999993802810396
0.9999996077664349
0.9999996565613447
0.999999362694256
0.999999673723994
0.9999995545465891
0.9999993886851684
0.9999997083276393
0.9999994518554028
0.999999446163253
0.9999996983146626
0.999999371882082
0.9999995231202602
0.9999996372614796
0.999999339428105
0.9999995931301133
0.9999995486344203
0.9999993431416355
0.9999996374770088
0.9999994539858389
0.9999993849658462
0.9999996442081388
0.999999368452985
0.9999994466109849
0.9999996064825921
0.9999993215701394
0.9999995123780807
0.9999995373076309
0.9999993070486847
0.9999995628333426
0.9999994576896896
0.9999993234390535
0.9999995835208313
0.9999993792000954
0.9999993721767511
0.9999995695182485
0.9999993221496543
0.999999427170173
0.9999995265776012
0.9999992899444344
0.9999994819165894
0.9999994590907662
0.9999992862477332
0.999999519819581
0.9999993784743126
0.9999993083161771
0.9999995231825576
0.9999993092301095
0.9999993498569153
0.9999994931687178
0.9999992582665823
0.9999993973647269
0.9999994369888985
0.9999992339345211
0.9999994375742166
0.9999993737696038
0.9999992438654787
0.99999946001906
0.9999993021013232
0.9999992772195675
0.9999994493839851
0.9999992425197332
0.9999993209998563
0.9999994103590184
0.9999991971708593
0.9999993652632448
0.9999993513720544
0.9999991804690562
0.9999993954123049
0.9999992845312347
0.9999991988561967
0.9999993891016982
0.9999992209887199
0.9999992414958109
0.9999993658307161
0.9999991722644277
0.9999992836655417
0.999999318136655
0.9999991454706573
0.9999993171925462
0.9999992643045236
0.999999155420803
0.999999329634865
0.9999992056684683
0.9999991774187882
0.9999993196866002
0.9999991591489484
0.9999992146241188
0.9999992917281267
0.9999991374276358
0.9999992516107604
0.999999247793621
0.9999991261325125
0.9999992716833392
0.999999197919653
0.9999991342928662
0.999999273168766
0.999999145598943
0.9999991568784783
0.9999992567568806
0.9999991032838204
0.9999991873979863
0.9999992185731739
0.9999990778581628
0.9999992041327149
0.9999991702488649
0.9999990752190374
0.9999992117431218
0.9999991172059629
0.9999990907378861
0.9999991990915641
0.9999990717552468
0.9999991163943027
0.999999170811976
0.9999990391773292
0.9999991377485455
0.9999991313024645
0.9999990312054673
0.9999991467963069
0.9999990798826582
0.9999990403357626
0.999999145994439
0.9999990374042762
0.9999990570798882
0.9999991270890031
0.9999990068642295
0.999999075611833
0.9999990950386684
0.9999989907786868
0.9999990905209586
0.9999990517725098
0.9999989799716903
0.9999991035108772
0.9999990071058174
0.9999989887317435
0.9999990960268798
0.999998970564508
0.9999990100829196
0.9999990645393755
0.9999989481408152
0.9999990393136333
0.9999990284922555
0.9999989322499468
0.9999990607320062
0.999998985624378
0.999998931764495
0.9999990580493558
0.9999989444844524
0.9999989465688711
0.9999990358021634
0.9999989033742699
0.9999989691563825
0.9999989965055386
0.9999988766290159
0.9999989850741351
0.9999989457534271
0.9999988750827221
0.9999989937086308
0.9999988946598802
0.9999988792276469
0.9999989850778621
0.9999988645159443
0.9999989059098765
0.9999989525914645
0.9999988449801969
0.9999989211726414
0.9999989107843186
0.9999988431914512
0.9999989274119725
0.9999988693098647
0.9999988427002312
0.9999989319207965
0.9999988317895572
0.999998854011918
0.9999989073054579
0.9999988062255755
0.999998862500497
0.9999988682444272
0.9999987987601092
0.9999988713937129
0.9999988284140829
0.999998793623115
0.9999988741197646
0.999998792128793
0.9999987962854551
0.999998862156645
0.9999987689971745
0.9999988098706747
0.9999988340104724
0.9999987530290436
0.9999988272122213
0.9999987999555197
0.9999987488059017
0.9999988357108782
0.9999987631093421
0.999998752690084
0.9999988285050811
0.9999987335456346
0.9999987634092202
0.9999988018364511
0.9999987191925683
0.9999987764950151
0.9999987711402151
0.9999987017193034
0.9999987749263181
0.9999987368571805
0.9999986904582863
0.9999987689284109
0.9999987070205077
0.9999987004577049
0.9999987580936187
0.9999986809806115
0.9999987138901533
0.999998726308758
0.9999986604265663
0.9999987198799865
0.9999986971912661
0.9999986439687035
0.9999987133837407
0.9999986752907635
0.999998648082199
0.9999987044015737
0.9999986508215687
0.9999986528925402
0.9999986873491373
0.9999986293445057
0.9999986709812745
0.9999986646873062
0.9999986103619669
0.9999986768461367
0.9999986389410946
0.9999986102271162
0.9999986623298872
0.9999986129788568
0.9999986056504212
0.9999986336331217
0.9999985833707605
0.9999986065159855
0.9999986099288376
0.9999985650063805
0.9999986053425457
0.9999985911329461
0.9999985505435128
0.9999985959579103
0.9999985712950343
0.9999985459524565
0.9999985872012429
0.9999985448108076
0.9999985475356065
0.9999985655223196
0.9999985130350826
0.9999985470150637
0.9999985533972583
0.9999985017538233
0.9999985453179887
0.9999985280081777
0.9999984918427016
0.999998534501018
0.9999985089273111
0.999998488052489
0.9999985142288672
0.9999984728738944
0.9999984853520231
0.9999984952266722
0.9999984445300204
0.9999984791499648
0.999998474001109
0.9999984325013888
0.9999984680167664
0.9999984501566218
0.9999984281424888
0.999998458488594
0.9999984193391454
0.9999984337395478
0.9999984477711987
0.9999983954714304
0.9999984397198052
0.9999984312070567
0.9999983822440649
0.9999984269741575
0.9999983946988795
0.999998383028005
0.9999984228831371
0.9999983732338888
0.9999983888784992
0.999998401711272
0.9999983518233029
0.9999983862752652
0.9999983704957186
0.9999983440292753
0.9999983735111669
0.9999983346975789
0.9999983421033313
0.9999983660598223
0.9999983169356432
0.9999983361631435
0.9999983459496831
0.9999983054014843
0.9999983379820064
0.9999983303986761
0.9999982935343269
0.9999983325899378
0.9999983054599972
0.9999982875479064
0.9999983262284201
0.9999982751339884
0.999998280641991
0.9999983144947481
0.9999982633698874
0.9999982830217902
0.9999982927820256
0.9999982527452266
0.9999982785480381
0.999998261066971
0.9999982390579569
0.9999982678061969
0.9999982475195718
0.999998232586117
0.9999982577994396
0.9999982350880626
0.9999982274039849
0.9999982417322549
0.9999982193116769
0.9999982226214742
0.9999982251928221
0.99999820530103
0.9999982181010106
0.9999982062096747
0.9999981846529717
0.9999982066934034
0.9999981933092118
0.9999981684919715
0.9999981991347482
0.9999981746095084
0.999998161776235
0.9999981808646283
0.9999981617653023
0.9999981594935865
0.9999981632864173
0.9999981479877676
0.9999981639606088
0.9999981591438722
0.9999981228942115
0.9999981534565956
0.9999981444006378
0.9999981129083005
0.9999981396384133
0.9999981199533692
0.9999981156527888
0.9999981227188659
0.9999981026156696
0.9999981178503566
0.9999981126888887
0.9999980857080498
0.9999981047794928
0.9999980976032973
0.9999980771770934
0.999998089789223
0.9999980880979816
0.9999980721688422
0.9999980864023698
0.9999980682312424
0.9999980673421415
0.9999980741057173
0.9999980448889106
0.9999980645611415
0.9999980695522974
0.9999980213350683
0.9999980587280937
0.9999980567373792
0.999998019362369
0.9999980398933117
0.9999980249210775
0.9999980166426242
0.9999980228253563
0.9999979989531875
0.9999980048480939
0.9999980166612974
0.9999979828086792
0.9999979905532739
0.9999980130471
0.9999979793705873
0.999997994157315
0.9999980018564555
0.9999979797187355
0.9999979819210222
0.9999979713993645
0.9999979698584955
0.9999979786299384
0.9999979524442184
0.9999979562278484
0.9999979693524503
0.9999979372969311
0.9999979348949721
0.9999979592897066
0.9999979237917473
0.9999979292687534
0.999997932420408
0.9999979160153227
0.9999979310262642
0.9999979033916688
0.9999979086198999
0.9999979237670283
0.9999979053573789
0.9999978927886785
0.9999979201772525
0.9999979017680568
0.9999978781088433
0.9999979089751453
0.9999978911124437
0.999997876764284
0.9999978954256733
0.999997881198112
0.9999978672998966
0.9999978771159481
0.9999978654970935
0.9999978683087695
0.999997864694799
0.999997854207573
0.9999978479897983
0.999997857455454
0.9999978432834031
0.9999978298968663
0.9999978468027135
0.9999978393222829
0.9999978195065116
0.999997826567667
0.9999978330153081
0.9999978188405978
0.9999978200463082
0.9999978085735075
0.9999978056776191
0.9999978098179333
0.9999977945503219
0.9999977971044283
0.9999977965162877
0.9999977863036625
0.9999977922638256
0.9999977786530191
0.9999977713576201
0.9999977746303904
0.9999977661540969
0.9999977739279876
0.9999977632596654
0.9999977542456898
0.9999977726949186
0.9999977506323979
0.9999977465936024
0.9999977586092355
0.9999977400467199
0.999997736353885
0.9999977304791583
0.9999977289722772
0.9999977269240041
0.9999977050568615
0.9999977148169663
0.9999977175895739
0.9999976935199192
0.9999977065037526
0.9999976968278662
0.9999976888680091
0.9999976887414161
0.9999976784683275
0.9999976875610144
0.9999976794453185
0.9999976542772805
0.9999976699927072
0.9999976541003548
0.9999976410636714
0.9999976563719528
0.9999976321874959
