0.999999369391629
0.9999971088724944
0.9999984675745357
0.9999984579539795
0.9999969798291383
0.9999992531003875
0.9999970885214384
0.9999983556315132
0.9999983860319246
0.9999969436375407
0.9999991410182631
0.9999970464805724
0.9999982990019449
0.9999983169187937
0.9999969354487347
0.9999990403722233
0.9999970259717293
0.9999982083046439
0.9999982285148321
0.9999968812527658
0.999998922204215
0.999996983251904
0.9999981255266934
0.9999981237172677
0.9999968249925248
0.9999988014218594
0.9999969271046003
0.9999980174274773
0.9999979955750572
0.9999967479434967
0.9999986809984956
0.9999968326296037
0.9999979210507135
0.9999979030782681
0.9999967014629185
0.9999985756059513
0.9999967516269298
0.9999978541142681
0.999997796019976
0.9999966405804976
0.9999984807039415
0.9999967247584078
0.9999977400034947
0.9999976972943428
0.999996571888673
0.9999983732495654
0.9999966491371709
0.9999976540642792
0.9999975875402267
0.9999965097606752
0.9999982715594908
0.9999965750323642
0.9999975476420663
0.9999975110127557
0.999996439631072
0.9999981482254178
0.9999965068041193
0.9999974614636671
0.9999973933524433
0.999996385500266
0.9999980218373083
0.999996432660271
0.9999973515682717
0.9999973217635869
0.9999963278832911
0.9999978899384008
0.9999963690094087
0.9999972401094314
0.9999972074900491
0.9999962329171908
0.9999977648556537
0.9999962647920472
0.9999971666115898
0.9999970953811167
0.9999961727585586
0.9999976481921355
0.9999962318161204
0.9999970669707325
0.9999970167790436
0.9999961577201805
0.9999975267737733
0.9999961491947451
0.9999969496844786
0.9999969084892761
0.9999960498809303
0.9999973932140529
0.9999960552913039
0.9999968305288625
0.999996799439884
0.9999959727756674
0.9999972734168335
0.999995985875055
0.9999967286388036
0.9999967102217325
0.9999959015655614
0.999997161764208
0.9999958910373439
0.9999966233197741
0.9999965887629353
0.9999958137252231
0.9999970180520806
0.9999957742142702
0.9999964582883378
0.9999964482485021
0.9999957149899393
0.9999968735170407
0.9999956989562023
0.9999963528744322
0.9999963278968359
0.9999956514803098
0.9999967667437096
0.9999955994313404
0.9999962452526806
0.9999962151681538
0.999995595067622
0.9999966211945888
0.9999955293292894
0.9999961410608207
0.9999961212188372
0.999995520131727
0.9999965047930102
0.9999954830022765
0.9999960458764283
0.9999960099265275
0.9999954146261357
0.9999963784111611
0.9999953988129997
0.9999959168591067
0.999995907161972
0.9999953074655096
0.9999962500466256
0.9999953150764186
0.9999958137006099
0.9999957601118519
0.9999952488415141
0.9999961357906757
0.9999952175276534
0.9999957271506038
0.9999956420231959
0.9999951494695765
0.9999960150266669
0.9999951095353762
0.9999956090464605
0.9999955136782844
0.9999950481095108
0.9999958852431053
0.9999950317214453
0.9999955031193213
0.999995421514201
0.9999949475137192
0.9999957714068598
0.999994936815435
0.9999954144456366
0.9999953156442448
0.9999948679244106
0.99999567817264
0.9999948165858682
0.9999953051968465
0.9999952043783099
0.9999947834427365
0.9999955651233734
0.9999947034248172
0.99999518518396
0.9999950832043869
0.9999946914959477
0.9999954611010875
0.9999945966436903
0.9999950696708395
0.9999949853753488
0.9999945783231623
0.9999953359144986
0.9999945093904034
0.9999949726936014
0.9999948589875864
0.9999944962505573
0.9999951975753268
0.9999944532286185
0.9999948773879073
0.9999947367580638
0.9999943868512251
0.9999951051159064
0.9999943265384935
0.9999947523423002
0.9999946650068542
0.9999942960690015
0.9999949937332385
0.9999942015235523
0.9999946613240628
0.9999945400200179
0.9999941698377248
0.9999949047874157
0.9999940644718518
0.9999945633347548
0.9999944341111799
0.9999940178405438
0.9999947714320994
0.9999939704708908
0.9999944295632742
0.9999943561609718
0.9999939378853612
0.9999946882896349
0.9999938974286028
0.9999943658848348
0.999994308795984
0.9999938638444732
0.999994600710195
0.9999938389420131
0.9999942763609935
0.9999941781180732
0.9999937501201711
0.9999944537126373
0.9999937091366479
0.9999941412619726
0.9999940630837431
0.9999936397563293
0.9999943326167348
0.9999935645852793
0.9999940053438037
0.9999939605086409
0.9999934938001254
0.9999941843856678
0.9999934871315254
0.9999938584968019
0.9999938832377567
0.99999338912667
0.9999940461357668
0.9999933529324929
0.9999937587777149
0.9999937573730217
0.9999933015614323
0.9999939088510944
0.9999933089430472
0.9999936516225598
0.9999936503560366
0.9999931749943601
0.9999937940274537
0.999993153856392
0.999993519449992
0.9999934925773697
0.999993095500872
0.999993635740054
0.9999930663932873
0.9999933867957359
0.9999933747668658
0.9999929883048218
0.9999935605876279
0.9999929588522013
0.9999932891067564
0.9999932829327439
0.9999928710515595
0.9999934293216405
0.999992796954176
0.9999931768811187
0.9999931276524312
0.9999927602588897
0.9999933223558424
0.9999926847797661
0.9999930875529267
0.9999930207333733
0.9999926217344126
0.9999931702643121
0.9999925912597346
0.9999929187343328
0.9999928974891372
0.9999924889539222
0.9999930358627036
0.9999924344321947
0.9999927690946802
0.9999927650672744
0.9999923858592595
0.9999928618060189
0.9999923424526334
0.9999926346383782
0.9999927005530527
0.9999922792038817
0.9999927600135261
0.9999923103256801
0.9999925369396276
0.9999926384911926
0.9999922235421921
0.9999926476674929
0.999992238954948
0.999992451524135
0.99999252126589
0.9999921718327632
0.9999925233483196
0.9999921869484284
0.999992320790262
0.9999924300485683
0.999992100534485
0.9999923453820776
0.999992065839854
0.999992177792031
0.9999923115361717
0.9999919576539359
0.9999922799771619
0.9999919762392598
0.9999920909912698
0.9999921920659861
0.999991855996798
0.9999921695250766
0.9999918244918136
0.9999919655671665
0.9999920630264969
0.9999917000012583
0.9999920165716217
0.9999917441097133
0.9999919012893187
0.9999919809774206
0.9999916521093939
0.999991942137871
0.9999916299540692
0.9999918068005241
0.999991872324872
0.9999915792228441
0.9999918968938781
0.9999915562814706
0.9999917310128539
0.9999917552552786
0.9999914730835253
0.9999917664419993
0.9999914356825911
0.9999916523787913
0.9999916626843272
0.9999913467391929
0.9999916950375386
0.999991344358826
0.9999915358007035
0.9999915827904203
0.9999912812013172
0.9999916448642268
0.9999912096515244
0.9999915154952213
0.999991472637315
0.9999912289897699
0.9999915217979775
0.9999911968712044
0.9999913974426339
0.9999914000257354
0.9999911547824686
0.9999914131203624
0.9999911344455986
0.999991295869679
0.9999912737396949
0.9999911220635183
0.9999912769103146
0.9999910788635975
0.9999911664040698
0.999991171470373
0.9999910190157765
0.9999911485164198
0.9999909744052236
0.999991072846936
0.9999910365336437
0.9999909189322591
0.9999909909970994
0.999990845737349
0.9999908970674523
0.9999909234949477
0.9999907633406204
0.9999908524367077
0.999990759918644
0.9999907482334499
0.999990834626428
0.999990654335794
0.9999907878339938
0.999990604817973
0.9999907038681063
0.9999907080638378
0.9999905355158402
0.9999906703945971
0.9999905259921651
0.9999905680844684
0.9999906213087909
0.9999904184426515
0.9999905785284123
0.999990416108622
0.9999903857418825
0.9999904744617755
0.9999902663041496
0.9999904549199086
0.9999902899077788
0.9999903071641343
0.9999903158878424
0.9999901582818199
0.9999903130102364
0.9999901360969379
0.9999902429169122
0.9999902142371324
0.999990107313706
0.9999902186629037
0.9999900306194364
0.9999901078246751
0.9999901176957403
0.9999900457527744
0.9999901264799881
0.9999899950778123
0.9999900327589037
0.9999900355152986
0.9999899449736385
0.999990018260352
0.9999898559170672
0.9999899463342202
0.9999899137362378
0.9999897853396227
0.9999899194935489
0.9999896984569017
0.9999897888187796
0.9999897890533672
0.9999896292322472
0.9999897929831447
0.9999895541847128
0.9999896443064986
0.9999896862376478
0.9999895089898058
0.999989677594563
0.9999894374542104
0.9999895281046463
0.9999895568617969
0.999989416506014
0.9999895776107974
0.9999893329258703
0.999989482850223
0.9999894175078072
0.9999893369590285
0.9999894872985114
0.9999892397804444
0.9999894372565463
0.9999892948630074
0.999989280371318
0.9999893955433821
0.9999891607249123
0.9999893533444723
0.9999891936850741
0.9999891625842802
0.999989308586031
0.9999890722293011
0.9999892622392815
0.9999891317546231
0.9999890959445786
0.9999892339237652
0.9999889684354412
0.9999892043150466
0.99998902733673
0.9999890177453001
0.9999891165424533
0.999988841074643
0.9999890688041537
0.9999888700821922
0.9999888626914615
0.999988982568027
0.9999886938242651
0.9999889436266615
0.9999887597744507
0.9999887306933232
0.9999888455222986
0.9999885832492124
0.9999887815359351
0.9999886865311645
0.9999885674634273
0.9999887490221686
0.9999884161924945
0.9999887126204708
0.9999885343117373
0.9999883966239355
0.9999886377441183
0.9999882543935456
0.9999886001906042
0.9999884078045732
0.9999882322188772
0.99998850924194
0.9999881144498612
0.9999884809348979
0.9999882833093046
0.9999881573584298
0.9999883866141291
0.9999880487180834
0.9999883816330455
0.9999882054129113
0.9999880523419715
0.9999882270327702
0.9999879713079671
0.9999882449809817
0.9999880837660196
0.9999879557407215
0.9999881305547651
0.9999878798342091
0.9999881149263014
0.9999879604267304
0.99998788342282
0.9999879925894188
0.9999877839753052
0.999988047685087
0.9999878084979199
0.9999878573484454
0.999987860995147
0.9999876771234744
0.9999879329876579
0.9999876876745443
0.9999877722570191
