0.9999999235372994
0.9999997008080481
0.9999996762430223
0.9999999083932353
0.9999997333278076
0.9999996460560671
0.9999998866764491
0.999999766354555
0.9999996207836083
0.9999998580397659
0.9999997956913287
0.999999606497344
0.9999998238645872
0.999999818202543
0.9999996051911054
0.9999997891593218
0.9999998374820077
0.999999611553798
0.9999997519811719
0.9999998467978811
0.9999996214204802
0.9999997145410644
0.9999998502482679
0.9999996364865055
0.9999996775411256
0.9999998438304171
0.9999996553416937
0.9999996444830017
0.999999831381463
0.9999996824479517
0.9999996156789092
0.9999998092186305
0.9999997096359526
0.9999995921884939
0.9999997828180779
0.9999997335318999
0.9999995781034174
0.9999997539490861
0.9999997522041318
0.9999995742239074
0.9999997212976663
0.9999997668734565
0.9999995747247957
0.9999996891272717
0.9999997748961023
0.9999995822080162
0.9999996527477096
0.9999997740112329
0.9999995903591761
0.9999996200337337
0.9999997660569895
0.9999996075626012
0.9999995908572016
0.9999997521682442
0.999999624760942
0.9999995667332907
0.9999997333557181
0.9999996472241696
0.9999995461166389
0.9999997103998279
0.9999996651845374
0.9999995352197433
0.9999996836985153
0.9999996807956728
0.9999995299141686
0.9999996510768322
0.9999996895833141
0.9999995313983441
0.9999996218827414
0.9999996950876378
0.9999995380731065
0.9999995914834127
0.9999996977234948
0.999999548360431
0.9999995605753036
0.9999996879650036
0.9999995578891274
0.9999995365562545
0.9999996736013748
0.9999995724052569
0.9999995111081894
0.999999651539598
0.9999995874307077
0.9999994965158884
0.9999996299427129
0.9999996024816404
0.9999994899143553
0.9999996016635601
0.9999996148824999
0.9999994833701717
0.9999995772587297
0.9999996208707153
0.9999994813900067
0.9999995513336108
0.9999996225054448
0.9999994839913658
0.9999995259450156
0.9999996171843399
0.9999994882642289
0.9999995032089491
0.9999996087352018
0.9999995006935521
0.9999994836874897
0.9999995936074763
0.9999995115143163
0.9999994660660637
0.9999995754961626
0.9999995256195147
0.9999994511076612
0.999999558911052
0.9999995388884799
0.9999994379035387
0.9999995358234574
0.999999544344519
0.9999994297192353
0.999999515762417
0.9999995496383939
0.9999994288786079
0.9999994943023494
0.9999995493510444
0.9999994299334268
0.9999994710345169
0.9999995456092636
0.9999994339278538
0.999999449653359
0.9999995354464501
0.999999441351481
0.9999994282223529
0.9999995179010118
0.9999994484162295
0.999999412076755
0.9999994997529739
0.9999994607626607
0.9999993990653012
0.9999994861440233
0.9999994634658141
0.9999993913392331
0.9999994682188856
0.9999994691747037
0.9999993811464751
0.9999994494711052
0.9999994742094992
0.9999993781317105
0.9999994279525327
0.999999472112923
0.9999993766153809
0.9999994075140384
0.9999994684114165
0.9999993785575095
0.9999993855779683
0.9999994613865053
0.9999993828306601
0.9999993701134352
0.9999994501580981
0.9999993876718571
0.9999993571481063
0.9999994360993603
0.999999394494033
0.999999347516768
0.9999994174571336
0.9999994008961836
0.999999339009481
0.9999994000574485
0.9999994050863423
0.9999993323171217
0.9999993810045029
0.9999994080293871
0.9999993273349842
0.999999360916421
0.9999994092318492
0.9999993273793616
0.9999993444907536
0.9999994009472798
0.9999993264850313
0.9999993288722714
0.9999993892325668
0.9999993265865549
0.9999993107811336
0.9999993764855981
0.9999993258251553
0.9999992953979555
0.9999993599181604
0.9999993259920597
0.9999992841638321
0.9999993426018046
0.9999993277851983
0.9999992750032127
0.9999993289666874
0.9999993272461296
0.9999992673106658
0.9999993146835919
0.9999993242844358
0.9999992594468852
0.9999992977524814
0.9999993173077113
0.999999259814648
0.9999992862956695
0.999999314383995
0.9999992590220047
0.9999992716089653
0.9999993103100432
0.999999260618344
0.9999992577420572
0.9999993029857317
0.9999992621167638
0.9999992428713527
0.9999992898249517
0.9999992577607529
0.9999992340687403
0.9999992779183253
0.9999992575585663
0.99999922042886
0.999999265172853
0.9999992542900424
0.9999992107142127
0.9999992521768748
0.9999992479966665
0.9999992048014807
0.9999992341398042
0.999999244281297
0.999999198495842
0.9999992151654412
0.9999992349857282
0.9999991942364937
0.9999992056840654
0.9999992316359753
0.9999991892252695
0.9999991934931516
0.999999221789704
0.999999185008259
0.9999991769789949
0.9999992122637988
0.9999991840864455
0.9999991683300873
0.9999992001682848
0.9999991785476994
0.9999991564232417
0.9999991835998298
0.9999991728713592
0.9999991413242237
0.9999991689663627
0.999999165523473
0.9999991278000095
0.9999991575441247
0.9999991621029451
0.9999991246993194
0.999999146028645
0.999999154915418
0.9999991181315793
0.9999991312710632
0.9999991447882625
0.9999991083995105
0.9999991198342562
0.9999991386566357
0.9999991073911648
0.9999991094358422
0.9999991309495563
0.9999991045986694
0.9999991015638429
0.9999991238910355
0.9999990999171472
0.9999990916486698
0.9999991108469889
0.9999990952892733
0.9999990767847098
0.9999990999883276
0.999999092784891
0.9999990610754773
0.9999990845500316
0.9999990839633637
0.9999990559549518
0.9999990725214254
0.999999082252796
0.9999990460115222
0.9999990558768848
0.9999990730647125
0.999999039322518
0.9999990393023344
0.9999990654480743
0.9999990358766446
0.9999990290020283
0.9999990534531683
0.9999990307821103
0.999999021024345
0.9999990423036658
0.9999990241217911
0.9999990170801831
0.9999990283902244
0.9999990142826946
0.9999990048112997
0.9999990189568352
0.999999010812815
0.9999989968636573
0.9999990064075404
0.9999990113257977
0.9999989875550865
0.9999989954122704
0.9999990080645931
0.9999989811524443
0.9999989841837185
0.9999990038460597
0.9999989773036541
0.9999989736742185
0.9999989902817931
0.9999989706424885
0.999998957780628
0.9999989758557539
0.9999989699549913
0.999998948239725
0.9999989606324908
0.9999989652262371
0.9999989429270691
0.9999989465571353
0.9999989581141276
0.9999989381322589
0.9999989298189939
0.9999989451585289
0.9999989346766824
0.9999989182902393
0.9999989392524089
0.9999989277511908
0.9999989112748001
0.9999989330964149
0.9999989231839712
0.9999989007923351
0.9999989193827773
0.9999989224923059
0.9999988993215556
0.9999989079622664
0.9999989170071127
0.99999888944888
0.9999988954750454
0.9999989089698231
0.9999988827345203
0.9999988848298124
0.9999989023568358
0.9999988735045056
0.9999988728680399
0.9999988937588687
0.9999988716120944
0.9999988636534839
0.9999988819293972
0.9999988661456098
0.9999988531194273
0.9999988734645517
0.9999988627641739
0.9999988406121939
0.9999988638967671
0.9999988529644258
0.9999988298013139
0.9999988544203
0.9999988443451372
0.9999988212334152
0.9999988386480205
0.9999988392846353
0.9999988154676152
0.999998822468524
0.9999988310539812
0.9999988089445626
0.9999988085975422
0.9999988243855034
0.9999988044726301
0.9999988005492743
0.9999988089165928
0.9999987942779353
0.9999987909150969
0.9999988109302044
0.9999987906356513
0.9999987820337085
0.9999988026034305
0.9999987840436472
0.9999987720749575
0.9999987903325381
0.999998781457999
0.9999987614125645
0.9999987813619661
0.999998777220296
0.9999987536457644
0.9999987685765108
0.9999987733617124
0.9999987504419854
0.9999987622199924
0.9999987643248802
0.9999987454609445
0.999998746814163
0.9999987541845553
0.9999987362323928
0.9999987278995613
0.9999987469706874
0.9999987236545713
0.9999987155656779
0.9999987360964415
0.9999987191097814
0.9999987067898326
0.9999987328882114
0.9999987076459551
0.9999986944336542
0.9999987176507094
0.9999987018792456
0.9999986856958004
0.9999987049686455
0.9999986951478967
0.9999986795269032
0.9999986933529462
0.9999986863485629
0.9999986706708228
0.9999986812910955
0.9999986752578834
0.9999986695209687
0.9999986682562708
0.9999986677569064
0.9999986635595695
0.9999986592662624
0.999998658912528
0.9999986573140083
0.9999986531025574
0.9999986565995194
0.9999986471572404
0.9999986355595742
0.9999986501090204
0.9999986427005381
0.9999986280861551
0.9999986476326211
0.9999986352773121
0.9999986187878254
0.9999986340038298
0.9999986238544213
0.999998611200474
0.9999986227388205
0.9999986178810721
0.9999986083251219
0.9999986052160782
0.9999986066989277
0.9999985992095765
0.9999985912562254
0.9999985900754254
0.9999985953079769
0.999998581334743
0.999998579509046
0.9999985839195623
0.9999985654113294
0.9999985725539563
0.9999985779504048
0.9999985541457975
0.9999985639432196
0.9999985698486521
0.9999985415986533
0.9999985491753296
0.9999985590151169
0.9999985275730897
0.9999985339234744
0.9999985423754751
0.9999985203238465
0.9999985181783937
0.999998532049756
0.9999985119475799
0.9999985048332601
0.9999985245516234
0.9999985079160957
0.9999984914671388
0.9999985167382732
0.9999985036944896
0.9999984755475981
0.999998506911443
0.999998493127778
0.9999984608491068
0.9999984950183121
0.9999984843410324
0.9999984507818636
0.9999984822179226
0.999998483854279
0.9999984454144508
0.9999984671555372
0.9999984778508644
0.9999984395547217
0.9999984539140017
0.9999984666530525
0.9999984316032515
0.9999984346893455
0.9999984594481082
0.9999984254771522
0.9999984265536545
0.9999984455147406
0.9999984227919909
0.9999984173463764
0.9999984349176608
0.9999984180458968
0.999998400621383
0.9999984293325438
0.9999984127151854
0.9999983858910363
0.9999984286961009
0.999998406323378
0.9999983707538275
0.9999984181732399
0.9999984068506417
0.9999983611478598
0.9999984007820631
0.9999983957444977
0.99999835229305
