0.9999999342573355
0.9999996286486064
0.999999815480494
0.9999995865649084
0.9999996491949151
0.999999564394114
0.9999994710926822
0.9999995383844446
0.999999301972308
0.9999994772242744
0.9999991700228887
0.9999993790842048
0.9999990977083087
0.9999992344832164
0.9999990699583393
0.9999990509029708
0.999999045218952
0.9999988856844548
0.9999990210897548
0.999998745112447
0.999998949243284
0.9999986526556343
0.9999988406362862
0.999998616799262
0.9999986811054358
0.9999985893895026
0.9999985073201035
0.9999985798684203
0.9999983580946719
0.999998537619873
0.9999982414663852
0.9999984258794832
0.9999981686380054
0.9999982787753048
0.9999981269779492
0.9999981287310877
0.9999981173314653
0.999997983571081
0.9999981210010037
0.9999978504955537
0.9999980294007508
0.9999977352194089
0.9999979035911126
0.9999976923189633
0.9999977419778725
0.9999976561281005
0.9999975684184749
0.9999976321274429
0.999997402007036
0.9999975736944149
0.9999972772588712
0.9999974651758278
0.9999971980762573
0.9999972839514842
0.999997128367984
0.9999971110092585
0.999997111042599
0.9999969514302031
0.9999970759641965
0.9999968129379637
0.9999969950074353
0.9999967010568743
0.9999968487680372
0.9999966190576911
0.999996677743462
0.9999965984209014
0.9999965203129014
0.9999965566532978
0.9999963413366305
0.999996519776846
0.9999962405178727
0.9999964122259742
0.9999961405711756
0.9999962588767958
0.9999961026723427
0.9999960800816008
0.999996067713715
0.9999959140704243
0.9999960449723523
0.999995802245264
0.9999959953314334
0.9999957113331543
0.9999958476650683
0.9999956404125817
0.9999956965130808
0.9999955979439831
0.9999954919090647
0.9999955432505853
0.9999953345531123
0.9999954949053331
0.9999952038204891
0.9999953957372937
0.9999951361790271
0.9999952346874578
0.9999950777992241
0.9999950501260668
0.9999950444405062
0.9999949105648244
0.9999950374025248
0.9999947952175343
0.9999949721613739
0.9999947016421601
0.9999948289735995
0.9999946134505414
0.9999946544217412
0.9999945737403748
0.9999945058805727
0.9999945706176961
0.9999943530212745
0.9999944819883092
0.9999942090716276
0.9999943861826818
0.9999941456867701
0.9999942513767854
0.9999941078128796
0.9999940691390122
0.9999941141416145
0.9999939659954437
0.9999940531513045
0.9999938243846997
0.9999939665221479
0.99999370049102
0.9999938468656532
0.9999936545530523
0.9999936948514638
0.9999936288796122
0.9999935265628581
0.9999935977310704
0.9999933835630411
0.9999935027040991
0.9999932585702879
0.9999934166172569
0.9999931947168563
0.9999932956401245
0.9999931628424918
0.9999931334336944
0.9999931379426448
0.9999929948910883
0.9999930844047652
0.9999928688588149
0.9999929886024119
0.9999927387005916
0.9999928755501906
0.9999926477493949
0.9999927095342152
0.9999926212331818
0.9999925431044078
0.9999926032222807
0.9999924204856436
0.9999925122727332
0.9999922602870984
0.9999923928368135
0.9999921918828266
0.9999922762917828
0.9999921484395732
0.9999921022338072
0.9999921003450835
0.9999919887059668
0.9999920845590861
0.9999918967901973
0.9999920398489489
0.9999918030081435
0.9999919045574386
0.9999917341419212
0.9999917667846046
0.9999916913172419
0.9999916120383151
0.9999916402673769
0.9999914302820001
0.9999915544090766
0.9999913394541129
0.9999914561324292
0.9999912493559797
0.9999913271447517
0.999991188560161
0.9999911619646036
0.9999911172483746
0.9999909982123052
0.9999910947666657
0.9999908773800054
0.9999909959285085
0.9999907754007374
0.9999908874917119
0.9999907046442423
0.999990749900966
0.9999906649989819
0.9999906354785023
0.9999906902692453
0.9999905269403397
0.9999906446496427
0.999990446668131
0.9999905552733167
0.9999903770894262
0.9999904514588683
0.9999903115075511
0.9999903015810003
0.9999902483952491
0.999990130018175
0.9999902120870369
0.9999899967664289
0.9999900922208087
0.9999898752981407
0.999989994805482
0.9999897923849035
0.9999898191957144
0.9999897360082259
0.9999896746640825
0.9999896748238916
0.9999895216173901
0.9999896112000648
0.9999894422240123
0.9999895253168466
0.9999893474325267
0.9999894085902246
0.9999892388487238
0.9999892129406242
0.9999892024236172
0.9999890686795921
0.999989127294449
0.9999889213186942
0.9999890691362903
0.9999888229260232
0.9999889231910974
0.9999887477009032
0.9999887588100792
0.9999886909891221
0.9999885719479137
0.9999885744380734
0.9999883847666949
0.9999884593603448
0.9999882526990933
0.9999883647880113
0.9999881783651454
0.9999882764617484
0.9999881529171174
0.9999881256776764
0.9999880812712469
0.9999879497262454
0.9999879838619993
0.9999877921862546
0.999987911666228
0.9999876783038854
0.9999877784976063
0.9999876515431919
0.9999876910336514
0.9999876506380612
0.9999875696234924
0.9999875784778881
0.9999874136144208
0.999987485661743
0.9999872769233951
0.9999874029128987
0.9999872001176957
0.9999872532589857
0.9999871746083885
0.9999872066616018
0.9999871936004906
0.9999870730904463
0.9999871208437052
0.9999869201525505
0.9999870305976858
0.9999868399625076
0.9999869241805914
0.9999868179432989
0.9999868516247438
0.9999867760719217
0.9999866965758938
0.9999866881238288
0.9999865497849504
0.9999866488596822
0.9999864519276342
0.9999865169279408
0.9999863868773727
0.9999864314140938
0.9999863312051882
0.9999862749455349
0.9999862539972302
0.9999861378215932
0.9999861592363102
0.999986005417393
0.9999861401442427
0.9999859495029197
0.9999860198550392
0.9999858978930865
0.9999859439647988
0.999985903158049
0.9999858599078386
0.9999858567539572
0.9999857665435955
0.9999858412613996
0.999985641964217
0.9999857760695191
0.9999856693719661
0.9999856907041675
0.9999855793783903
0.9999855444523846
0.9999855422663587
0.9999854272421854
0.9999854819401899
0.9999853375250642
0.9999854338288945
0.99998527132157
0.9999853222561871
0.9999851784308665
0.9999852160816635
0.9999850848081253
0.9999850094940423
0.9999850266880547
0.9999848835946504
0.9999849670744375
0.9999847616915492
0.9999848551221325
0.9999846846929833
0.9999847504349983
0.9999846950709876
0.9999846511699606
0.9999846321595501
0.9999845186132913
0.9999845496231041
0.9999844101030301
0.9999844894553513
0.9999842215765076
0.9999843134590605
0.999984140059451
0.9999841743773137
0.9999840989507508
0.9999840032236945
0.9999839671682713
0.999983833305611
0.9999839546225305
0.9999837798685828
0.9999838501852085
0.9999836472988899
0.9999837277942428
0.9999836047377968
0.9999835188190481
0.9999834462988928
0.9999833477439158
0.9999833880167147
0.9999832279466184
0.9999833087057283
0.9999831111420907
0.9999831879933494
0.9999830310182297
0.999983031646648
0.9999829421850085
0.9999828879592246
0.9999828975987185
0.9999827273015287
0.9999828533785999
0.999982678638256
0.9999828283613633
0.999982644362324
0.9999827127638135
0.9999826137366621
0.9999825701992786
0.9999825794201629
0.9999824330201328
0.999982482389913
0.9999822972213225
0.9999824178972324
0.9999822086267496
0.999982290876618
0.9999821566276016
0.9999821892194819
0.9999821084149263
0.9999820914869225
0.9999820533790986
0.9999819197451121
0.9999820392102619
0.9999818785784657
0.999981983471213
0.9999817919160865
0.9999818721190605
0.999981795444143
0.999981736844891
0.9999817168337757
0.9999816312360673
0.9999817466368731
0.999981529394503
0.9999816420853385
0.9999815075137736
0.9999816176739658
0.9999814958689531
0.9999815220612897
0.9999814620387353
0.9999814552269324
0.9999814623247096
0.9999812915425244
0.9999813798368831
0.9999812312743731
0.9999812972986037
0.9999811626871189
0.9999811908366031
0.9999810717897017
0.9999810249683363
0.9999809552563181
0.9999808251886149
0.9999809051916573
0.9999807324136888
0.9999808243599649
0.9999806549698429
0.9999807627875952
0.9999805986138729
0.9999805961820596
0.9999805436462395
0.9999804896128991
0.9999804763830966
0.9999803179322398
0.9999803987603756
0.9999801889665749
0.999980260136046
0.9999801138617459
0.9999801214105004
0.9999799886809814
0.9999799885275353
0.9999799314052784
0.9999798231771125
0.9999798572095878
0.9999797370301089
0.9999798302764789
0.9999796197208946
0.999979654693372
0.9999795378282951
0.9999795379455453
0.9999794833758426
0.9999794102174525
0.9999794379135981
0.9999793021147876
0.9999793971691966
0.9999792260519391
0.9999793394674955
0.9999791918393677
0.9999792711487965
0.9999790991656721
0.9999790487935251
0.99997903266317
0.9999789025061255
0.999978937617908
0.9999788014522459
0.9999789006785424
0.9999788108852581
0.9999788675147744
0.9999787606058882
0.999978781808175
0.9999787111253986
0.9999786355367938
0.999978645536486
0.9999785303486957
0.9999785617942801
0.9999783997671232
0.9999785159684006
0.9999783230847911
0.9999783554020415
0.9999782092093467
0.9999781816056245
0.9999781585900975
0.9999780934178423
0.99997817004923
0.999978069789475
0.999978149079064
0.9999780369770761
0.999978092754578
0.9999779294499923
0.9999778939844045
0.9999778147586912
0.9999777580036717
0.9999777459931339
0.9999776721641574
0.9999777590700822
0.9999776024807924
0.9999776981330313
0.9999775864185627
0.9999776151062628
0.9999775372852853
0.9999775809361162
0.9999775469208404
0.9999774389829026
0.9999775007021737
0.9999774055064482
0.999977444225528
0.9999772592758966
0.9999773468143692
0.9999772473034922
0.9999772883447542
0.9999772263446197
0.9999771572014279
0.9999771544963473
0.9999769683114919
0.9999770233827848
0.9999768018354028
0.9999768095816721
0.9999767056025252
0.999976739527889
0.9999766767105632
0.999976626801397
0.9999766301109831
0.9999764968765609
0.9999765582796177
0.9999763962646705
