0.9999996605748576
0.9999827952395564
0.9999645267871783
0.9999479973760692
0.9999317453454867
0.9999155742473552
0.9998970428049504
0.9998803378544324
0.9998643608979074
0.99984797384932
0.9998327455155565
0.9998151824133836
0.9997973879978992
0.9997796989821902
0.9997633658434741
0.9997489758109634
0.999733156889357
0.9997170523439435
0.9997015444290308
0.9996850533282504
0.9996726556721561
0.9996525932391668
0.9996325130921835
0.9996155849493971
0.9996030862772293
0.9995872636879137
0.9995739286709568
0.9995602825977885
0.9995462250371773
0.9995298988362848
0.9995125221018795
0.9994998900397992
0.9994782089557
0.9994640916099051
0.999443670430956
0.9994278597232603
0.9994113430684116
0.9993971206431348
0.9993773965500566
0.9993627576728473
0.9993425264233182
0.9993323379298732
0.9993133181550756
0.9993002017123027
0.9992866402060138
0.9992763720827688
0.9992571222543595
0.9992407937011574
0.9992278706059585
0.9992155140180942
0.999201895279929
0.9991912232368275
0.9991765635833226
0.9991662554386287
0.9991533827484677
0.9991407151125813
0.9991243951367227
0.9991120516003372
0.999091628441544
0.999073827913225
0.999052700711573
0.9990322624390519
0.9990150724111179
0.9989972139558755
0.9989823156096891
0.998964926815414
0.9989480158873106
0.998930961889715
0.9989180486309291
0.9989068380756267
0.9988950494343627
0.998879981753442
0.998861773989035
0.9988554002536139
0.9988430706528098
0.9988315671515706
0.9988157236898954
0.9987990364373671
0.9987851574561
0.9987645852961717
0.9987518978746367
0.9987337916508516
0.9987138937104146
0.9986923556735532
0.9986811773769401
0.9986700813346355
0.9986565803486496
0.9986402891523216
0.9986203454325724
0.9986091106100916
0.9985893011071191
0.998576230449962
0.9985661682306235
0.9985496690447465
0.9985337708280738
0.9985177131353369
0.9984917100323187
0.9984826427590888
0.9984574073184405
0.9984345256434924
0.9984255375254417
0.998400936816159
0.9983927005237465
0.9983797380674707
0.998369407646595
0.9983509951203726
0.9983262797684465
0.9983108962869465
0.9982999282940411
0.9982832421120859
0.9982739772525
0.9982678020280805
0.9982382031635585
0.9982273767215705
0.9982137862126828
0.9981971162218972
0.9981773023331889
0.9981624781839481
0.9981383700005538
0.9981277124514688
0.9981038420870075
0.9980772218851551
0.9980604261280359
0.9980466257007355
0.9980373763983447
0.9980130788039174
0.9979955668012862
0.9979862205191887
0.9979715805893312
0.9979488092683023
0.9979290636340962
0.9979071186435796
0.9978959232041589
0.9978835306060938
0.9978673423383254
0.9978487983502999
0.9978345314280365
0.9978109185200303
0.9977922537051211
0.9977746855821656
0.9977584362009334
0.9977526986760671
0.9977351398937693
0.9977225603200114
0.9977084920689955
0.9976946868004366
0.9976717350232049
0.997652383624842
0.9976242371802747
0.9976067246434437
0.9975986888770841
0.9975767637924691
0.9975510875099328
0.9975321180230549
0.9975191889896659
0.9974967207862526
0.9974816043837642
0.9974708439661462
0.9974644394138507
0.9974430192824646
0.997436246612235
0.9974206581180299
0.9974065329106018
0.997389637357726
0.9973615572260722
0.9973444764496943
0.9973308546375916
0.9973148195179804
0.9972882661238682
0.9972622112985036
0.9972507626296504
0.997228758942815
0.9972133219055379
0.9971994093303647
0.997186772400594
0.9971705598437544
0.9971435293652049
0.9971300452797844
0.9971169981137337
0.9970967881855325
0.9970959977785685
0.9970770303109571
0.9970745720887481
0.9970452069134181
0.9970388098012887
0.9970300836805036
0.99701281705151
0.996993606707694
0.9969822951018061
0.9969704655686781
0.9969621426591194
0.99694985039592
0.996925267343447
0.9968963530960112
0.9968804139470513
0.9968640351433767
0.9968526081421466
0.9968354536905849
0.9968234241454341
0.9968051504886115
0.9967835636161022
0.996777769112274
0.9967462293026825
0.9967263141590039
0.9966983819007146
0.996678050107216
0.9966646340695531
0.996651304047784
0.9966323473883774
0.9966125416569733
0.9965980329486267
0.996579394876055
0.9965637136986794
0.9965570190886861
0.9965251562332793
0.9965102853411598
0.9964712899626157
0.9964629642145264
0.9964601962169714
0.9964582313592881
0.9964467469145841
0.9964324131736503
0.9964061375678958
0.996385720049318
0.9963768931099445
0.9963561020702133
0.9963409789972663
0.9963244239433093
0.9963056066706681
0.9962843122901154
0.9962770522448513
0.9962646784107824
0.9962476315261565
0.9962316436973211
0.9962203887529619
0.9962090356620149
0.9961946848611922
0.9961695533365554
0.9961460155779901
0.9961361784566635
0.9961355184804894
0.996112014138642
0.9960992780442061
0.9960818840851889
0.9960641892841788
0.9960445661695576
0.9960289019853976
0.9960230278760834
0.9960013064309954
0.9959808409322077
0.9959563093542027
0.9959349798715369
0.9959168338823668
0.9958986515233872
0.995892936945431
0.9958729638002279
0.9958651314901015
0.9958303520818743
0.995817312222545
0.9958037896948324
0.9957771082380136
0.9957726294669881
0.995772142121969
0.9957552733137344
0.9957386657206806
0.9957095151093794
0.995686893890591
0.9956665916021653
0.9956469305894341
0.9956212291519179
0.9955989009118175
0.9955772276366944
0.9955798864406558
0.9955602723268261
0.9955545292191907
0.9955554973396634
0.9955334577078742
0.9955148297402345
0.9955073248954891
0.9955114195868232
0.9954851136980889
0.9954750307378456
0.9954431518937161
0.9954167049684197
0.9953987767968375
0.9953772899516925
0.9953757880023936
0.9953518821846034
0.9953299660807301
0.9953145417116439
0.9953205108573614
0.9953076714192273
0.9952969822505203
0.9952852470167454
0.9952728692562589
0.995246505467086
0.9952310713455248
0.9952203600739524
0.9952160057461771
0.9952025513229632
0.9952017004795133
0.9952141202997609
0.9951990891659347
0.9951832736161625
0.9951678282139731
0.9951388960781993
0.9951101308649167
0.9950838386361087
0.9950550202850172
0.9950406138771293
0.9950294040765852
0.9950113461806258
0.9949932029474637
0.9949903911934154
0.9949800454926649
0.994965280918557
0.9949513332353719
0.9949398555330483
0.9949278028599835
0.9949197233898057
0.9949088286337434
0.994890226800126
0.9948693029907559
0.9948490138894853
0.9948369433356469
0.9948102067961849
0.9947905908424322
0.994775561328966
0.9947585742183005
0.994739409664361
0.9947352708297322
0.9947307553536989
0.9947104174876894
0.9946989951962786
0.994683774469348
0.9946570570615075
0.9946396977173148
0.9946215062823043
0.9946127415309718
0.994594184132953
0.9945746923278725
0.9945553287733826
0.994526214521787
0.9945140415300515
0.9944916886360841
0.9944857493380618
0.9944663756010167
0.9944602198067493
0.9944377887029777
0.9944221717064754
0.994405706690535
0.994388949011398
0.9943592896794008
0.9943392725152999
0.994324297967573
0.9943156870075472
0.9943070040290387
0.9942732425634607
0.9942522404958596
0.9942309663945341
0.9942143967084155
0.9942097826519454
0.9942002606603354
0.9941866802014083
0.9941507099279666
0.9941305284305101
0.9941127997400652
0.9941138988435241
0.9940925517913173
0.9940805198762553
0.9940772560012596
0.994064704118659
0.9940562267490103
0.994035884226089
0.9940324641827211
0.9940143479247479
0.993991236160904
0.9939509524047995
0.9939298197374233
0.9939387909768407
0.99392290046821
0.9939032072080771
0.9938772486933223
0.993857332345415
0.9938400198412689
0.9938214554616335
0.9938132156787033
0.9938014950148022
0.9937808843137481
0.9937615811042719
0.9937431043282349
0.9937278486324906
0.9936981353977442
0.9936821169730572
0.9936716745186778
0.9936625025294908
0.9936406599339429
0.9936178546752765
0.9935950855649849
0.9935771082642341
0.9935542131467928
0.9935486146201822
0.9935384139078604
0.9935259251126002
0.9935057225035484
0.993510474829055
0.9934968216261235
0.9934794517000493
0.9934747491852273
0.9934488489649587
0.9934249450401634
0.9934197455616736
0.9934055423827651
0.9934002798135111
0.9933818940835174
0.99337011557778
0.9933493938633532
0.993341469286303
0.9933390200594316
0.9933283550512704
0.9933136087011246
0.9933011799187419
0.9932931443961869
0.9932692120135602
0.9932486529922381
0.9932403192312612
0.9932167463821038
0.9932020397887263
0.9931930044165932
0.9931819713178377
0.9931395645977351
0.9931425197045741
0.9931129151870641
0.9931009569096287
0.9930869160366347
0.9930725971930262
0.9930422437325624
0.9930418322633237
0.9930269559264446
0.9930234826061045
0.993023138662247
0.9930022481820324
0.9929950486446901
0.9929878543688165
0.9929552839411884
0.9929569713259062
0.9929394368335535
0.9929069338611737
0.9928579641591374
0.9928362984798169
0.9928134136517912
0.9928048864465254
0.9927909893342663
0.992788654888597
0.9927669181171964
0.9927649274254771
0.9927392118980929
0.9927035858208173
0.9927020838163083
0.9926825737547108
0.9926749472954199
0.9926483664762811
0.9926319252648255
0.9926115684891119
0.992600946321651
0.9925790057088819
0.9925636275954689
0.992547766798182
0.9925420570219863
0.9925357736553272
0.9925264440867818
0.9925105589474992
0.992481088853689
0.9924687733271722
0.9924491530281953
0.9924280063200716
0.992412044524582
0.9924021923233151
0.9923670888049082
0.9923565621632012
0.9923330680535672
0.9922816316673545
0.9922618610912302
0.9922460344650309
0.992254440129152
0.9922574256708878
0.9922559756492964
0.9922591361884603
0.992244885509161
0.9922343436830688
0.9922047544810471
0.9921887596711344
0.9921626097934725
0.9921611053946987
0.9921369126043111
0.992109841947336
0.9920964857251872
0.9920824142783063
0.9920441931730426
0.9920291686136268
