0.9999999377926213
0.9999996430969597
0.9999998436426912
0.9999995812796632
0.9999997379490421
0.9999995316255139
0.9999996216952755
0.9999994972074423
0.9999994899047845
0.9999994519995234
0.9999993591926479
0.9999994182125754
0.9999992419799824
0.9999993675552998
0.9999991235992813
0.9999993053410545
0.9999990221300218
0.9999992274170981
0.9999989476568397
0.9999991353558271
0.9999988867866996
0.9999990232291611
0.9999988273667849
0.9999988985282855
0.9999987894602231
0.9999987757490142
0.9999987463561709
0.9999986393377974
0.9999987067232856
0.9999985223008816
0.999998640593216
0.9999983915602467
0.9999985615775713
0.9999982871579638
0.9999984676499324
0.9999982075725631
0.999998376029387
0.9999981447771966
0.9999982726206118
0.999998093105188
0.9999981536213202
0.9999980552814165
0.9999980295766779
0.99999802138728
0.9999978947746954
0.9999979622229642
0.9999977722843791
0.9999979183369279
0.9999976655871289
0.999997827641977
0.9999975534789601
0.999997737068287
0.9999974794581151
0.9999976461395406
0.9999974404823551
0.9999975541081318
0.9999973944422003
0.9999974463635658
0.9999973683872867
0.9999973334778297
0.9999973435692643
0.9999972169397132
0.9999972968996858
0.9999971027773241
0.9999972424116227
0.9999970008595467
0.9999971711818748
0.9999969053477407
0.999997093388893
0.9999968449363162
0.9999969796419088
0.9999967549463812
0.9999968465742232
0.999996706691019
0.9999967231154008
0.9999966429747111
0.9999965683854841
0.9999965999728345
0.9999964487289068
0.9999965460290821
0.9999963465855953
0.9999964891063998
0.9999962235208635
0.9999963962227394
0.9999961392311052
0.9999963210421257
0.9999960729760135
0.9999962180948374
0.9999960200375912
0.9999961046048628
0.9999959709758781
0.999995999038768
0.9999959449665655
0.9999958540802035
0.9999958892407489
0.999995725912609
0.9999958048531286
0.9999955922004323
0.9999957357667254
0.999995495141285
0.9999956934776033
0.999995486734503
0.9999956475406337
0.999995433989642
0.9999955312764897
0.9999953561594324
0.9999954223279613
0.9999953137076961
0.999995287935187
0.9999952641018899
0.9999951963183751
0.9999952143013419
0.9999950709356842
0.9999951482674425
0.9999949387070239
0.9999950983488017
0.9999948793584831
0.9999950496491182
0.9999948135589741
0.9999949584638725
0.9999947788778881
0.9999949258848646
0.9999947531478715
0.9999947965651846
0.9999947027124676
0.999994661031702
0.9999946630769128
0.9999945879807662
0.9999946420434768
0.9999944823051363
0.999994582063874
0.9999943911729622
0.9999945830638263
0.9999943444366572
0.9999945228968166
0.9999942811000967
0.9999944308050783
0.9999941830287008
0.9999942800420597
0.9999941355146073
0.9999941905323072
0.9999940936675048
0.9999940725385313
0.9999940559669886
0.9999939435898716
0.9999939884191088
0.9999938139965975
0.9999939453720178
0.9999937318511299
0.9999938995940256
0.9999936832468244
0.9999938290446156
0.9999936157467272
0.9999937527710737
0.999993546835966
0.999993640350626
0.9999934984018276
0.999993533850678
0.9999934703677557
0.9999934185307756
0.999993410457952
0.9999932897453153
0.9999933458992754
0.9999931624356468
0.9999932976462026
0.9999930839797051
0.9999932218407742
0.9999929808297348
0.9999931712209683
0.9999929429674072
0.9999930817036229
0.9999928794454273
0.9999929811276838
0.999992850902265
0.9999928693978107
0.9999928296675586
0.9999927903962388
0.9999927707527909
0.9999926229602488
0.9999926915797787
0.9999924770836138
0.9999926298245299
0.9999923756692083
0.9999925037216851
0.9999922825062731
0.9999923999632868
0.9999922123350349
0.9999923264777554
0.9999921222291989
0.9999921944077858
0.9999920863044007
0.9999920683444876
0.999992032120437
0.9999919668682544
0.9999919886589541
0.9999918535975612
0.9999919862316464
0.9999918036195176
0.9999919380838334
0.9999916921852722
0.9999918599654618
0.9999916233589933
0.9999917608178636
0.9999915512814995
0.9999916851561439
0.9999915479998517
0.9999916094243821
0.999991496366025
0.9999915059294265
0.9999914401583876
0.9999913517282631
0.9999913775581258
0.9999912162792369
0.999991306570836
0.9999911059462071
0.9999912209947805
0.9999910173279908
0.9999911716765173
0.9999909164031261
0.9999910696827211
0.9999908650783904
0.9999909768248879
0.9999908079814859
0.9999908349581216
0.9999907344954468
0.9999907140480998
0.9999906944864593
0.9999906253632795
0.9999906466775262
0.9999904823063726
0.9999906031364952
0.9999904235025417
0.9999905466918664
0.9999902887021211
0.9999904288895768
0.9999902009722527
0.9999903356465997
0.9999901514805951
0.9999902306372698
0.9999900724720584
0.9999901084344274
0.9999900418161319
0.9999900020816287
0.9999900038661906
0.9999898856421131
0.9999899427706853
0.999989783554736
0.9999898847500691
0.9999896986132614
0.99998978603825
0.9999895750003766
0.9999896914156265
0.9999894738873375
0.9999895615918496
0.999989373880704
0.9999894435497046
0.9999892563405408
0.9999892451336816
0.9999891717230901
0.999989165928945
0.9999891282083384
0.999988999488118
0.9999890631756667
0.9999888809360311
0.9999889714215335
0.9999887753726604
0.9999889365804827
0.99998873634539
0.9999888791223989
0.9999886774765384
0.999988833877337
0.9999886096857815
0.9999886218221108
0.9999884949723904
0.9999884976666905
0.999988416302784
0.999988340790451
0.9999883629444934
0.9999882299883439
0.9999882850374882
0.999988107234685
0.99998821701667
0.9999880507476975
0.9999881825673221
0.9999880278948684
0.9999881269413539
0.9999879264560165
0.9999880213557025
0.9999878429830483
0.9999878823352151
0.9999877589264943
0.9999877402723512
0.9999876751864912
0.999987620230519
0.9999876154477206
0.9999874919190648
0.9999875598144906
0.999987409791969
0.999987514216641
0.9999873150390257
0.9999874177894883
0.9999871966064425
0.999987322302837
0.9999871281416567
0.9999872270070137
0.999987082957761
0.9999871158787027
0.999986970868406
0.9999869142225593
0.999986870617533
0.9999868073524886
0.9999868035944326
0.9999866915452461
0.9999867800844535
0.9999866276527895
0.9999867144578721
0.9999865359665716
0.9999865942432816
0.9999864212687185
0.9999865005515739
0.9999863007442286
0.9999863758083198
0.9999862484938824
0.9999862696769652
0.999986164340741
0.9999861500860039
0.9999861131453546
0.9999860451077692
0.9999860417897883
0.99998587514243
0.9999858956645019
0.9999856776456513
0.9999857615628085
0.9999856018652946
0.9999856730890732
0.9999855251880276
0.9999856299182167
0.9999854414112247
0.9999855788967864
0.9999854845389161
0.9999854835309298
0.9999854150188436
0.999985316982703
0.9999853076023352
0.9999851648508279
0.9999851858517945
0.9999850467424857
0.9999851176092525
0.9999849429104293
0.9999849927528595
0.9999848314693564
0.9999849183158368
0.999984750303309
0.9999847991113198
0.9999846418771255
0.9999846450823109
0.9999845357843236
0.9999845507947066
0.9999844572985565
0.9999843870426336
0.9999843956673177
0.9999843565495672
0.9999843998844608
0.9999842525577923
0.9999843262045238
0.9999841363479958
0.9999842293591108
0.9999840815453144
0.999984130363346
0.9999839803974433
0.9999840724556489
0.9999839299517068
0.9999840004885263
0.9999839098526159
0.9999839392121382
0.9999838425975032
0.9999837933767052
0.9999838201159608
0.9999837296787286
0.9999837352683287
0.9999835352559056
0.9999836396620622
0.9999834926784927
0.9999836104725821
0.9999834562972374
0.9999835593881777
0.999983394683023
0.9999834767714724
0.9999833359535979
0.9999833641634794
0.9999832832138524
0.999983282875604
0.9999832114304387
0.999983163959734
0.9999831288658337
0.9999830425319303
0.9999830952661607
0.9999829274010673
0.9999830116479904
0.9999827994049645
0.9999828758953924
0.9999827327772877
0.999982802638017
0.9999826532173705
0.9999827514560017
0.999982624544306
0.9999826433303798
0.9999825276114419
0.9999825241691299
0.9999824728990154
0.9999824149820926
0.9999824208390022
0.9999823072044837
0.9999823240332396
0.9999821928750149
0.9999822947250477
0.9999821375103692
0.9999822751232358
0.9999821116354445
0.9999821865654112
0.9999820294399749
0.9999820587675586
0.9999819492014307
0.9999819957494328
0.9999819258934384
0.9999819462012094
0.9999818931197929
0.9999817634197135
0.9999817656268972
0.9999816832455657
0.9999817332203476
0.999981583752424
0.9999816384220626
0.9999814766499088
0.9999815911513784
0.9999814486893139
0.9999814892556665
0.999981391609105
0.9999814597873901
0.9999812849264501
0.9999812693387888
0.9999812158177376
0.9999811417830597
0.999981116119539
0.9999810572562791
0.9999810571877844
0.9999809380700782
0.9999809764293638
0.9999807902445382
0.9999809101235669
0.9999807067842085
0.9999807755492539
0.9999806496989054
0.9999807662244192
0.9999806462531753
0.9999807002391914
0.9999805817740641
0.9999805855965141
0.9999805381819882
0.9999805245170721
0.9999805583925085
0.9999804733149094
0.9999804916609338
0.9999803649682686
0.9999804053458182
0.9999803067004714
0.9999803929902326
0.9999801788591816
0.999980283826558
0.9999801452265158
0.9999801795727289
0.999980039093535
0.9999800527216376
0.999979913764714
0.9999799131332202
0.9999798507587494
0.999979842962071
0.9999798369039675
0.999979748835408
0.9999797443682347
0.9999796208457337
0.9999796585306285
0.9999794857666117
0.9999795910794831
0.9999794391793562
0.9999795046788768
0.999979293223675
0.9999793715481327
0.9999792828855677
0.9999792892701276
0.9999792323317176
0.999979197386242
0.9999791350247861
0.9999790308668701
0.9999790096859328
0.9999789491917547
0.9999790135734744
0.9999788391249484
0.9999788647313335
0.9999787078438801
