0.9999993071554664
0.9999987447782757
0.9999975551624379
0.9999965674587218
0.999996448415144
0.9999972299606567
0.9999983332351339
0.9999988987744818
0.9999984638333554
0.9999973129944018
0.9999962642623882
0.9999960083711037
0.9999966879843247
0.9999977981797407
0.9999984912248187
0.9999982156252805
0.9999971344385121
0.9999960084602347
0.9999956185350536
0.9999961502742375
0.9999972345830981
0.999998035047592
0.9999979175032617
0.9999969226443806
0.9999957657918888
0.9999952288980513
0.999995652266781
0.9999967016099389
0.9999975839733597
0.9999976218434787
0.9999967613290216
0.9999956139146224
0.9999949876997551
0.9999952779818408
0.999996239882297
0.9999971516764576
0.9999973098703324
0.9999965346536142
0.9999953645980214
0.9999945982998516
0.9999947461661322
0.9999956560524522
0.9999966450452956
0.9999969364047945
0.999996286508383
0.9999951215573066
0.9999942659841917
0.9999942835924939
0.9999951041513991
0.9999961133128062
0.9999965508513852
0.9999960274599823
0.9999949323281605
0.9999939908994482
0.9999938419551899
0.9999945595522902
0.9999955756612217
0.9999961201040422
0.9999957440489025
0.9999946921875014
0.9999937059999606
0.9999934469408437
0.9999940702053858
0.9999950901330911
0.9999957346740592
0.9999954949387709
0.9999944655100957
0.9999934015390691
0.9999930381110539
0.9999935778410474
0.9999945819377057
0.9999952759526746
0.9999951727885993
0.9999942586678479
0.9999931830416118
0.9999927051605286
0.9999931060782381
0.9999940407716904
0.9999947963542936
0.999994811282344
0.999993987321355
0.9999928977575012
0.9999922893171078
0.9999925857236198
0.9999935295564879
0.9999943674576577
0.9999945101588165
0.999993777630746
0.9999927369947592
0.9999920220186814
0.9999921666660025
0.9999929987250502
0.9999938720116269
0.9999940999908988
0.9999934772991186
0.9999924182393747
0.9999916129388186
0.9999916052655159
0.9999923621471191
0.9999932537126026
0.9999936125849221
0.9999931417958352
0.9999921231926228
0.9999912848415347
0.9999911603971121
0.9999918561939826
0.99999275976837
0.9999932008615744
0.9999928590517914
0.9999918808556372
0.999990936095964
0.9999906857943784
0.9999912951905587
0.9999922283239856
0.9999927558033312
0.99999252268213
0.9999916563761321
0.9999907344562733
0.9999903512062879
0.9999908536756773
0.9999917407543902
0.9999923612560394
0.9999922425766388
0.9999914772872032
0.9999904966494496
0.9999900326458853
0.9999904069615314
0.9999912567942332
0.9999919504383817
0.9999919560402334
0.9999912724620341
0.9999902943992837
0.999989700699465
0.9999899484713323
0.9999908272121685
0.9999915809374313
0.9999916595589289
0.9999910271720295
0.9999900284844222
0.9999893402916261
0.9999894545325537
0.9999902340569071
0.9999910474754571
0.9999912185196816
0.9999907021629525
0.9999897656050429
0.9999890838442297
0.999989065726397
0.9999897605944905
0.9999906147323104
0.9999909028652014
0.999990466605861
0.9999895489134972
0.9999887782752035
0.9999886616512744
0.9999892671077341
0.9999900875474469
0.9999905077385194
0.9999901454812091
0.9999892458151513
0.9999884609432826
0.9999882507555707
0.9999887625742621
0.9999895961355516
0.9999901418599059
0.9999898742260382
0.9999890161669448
0.9999881425177222
0.999987803052144
0.9999881913462154
0.999989021132692
0.9999895961802232
0.9999894297742088
0.9999886899844247
0.9999878086064435
0.999987402473219
0.999987726145131
0.9999885297157829
0.9999891299020467
0.9999891105017205
0.9999884152075029
0.9999874843298702
0.9999869905850256
0.9999872261844671
0.9999879929575981
0.9999886672370447
0.9999887636515948
0.9999881786610121
0.9999872807665953
0.9999867112553413
0.9999868511552586
0.9999875540333463
0.9999882814407313
0.9999885107314764
0.9999880335680273
0.9999871265885244
0.9999864724232489
0.9999865087563007
0.9999871603810938
0.9999879182321154
0.9999882339993006
0.9999878068098337
0.9999869392477615
0.9999862699371407
0.9999861539684437
0.999986681123187
0.9999874749222701
0.999987819990877
0.9999874755906207
0.999986685765263
0.9999859560573409
0.999985735945245
0.999986214533259
0.9999869713106617
0.9999874018856799
0.999987190389409
0.9999864180624288
0.9999856059940218
0.9999852997239446
0.9999856700044603
0.9999864578569663
0.9999869831412584
0.9999868464242349
0.9999861310386654
0.9999853225301635
0.999984911153525
0.999985216034756
0.9999859263480576
0.9999865127899458
0.9999865395481116
0.9999858972110945
0.999985114599937
0.9999846155073944
0.9999847863164643
0.9999854697498682
0.9999860734826745
0.9999861255829989
0.999985614305415
0.9999847936717663
0.999984206331121
0.9999842928796563
0.9999849414876197
0.9999856055563721
0.9999857540767881
0.9999852901474481
0.9999845033675376
0.9999838964982981
0.9999838968131465
0.9999845123441582
0.9999852947610848
0.9999855496237707
0.9999851760984895
0.9999843745003897
0.9999836885566059
0.9999836088419688
0.9999841596468536
0.9999848474429274
0.9999851600123244
0.9999848600461329
0.999984137641305
0.9999834052513619
0.9999831907216141
0.9999836453950833
0.9999843703922078
0.9999847497253992
0.9999845722177791
0.9999839063225464
0.9999831976269357
0.9999829252718396
0.9999832985715135
0.9999839838805138
0.999984442696262
0.9999843623251158
0.9999837588552735
0.9999829930087527
0.9999826052078031
0.9999828799434061
0.9999834986437347
0.9999839641372418
0.999983949001056
0.9999834450753696
0.9999826559375768
0.9999822226974074
0.9999824281934205
0.9999830488802496
0.9999835803384577
0.999983653095656
0.999983191842817
0.999982438406412
0.9999818837230039
0.9999819369723343
0.9999825577236754
0.9999830939323102
0.999983229776233
0.9999828394561648
0.9999821528512456
0.999981561204518
0.9999815885148332
0.9999821412799298
0.9999827565850093
0.9999829442788906
0.9999826300492382
0.9999818999025305
0.9999813138242539
0.9999812743648427
0.9999817937501674
0.9999823703664118
0.9999826237416075
0.9999823151312731
0.999981715569201
0.9999810904281349
0.9999809626125217
0.9999814367650587
0.9999820477666576
0.9999823433187272
0.9999820922633058
0.9999815014371385
0.9999808728414976
0.9999805948196586
0.99998093406599
0.9999815460098479
0.9999819271660375
0.9999817646227088
0.9999811571918608
0.9999805039818837
0.9999801767329816
0.9999804049898321
0.9999810061717013
0.9999814444807614
0.9999813523099277
0.9999808373493793
0.9999801818955172
0.9999798396890378
0.9999799580549072
0.9999805615362286
0.999981061291471
0.999981100693936
0.9999806004508281
0.9999799638418311
0.999979520001544
0.9999795923832926
0.9999801293298645
0.9999806049199618
0.9999806708695284
0.9999802234420295
0.9999795822017563
0.9999790818782835
0.9999790398351528
0.9999794344525091
0.9999799730117171
0.999980177775229
0.999979928470101
0.9999793451497213
0.9999788210472319
0.999978768992217
0.9999791744031312
0.9999797287661686
0.9999799658001297
0.9999797372145082
0.9999791607294749
0.9999786424300722
0.999978464260034
0.9999787885430196
0.9999792904590995
0.9999795532520717
0.999979357255358
0.9999788354264254
0.9999782450805598
0.9999780305178132
0.9999783367013747
0.9999788806979635
0.999979272343353
0.9999791345808456
0.9999786767850954
0.9999780539279657
0.9999777570472433
0.9999779765922163
0.9999785060170218
0.9999788592142077
0.9999788357378598
0.9999783832456935
0.9999777733361102
0.9999773852630319
0.9999775521214324
0.9999780483893472
0.9999785130589142
0.9999785436681955
0.9999781078155385
0.9999775487094851
0.9999771364480897
0.9999772180711827
0.9999776955338183
0.9999781191162311
0.9999782173871314
0.9999778478387408
0.9999771722863573
0.999976689032248
0.9999767218008071
0.9999771292173926
0.999977574516401
0.9999777798520508
0.9999775131533586
0.9999769068245514
0.9999764334553987
0.9999763570900242
0.9999767856770018
0.9999772555007591
0.9999774800523951
0.9999772303774174
0.9999766996832272
0.9999761399812293
0.9999759741468047
0.9999762779011341
0.9999767413485872
0.9999770175868885
0.999976846819165
0.9999763230771328
0.999975789918604
0.9999755474441855
0.9999758163156331
0.9999763133121631
0.9999765693791075
0.9999764301803984
0.9999759581899935
0.9999753904475845
0.9999750720022983
0.9999752878544941
0.999975722388636
0.9999760987850977
0.9999760747990315
0.999975638246504
0.9999750650262574
0.9999746866401615
0.999974811099957
0.9999752846908043
0.9999756546240699
0.9999756530998976
0.9999752746354102
0.9999746967774146
0.9999743269238154
0.9999744380584178
0.9999748660395319
0.9999752676287372
0.9999753315294871
0.9999750162353445
0.999974446184774
0.999974033926372
0.9999740131001229
0.9999744327595288
0.9999749335206236
0.9999750561168538
0.9999748125498049
0.9999742652565672
0.9999737854482479
0.9999737229176264
0.9999740908456777
0.9999745720577083
0.9999748108389562
0.999974554849146
0.9999740139729906
0.9999735077432322
0.9999733870037462
0.9999737130298484
0.9999741836270778
0.9999744183942391
0.9999742611594246
0.9999738134672452
0.9999732983983278
0.9999731208006405
0.9999733363711344
0.9999738133153927
0.9999740006010146
0.9999738893509373
0.999973507640458
0.9999729168202396
0.9999726275187601
0.9999728512779588
0.9999733122243003
0.999973584720075
0.9999735966857761
0.9999732621168272
0.9999727328481863
0.999972372287277
0.9999724485999938
0.9999728526710694
0.9999732291165528
0.9999732143499516
0.9999728725963067
0.9999723126448712
0.9999718950485895
0.9999719011438645
0.9999723294115315
0.9999726995428928
0.9999727452543228
0.9999725043934605
0.9999719513469711
0.9999715365045905
0.9999714424662868
0.9999718029060104
0.9999721316398968
