0.9999993039745372
0.9999985062793211
0.999997058521814
0.9999957343681
0.9999953331414714
0.9999959740908544
0.9999968579097885
0.9999971770149574
0.9999965430321495
0.9999951081262447
0.9999936784890424
0.9999931476328986
0.9999936994540274
0.999994588261038
0.9999949436311882
0.9999944417031247
0.9999931191716257
0.999991668012583
0.9999910122257575
0.9999913544229896
0.9999922606086439
0.9999927909597267
0.9999923474660934
0.9999911812243315
0.9999897165600236
0.999988903084806
0.9999891204389316
0.9999901001304987
0.9999907083778878
0.9999905208348743
0.9999894237274307
0.9999879687590555
0.9999869874019626
0.9999870066932077
0.9999878083179268
0.9999884513408986
0.9999882730640088
0.9999873452457281
0.9999859672523121
0.9999849153468813
0.9999848507237484
0.9999855402473642
0.9999861311323767
0.9999861440612124
0.9999852686929146
0.9999838762678106
0.9999827279287518
0.999982544926608
0.9999831631892558
0.9999837196818819
0.9999839990679853
0.9999832889452074
0.9999819010762662
0.9999806666406538
0.9999804121535794
0.9999809281124006
0.9999817176419559
0.9999820693895687
0.9999813615847697
0.9999800343170497
0.9999786380007386
0.9999780395082083
0.9999784443747206
0.9999791865291107
0.9999794429751144
0.9999789232218308
0.9999776777505236
0.9999764340738352
0.9999757775848229
0.999976139123911
0.9999768389307314
0.9999773114976623
0.9999769088277798
0.9999758550729231
0.9999743743594597
0.9999734420671247
0.9999736876661852
0.999974509642179
0.9999749857504155
0.9999747418092386
0.9999736104874777
0.9999724006971352
0.9999717681000946
0.9999717260387521
0.9999724803513093
0.9999730572474527
0.999972888561789
0.9999718909874535
0.9999706345532376
0.9999698869635086
0.9999697560362321
0.9999702861930343
0.9999709002489864
0.9999708791938073
0.9999698217787397
0.9999684968766089
0.9999674385662971
0.999967259248809
0.9999677745980886
0.9999684136381766
0.9999685473976595
0.9999678662570466
0.9999664657402808
0.999965413624644
0.999964994914479
0.9999655525068167
0.9999663302630999
0.999966532829653
0.999965903866787
0.999964645135397
0.9999635388349871
0.9999628133431335
0.9999630396925143
0.9999638290171314
0.9999640933331981
0.9999637202455192
0.9999626046348012
0.9999613938826316
0.9999608051599743
0.9999610532525955
0.9999616159215948
0.9999621505660606
0.9999616672246938
0.9999604667638848
0.9999594690614105
0.9999586866735986
0.9999590011302482
0.9999597104524015
0.9999600008560491
0.9999597022012102
0.9999585973684657
0.9999572805507795
0.9999564516662416
0.9999564721038279
0.9999570994944861
0.9999575039224642
0.9999573785270196
0.9999566580763782
0.9999555857965944
0.9999546476899426
0.9999543910823789
0.9999549842011018
0.9999554438381993
0.9999553956774047
0.9999547056534481
0.9999533797826804
0.9999526596731433
0.9999526321609638
0.9999531312172846
0.9999536324573035
0.9999534367338827
0.9999528536111956
0.9999515884655955
0.9999506462432065
0.9999504415041636
0.9999510264310731
0.9999517863123183
0.9999517799215444
0.9999512485203462
0.9999503623458292
0.9999491883871614
0.99994849218805
0.9999488514439865
0.9999495976609184
0.9999498188913277
0.9999492024854002
0.9999482453035388
0.9999468368201478
0.9999463523799061
0.9999466048809453
0.9999470428774733
0.9999474986114356
0.9999468538642998
0.9999454777201539
0.9999444776359643
0.9999437894057637
0.9999438134284524
0.9999441249346611
0.9999447503533258
0.9999444637663168
0.9999436682445266
0.9999425455618173
0.9999415805637959
0.9999415382346729
0.999942097223856
0.9999425216863621
0.9999424655955278
0.9999415697480932
0.9999402567645637
0.9999394314191886
0.9999389484079498
0.9999394472346241
0.9999400392396348
0.9999400418945283
0.9999391530658686
0.999937848496972
0.9999367382051777
0.9999363286743695
0.9999367839923046
0.999937239933386
0.9999373969843035
0.9999367666324557
0.999935563612699
0.9999345570172451
0.9999342350169836
0.9999344608844929
0.999934988908931
0.9999349603382355
0.9999345028917574
0.9999333205136054
0.9999323050149715
0.9999320542486044
0.9999323841901006
0.999932935662943
0.999933374819638
0.9999330435796753
0.999931991320952
0.9999309995103359
0.9999307004599551
0.999931000385648
0.9999315815111073
0.9999315762663169
0.9999313228514518
0.9999304210849904
0.9999292085087632
0.9999283867205501
0.9999285098530184
0.9999291618290086
0.9999294869321219
0.9999291554511638
0.999928154064418
0.9999270299016876
0.9999259728764777
0.9999258560776826
0.9999264286277854
0.9999268948758658
0.9999266633615554
0.999925863681957
0.9999249056871949
0.9999242078104834
0.9999237739979068
0.9999243058693683
0.9999248061737679
0.9999247307291564
0.9999240279117174
0.9999230093920326
0.9999222528383473
0.9999219511640586
0.9999224009879002
0.9999228531685186
0.9999230103487127
0.9999222880194132
0.9999214457068414
0.9999206235914668
0.9999202816900988
0.9999205093861999
0.9999208422388921
0.9999210127297106
0.9999202869785477
0.999919179936293
0.9999183995773812
0.9999178857165191
0.9999178267425894
0.9999184648869065
0.9999187723327101
0.9999182868154795
0.9999175699203101
0.9999167250084917
0.9999163676342652
0.9999166163811902
0.9999171591194302
0.9999173976863582
0.9999168547673939
0.9999160517117206
0.9999148977677501
0.9999144955563508
0.9999141806286009
0.999914449692351
0.9999150364763286
0.9999148096623142
0.9999138564673566
0.9999129694432424
0.9999120846638245
0.9999118318600643
0.9999121933572382
0.9999124564907609
0.9999122417874382
0.9999109263470336
0.9999099540841841
0.9999091015139918
0.9999090388407867
0.9999092328744678
0.9999094662816707
0.9999095799807936
0.9999087739270744
0.9999074966579198
0.9999068227899177
0.9999066597502946
0.9999068686858289
0.9999073558916792
0.9999073479360198
0.9999067686615021
0.999905703636818
0.9999049002762259
0.9999044506082071
0.9999047184016784
0.9999052971822775
0.9999054414744556
0.9999047378201575
0.9999037447135495
0.9999028552369925
0.9999023877306275
0.9999029059443806
0.9999034346323161
0.99990378309832
0.9999033045871536
0.9999022633161655
0.9999013676745647
0.9999007027346246
0.99990080926134
0.9999012899535946
0.9999016647903045
0.9999011840932203
0.9999000316732594
0.9998986223553196
0.9998979340621534
0.9998978051281195
0.9998982286222219
0.9998985510835928
0.9998983646757549
0.9998975964190682
0.9998965901521778
0.9998961888238624
0.9998962096278496
0.999896460163278
0.9998969197734175
0.9998966965894512
0.9998957752267705
0.9998950420712529
0.9998946745691669
0.9998943594901786
0.9998947758045718
0.9998948927708123
0.9998948036343619
0.999893782246122
0.9998925811145349
0.9998918389326038
0.9998916227854736
0.9998917862373605
0.9998923140628097
0.9998921128758119
0.9998915773222115
0.9998904370912725
0.999889524328615
0.9998892958207014
0.999889271693393
0.9998899220001284
0.999890346664519
0.9998894725529586
0.9998887737942161
0.9998878004499189
0.999887330798744
0.9998874300071422
0.9998878114646546
0.9998879081282502
0.9998872527514782
0.9998861966951872
0.9998851715035754
0.999884642874596
0.9998845064489477
0.9998846673738986
0.9998850984774906
0.9998845944262328
0.9998835328374173
0.9998824611516594
0.9998821257938464
0.9998822876236848
0.9998825252875042
0.999882928135675
0.9998827535710093
0.9998822031428087
0.9998812085882918
0.9998806644156396
0.9998803806271196
0.9998807477926615
0.9998811244184486
0.9998809303120976
0.9998804463161918
0.9998792805578282
0.9998786166969464
0.9998783687332203
0.9998785339273584
0.9998786020359592
0.9998783811048074
0.9998774618450579
0.9998766087639126
0.9998757881800031
0.9998754488303866
0.9998752670390976
0.9998756591292337
0.9998755759401861
0.999874920243265
0.9998741634058185
0.9998733426471098
0.9998733066655465
0.9998733470286686
0.9998736098393163
0.9998737231809681
0.9998730552032871
0.9998721073530336
0.9998712721188389
0.9998710143961677
0.9998706048471024
0.99987100154833
0.9998711288330779
0.9998710615683367
0.9998700796385724
0.9998689813124987
0.9998686499765376
0.9998685835976018
0.9998691365958505
0.9998692096803284
0.9998690249522395
0.9998682436442515
0.9998674758468372
0.9998668342673399
0.9998665419788585
0.9998673537772683
0.9998675015092908
0.9998670088371063
0.9998662978259567
0.9998654883978823
0.9998647481029768
0.9998645386154119
0.9998648987322573
0.9998652499002288
0.9998648755818055
0.9998643050894579
0.9998636447496876
0.9998629486137024
0.9998630092898767
0.9998632775751563
0.99986347565919
0.9998635007239761
0.9998629850868931
0.9998621918184071
0.9998613348907702
0.999861282335696
0.9998615940187048
0.9998618505863054
0.9998617929073076
0.9998612725795873
0.9998604269317588
0.9998596461606195
0.9998592268788624
0.999858869599321
0.9998591611436094
0.9998590656814409
0.9998584795216647
0.9998575445371604
0.9998567419481043
0.9998564142615506
0.999856717113192
0.9998569416613055
0.999856892173205
0.9998563762709837
0.9998557177923668
0.9998544589752891
0.9998538884032596
0.9998538619054965
0.9998539119749108
0.9998537479412271
0.9998537549283343
0.9998531517005433
0.9998522262523625
0.9998518874224879
0.999852021312574
0.9998522493956624
0.9998522153410722
0.9998516165479241
0.9998509456231942
0.9998499266104283
0.9998493291505569
0.9998493506820699
0.9998492611499432
0.9998498414800547
0.9998498845930118
0.9998492590359503
0.9998481620290324
0.999847191050978
0.999846927453245
0.9998467901429074
0.999847251407512
0.9998470734096263
0.9998464040598067
0.9998455472420118
0.9998447486729802
0.9998444364126045
0.999844849697125
0.9998449307924294
