0.9999998533312278
0.9999994168913408
0.9999992506685503
0.9999996667363751
0.9999994767040888
0.9999990651907217
0.9999994032776816
0.9999995062971772
0.9999989973481086
0.9999991094020113
0.9999994362778867
0.9999990030022545
0.999998846793062
0.9999992563461372
0.9999990668916046
0.999998665979497
0.9999990071141048
0.9999991021336038
0.9999985933178686
0.9999987038218302
0.999999027752832
0.9999986000594381
0.9999984193473475
0.9999988419091227
0.9999986557354882
0.9999982429353914
0.9999985691735493
0.9999986696910648
0.999998176065524
0.9999982636641439
0.9999985928507164
0.9999981734483468
0.9999979985557895
0.999998415505143
0.9999982280493724
0.9999978306275069
0.9999981504512336
0.9999982557896449
0.9999977740618173
0.999997890461909
0.9999982059480389
0.9999977972726796
0.9999976411567028
0.9999980213538397
0.999997848190637
0.9999974717581499
0.9999977953110101
0.9999978737735756
0.999997405659756
0.9999974891157822
0.9999977924893617
0.9999973952903813
0.9999972419275265
0.99999760907105
0.9999974386533156
0.9999970593038757
0.9999973620050632
0.9999974572825323
0.9999970006629322
0.9999970922636234
0.9999973977296588
0.9999969816914548
0.9999968117064457
0.9999971981715395
0.9999970058187955
0.9999966382543222
0.9999969213607214
0.9999970117139649
0.9999965643555239
0.9999966555846685
0.9999969653021267
0.9999965954445715
0.9999964301378491
0.9999967904468696
0.9999965922244431
0.9999962203187903
0.9999965217040652
0.9999966096692501
0.999996175561987
0.9999962467999974
0.9999965253314671
0.9999961503869553
0.999995999922152
0.9999963576743224
0.9999961809485404
0.9999958327749355
0.9999961072926166
0.9999961802686325
0.9999957469526722
0.9999958265738305
0.9999961050982293
0.9999957390620798
0.9999955939016157
0.9999959406211956
0.9999957663238068
0.9999954158925127
0.9999957072055129
0.9999957806893416
0.9999953571230453
0.9999954138908235
0.9999956667461128
0.9999952899639563
0.9999951416366339
0.9999955035456922
0.9999953305715945
0.999994985426712
0.9999952779957751
0.9999953213398464
0.9999948749976867
0.9999949202102815
0.9999951876318057
0.9999948345752359
0.9999946793174374
0.9999950176134601
0.999994837719938
0.9999945093444396
0.9999947640625063
0.9999948343407783
0.9999944330798483
0.9999945186768173
0.9999947838491435
0.9999944338651725
0.9999942908166443
0.9999946255781619
0.9999944433905339
0.9999941109955949
0.9999943672074911
0.9999944722259475
0.9999940682960682
0.9999941432105798
0.9999944334803129
0.9999940554861595
0.9999939262498474
0.9999942580096735
0.9999940967759015
0.9999937400922926
0.9999939985307781
0.9999940620624554
0.9999936458720983
0.9999937457013817
0.9999939980225945
0.9999936411250584
0.9999935110342763
0.9999938335770011
0.9999936721207412
0.9999933463357829
0.9999935715875541
0.9999936563657282
0.9999932757520825
0.9999933507901508
0.9999935944973651
0.9999932331357527
0.9999931092023419
0.9999934188608772
0.9999932206124948
0.9999928963168566
0.999993126904498
0.9999932260843593
0.9999928315109705
0.9999929303472209
0.9999931657580448
0.9999927986840601
0.9999926707124651
0.9999929606960832
0.9999928330977595
0.9999925260839332
0.9999927847618949
0.9999928268452576
0.9999924258693398
0.9999925063966522
0.9999927360066946
0.9999923882125971
0.9999922594775272
0.9999925723406508
0.9999924003659425
0.9999920898269212
0.999992329003868
0.9999923907170344
0.9999919790919133
0.9999920767175254
0.9999923474152884
0.9999920097263444
0.9999918795800063
0.9999921757953393
0.9999920292518573
0.9999917419499871
0.9999919743094711
0.9999920181315348
0.9999916417566542
0.9999917136046514
0.9999919401461436
0.9999916103430257
0.9999914931986089
0.9999917807897702
0.9999916028198969
0.9999912787127636
0.9999915259803418
0.9999915589901791
0.9999911495776779
0.999991226476864
0.9999914424398422
0.9999911113877604
0.9999909837293399
0.9999912704434852
0.9999911147553376
0.9999907828324633
0.9999910150456637
0.9999911049349487
0.9999906848896536
0.9999907665386766
0.9999909862064231
0.9999906333133728
0.9999904853012235
0.9999907932209705
0.9999906265033901
0.9999902972386746
0.9999905433766837
0.999990601717468
0.9999901988989389
0.9999902437199261
0.9999904780651279
0.9999901509482295
0.9999899789362297
0.9999902683858353
0.9999900877944722
0.9999897854320356
0.9999900389065282
0.9999900756184131
0.9999896927788063
0.9999897488418117
0.9999899980096907
0.9999896568457841
0.9999895306275101
0.9999898199801187
0.9999896554645743
0.9999893939065194
0.9999896215667265
0.9999896591696589
0.999989283397537
0.9999893259103616
0.9999895488814154
0.9999892293537751
0.9999891434637461
0.9999894210976532
0.9999892229861774
0.9999889360903051
0.9999891784835389
0.999989209028219
0.9999888653231334
0.9999889179251754
0.9999891315877696
0.9999888097371699
0.9999886490204113
0.9999889689230855
0.9999888015777352
0.9999885200792682
0.9999887644675075
0.9999888075799209
0.9999884351268324
0.999988487783885
0.9999887235392948
0.9999884347489307
0.9999882587782298
0.999988540764805
0.9999883765311322
0.9999880498275784
0.9999882979126024
0.9999883350353197
0.9999879464372567
0.9999880244372712
0.9999882724748044
0.9999879666362415
0.9999878449369032
0.999988125695098
0.9999879613434641
0.999987675806203
0.9999878833943646
0.999987956723505
0.9999875679014754
0.9999876524195931
0.9999878755995651
0.9999875799601372
0.9999874544952131
0.9999877384664023
0.999987583373111
0.9999872602131384
0.99998746869704
0.9999875290218426
0.9999871723400446
0.9999872244318517
0.9999874781699639
0.9999871918377551
0.9999870729180849
0.999987356774442
0.9999871665279482
0.9999868568743848
0.9999870501549468
0.9999871341332207
0.9999867812477442
0.9999868054089448
0.9999870370141255
0.9999866923013029
0.9999865526807605
0.9999868573649233
0.9999866660340309
0.9999863370525891
0.9999865710360716
0.9999866313072281
0.9999862904420347
0.9999863660453514
0.9999865552095873
0.9999862366108422
0.9999861022256621
0.9999863005330483
0.999986112265727
0.9999858498646944
0.9999860398414072
0.9999860782816267
0.9999857043718543
0.9999857829210218
0.9999859724119594
0.999985683126922
0.9999855690182639
0.9999858259834683
0.9999857202938508
0.9999854271361679
0.9999855891981939
0.999985644762882
0.9999852794017609
0.999985313000308
0.9999855388980707
0.9999852576822152
0.9999851186187548
0.9999854080713034
0.999985308845865
0.9999849928724774
0.9999851353198121
0.9999852115347133
0.9999848910339881
0.9999849110532355
0.9999850875947495
0.9999848410961772
0.9999847235170197
0.9999849766023973
0.9999848459172188
0.99998454130716
0.9999846975801792
0.9999848137610745
0.9999845115635929
0.9999845481248976
0.9999847500809305
0.9999844557714449
0.9999843300223196
0.9999845468054378
0.9999844392687672
0.9999841635961962
0.9999843306321127
0.9999843721118287
0.9999840118790324
0.9999840593486893
0.9999842828352672
0.999984016757482
0.999983902507988
0.9999840975767542
0.999983962740231
0.9999836889195345
0.9999838547109977
0.9999839017681215
0.9999835805963562
0.9999836322017099
0.9999838561160703
0.9999836123784157
0.9999834942805801
0.9999837212440031
0.9999836383769235
0.9999833778925237
0.9999835413911928
0.999983587529949
0.9999832841313773
0.9999832790057986
0.9999834100615176
0.9999831731498038
0.999983014851777
0.9999832469596525
0.9999831158734382
0.9999828471120651
0.9999830203597662
0.9999830285721678
0.9999827170717778
0.999982777285699
0.9999829505879354
0.9999826957152611
0.999982571766143
0.9999827989031331
0.9999826478828252
0.9999823621434077
0.9999825443053649
0.9999825731769281
0.9999823126572759
0.9999823483204239
0.9999825450192064
0.9999822999940345
0.9999822103744811
0.9999824487238685
0.9999823242949918
0.9999820662987259
0.9999821712011837
0.999982207187076
0.9999819161623277
0.9999819472746154
0.9999821399447447
0.9999818731721283
0.9999817753520353
0.9999819333550781
0.9999818531471937
0.9999815979816756
0.9999817295306015
0.9999818087914412
0.9999815479024871
0.9999816183526082
0.9999817621778744
0.9999815657493416
0.9999814540915538
0.9999816650151162
0.999981530884326
0.9999813471933903
0.9999815292342794
0.9999815996298644
0.9999812978481737
0.9999813409064439
0.9999814657543508
0.9999812446268203
0.9999811118591097
0.9999813029830577
0.999981178571685
0.9999809232022645
0.9999810885791587
0.9999811159310481
0.9999808369071687
0.9999809236478412
0.9999810805504638
0.9999808970616704
0.999980755600168
0.9999809685312381
0.9999808593806032
0.9999805951412245
0.9999808212648172
0.9999809005902204
0.9999806238100867
0.9999806716648868
0.9999807792257465
0.9999805697699394
0.9999804592241552
0.9999806612688835
0.99998058922301
0.9999803085588154
0.9999804595090115
0.9999805559131124
0.9999802605256679
0.9999802957258352
0.9999804492948294
0.9999802048485026
0.999980083616579
0.99998027208461
0.9999801213711301
0.9999798421423897
0.9999799615973244
0.9999799635737449
0.9999796827963524
0.9999797227735753
0.999979903521805
0.9999796968296175
0.9999795314869079
0.9999797261583295
0.999979654299883
0.999979445571958
0.9999796036060444
0.9999796837025429
0.9999794537089958
0.9999794230658632
0.9999795539060066
0.9999794092795169
0.9999793473068874
0.9999795115242837
0.9999794175725498
0.9999792038780824
0.9999793617682735
0.9999794538570538
0.9999792104746774
0.999979228211779
0.9999793450396899
0.9999791853249668
0.9999790348752309
0.9999792425688233
0.9999791764276748
0.9999789274950484
0.9999790413517561
0.9999790811566217
0.999978765893973
0.9999788157497467
