0.9999915383177777
0.9999748779885346
0.9999564367460878
0.999938456240551
0.999919805358246
0.9998994603494389
0.9998801034623576
0.9998618984402896
0.9998418692115437
0.9998231686936073
0.9998028782669058
0.999784405662808
0.9997665474468288
0.9997490204632694
0.9997329053206727
0.9997191041210541
0.9997052063068861
0.9996927375990455
0.9996826124625102
0.9996644115290412
0.9996539801076072
0.999641784219862
0.9996264310891995
0.9996118162565472
0.9995984562477462
0.999581440728006
0.9995696601681462
0.9995542220034614
0.999534913345178
0.9995159835900286
0.99949567844466
0.9994751183520684
0.9994592503939996
0.9994371601292574
0.9994149378036986
0.9993985114718547
0.9993805320423271
0.9993614607970595
0.9993416385127082
0.9993251350037621
0.9993126069850221
0.9993011512733332
0.9992888069677329
0.9992772884621579
0.9992613915754636
0.9992498977330772
0.9992374851057955
0.9992265757769705
0.9992169819272414
0.9991981597027184
0.9991799958577834
0.9991602144467476
0.9991376481818978
0.9991224167274799
0.9991058152521728
0.9990815890227458
0.9990662074044642
0.9990482486447463
0.9990274427943376
0.9990129592714713
0.999002814141811
0.9989792836729653
0.9989616994465919
0.9989459390177792
0.998925952663322
0.9989118213827988
0.998896377845356
0.9988843539600598
0.9988715094378892
0.9988627213220118
0.9988555221255663
0.9988408991166741
0.9988299996489346
0.998811324764033
0.9987949951003473
0.9987812740815442
0.998768551770906
0.9987475019763593
0.9987355795983771
0.9987185911512892
0.9986922818348767
0.9986714595753108
0.9986580652233391
0.9986371457119899
0.9986228407956
0.9986042150798381
0.9985850568915218
0.9985699467311107
0.9985539357941051
0.9985407951952586
0.9985145631321546
0.9985028043706998
0.9984850774824112
0.9984712886109576
0.9984502755819996
0.9984410686354096
0.9984311003080305
0.9984242875076457
0.9984050562158283
0.9983929689795551
0.998380228764792
0.9983592993248985
0.9983326533534641
0.998316598947656
0.9982989872012265
0.9982789139403904
0.9982560982773752
0.9982366464669381
0.9982162483937501
0.9981953717878085
0.9981808922117007
0.9981712258540786
0.9981531277223882
0.9981431618846679
0.9981318990912749
0.9981178235290707
0.9981013203550148
0.9980802175920055
0.9980679817710082
0.998066317258138
0.9980603510568513
0.9980437488345811
0.998029160977332
0.9980238452620143
0.998006231149146
0.9980002156473836
0.9979940594565793
0.9979652719561725
0.9979493775192343
0.9979370169476173
0.9979164655616523
0.9978910438000959
0.9978700190225449
0.9978498648358788
0.9978250894616184
0.9978076577864199
0.9977876119915549
0.9977748668973765
0.9977580551688414
0.9977439944474683
0.9977300846844618
0.9977174957870024
0.9977049816587807
0.9976928842034406
0.997672174580134
0.9976585324337525
0.9976418309129752
0.9976261240796142
0.9976104746545417
0.9975956963039969
0.9975770422365062
0.9975609751031034
0.9975400491557938
0.997531030203182
0.9975223610090352
0.9974956009786391
0.997479401623616
0.9974538469152934
0.9974330981600273
0.997418759045346
0.9973992473885005
0.9973801059579102
0.9973592073814448
0.997345098661451
0.997338497386885
0.9973251411603996
0.9973188859118438
0.9973104923155882
0.99729379287769
0.9972774666216014
0.9972555113442436
0.9972347205928977
0.9972064888924335
0.9971882123958254
0.9971760044538129
0.997168472385825
0.9971518895499524
0.997124668930277
0.9971142482009705
0.9970971455730905
0.9970679051411737
0.9970388130870745
0.9970137043679812
0.9969776391458552
0.9969638618768537
0.9969416938046253
0.99693082008443
0.9969143507888824
0.9968953159328935
0.996875069068726
0.9968632144950663
0.9968489509854814
0.996839031192617
0.9968315962595731
0.9968143649039807
0.996803845684258
0.9967951271843941
0.9967885332457153
0.9967793164267399
0.9967584336577648
0.996738250208733
0.9967283431151626
0.9967020343064517
0.9966751257818629
0.9966505745183739
0.9966308729526591
0.9966072476185748
0.9965907578840647
0.9965736944525229
0.9965418084336775
0.9965237796976973
0.9965107527162865
0.9964894447202912
0.9964726910582123
0.9964542861673279
0.9964306129662801
0.9964016386490356
0.9963767556697708
0.9963669381216176
0.9963581988465862
0.9963299888547812
0.9963151214131505
0.9963047128651937
0.9962888228354035
0.9962697897454438
0.9962542961509776
0.9962227457321038
0.9962132154489718
0.9961880593051976
0.9961705974753318
0.9961538551241966
0.9961329891749521
0.9961085101516158
0.9960974705072199
0.9960718021321319
0.9960676024900964
0.9960502183001544
0.9960435230390562
0.9960234885345295
0.9960115095664532
0.9959976984906534
0.9959760176730525
0.9959725204512803
0.9959689410573114
0.9959554932598922
0.9959488261351547
0.9959313484434944
0.9959173786547513
0.9958989275679933
0.9958768702361265
0.995861062105411
0.9958352530584024
0.9958137575965432
0.995803313880959
0.9957807388381409
0.99575733314987
0.9957407815837155
0.9957240922938401
0.995709502665155
0.995688276572465
0.9956783200715351
0.9956674916128723
0.9956587991155572
0.9956397011601077
0.9956387709678702
0.9956189950283805
0.9955923024207043
0.995578374194315
0.9955539563511249
0.995547678690518
0.9955376660788536
0.9955243300856148
0.9955191431107052
0.9955011016136189
0.9954974994260255
0.9954864394302325
0.9954625609892023
0.995425612733276
0.9954241025277183
0.9954116415746539
0.9954009171955827
0.9953815885528332
0.9953630754976299
0.9953513822837085
0.9953242849392454
0.9953016741116204
0.995275500262965
0.9952576076586993
0.9952434421028484
0.9952225994716221
0.9952060790930867
0.9952028962596021
0.9951933730662013
0.9951788476906122
0.9951561200810598
0.9951373191626278
0.9951334167644879
0.9951159365938901
0.9951219704050165
0.9951176457599062
0.9951062440748852
0.9950878273890641
0.9950507094126795
0.9950427362412353
0.9950436174643219
0.9950205525138933
0.9950005120083346
0.994991028018526
0.9949669274547592
0.9949274599458758
0.9949163509141662
0.9949108417466253
0.9948868614151014
0.9948639480618654
0.9948577189366935
0.994840748028532
0.9948447831229817
0.9948187863575336
0.9948049208297834
0.9947938920185038
0.9947845713548563
0.9947755739657642
0.9947626280995739
0.9947456014114796
0.9947464703718674
0.9947397270936592
0.994718231665161
0.9947007525112904
0.9946828560793314
0.994660057056261
0.9946443855277013
0.9946221669804542
0.9945919594190737
0.994584681924005
0.9945742332256791
0.9945748100258593
0.9945546574856678
0.9945198169573304
0.9945241846914685
0.9945111550289348
0.9944972853641701
0.9944801751597482
0.9944510287443633
0.9944391783890592
0.9944407715346049
0.994421848826678
0.9944018042664671
0.9943989531121454
0.9943822124707503
0.9943580169598931
0.9943421238786793
0.9943183680445041
0.9943113524768855
0.994292751512852
0.994266057187845
0.9942495284554904
0.994223097065126
0.9941966489088023
0.9941727261155933
0.9941702658594803
0.9941492216608472
0.9941307019382254
0.9941110058393028
0.994105272388021
0.9940847573940015
0.9940620359395915
0.9940472552875297
0.9940477337106639
0.9940492215486346
0.9940331702626786
0.994008431281633
0.9940206091362275
0.9939907728998002
0.9939644491069816
0.9939417328701253
0.9939224391105325
0.9938946028858855
0.9938773097467865
0.9938634015956073
0.9938433050863431
0.9938041294279353
0.9937812949581134
0.9937715259163483
0.9937541112711855
0.9937499798397261
0.9937242918741259
0.9937006011365458
0.993708713211375
0.993687691343461
0.9936615657706885
0.993646156005777
0.9936349984344723
0.9936179333602291
0.99361953144111
0.9936056646625018
0.9935922366888822
0.9935833014881034
0.9935627606423338
0.9935398744276266
0.9935285348457609
0.9935174295434447
0.993506952929971
0.9934762099385983
0.9934550058883871
0.993435023178067
0.9934332906484024
0.9934202256407
0.9934046192669561
0.9933929951301179
0.9933731917446016
0.9933408862592856
0.9932957498662891
0.9932626865093211
0.9932478456664998
0.9932223888995219
0.993200182438821
0.9931912506763949
0.9931809778658164
0.9931618394042243
0.9931456164038754
0.9931211294674891
0.9931033080749792
0.9930919902411274
0.9930748871850712
0.9930587242722979
0.9930463147146524
0.9930386763003201
0.9930364735731927
0.9930110398605806
0.9929921729280532
0.9929824762041305
0.9929679958671043
0.9929419810795539
0.9929321158885211
0.9929100585252114
0.9928913991658517
0.9928676489616463
0.9928329096967147
0.9928063169311754
0.9928037935845613
0.9927712753664976
0.9927552121654736
0.9927501195944154
0.9927517444378435
0.9927277540056436
0.9927131644960668
0.9927030638076231
0.9926805486327306
0.992668570965611
0.992652197278831
0.9926430444997691
0.9926301230270793
0.9926178526634063
0.9925932390814834
0.9925650156265129
0.9925378612603281
0.9925146048462622
0.992500903566983
0.9924670986151355
0.9924395383280055
0.9924252411588462
0.9924034794817058
0.9923839220199981
0.992373516244232
0.9923502872576835
0.9923500374221258
0.9923132385363078
0.9923152783402059
0.9923070911097817
0.9923168376701333
0.9922979877078679
0.9922781204247766
0.9922707149292157
0.9922466727010619
0.9922500063778471
0.9922318742626558
0.9922282919625789
0.9922068031810681
0.9921925857773147
0.9921663368629692
0.992160609002385
0.9921312918765753
0.9921200830424923
0.9920907988049252
0.9920888504393203
0.9920629768815392
0.9920611381831853
0.9920475897611359
0.992030434376098
0.992021692337378
0.9920075130916981
0.9920119989703506
0.9919833751953533
0.9919894093907478
0.9919682863707404
0.9919622500843003
0.9919355842288801
0.9919097031534572
0.9918990046936267
0.991904059611039
