0.9999999468228875
0.9999994279572255
0.9999993240420859
0.9999988096450211
0.9999987004558385
0.9999981468025645
0.9999980576395157
0.9999975359134248
0.9999973946976547
0.9999968681964527
0.9999967147583141
0.9999962280489438
0.99999605893563
0.9999956055842124
0.9999954198701727
0.9999949511582886
0.999994754482733
0.9999942722078049
0.9999940536745059
0.999993732325426
0.999993474841888
0.9999930263747479
0.9999928033658777
0.9999924396072586
0.9999921688855445
0.999991800939468
0.9999914881095915
0.9999912357838997
0.9999909269733982
0.9999906844209719
0.9999904210162169
0.9999902169347347
0.9999897179223897
0.9999894958590525
0.9999890935476973
0.9999888861270443
0.9999884095254311
0.9999883720318082
0.9999878402471144
0.9999875342412017
0.9999870252504436
0.9999868836731295
0.9999864457810161
0.9999863462071884
0.9999858285999204
0.9999856201786842
0.9999851284266389
0.9999849427621028
0.9999844804925065
0.999984265312874
0.9999836530807222
0.9999835534125736
0.9999829765731765
0.9999829132541723
0.9999824611649089
0.9999823075187798
0.9999817620770269
0.9999816283274426
0.9999811271969835
0.9999807757281196
0.9999802911331622
0.9999800666136341
0.9999796283061514
0.9999794412518386
0.9999788704975082
0.9999786021901171
0.9999781262440576
0.9999779731037979
0.9999776192501932
0.9999775233983635
0.9999771423233423
0.9999768556054709
0.9999765030454957
0.999976237900773
0.9999760051551628
0.9999757389565057
0.9999754959414413
0.999975251736563
0.9999748756232812
0.9999744802791407
0.999974081731189
0.9999737090332403
0.9999734542269691
0.9999731001805514
0.9999730082784417
0.999972709239565
0.9999724288006393
0.999972077486738
0.9999717319134255
0.9999712288390346
0.9999711149474073
0.9999705690633495
0.9999704069226324
0.9999699294716042
0.9999697430026377
0.9999693111483187
0.9999691788386526
0.9999686410329401
0.999968459951153
0.9999681287912823
0.9999680839167436
0.9999677230256131
0.9999675178403138
0.9999670892488296
0.9999670993041565
0.9999665600410701
0.9999663635730199
0.9999660350407423
0.9999658595156196
0.9999654224139358
0.9999651882272315
0.9999645460858653
0.9999643404945923
0.9999639623195814
0.9999638199691605
0.9999633169892087
0.9999629513276291
0.9999626022515986
0.9999622765280163
0.9999619234522074
0.9999617741729139
0.9999612681105906
0.9999609573687808
0.9999604125307444
0.9999597656237232
0.9999595100378214
0.9999591822399719
0.9999589417952298
0.9999587097192968
0.999958545901637
0.999958219130419
0.9999580085240661
0.9999577691526053
0.9999576068033387
0.9999571147879436
0.9999569141870778
0.9999566241726288
0.9999565766110651
0.9999561961166911
0.999956040735507
0.9999555345875445
0.9999552989369094
0.9999549796624337
0.9999548509401025
0.9999542660762385
0.9999540693879551
0.999953625443475
0.9999531985652386
0.999952799207076
0.9999526773128363
0.9999521677829485
0.9999519812659945
0.9999514489634073
0.9999513274397575
0.9999507496677146
0.9999506257620514
0.9999499766034826
0.9999498950056452
0.9999492977384137
0.9999492195660523
0.9999486053945382
0.9999486397187222
0.9999480200225888
0.9999477262256141
0.9999473296518612
0.999947071146959
0.9999467582001674
0.9999465885596159
0.9999462092840383
0.9999459409059911
0.9999455196688761
0.9999453252470205
0.9999447690223481
0.9999447477404694
0.9999445039749926
0.9999442689227384
0.9999439279397293
0.9999433494044755
0.9999429999036336
0.9999424876251843
0.9999424125338094
0.9999418379575681
0.9999414661631423
0.999941167711137
0.9999407018529927
0.9999402628688169
0.9999401805425907
0.9999398836968432
0.9999398466979335
0.999939347530162
0.9999390676760995
0.9999387141136734
0.9999386394473607
0.9999383088863179
0.999937843294666
0.9999369430295342
0.9999367924851826
0.9999362893581907
0.9999361875091025
0.9999358075748404
0.9999356157099967
0.9999350159807644
0.9999346070707561
0.9999341280859229
0.9999338727469
0.9999333197886323
0.9999332513660784
0.9999329878932072
0.999932807040917
0.9999324499580139
0.9999323259701494
0.9999319791671699
0.9999318216080476
0.9999316426129483
0.9999317511393546
0.9999315619064595
0.9999309198956081
0.9999305576496613
0.9999303423818905
0.9999300302405653
0.9999298979280519
0.9999294745137255
0.999929058152667
0.9999288702782211
0.9999287021414043
0.9999283286692365
0.9999281353722548
0.9999279292084101
0.999927908675041
0.9999276988006753
0.9999275150296169
0.9999273575719813
0.9999269328734873
0.9999264930621696
0.9999260109917388
0.9999259693351986
0.9999253646232684
0.9999254052460348
0.9999247814531389
0.9999244741171469
0.9999240338686867
0.9999238076893773
0.9999235788783324
0.9999235528800652
0.9999231682657238
0.9999232484057281
0.9999228302836364
0.9999228960015749
0.9999225091720589
0.9999221655648793
0.9999217418201726
0.9999217060211325
0.9999215535137022
0.9999216646462878
0.9999213194488805
0.9999212674849753
0.999920617384783
0.9999203298344279
0.9999197315847546
0.9999193542958454
0.9999190574018507
0.9999188057934867
0.9999180819677063
0.9999180659883092
0.9999175022596946
0.9999171711477927
0.999917192608957
0.9999168458213612
0.9999166470628251
0.9999162041445342
0.999915668483155
0.9999156108832936
0.9999150958690635
0.9999148142492219
0.9999144933210625
0.9999144163881188
0.9999140050662402
0.9999137040531432
0.9999134493108499
0.9999132944985469
0.9999128177333917
0.9999123611979931
0.9999121065174569
0.9999116112178777
0.9999115112878411
0.9999108847954667
0.9999106196781735
0.9999102512122481
0.9999099208276376
0.9999094807769204
0.999909035349576
0.999908721257532
0.9999084579593577
0.9999081042996647
0.9999079967703874
0.9999077503397836
0.999907565686673
0.9999071821675783
0.9999070908704047
0.9999066626398739
0.9999064535675614
0.9999061770893498
0.999906096549151
0.9999057561576047
0.9999056837957262
0.9999052101465282
0.999905067418229
0.9999043817399487
0.9999045951102756
0.9999040131093007
0.9999037057077831
0.9999034281915408
0.999903174971883
0.9999025800128704
0.999902207988548
0.9999021516086244
0.999901985117965
0.9999012862681264
0.9999008606656946
0.9999003030137953
0.9998999763556419
0.9998996714018736
0.9998996552623526
0.9998996151339354
0.9998995776907621
0.9998993473486217
0.9998990520493507
0.9998989825995717
0.9998986427066816
0.9998984273551652
0.999898086184619
0.9998975172947774
0.9998973056082219
0.9998971497431679
0.9998963786562587
0.9998961769719953
0.9998959459988425
0.9998957712350655
0.9998955633754478
0.9998954308281863
0.999895087799874
0.9998948026602007
0.9998943177242599
0.9998943878562828
0.999893979218896
0.9998937214684899
0.9998929255006804
0.9998927499951465
0.9998920715461266
0.9998916210830546
0.9998909769236628
0.999890839594466
0.9998903040124123
0.9998899421533151
0.999889907438455
0.9998895343926033
0.9998894434701034
0.9998890917278529
0.9998887817781739
0.9998885739166701
0.9998881271559311
0.9998878573517198
0.9998872553729207
0.9998870046290739
0.9998867602997881
0.9998865668551209
0.9998862476245837
0.9998861556826296
0.9998855756511755
0.999885021134153
0.9998849002102344
0.9998844669277199
0.9998838669914591
0.9998835836463951
0.9998833851016697
0.999883603159602
0.9998834209715771
0.9998828366397968
0.9998828470234646
0.9998829093815795
0.9998825557631924
0.9998823551477777
0.999882438396133
0.9998821443748978
0.9998817817500837
0.9998816136502552
0.9998812893749482
0.9998806509246593
0.9998803146902416
0.9998797222979029
0.9998794474185423
0.9998790610382943
0.9998787608993766
0.9998787292596769
0.999878736180736
0.9998780888869238
0.9998779150106629
0.9998773961720795
0.9998769959346488
0.9998769258327991
0.999876621647436
0.9998761931565094
0.9998761494477858
0.9998760335405147
0.999876071978997
0.9998756392095621
0.9998751848131443
0.9998746738950269
0.9998744050619565
0.999873769916809
0.9998737848785955
0.999873332555037
0.9998728797321232
0.9998725141049363
0.9998720985117603
0.9998719103056306
0.9998715068179628
0.9998709803816791
0.9998704763495831
0.99987015314884
0.9998697793002634
0.9998695663228209
0.9998691438513696
0.9998687158512337
0.9998680082032155
0.9998677700801571
0.9998676584657086
0.9998671638001432
0.999867091441104
0.9998666963020474
0.9998668207346387
0.9998664982967084
0.9998661901872118
0.9998656998239022
0.9998650808478143
0.9998647121929858
0.9998644804686754
0.9998643025383902
0.9998639286550539
0.9998637155124112
0.999863562594563
0.9998635073385996
0.9998629306331281
0.9998630166413298
0.9998626489933577
0.9998624609858101
0.9998621173757876
0.9998621550860642
0.9998618215741881
0.999861694744327
0.9998613339706128
0.9998610615677412
0.9998606755231266
0.9998603833010568
0.9998597531824067
0.9998596691178057
0.9998592322945099
0.9998590214653312
0.9998585135501243
0.9998586375155554
0.9998578849139178
0.9998575442032571
0.9998571861837929
0.9998567875664022
0.9998564779182393
0.9998562346789234
0.9998557397158999
0.9998556648382239
0.9998554203188985
0.999855379217645
0.9998548485948558
0.9998548791804708
0.9998544000181441
0.9998540329367415
0.9998537797324752
0.9998533811205813
0.9998528258218219
0.9998522904584105
0.9998519944095652
0.9998516017004813
0.9998515097980832
0.9998508914452882
0.9998505795523945
0.9998501423562876
0.999849573698867
0.9998491348256148
0.9998488629821751
0.9998483087317643
0.9998483837877638
0.9998481884776591
0.9998478744916309
0.9998475593246011
0.9998473949840583
0.9998468134987585
0.9998464562476449
0.9998464186538583
0.9998463413724098
0.9998463044617918
0.9998462864662656
0.9998461327529484
