0.9998672626910347
0.9998505427050829
0.9998322269863001
0.9998138770934962
0.999794390413784
0.9997731094680363
0.9997498983559019
0.9997293667435148
0.9997072331891574
0.999681992363562
0.9996594236512968
0.9996303893465028
0.9996037932042157
0.9995747054882637
0.9995459178341191
0.9995133711734872
0.9994824789108706
0.9994540606202167
0.9994275795093245
0.9993978610367001
0.9993677870546052
0.9993334127583923
0.9992969598966946
0.9992658152780882
0.9992346304147897
0.9991990857056838
0.9991662371456932
0.9991352225619707
0.9991010822866501
0.9990703016285654
0.9990334178151563
0.9989991273290846
0.9989613831250161
0.9989272378601471
0.998892127186749
0.9988590410962251
0.9988323758273779
0.9988093649788096
0.9987798206380545
0.9987537359922197
0.9987226467467537
0.9986940109491435
0.998671509047742
0.9986411525500237
0.998610102644143
0.9985945116465051
0.9985718642516908
0.9985495625373199
0.998523948507899
0.9985040920687428
0.9984872363446426
0.9984646849453918
0.998446671863674
0.9984292237238797
0.9984169368824389
0.9984054809694979
0.9983960061766651
0.9983783639310271
0.9983722625872128
0.9983564725031527
0.9983506616606398
0.9983439081594504
0.99833566127262
0.9983357809386053
0.998334813705166
0.9983342257268767
0.9983295392335612
0.9983325273272232
0.9983298749071027
0.9983263278512199
0.9983260983063756
0.9983272955157921
0.9983254683411233
0.9983214393851105
0.9983337428499072
0.9983342503376603
0.9983345708946804
0.9983253685306018
0.9983300010422885
0.9983242414683171
0.9983256857320644
0.9983305436326863
0.9983242851477365
0.9983163764413473
0.9983113761979355
0.9983119414693916
0.9983042563157841
0.9983092968328896
0.9983002170698578
0.9982855256839731
0.998276705172385
0.9982695705386898
0.9982610174342109
0.9982464311371694
0.9982261733287446
0.9982113579905431
0.9981925553891035
0.9981811155337033
0.9981673468090674
0.99814259906348
0.998125381069701
0.9981083995760476
0.9980922383504678
0.9980690044672973
0.9980409364499367
0.998012445171732
0.9979928555079852
0.9979765665660522
0.9979582283814078
0.9979360646161274
0.997910135409532
0.9978935570559232
0.9978692332783258
0.997847521796075
0.9978188165827082
0.9977979449645622
0.9977806855289637
0.9977436356798403
0.9977295616479654
0.9977080128909284
0.9976781500845939
0.997647096915923
0.9976240745744244
0.9975859407663009
0.9975608092078381
0.9975297244363279
0.9975007301812385
0.9974742183089522
0.997450449121562
0.9974126706100283
0.9973833427057095
0.9973494698335408
0.9973249369145054
0.9972995796048779
0.9972808381855739
0.9972565076757165
0.9972303291651821
0.9971983203935704
0.9971670713416269
0.9971491857829602
0.9971262173811879
0.9971004878812931
0.9970737851808351
0.9970574708138658
0.9970429715885091
0.9970242980893808
0.9970063090693453
0.996981581389612
0.996958047653501
0.9969380935308825
0.996924237516605
0.9969005851160826
0.9968873300957521
0.9968763300264039
0.9968710998944436
0.9968694349806253
0.9968531637302483
0.9968328283706956
0.996811075311465
0.9968060757971811
0.9967986130285745
0.9967990363708341
0.9967860966353024
0.9967692636287774
0.9967571571495986
0.9967483704017757
0.9967373117458287
0.9967369289065641
0.9967252190091271
0.9967223291649907
0.9967176734813437
0.996711458891926
0.9967067178204491
0.9967059217266828
0.9966985944251485
0.9966861129630493
0.9966824884659962
0.9966802651349609
0.9966766723014133
0.9966738860554514
0.996670990908772
0.996659711644546
0.9966621105182817
0.9966565754206073
0.9966557642744959
0.9966526843340052
0.9966405159907374
0.9966442989453056
0.9966344866087151
0.9966247965654702
0.9966128349755453
0.9966060812516302
0.9965966247310679
0.9965844025359197
0.9965812221157068
0.9965741586887586
0.9965599994276269
0.9965489458529941
0.9965345975213294
0.9965200143584556
0.9964864550091599
0.9964688133761974
0.9964475782004182
0.9964362920368898
0.9964198449257956
0.996388527193488
0.9963656797443553
0.9963495712512679
0.9963318033988234
0.9962967583216956
0.9962706754593083
0.9962254419157206
0.9962022834210088
0.9961827177340302
0.996160687747829
0.9961354265408764
0.9960943588349762
0.9960480557081334
0.9960238069628968
0.995989492429961
0.9959625559895748
0.9959330177190967
0.9959170020275805
0.9958825075125134
0.9958631018284598
0.9958377668717026
0.9957942099062951
0.9957644233078966
0.9957416959608477
0.9957173031601348
0.9956854061259695
0.9956641618422276
0.9956405525177439
0.9956232704734314
0.995609785633333
0.9955845424148554
0.9955726568439646
0.9955379324951196
0.995508695602555
0.9954796146555127
0.9954547684354736
0.9954325314534099
0.9954022056600532
0.9953745250917565
0.9953620554416478
0.9953347196647688
0.9953172059667753
0.9952966165249484
0.9952764538009671
0.9952512388391399
0.9952415367632836
0.9952255617742167
0.9952217043883234
0.9951973790360162
0.9951974368801692
0.9951848286333225
0.9951797877992602
0.9951621905489825
0.9951578584581576
0.9951610230443086
0.9951478436602507
0.9951382479777964
0.9951422533974331
0.9951377857954486
0.9951442115757355
0.9951214440317069
0.9951113748095439
0.9951079302832387
0.9950939902524901
0.9950943371562081
0.9950828384593311
0.9950789627010345
0.9950724944059576
0.9950593414489459
0.9950466971364093
0.9950455509213055
0.9950271934582603
0.9950299920338315
0.9950117757878871
0.9949996107975542
0.994990380460218
0.9949913774135384
0.9949725629923487
0.994964906956141
0.9949598681453304
0.9949596380966055
0.9949437196930753
0.9949415192718921
0.9949368290608918
0.9949295214744577
0.9949153822772719
0.9949106832774177
0.994896626409382
0.9948764904718929
0.9948664739132341
0.9948530376107263
0.9948201291096127
0.9948012495666545
0.9947771179558322
0.9947508040373891
0.9947342333507674
0.9947229513687149
0.9947221468631045
0.9947116921296617
0.9946866386175396
0.9946596339583846
0.9946446747621305
0.9946294904140632
0.9946088545889873
0.9945989256738864
0.9945697937727376
0.9945564134617533
0.9945416982313666
0.9945083780472277
0.9944942516356622
0.9944502001224721
0.994419483260497
0.9943944346161655
0.9943644031737782
0.9943347950170913
0.9943174816583055
0.9942751219554155
0.9942505059189334
0.9942281604810759
0.9942034777684097
0.9942029914872916
0.9941793789184542
0.9941412887159792
0.9941069222919463
0.9940690910153254
0.994030945542093
0.9939966619396132
0.9939693018527312
0.9939506472251245
0.9939433998428583
0.9939307289117922
0.9938977112503207
0.9938734521817665
0.9938533098092625
0.9938435022521337
0.9938298009588857
0.9938041974410106
0.9937785265029818
0.9937625104016636
0.9937508355480557
0.9937426605817701
0.9937060426968359
0.9936777888345697
0.9936663883276753
0.9936439855225188
0.9936274541978969
0.993621299722109
0.9936286016646917
0.9936008937014977
0.9935831845462836
0.9935722864020146
0.993553146493264
0.9935351996289523
0.9935340745321302
0.9935135568340319
0.9935056219624495
0.9934971088471447
0.9934726058876459
0.993449405939305
0.9934311992118355
0.9934203418293445
0.9934039300497604
0.9933904127727573
0.9933774404712834
0.9933577202520932
0.9933615820198366
0.9933432143152472
0.9933323287521092
0.9933342440178647
0.993326698352071
0.9933309063384463
0.9933192951147181
0.9933355710415972
0.9933215468916474
0.9933094966744332
0.9933118324966372
0.9933017535166709
0.9933136247180332
0.9932913966574383
0.9932860026379422
0.9932708665504613
0.9932671289810815
0.9932478630152286
0.9932300058534005
0.9932274291441937
0.9932087764785269
0.9931965724120405
0.9931885393930324
0.9931561268260212
0.9931497781046067
0.9931386982142789
0.9931413650351547
0.9931030964732203
0.9930911662122077
0.9930617171675331
0.9930328076046951
0.9930157016748329
0.9930029063850808
0.9929858074897824
0.9929637135818535
0.9929638679180808
0.9929431009140828
0.9929449090939236
0.9929197957784912
0.9928859561229954
0.9928445490156883
0.9928059406994949
0.9927836032383263
0.992781428079055
0.9927550659808243
0.992731797927199
0.9927008285877086
0.9926748037627651
0.9926363213793554
0.992597872084708
0.992564071707765
0.9925409044080574
0.9925148746889509
0.992504729845645
0.9924818475506095
0.9924577453349773
0.9924280966579908
0.9924064109314434
0.9923799222912102
0.9923651805138436
0.9923403423412768
0.9923262309074143
0.9923047589687879
0.9922768156432571
0.9922605648611789
0.992260875028824
0.9922310482307986
0.9922171519251701
0.9922103853193821
0.9921957175535084
0.9921895452464453
0.9921876570418237
0.9921819665807519
0.9921645096274246
0.9921541759443557
0.9921283220826812
0.9921211324649152
0.992086479361036
0.9920640988377213
0.992036222606751
0.9920379488997327
0.9920354685483532
0.9920245775022385
0.9920015180132048
0.9919921101845228
0.9919687250036026
0.9919537985243098
0.9919347313768352
0.9919200506930533
0.9919133187437277
0.9918937734792496
0.9918822245013496
0.9918980121761688
0.9918878553836271
0.9918712004733278
0.991856289924976
0.9918410445613964
0.9918377344055602
0.9918441744820654
0.9918369192005709
0.9918242167865581
0.9918180635182337
0.9917947585984407
0.9917970082424293
0.9917926908623595
0.9917736402617859
0.9917678082117287
0.9917577287053205
0.991744228041438
0.9917281618195216
0.9917265938448945
0.991738865261387
0.9917210425702916
0.9917253222403271
0.9917227630624811
0.9917103458718086
0.9917023289823523
0.9916995012364084
0.991673467754339
0.9916691385880166
0.9916541867194427
0.9916324329251747
0.9916194026255348
0.9916049968095968
0.9915875072589465
0.9915755865483633
0.9915527612413239
0.9915308678630881
0.9915102025623169
0.9914741482893448
