0.9999999501760799
0.9999997003328097
0.9999998436659492
0.9999996006481213
0.9999997306429605
0.9999995124629252
0.9999996124326342
0.9999994227699809
0.9999994834288476
0.9999993383597718
0.9999993597910414
0.999999264922519
0.9999992441830505
0.99999920416153
0.9999991323169332
0.9999991369357578
0.9999990140810662
0.9999990547465644
0.9999988991456134
0.9999989881451676
0.9999987879072222
0.9999989053364841
0.9999986780007981
0.9999988117060321
0.9999985759857342
0.9999987124584443
0.9999984754713878
0.9999986136496036
0.9999983768453031
0.9999984892177485
0.9999982879359094
0.9999983615970967
0.9999981898141904
0.9999982465770868
0.9999981246639681
0.9999981420619714
0.9999980516549115
0.9999980301663386
0.9999979900852036
0.9999979269427364
0.9999979323269139
0.9999978082338671
0.9999978498673726
0.9999977034476495
0.9999978004048286
0.9999976152535625
0.9999977210514089
0.9999974756385279
0.9999976105554762
0.9999973930388071
0.9999975174627421
0.9999972873349936
0.9999974164751064
0.9999971775513311
0.9999972965753713
0.9999970818417694
0.9999971444675223
0.9999969677987318
0.9999970100208455
0.9999968613896945
0.9999968847936562
0.9999967817942964
0.9999967540911491
0.9999967149849189
0.9999966205024223
0.999996614790205
0.9999964867584334
0.9999965392736649
0.9999963820158533
0.9999964638660196
0.9999962911427934
0.9999963876431027
0.9999961540830106
0.9999962653243548
0.9999960509033521
0.9999961817772125
0.9999959703666731
0.9999961016398882
0.9999959125238205
0.9999960433786853
0.9999958511386116
0.9999959383802612
0.9999957979161054
0.9999958501544146
0.9999957060342957
0.9999957410937973
0.9999956325657341
0.9999956017770003
0.9999955639150622
0.9999955036147239
0.999995488877072
0.9999953859447152
0.9999954086472698
0.9999952519047458
0.9999953273921189
0.9999951502958321
0.9999952614769765
0.9999950603709601
0.9999951658227454
0.9999949562145323
0.9999950744880589
0.9999948602882883
0.999995004348296
0.9999948117997015
0.9999949137886972
0.9999947429157188
0.9999947898139249
0.9999946133515315
0.9999946401036879
0.9999945248129876
0.9999945486188392
0.9999944746359586
0.999994443488682
0.9999943764493293
0.9999943036696075
0.9999943205050245
0.9999942054695468
0.9999942560522082
0.9999941384035932
0.999994202712922
0.9999940148034281
0.9999940620632273
0.9999938736130798
0.9999939573976013
0.999993768153084
0.9999938953358462
0.9999936963703199
0.9999937866919925
0.999993589257303
0.9999937027140416
0.9999935238346891
0.9999935776383495
0.9999934008172835
0.9999934497959543
0.9999933199814991
0.9999932952917292
0.9999932362629862
0.9999932057361242
0.9999931600418713
0.9999930722988994
0.9999930645661329
0.9999929691713038
0.9999930005682514
0.9999928677945921
0.9999929431342377
0.9999927593250838
0.9999928269937987
0.9999926273113999
0.9999927301908352
0.9999925040862732
0.9999925915148977
0.9999923555375048
0.9999924615841074
0.9999922745782813
0.9999923451069908
0.9999921794416767
0.9999922205838053
0.999992064399853
0.9999920655867354
0.9999919679835858
0.999991979580325
0.9999919255634253
0.999991881218505
0.9999918454346105
0.9999917595654592
0.999991732236816
0.9999916054279875
0.9999916446860362
0.9999915290513731
0.9999915846655811
0.999991432548138
0.9999914454082302
0.9999912581024082
0.9999913068150972
0.9999911231862642
0.9999912095321274
0.9999909741086713
0.9999910831637236
0.9999909214872952
0.9999909790377108
0.9999908279619875
0.9999908417306338
0.9999906893398197
0.9999907241018358
0.9999906082096807
0.9999906164544075
0.9999906027794316
0.9999905690502418
0.9999905386805934
0.9999904452094189
0.9999904598805033
0.9999903251826793
0.9999903686920825
0.9999902407566934
0.9999903160488992
0.9999901299303783
0.9999901786269121
0.9999900361448655
0.9999901312814381
0.999989948278545
0.9999900218468821
0.9999898223599095
0.9999899133853493
0.9999897821351353
0.9999898443223334
0.9999897244478939
0.9999897945923805
0.9999896471734512
0.9999896813531272
0.9999895807239048
0.9999895828828691
0.9999894745531112
0.9999894251206067
0.9999893683155663
0.9999893153339419
0.9999893011963886
0.9999892131182535
0.9999892216428412
0.9999890665781882
0.9999891100149466
0.9999889665735273
0.9999890230185464
0.9999888617925509
0.9999889378006184
0.9999887718244543
0.9999888381138621
0.9999886258075289
0.9999887257833969
0.9999885696093309
0.9999886541373378
0.999988502489373
0.9999885617228242
0.9999884668071151
0.9999884926549804
0.9999883720267101
0.9999883626828525
0.99998827873961
0.9999882354644745
0.9999881999019887
0.9999881206477865
0.9999880908213524
0.9999879810501461
0.9999880132125109
0.9999879140452931
0.9999879538805522
0.9999877855107127
0.9999878612026318
0.9999876886440925
0.9999877479007458
0.9999875987193948
0.9999876988183317
0.9999875088604574
0.9999876162399935
0.9999873838744521
0.9999874211035218
0.9999872956487333
0.9999873137502926
0.9999871607239553
0.9999871790240663
0.9999870826948289
0.9999870553139053
0.9999870016956159
0.9999869473546977
0.9999868809548746
0.999986782969681
0.9999867316342911
0.9999866362771412
0.999986636054212
0.9999865381444341
0.9999866014257569
0.9999864507277341
0.9999865467464712
0.9999863642188053
0.9999864343549364
0.999986275975683
0.9999863571566237
0.9999862197789475
0.9999862583044218
0.9999860679071038
0.9999861339200035
0.9999860208812786
0.999986002979099
0.9999858868159781
0.9999858922690336
0.9999857744953033
0.9999857614075871
0.9999856393507589
0.9999856127067975
0.9999856015469456
0.9999855439611118
0.9999855473025061
0.9999854248043127
0.9999854809060033
0.9999853409633326
0.9999854049600979
0.9999852059099736
0.9999853051008771
0.9999851662978028
0.9999852649636962
0.999985085722683
0.9999851800224121
0.9999850478381141
0.9999851613587492
0.9999850028980303
0.9999850646390829
0.9999849662549493
0.9999850041268072
0.999984870521192
0.9999848686063795
0.9999848023588698
0.9999848080317238
0.999984754982541
0.9999847350617145
0.9999846908439944
0.9999846361810897
0.9999846032428978
0.9999844677619237
0.9999845103370387
0.9999844240062559
0.999984500185803
0.9999843679629999
0.9999844310883135
0.9999842881638803
0.9999843700157794
0.9999842080624934
0.9999842609753129
0.9999841033625697
0.9999841665155879
0.9999840361732156
0.9999841099542701
0.9999839264898761
0.9999840052389657
0.9999838323565179
0.9999838299729706
0.9999837127304724
0.9999837076776779
0.9999835963057568
0.9999835567623246
0.9999834832183362
0.9999834013444711
0.9999833745825127
0.999983239266499
0.9999833006474578
0.9999831972265615
0.9999832224066979
0.9999830524313967
0.999983078738474
0.9999828935341957
0.9999829520961971
0.9999827715532896
0.999982863045073
0.9999827321223953
0.9999827669459745
0.9999826108857592
0.9999826756370667
0.9999824885954337
0.9999825199018751
0.9999823798874458
0.999982400670983
0.9999823307634844
0.9999823366249585
0.9999823157523782
0.9999823158322731
0.9999822898515892
0.9999822600437773
0.9999822523986387
0.9999820890901627
0.999982091357131
0.9999820245936976
0.9999820515784844
0.9999818878480208
0.9999819494684266
0.9999818281154135
0.9999818864206017
0.999981710699777
0.9999817821629158
0.9999816602004106
0.9999817009517874
0.9999815214424076
0.9999815350356022
0.9999814193995776
0.9999814408791757
0.9999813269026882
0.9999813363043385
0.9999812308242636
0.99998127941665
0.9999812171701481
0.9999811658915827
0.9999811731774094
0.9999811183025462
0.9999810654983099
0.999981012231679
0.9999809792835556
0.9999808824793779
0.9999809127803686
0.9999807728106569
0.9999808065470676
0.9999806499170381
0.9999807019204432
0.9999805707770318
0.9999806231570655
0.9999804521644508
0.9999804997658818
0.9999803963983588
0.999980442946777
0.9999802852025861
0.9999802885183058
0.9999801588918794
0.9999801562460278
0.9999801087929476
0.9999801198251035
0.9999800816727312
0.9999800464394889
0.9999799603277876
0.9999798773212889
0.9999798957792169
0.9999798567444521
0.9999798617482398
0.9999797273043333
0.9999797663114576
0.9999796372464878
0.999979743242059
0.9999796413965617
0.99997965845517
0.999979471963596
0.999979563373545
0.9999793950296677
0.9999794630796244
0.999979308468772
0.9999793668685324
0.9999792766097084
0.9999792827388616
0.9999792232479836
0.9999792304318601
0.9999791387596195
0.9999790639640822
0.9999789887653682
0.999978930237067
0.9999788961372348
0.999978784723201
0.999978742576595
0.999978684467491
0.99997870104721
0.9999786061441173
0.9999785947482316
0.9999785200489769
0.999978581486055
0.9999783697138123
0.9999783576900843
0.9999782125493439
0.9999782638019121
0.9999781578031642
0.9999782167275918
0.9999780837078106
0.9999781394828468
0.9999780076430204
0.9999780659352198
0.9999779182968309
0.9999779618059158
0.9999778451005151
0.9999778185173883
0.9999777262348485
0.999977742027825
0.9999776647630443
0.9999776367241481
0.9999775696713326
0.9999775015357077
0.9999774889157172
0.9999774149733751
0.9999774363849204
0.9999772842833854
0.9999773248917505
0.9999771964121964
0.9999772119503499
0.9999770200815329
0.9999770551823651
0.9999769014156669
0.9999769734386551
0.9999768131465232
0.9999768701752203
0.9999766766899817
0.9999766821460526
0.9999765912742211
0.9999765412163852
0.9999764360168745
0.9999763866426051
0.9999763079417511
0.9999762434597818
0.9999762626188983
0.9999762308273432
0.9999762078999368
0.9999761546743688
0.9999761682215234
0.9999760619445202
0.9999759853647446
0.9999759053906376
0.9999759404267462
0.9999758060585366
0.9999758417568952
0.9999756866694584
