0.9999999325671596
0.999999643953595
0.9999998533723871
0.9999996383074418
0.9999997343758363
0.999999666439899
0.9999995957212777
0.9999996904300701
0.9999994729752191
0.9999996746351804
0.9999993855424527
0.9999996152462286
0.9999993499552017
0.9999995023156575
0.999999353133216
0.9999993672837526
0.9999993820488711
0.9999992301464231
0.9999993856998143
0.99999913332538
0.9999993573716088
0.9999990715789967
0.9999992704047632
0.9999990608019109
0.9999991463828294
0.9999990756610073
0.9999990075566187
0.9999991013807069
0.9999988955090167
0.9999991001067471
0.9999988166231365
0.9999990432311934
0.9999987819591043
0.9999989272994778
0.9999987894209059
0.9999988043995184
0.9999988169271359
0.999998672759598
0.9999988274622683
0.9999985742296496
0.9999987996736827
0.9999985268477837
0.9999987337219499
0.9999985343039272
0.9999986284394751
0.9999985682441103
0.9999985104041637
0.9999986005910649
0.9999984030359118
0.9999986022759992
0.999998329439878
0.9999985537463143
0.9999983072019265
0.9999984507843087
0.9999982971435745
0.9999983108186413
0.9999983380637582
0.9999981993098443
0.9999983398928607
0.9999981036714225
0.9999983082336802
0.9999980411179649
0.9999982182801491
0.9999980052456581
0.9999980845746387
0.9999980197770065
0.9999979562196804
0.9999980378668274
0.9999978376891266
0.9999980123211465
0.9999977466290314
0.9999979428062691
0.9999977096267353
0.9999978503373588
0.9999977114079835
0.9999977264732385
0.9999977293062605
0.9999975968437222
0.9999977288673396
0.9999974952027202
0.9999976997185941
0.9999974359677024
0.9999976146301385
0.9999974293463241
0.9999974993632166
0.9999974229933234
0.9999973650429692
0.9999974200314603
0.9999972376117593
0.9999973967705246
0.9999971254932364
0.9999973257497708
0.9999970847942903
0.9999972128915708
0.9999970801179938
0.9999970855453381
0.9999971006467963
0.999996970046254
0.9999971006084092
0.9999968773506887
0.9999970668289974
0.9999968093207954
0.9999969908356271
0.9999968176116794
0.9999968861821718
0.9999968048598699
0.9999967392674811
0.9999968334518246
0.9999966482886388
0.9999968123708439
0.9999965636948037
0.9999967617778832
0.9999965253524016
0.9999966472315014
0.9999965256504997
0.999996524601177
0.9999965373304751
0.9999963958174406
0.9999965316721203
0.9999963062172686
0.999996499045319
0.9999962520446758
0.9999964229943011
0.9999962701556769
0.9999963272149327
0.9999962791774986
0.999996223109296
0.999996302055007
0.9999961172571983
0.9999962888022851
0.9999960549709105
0.9999962499397331
0.9999960401693521
0.9999961399347115
0.9999960218277375
0.9999960199186251
0.999996023558919
0.9999958950508052
0.9999960194809235
0.9999958153331436
0.9999960035111553
0.9999957730303934
0.9999959278732767
0.9999957628355957
0.99999581658653
0.9999957387539006
0.9999956857366326
0.9999957653115863
0.9999956043163694
0.9999957743632822
0.9999955445533155
0.9999957188115539
0.9999955082820379
0.9999956229673952
0.9999955267533097
0.9999955306669077
0.9999955510926087
0.9999954224617587
0.9999955625603602
0.9999953667510426
0.9999955634198605
0.9999953262076657
0.9999954850696066
0.9999953332078494
0.9999953815830922
0.9999953361919676
0.9999952637794344
0.9999953320965616
0.9999951595081337
0.9999953056298743
0.9999950973668034
0.9999952805361589
0.9999950850793733
0.9999951936014385
0.9999950811933461
0.9999950808164398
0.9999950860974202
0.9999949508296214
0.999995065207546
0.9999948511934947
0.9999950138605999
0.99999479164699
0.9999949227408322
0.9999947745832407
0.9999948197263122
0.9999947872354517
0.9999947196525563
0.9999947867963282
0.9999945855324355
0.9999947302098462
0.9999945158118773
0.9999946724108008
0.9999944827337747
0.9999945828896244
0.999994487617716
0.999994472252296
0.9999944934327611
0.999994385885451
0.99999450560545
0.9999942911073745
0.9999944511303124
0.9999942356374826
0.9999943672274724
0.9999942173755193
0.9999942544022185
0.9999941928448808
0.9999941377208906
0.99999419235943
0.9999940302338768
0.9999941512918472
0.9999939407472749
0.9999940975662207
0.9999938964774626
0.9999939878554709
0.9999939016739242
0.9999938861992554
0.9999938974874001
0.9999937850208106
0.9999938850694758
0.9999936979514399
0.999993857369985
0.9999936648167361
0.9999938005458507
0.9999936414795219
0.9999937004936451
0.999993644226307
0.9999935796138084
0.9999936762527802
0.9999935074806057
0.9999936433164933
0.9999934076124457
0.9999935563955555
0.9999933467649477
0.9999934506050201
0.9999933523050131
0.9999933467189049
0.9999933399131337
0.9999932418040067
0.9999933418562897
0.9999931441764092
0.9999933013742176
0.9999930888669499
0.9999932105301352
0.9999930823520928
0.9999931223524126
0.9999930722198396
0.9999929924901605
0.9999930689893355
0.9999928914608017
0.9999930349599389
0.999992835445105
0.9999929855694418
0.9999928128324129
0.9999928931526237
0.9999927838402717
0.9999927871455463
0.9999928189863562
0.9999927056749426
0.9999928097866292
0.9999926087554946
0.999992760399934
0.9999925603027484
0.9999926668718422
0.9999925243874573
0.9999925559235084
0.9999924947734784
0.9999924421649233
0.9999924918540172
0.999992315352674
0.9999924491588197
0.9999922541884817
0.9999923873884997
0.9999921998680602
0.9999922875353634
0.9999922071431808
0.9999921851948599
0.9999921605395607
0.9999920520475246
0.9999921420326782
0.9999919485636186
0.9999920819668657
0.9999918840537836
0.9999920171659592
0.9999918698048399
0.9999919297577778
0.999991901974965
0.9999918286890402
0.9999918893583459
0.9999917271878384
0.999991876370394
0.9999916825477665
0.9999918270197409
0.9999917014935682
0.9999917870383829
0.999991683783336
0.9999916719925357
0.9999916841658252
0.9999915486891402
0.9999916183704416
0.9999914427772221
0.9999915831080302
0.9999913978361822
0.9999915085463909
0.9999913490175004
0.9999913852087814
0.9999913198721133
0.9999912794344761
0.9999913249827083
0.9999911829970232
0.9999913126328865
0.9999911389530538
0.9999912715520957
0.9999911070330696
0.9999911915254909
0.9999910803217458
0.9999910446535701
0.9999910493166602
0.9999909329716458
0.9999910337813163
0.9999908667275635
0.9999910239732993
0.9999908244657427
0.9999909349197363
0.9999908198152669
0.9999908678537845
0.9999908085889924
0.9999907438849671
0.9999907794853535
0.9999906516684347
0.9999907348417651
0.9999905659318828
0.9999906932498165
0.9999905170464184
0.999990579860628
0.999990508092112
0.9999905102869613
0.9999904979938681
0.9999903872870768
0.9999904456001679
0.9999902674674639
0.9999904027751607
0.9999902570762931
0.9999903659073152
0.9999902215443457
0.9999902639649484
0.9999902073328525
0.9999901602484901
0.9999902452478531
0.999990120121653
0.9999902406509616
0.9999900473092415
0.9999901664018842
0.999990029638674
0.9999900796423374
0.9999900225195765
0.9999900006243435
0.9999900231187306
0.9999899146199285
0.9999900203567909
0.9999898564882501
0.9999899624844681
0.9999898072665983
0.9999899117048162
0.9999897906241878
0.9999898001680687
0.9999897648551187
0.9999897095550296
0.9999897698997448
0.9999896246730875
0.9999897477794092
0.9999895884713935
0.9999897138711842
0.9999895576665435
0.9999895957765846
0.9999895141478464
0.9999894790911988
0.9999895017684995
0.9999893972301223
0.9999895097238382
0.999989392836232
0.9999895256045654
0.999989368571313
0.999989437264511
0.999989343120997
0.9999893518578049
0.9999893124146919
0.9999892479691138
0.9999892760356657
0.9999891422095607
0.9999892422296741
0.9999890767569036
0.9999891712117419
0.9999890058767262
0.9999890567204878
0.9999889921661168
0.999988978281933
0.9999889836437013
0.9999888830789843
0.9999889736453778
0.9999888519651949
0.999988959296285
0.9999887702365878
0.9999888309532687
0.9999887180326107
0.999988737142313
0.9999886956007834
0.999988615848141
0.999988652145222
0.9999885302922907
0.9999886183072298
0.9999884739168446
0.9999885635082711
0.9999884018903734
0.999988431572295
0.9999883453054133
0.9999883220750326
0.9999883219930383
0.9999882290162334
0.9999882718566435
0.9999881074266049
0.9999881697365022
0.9999880289466815
0.9999881191197441
0.9999880339907308
0.999988076690068
0.9999880365037519
0.9999879820363441
0.9999879992132615
0.9999878609395323
0.9999879576675527
0.9999878043849537
0.9999879258243785
0.9999877842011761
0.9999878397625811
0.99998776535984
0.999987757322203
0.9999877739045562
0.999987706476999
0.9999877670819356
0.999987621941175
0.9999877239945774
0.9999875948908772
0.999987680310688
0.9999875690588137
0.999987571055027
0.9999875242714343
0.9999874994640369
0.9999875539836992
0.9999873862408513
0.9999874626174581
0.9999873406744546
0.9999874637298489
0.9999873458021844
0.9999874039302326
0.9999873335523749
0.9999873361264767
0.9999873245781289
0.999987242425534
0.9999872982774766
0.9999871750741576
0.9999872807087461
0.9999871526697118
0.9999872451842856
0.9999871513466846
0.9999871779814651
0.9999871525297469
0.9999870864556543
0.9999871076568738
0.9999870005302007
0.9999871198644792
0.9999869709242543
0.9999870572153563
0.9999869463169054
0.9999869932541087
0.9999869255011095
0.9999869203973744
0.9999869296421442
0.9999868381011277
0.9999868896289371
0.9999867724039366
0.9999868695318789
0.9999867159003155
0.9999867567154679
0.9999866497920114
0.9999867023036649
0.9999866911741264
0.9999866466863432
0.9999866410223703
0.999986530877112
0.9999866267155085
0.9999865060737932
0.999986597375558
0.9999864798384719
0.99998652380831
0.9999864821905085
0.999986472831051
0.9999864787559635
0.9999863817815232
0.9999863859822016
0.9999862451891427
