0.9999999112895537
0.9999992814908744
0.9999991395899168
0.9999988768605632
0.9999983299097313
0.9999983234396089
0.9999977201973663
0.9999974841609152
0.9999973373369111
0.9999967542419104
0.9999967926619836
0.9999962782668327
0.999995942040565
0.9999958259480966
0.9999951798931367
0.99999515133087
0.9999947261657945
0.9999943237178004
0.9999942731935031
0.9999936291680325
0.9999935937129585
0.9999932544359282
0.9999927249567505
0.9999926840308425
0.9999921356499722
0.9999919424532365
0.9999916826145382
0.9999910804673734
0.9999910717505038
0.9999906280454948
0.9999902882810733
0.9999900918829563
0.9999895096571026
0.9999894645983448
0.9999889786981419
0.9999885725704468
0.9999885612700962
0.9999878809931432
0.9999877755439972
0.999987387033085
0.9999869137837707
0.9999869121495691
0.9999863795473369
0.9999862902980202
0.999986061669722
0.999985440353392
0.9999854408538809
0.9999849437803475
0.9999847305505947
0.9999844661643749
0.9999838094902026
0.9999837422209646
0.99998341561106
0.9999830419522505
0.9999830034900736
0.9999823681113122
0.9999823514299127
0.9999819237303748
0.9999814000426047
0.9999814737478406
0.9999808560648997
0.9999806637017906
0.9999803589873626
0.9999798604948648
0.9999799335209021
0.999979398513045
0.9999793123391056
0.9999790750524626
0.9999785592400533
0.9999786114721065
0.9999780891284291
0.9999777565990551
0.999977609260847
0.9999769585593882
0.9999768901929432
0.9999764244357949
0.9999761139688927
0.9999759771046727
0.9999754897924746
0.999975517200728
0.999975204936372
0.9999748781864926
0.9999748944003285
0.9999743377125562
0.9999741173541099
0.9999738603380766
0.9999735036629929
0.9999736599827649
0.9999731715341603
0.999973057225733
0.9999729056599597
0.9999722380636588
0.999972302805422
0.9999719234351829
0.9999715886771325
0.9999714116855061
0.9999708037689914
0.9999706256652925
0.9999703441348217
0.9999700318797775
0.9999702252049952
0.9999695932691058
0.9999693461397566
0.9999690198576117
0.9999686351667113
0.9999685304894194
0.9999681402141571
0.9999680937008417
0.999967930629331
0.9999672011818449
0.9999672402100004
0.9999667500833782
0.999966371979837
0.9999661192109179
0.9999655375098079
0.9999651644811903
0.9999648502503967
0.9999645936797201
0.9999645292678004
0.9999639578451315
0.9999637596227695
0.9999633318133092
0.9999629335943198
0.9999627388015855
0.9999621775663432
0.9999620145862451
0.9999618747342135
0.9999613488750821
0.999961378154544
0.9999608719936466
0.9999605340236056
0.9999603738375781
0.9999598395628521
0.9999598415081068
0.9999595193581193
0.9999590987158151
0.9999590697840721
0.9999585061316304
0.9999584259280632
0.9999582681201945
0.9999580068647037
0.9999578152542348
0.999957323187747
0.9999570334698785
0.9999567470633203
0.9999562236787316
0.9999563219722206
0.9999558171714635
0.9999556523150863
0.999955375022182
0.9999550119576118
0.9999547648004419
0.9999545615385255
0.9999543167250933
0.9999541602280028
0.9999534275108097
0.9999534035877545
0.9999531308591233
0.9999526256709427
0.9999525516455496
0.99995182172841
0.9999516162655919
0.9999513613739308
0.9999510793720371
0.9999509251685277
0.9999503964197242
0.9999500400253583
0.9999497517948076
0.9999491459998141
0.9999489716500628
0.9999486267344866
0.9999483590624363
0.9999482299347799
0.9999478959313242
0.999947885057099
0.9999475613840902
0.9999471422739473
0.9999468837021841
0.9999460039992615
0.9999459002092204
0.9999455625599738
0.9999453986267608
0.9999453917586811
0.9999448186046399
0.9999445959945197
0.999944310332822
0.9999441419052214
0.999944187412782
0.9999437139501319
0.9999432994574036
0.9999431735494626
0.9999422531645045
0.999942185612317
0.9999419038210625
0.9999415009363976
0.999941482407147
0.999940730765363
0.9999405771653428
0.999940190122028
0.9999396279834787
0.9999395840177885
0.9999390458160199
0.9999387274262658
0.9999384552112901
0.9999382616292861
0.9999381442157097
0.999937727535768
0.99993743392374
0.9999373658451282
0.9999369132784345
0.999936747933113
0.9999360765484725
0.999935704742919
0.9999356136008596
0.9999349978878844
0.9999349918875431
0.9999345208207214
0.9999342697755186
0.9999340048488454
0.9999333873436289
0.9999333660372576
0.9999328121503646
0.9999322563871129
0.9999321158711149
0.999931451014308
0.9999312656040633
0.9999310844725904
0.9999304809972137
0.9999304810195238
0.9999300319248793
0.9999295649070092
0.9999294691690244
0.9999289641165253
0.9999288272206444
0.9999284630211699
0.9999281070093706
0.9999282445553781
0.9999277145083039
0.9999275001635064
0.9999273224084007
0.9999269399939312
0.9999271107659531
0.9999263762793583
0.9999261429724242
0.9999258785943399
0.9999256123588429
0.9999255378889484
0.9999249929371417
0.999924482973194
0.9999239772850376
0.9999234747684279
0.999923386641431
0.9999228584700922
0.9999226991684721
0.9999226575756441
0.9999223539376334
0.9999223035794411
0.9999222223826131
0.9999216215267815
0.999921579402854
0.9999208418661104
0.99992085894335
0.9999205009340867
0.9999198880637372
0.9999197347428966
0.9999195859399195
0.9999193655393953
0.9999192430838568
0.999918537943047
0.9999183073599687
0.9999178448825089
0.9999173409494562
0.9999173244725409
0.999916697037443
0.9999169132823948
0.9999165372837197
0.9999162141761329
0.999915966963988
0.9999155309267864
0.9999155871771455
0.9999154238413749
0.9999147973036457
0.9999147802094944
0.9999141253003501
0.9999138330668068
0.9999136775107835
0.9999131096659887
0.9999130912705525
0.9999126160709104
0.9999123847494584
0.9999123160469225
0.9999119040013944
0.9999117524297033
0.9999112197846
0.9999107777863261
0.9999105526252373
0.9999101346774076
0.9999098217646595
0.9999093057259173
0.9999088635854217
0.9999087108926894
0.9999083403559214
0.9999079855298417
0.9999074809111451
0.9999070690296112
0.99990722965039
0.9999065432099273
0.9999065380269523
0.9999062287410516
0.9999057886981488
0.9999054223034035
0.9999048896600233
0.9999048398222259
0.9999046592996329
0.9999037289490983
0.9999037147117293
0.9999033490572822
0.9999028705627796
0.9999025340066
0.9999019941067966
0.9999021302733423
0.9999018644511722
0.9999011274113865
0.9999010388964475
0.9999007924951338
0.9999004489517899
0.9999000860095841
0.999899352167491
0.9998991993156343
0.9998988275058373
0.9998985734246466
0.9998983918408207
0.9998979679223763
0.9998977020140913
0.9998973443388918
0.9998967153798126
0.9998963438124626
0.9998959148992178
0.9998958432728711
0.9998953687493951
0.9998949765072969
0.9998946601566525
0.9998941575565808
0.9998939582980292
0.9998935237282469
0.9998927513170301
0.9998924577242273
0.9998921895740933
0.999891770609005
0.9998917842155762
0.9998913037913613
0.9998911559369472
0.9998908814579939
0.9998904612585646
0.9998906477656674
0.9998901652539763
0.9998900148635254
0.9998898566651098
0.99988944045921
0.9998893141716366
0.9998887679241995
0.9998883921156307
0.9998877837504737
0.9998875730044878
0.9998871679148391
0.9998869588828568
0.9998862357502324
0.9998857208500503
0.9998853323268783
0.999884994530475
0.9998843848947471
0.9998842247796157
0.9998841401672064
0.9998835304298384
0.9998833844574254
0.9998831764734353
0.9998829180890095
0.9998828425601047
0.9998824717486241
0.9998820683031447
0.9998817399532807
0.9998811074399123
0.9998814586563547
0.9998812599087473
0.9998808530193798
0.9998808059543264
0.9998803512077107
0.9998801488281888
0.9998798044867985
0.999879867143925
0.9998795914135363
0.9998789042672008
0.9998787057471584
0.9998785816306164
0.9998780192982862
0.9998780023575454
0.9998777184639974
0.9998779137786474
0.9998779589337476
0.9998776401917948
0.9998777225526443
0.9998773532937678
0.999876778912181
0.999876343354326
0.9998760125299989
0.9998758334904447
0.9998752243776771
0.9998750603295332
0.9998747827429737
0.9998741465584646
0.9998743458012811
0.9998738079838803
0.9998733703995597
0.9998734002687726
0.9998723292789848
0.9998720185685261
0.9998719594004079
0.9998719541935415
0.9998716469631788
0.9998710485646229
0.9998704604902945
0.9998702589995757
0.9998698280296404
0.9998694550819768
0.9998692623013457
0.9998689765981372
0.9998685464787394
0.9998681820840964
0.999868086847581
0.9998678773888832
0.9998675987347001
0.9998678133450001
0.9998675331966411
0.9998672367628705
0.9998668676130162
0.9998663889602227
0.9998662666174787
0.9998657358077006
0.9998656468207457
0.9998655624412379
0.999865049982341
0.9998649999134258
0.999864936081258
0.9998646186411057
0.9998641849099106
0.999863814546654
0.9998634556312159
0.9998630846829965
0.9998629347734764
0.9998627692991127
0.9998619415195026
0.9998617803072811
0.9998614787319512
0.9998612686396897
0.9998609067575739
0.9998603348084841
0.9998603585691807
0.9998602304555004
0.999860023959596
0.999859988118124
0.9998595864138868
0.9998595440994404
0.9998592071236552
0.9998589242437385
0.9998589446230546
0.999858912573814
0.9998585285413959
0.9998585346157874
0.9998580281493128
0.9998582348930317
0.9998576578138593
0.999857356025161
0.9998570479424334
0.9998567199307751
0.999856717229341
0.9998563427186418
0.9998561692301746
0.9998557546797002
0.9998552119545222
0.9998546596951553
0.9998543938597076
0.9998540411827419
0.9998537612066469
0.9998532929204075
0.9998530751736385
0.9998530881424764
0.9998522217572299
0.9998520422407668
0.9998516224378392
0.9998514244070495
0.9998512140097016
0.9998504423982135
0.9998505024044315
0.9998502630942591
0.9998498074778343
0.9998493779384355
0.9998486445943993
0.999848578882035
0.9998481603608667
0.9998477709463989
