0.9999998788493968
0.9999832811332683
0.9999667746977698
0.9999505109721183
0.9999334427917309
0.9999169647143751
0.9999032500972381
0.9998850920508606
0.9998693370661182
0.999853601853021
0.999837366352904
0.9998235046925695
0.9998114115298793
0.9997934179383385
0.9997749495782023
0.999760396297976
0.9997432277733743
0.9997279375506513
0.9997092370446706
0.9996905560382177
0.9996716767068592
0.9996590727258471
0.9996432413549206
0.9996286244685362
0.9996160239777364
0.9996000374883688
0.9995830536456446
0.999562647869649
0.999545384107341
0.9995261252106619
0.9995123513154065
0.9994975355797627
0.9994822786182154
0.999469374249437
0.999452671207935
0.9994400146206396
0.9994264040892407
0.999414214786302
0.9993978896541631
0.9993822786767399
0.9993689303322462
0.9993534117450416
0.999343741749016
0.9993323787686565
0.9993162669295929
0.9993031906580722
0.9992915233229136
0.9992693709245578
0.9992595859550324
0.9992414149377529
0.9992249035156706
0.9992083856814145
0.9991929863061854
0.9991725339517373
0.9991586949551297
0.9991464119573169
0.999129338395582
0.999110489330521
0.9990933023289998
0.999080644807541
0.9990673322727543
0.9990507135832216
0.9990348666166138
0.9990121723740351
0.9989920883181733
0.9989698077366347
0.9989540571040492
0.9989313855342911
0.9989218045147213
0.998905812936491
0.9988884484888979
0.998870986125195
0.9988528091899612
0.9988382608912209
0.9988216760903829
0.9988056448334176
0.9987937165942498
0.9987829867333478
0.9987636888174314
0.9987480312358938
0.9987271134179276
0.9987184191370524
0.9987191193695677
0.9987007931872781
0.9986871648367679
0.9986624483703038
0.9986519305052969
0.9986289313439719
0.9986101370577335
0.9985953327641202
0.9985685049375915
0.9985511109462277
0.9985319664118205
0.9985156188684831
0.9985016791021459
0.9984821218886358
0.9984740800036362
0.9984595752997206
0.9984405233864225
0.9984184484890085
0.9984000012168309
0.9983807144560463
0.9983626640020953
0.9983482945543736
0.998333660135385
0.9983198950435287
0.9983049921438016
0.9982814841090529
0.9982681141254689
0.9982480638298578
0.9982344144863528
0.9982206423705455
0.9981970574340723
0.9981859875658727
0.9981601395684498
0.998144775281686
0.9981266126284839
0.9981126768564533
0.9980989780823952
0.9980832938548051
0.9980646555692707
0.9980613503275898
0.9980515577177486
0.9980337428756398
0.9980222533260573
0.9980052462401464
0.997986950398223
0.9979615427720794
0.9979406809808362
0.9979192159106219
0.9978998519229277
0.997878710376992
0.9978631168187035
0.9978361669132212
0.997806710348767
0.9977838901534201
0.9977757521512607
0.9977712902794318
0.9977525020286768
0.9977430929255583
0.997725100198937
0.9977083120525496
0.9976963207571448
0.9976761135639797
0.9976583324081193
0.9976343647522286
0.99761980609011
0.9976098411873289
0.9975923254411208
0.9975803939453366
0.9975657458311558
0.9975493448587277
0.9975376590003888
0.9975270245568161
0.9975158018176937
0.9974944678996635
0.9974784696143735
0.9974650726804607
0.9974574642938985
0.9974503291407311
0.9974268723784988
0.9974133984657774
0.9973958438048683
0.9973749693428224
0.9973593764638687
0.9973568378379454
0.9973431306505559
0.997321073757149
0.9972986981265011
0.9972844056652627
0.9972857182217125
0.997274061297899
0.997277799184748
0.9972603708251515
0.997235522566459
0.997232006749854
0.9972189399028614
0.997191171720658
0.9971813656975858
0.9971696032673313
0.9971517682668654
0.9971377150761535
0.9971218448940685
0.9971055356265034
0.9970804699843331
0.9970746180315786
0.9970547543723007
0.9970322847902957
0.9970214675444302
0.996995402227589
0.9969723400366872
0.9969579939690658
0.9969373018013092
0.9969190797994383
0.9968931965327908
0.9968846560876279
0.996871015518208
0.9968590848275227
0.9968430537868301
0.9968193767119397
0.9968027284661357
0.9967837086039998
0.9967731162580366
0.9967532453334783
0.9967352754993676
0.9967070074227335
0.9966905405822175
0.9966636217131654
0.9966477781213785
0.9966247583880422
0.9966066020061267
0.9965770710430198
0.9965637373358306
0.9965428791195079
0.996533831296727
0.996509859446001
0.9964905076496523
0.9964738025999472
0.9964560556132717
0.9964371843257486
0.9964163376278625
0.9963893869435225
0.9963746482555563
0.9963588018648557
0.9963535814941972
0.996345641858452
0.9963297832073922
0.9963141642691197
0.9962989015742062
0.996279747237512
0.9962801317701898
0.9962523020181357
0.9962321262834738
0.9962091677716776
0.9961827587063559
0.996157352277572
0.9961563175843062
0.9961398387981235
0.9961197265303066
0.996091994018477
0.9960777171711509
0.9960711526628071
0.9960596751748036
0.9960490542182872
0.9960291040291963
0.9960068432438964
0.9960087685064996
0.9959890986153563
0.9959790330509873
0.9959621375352454
0.9959501660018858
0.9959362594926848
0.9959237195298667
0.995911815502197
0.9959046567889697
0.995896115691315
0.9958748259110537
0.9958492576105649
0.99583616226254
0.99582560279106
0.9958031404614881
0.9957826568341412
0.9957771704822462
0.9957588088189042
0.9957382159364808
0.9957202595714426
0.995714237296571
0.9956954894742708
0.995677426236644
0.9956620752135188
0.9956354777917745
0.9956248059360379
0.9956182743836605
0.9955856777383431
0.9955762987289174
0.9955626428579287
0.9955476230700452
0.995545123634179
0.9955310445218134
0.9955088407013754
0.9955100620224592
0.9954972456327315
0.9954796827151972
0.9954574510818841
0.9954332052268731
0.995405930511846
0.9953797058993419
0.9953594016685274
0.995352665019649
0.9953355444769089
0.9953137795221689
0.9952892664736666
0.995286525995636
0.9952696286849543
0.9952668925993955
0.9952528950406592
0.9952317511179454
0.9952116793543796
0.9952083810998413
0.9951910609144309
0.9951554180276331
0.9951360415439298
0.9951351832159677
0.9951197578999164
0.9951015751412254
0.9950781548641385
0.9950614199276926
0.9950647732647655
0.9950615066422809
0.9950503375918663
0.9950382763979182
0.9950129436736818
0.9950056548509674
0.9950070449179941
0.9949827273574526
0.9949614408214674
0.9949473706135445
0.9949218149999146
0.994894145885812
0.9948804456487688
0.9948435842030375
0.9948285728180004
0.9948178572798119
0.9948031292942381
0.9947902045541941
0.9947915831897165
0.9947717478286411
0.9947540440005206
0.994746759316425
0.9947154209337754
0.9946969868117729
0.9946897323296265
0.9946581103661937
0.994649224711027
0.9946560889529877
0.9946458959191564
0.9946184457632513
0.9946102599612652
0.994586078082267
0.9945832851240636
0.9945592848849408
0.9945388854113862
0.9945280320419505
0.9945205222446474
0.994508831223999
0.9944920459286662
0.994479904944552
0.9944735016830415
0.9944587488685847
0.9944474443709725
0.9944404037164939
0.9944294358414113
0.994406693026381
0.994388183885524
0.9943741982858806
0.9943278551785694
0.994306368235446
0.9942975883745282
0.9942877768042601
0.9942756842433569
0.9942424461153917
0.994225724156552
0.9941981302842545
0.9941964038075233
0.9941717765980153
0.9941683779965017
0.9941387803966291
0.994119934149385
0.994102718341914
0.9940863277771345
0.994066601485745
0.9940508325466243
0.9940291294229184
0.9939955221989221
0.9939924946592934
0.9939822063962422
0.9939703349045217
0.9939453923468378
0.9939224858350668
0.9939277351726686
0.9939251577307088
0.993914101578639
0.9938892227725622
0.9938886238052151
0.9938818695321937
0.9938807848859421
0.9938621465539844
0.9938342424409813
0.9938223397569159
0.9937838789781074
0.9937570454378749
0.9937592384391474
0.993756029883742
0.993743449233186
0.9937166912929273
0.9936946176087161
0.9936635251762652
0.9936535590774073
0.9936455821020161
0.9936143911876305
0.9935947305720825
0.9935752880587231
0.9935515722975891
0.9935301133223502
0.9935051952054422
0.9935063476966461
0.993483172975006
0.9934686590008056
0.9934523431142918
0.9934154870743581
0.9933964099076504
0.993375034046948
0.9933590347528926
0.9933532307056457
0.9933380658991365
0.9933035118892383
0.9932853303859486
0.9932577835613012
0.9932266403049099
0.9932099162430241
0.9931765694980741
0.9931723741048729
0.9931616636998734
0.99314391264257
0.9931303260406006
0.9931341517458984
0.9931112897287442
0.9930986329922344
0.9930904583007785
0.9930791420177147
0.9930571310550644
0.9930337566993478
0.9930290143745797
0.9930081237199815
0.9929877945541957
0.9929844070094425
0.9929672827190071
0.9929359904196056
0.9929155480457125
0.9929000778453534
0.9928706823025296
0.9928526146740942
0.9928441240436945
0.9928093582337861
0.9927863150309648
0.9927739962430451
0.9927415558622791
0.9927059763963016
0.9926732517377151
0.9926461689374947
0.992641049526078
0.9926200296650134
0.9925970148330872
0.9925788186960908
0.9925720162236095
0.9925512698093695
0.992536441093738
0.9925078380080792
0.9924894371821326
0.9924879844337637
0.9924597754991218
0.9924602429952254
0.9924452787440714
0.9924385753941256
0.9924368442392008
0.9924241177254632
0.9924173186296401
0.9924029757487128
0.9923797530649825
0.9923552747327903
0.992331545969038
0.9923217308474499
0.9923139791386133
0.9923076699068134
0.9922999583655199
0.9922870059997285
0.9922666204992938
0.99224968520976
0.9922235084548028
0.9921902343232684
0.9921736374828779
0.9921508910348581
0.9921244685349735
0.9921053904363999
0.9920863384635386
0.992061644928805
0.9920333313758953
0.9920174327391023
0.9920088935125563
0.9919889141681552
0.9919617091472267
0.9919331435346747
0.9919317913325749
0.9919287356414317
0.9919258176590247
0.9919260866125602
0.9919181405731738
0.9919077225588091
0.9918727609258084
0.9918677153805643
