0.9999999057939404
0.9999995392857667
0.999999647541068
0.9999997124852487
0.999999353019334
0.9999996583025592
0.9999994288691244
0.9999993109415897
0.9999995567451526
0.999999171951283
0.9999993613197076
0.999999336845875
0.9999990271189336
0.999999341892323
0.9999990528996456
0.9999990240977125
0.9999991987506732
0.9999988147397844
0.999999056341515
0.9999989463678244
0.9999987101849772
0.9999989994978108
0.9999986713287433
0.9999987400019672
0.9999988451194719
0.9999984928528474
0.9999987811449798
0.9999985975385205
0.9999984427705056
0.9999986935853178
0.9999983252861571
0.999998472844829
0.9999984878997111
0.9999981788043127
0.9999984760510781
0.9999982149051455
0.9999981573597128
0.9999983529453114
0.9999979866619163
0.9999981952031649
0.9999981346741532
0.9999978693206907
0.9999981623239627
0.9999978549385243
0.9999978593276783
0.9999979950951611
0.9999976322755593
0.9999978890063237
0.9999977417214264
0.9999975665208122
0.9999978426178006
0.9999974994154333
0.9999976014051953
0.9999976521264584
0.9999973180727681
0.9999976060420155
0.9999973822325491
0.9999972736623565
0.9999974988387881
0.9999971425970909
0.9999973075288742
0.9999972860518759
0.9999969995981249
0.999997294145248
0.9999970206394448
0.9999969858084253
0.9999971502724682
0.9999967801028263
0.9999970256880384
0.9999969359136534
0.9999967037266799
0.9999969778480042
0.9999966763984917
0.9999967208505852
0.9999968126720874
0.9999964783653869
0.9999967164373637
0.999996533915993
0.9999963963405278
0.9999966429658294
0.9999962881874337
0.9999964231843625
0.9999964346726645
0.9999961323664404
0.9999964206398526
0.9999961654851309
0.9999961019148642
0.9999962830269463
0.9999959397325391
0.9999961206795481
0.999996052043264
0.9999958093551666
0.9999960782512594
0.9999958032941781
0.9999958127335563
0.9999959528888467
0.9999956020159064
0.9999958095960421
0.999995672619097
0.9999954961645164
0.9999957444153617
0.9999954309381843
0.9999955108890854
0.9999955549279478
0.999995235828386
0.9999955062447362
0.999995279700421
0.9999951866539972
0.999995393266098
0.9999950591788966
0.9999952045257412
0.9999951774039636
0.999994905237279
0.9999951449403776
0.9999949254965561
0.9999948978412312
0.9999950465527525
0.9999947225626499
0.9999949370221639
0.9999948143792794
0.9999946185992604
0.9999948654767268
0.9999945701321109
0.9999946288270516
0.9999946915450607
0.9999943712487299
0.9999945946551709
0.9999944309397869
0.9999942926914747
0.9999944894997449
0.9999941646774351
0.9999942643080509
0.9999942766053113
0.9999940079572084
0.9999942787093413
0.9999940525238202
0.9999939795187212
0.9999941822934346
0.999993839268217
0.999994013055548
0.9999939272524532
0.9999937377545894
0.9999939672937878
0.9999937112394532
0.9999937379203259
0.9999938558382088
0.9999935314814037
0.9999937170071767
0.9999935709476719
0.9999934252947515
0.9999936587920987
0.9999933492665088
0.9999934402768973
0.9999934928877035
0.9999932122412746
0.9999934373220817
0.9999932663394661
0.9999931619022971
0.9999933441883767
0.9999930387813659
0.9999932153275061
0.9999931861371104
0.9999929539501643
0.999993192443216
0.9999929818080459
0.9999929423182421
0.9999930470546212
0.999992755887826
0.999992939055793
0.9999928389219143
0.9999926320307655
0.9999928520856464
0.9999925491279895
0.9999925844313106
0.9999926617796132
0.9999923773648712
0.9999926099259026
0.9999924817020981
0.9999923375694684
0.9999925127787676
0.9999922061896769
0.9999922885990988
0.9999923208169126
0.9999920558339964
0.9999923067986182
0.9999921136857177
0.9999920353408409
0.999992195259704
0.9999919124709853
0.9999920758642693
0.9999920267953871
0.9999918365817156
0.9999920486930877
0.999991842064037
0.9999918252616894
0.9999919346727987
0.9999916531261477
0.9999918582116739
0.9999917710566898
0.9999916044593674
0.9999918060831157
0.999991549201612
0.9999916225255034
0.9999916669398978
0.9999914146147622
0.9999916053242561
0.999991436564613
0.9999913475476336
0.9999915164430393
0.9999911975521246
0.9999912957878253
0.9999912766487564
0.9999910169111859
0.9999912262577679
0.9999910100864108
0.99999096691986
0.9999910855341839
0.9999907874727717
0.9999909564030774
0.9999908741964154
0.9999906718095546
0.9999908784129683
0.9999906088601861
0.9999906369598933
0.9999906911702984
0.9999904083740703
0.9999905841156042
0.9999904377835477
0.9999902587686249
0.9999904393369343
0.9999901424425841
0.9999902246590889
0.9999902691749599
0.9999900337998825
0.9999902556731091
0.9999900508720754
0.9999900045945153
0.9999901168587638
0.9999898227298695
0.9999899384937511
0.9999899124322409
0.9999897187608072
0.9999898979622427
0.9999896726152478
0.9999896351162895
0.9999897374615245
0.9999894714158651
0.999989648649741
0.9999895751687429
0.999989441746843
0.9999895833251585
0.9999893245078325
0.9999893928778613
0.9999894366020168
0.9999891394858021
0.999989328603244
0.9999891633983808
0.9999890902976638
0.9999892189819928
0.9999889194823697
0.9999890147217426
0.9999889888411548
0.9999887482119764
0.9999889433782645
0.9999887270764517
0.9999887218262569
0.9999888272262085
0.9999885491318964
0.9999886792814626
0.9999886182466826
0.9999884544540089
0.9999886771335932
0.9999884549577036
0.9999885297678472
0.999988585313971
0.99998832447531
0.9999885295989697
0.9999883745136374
0.9999882358108809
0.9999883807669807
0.9999880912572421
0.9999881478442808
0.9999881635833743
0.9999879487555111
0.9999881404699972
0.9999879388652451
0.9999878296596622
0.9999879656704611
0.9999876657226358
0.9999877645714036
0.9999877120252799
0.9999875471508696
0.9999877400554502
0.9999875181292076
0.99998755578281
0.999987609268378
0.9999873306969098
0.9999875017505193
0.9999873802170388
0.9999872720446993
0.9999874454608372
0.9999871754460228
0.9999872420996666
0.9999872765162917
0.9999870398301428
0.9999872467882724
0.9999871023780209
0.9999870178840948
0.9999871407839348
0.9999868807309705
0.9999869803903274
0.9999869348454752
0.9999867582888973
0.999986960430894
0.9999868013737532
0.9999867473973848
0.9999868626362227
0.9999865702145541
0.9999866984673098
0.9999866147407807
0.9999864607692813
0.9999866519736824
0.9999864118308248
0.9999864243695228
0.9999864966703288
0.999986221458195
0.9999863951250855
0.9999862360892122
0.9999861350812633
0.9999862860634031
0.9999860715755893
0.9999861461702163
0.999986154450114
0.999985924756331
0.9999861017264794
0.9999859132177886
0.999985841793229
0.9999859284304199
0.9999856648220566
0.9999858016972826
0.9999857661189596
0.999985610928767
0.9999858048199828
0.9999855696650343
0.9999855667506987
0.9999856035838566
0.9999853077473212
0.9999854645093001
0.9999853864160879
0.999985257992765
0.9999853636221824
0.9999850901505318
0.9999851476504414
0.9999851914170879
0.9999849295011449
0.9999850743361969
0.9999849110638884
0.999984817474755
0.9999849455241638
0.9999847315883096
0.9999848277869652
0.9999848406547496
0.9999846604831026
0.9999848371823243
0.9999846480807891
0.9999846505964038
0.9999846938637273
0.9999844363950255
0.9999845768733155
0.999984495612338
0.9999843224882419
0.9999844745189951
0.9999842936542377
0.9999843079983821
0.9999843510737031
0.9999840962079201
0.9999842144428104
0.9999840875095758
0.999983980753027
0.9999840520259339
0.999983873148397
0.9999839412587409
0.9999839651717364
0.9999837614609639
0.9999839193474805
0.9999837077644329
0.9999836946103108
0.9999837417301138
0.9999834915940549
0.9999835587410468
0.9999835188370548
0.9999833345188743
0.9999834559120723
0.9999832587554048
0.9999832467999484
0.9999833304311333
0.9999831191744167
0.9999832294023145
0.9999831332796227
0.9999830110934422
0.9999831115234665
0.9999829414602428
0.9999829745238178
0.9999829902523943
0.9999828041805197
0.99998293188482
0.9999828192949033
0.9999827238478713
0.9999828242195538
0.9999825941854852
0.9999827125639589
0.9999827059378877
0.9999825196765685
0.9999826307041566
0.9999824802589266
0.9999824465977898
0.9999825037702469
0.9999823253153471
0.999982356613769
0.999982272956107
0.9999821263808408
0.9999822658304555
0.9999820912355041
0.9999821329937962
0.9999821328286486
0.9999819367158199
0.9999820777447017
0.9999819811035391
0.9999818750389159
0.9999819822588982
0.9999817972488589
0.9999818499158015
0.9999818596621631
0.9999816659262871
0.9999818103047169
0.9999816328832852
0.9999815981757559
0.9999816611526506
0.9999814275754126
0.9999815224140287
0.9999815002189419
0.9999813876765102
0.9999815032328588
0.9999812992883088
0.9999812667814284
0.9999813361538645
0.999981094640658
0.999981158956702
0.9999810796771669
0.9999809017742503
0.9999810027665953
0.9999808319574527
0.9999809253817613
0.9999809169267717
0.9999806811007211
0.9999808028841541
0.9999806617231363
0.9999805594632628
0.9999806654367767
0.9999804708998625
0.9999805580361227
0.9999805145030403
0.9999802802490393
0.9999803791421025
0.9999802323927857
0.9999802189611849
0.9999803163582854
0.9999800541262925
0.9999801967691191
0.9999801299565819
0.9999799853300236
0.9999801112579102
0.9999799149365725
0.9999799184872087
0.9999799573259508
0.9999797043434551
0.9999798135136729
0.9999797327443775
0.9999796498557278
0.9999797745008386
0.9999795349825416
0.9999795860791693
0.9999796168875416
0.99997945651086
0.9999795874609881
0.9999794343653495
0.9999793745043365
0.9999794717211385
0.9999792360532856
0.9999793250754011
0.9999793176904944
0.9999791785599843
0.9999793598595483
0.9999792042002108
0.9999791875000209
0.9999791896072574
0.9999790333085673
0.9999791571436223
0.999979069920677
0.9999789727037167
