0.999999481033201
0.9999989494724866
0.9999978992437557
0.9999972648720818
0.9999975699275085
0.9999984985851277
0.9999991204782261
0.999998817162853
0.9999978319417018
0.9999970190041654
0.9999970682257001
0.9999979184175078
0.9999987011413008
0.9999986301734257
0.9999977548266162
0.9999968089811575
0.999996623147603
0.9999973369887808
0.9999982037747215
0.9999983805702092
0.9999976672704045
0.9999966727832452
0.9999962430496538
0.9999967599332128
0.9999976891127434
0.9999980884859286
0.9999975713248344
0.9999965766168771
0.9999959295244949
0.9999962245009094
0.9999971289479626
0.9999977252858655
0.9999974402947611
0.9999964831980059
0.9999956668361348
0.9999957192189365
0.9999965738359545
0.9999973317782057
0.9999972602195406
0.9999964251031093
0.9999955052833839
0.999995310846411
0.9999960126942208
0.9999968783761297
0.9999970367310097
0.9999963335371069
0.999995375909682
0.9999949265176681
0.9999954371053573
0.9999963485186235
0.9999967411020859
0.9999962358872991
0.9999952813038959
0.9999946510895024
0.9999949496896008
0.9999958536835052
0.9999964344887976
0.9999961177842432
0.9999951687376195
0.9999943989005547
0.999994452357128
0.9999952866011573
0.9999960126362126
0.9999959295241552
0.9999951081998517
0.999994214696956
0.9999940179784781
0.9999947043384064
0.9999955320268265
0.9999956652792992
0.9999949604486499
0.9999940255563803
0.999993594745037
0.9999941074950328
0.9999950116479436
0.9999953556061975
0.9999948277035643
0.9999938844884945
0.9999932646404625
0.999993550136552
0.9999944425212556
0.9999950190027632
0.9999946940207662
0.9999938048531585
0.9999930426290405
0.9999930764097847
0.9999938877722084
0.9999946194816274
0.9999945310560522
0.999993690203365
0.9999928286129253
0.9999926321680913
0.9999933328316609
0.9999941581183486
0.999994328417298
0.9999936458744538
0.9999927123461325
0.9999922970178812
0.999992775399711
0.999993688935829
0.9999940622954854
0.9999935634980721
0.9999926431043825
0.9999920345973231
0.9999923068593104
0.9999931564129615
0.9999937076533326
0.9999933834736687
0.9999924857075896
0.9999917694245516
0.999991793997518
0.9999925700755891
0.9999932438373527
0.9999931675981322
0.9999923931749282
0.9999915650719928
0.9999913825033016
0.9999920047961717
0.9999927866235919
0.9999929222192755
0.9999922919307265
0.9999913646218306
0.9999909531986775
0.9999914301234263
0.9999922651308526
0.9999926043871117
0.9999921449993707
0.9999912687676972
0.9999906854792447
0.9999909422715154
0.9999917443758592
0.9999922471592082
0.9999919799491578
0.9999911321383164
0.9999904223749913
0.9999904474503911
0.9999912133655172
0.9999918787701523
0.9999917843059921
0.9999910229744767
0.9999902056236515
0.9999900209418255
0.9999906149898165
0.9999913789769977
0.9999914882538062
0.9999908538768421
0.9999900075039516
0.9999896348921564
0.9999900657690932
0.999990868871374
0.9999912225264617
0.9999907537566316
0.9999898530017343
0.9999893257678468
0.9999895847687424
0.9999904003079775
0.9999909078956138
0.9999906556153532
0.9999898265833144
0.9999891347789288
0.9999891861851786
0.9999898891679958
0.9999905583961556
0.999990478428208
0.9999897316067762
0.9999889363355506
0.9999887660574011
0.9999893732183109
0.9999901158146737
0.9999902283391111
0.9999895803339438
0.9999887434027287
0.9999883870963857
0.9999888274920187
0.9999895545243493
0.9999898649778044
0.9999894169053032
0.9999885318778823
0.9999880588926231
0.9999883364207259
0.999989067164161
0.9999895501505741
0.9999893008564753
0.9999884765909416
0.9999878611634639
0.9999879237769288
0.9999885822961849
0.9999892024465078
0.9999891069082295
0.9999883905155444
0.999987648325417
0.9999874855548186
0.999988086398682
0.9999887826444465
0.999988895584786
0.9999882633719542
0.9999874597437919
0.9999871327273077
0.9999875389800612
0.9999882665555346
0.9999885637115916
0.9999880928720064
0.9999872980692203
0.9999867698417548
0.9999870098949653
0.9999877271502646
0.999988204015981
0.9999879338637733
0.9999871643811544
0.9999865411809541
0.9999865615845341
0.9999872017967572
0.9999878007050611
0.9999877352548564
0.9999870139848491
0.9999862766123387
0.9999861239066749
0.9999866568077967
0.9999873178015067
0.9999874346424897
0.9999868205222491
0.9999859935458165
0.9999856348011895
0.9999860243495101
0.9999867301385127
0.999987060153914
0.9999866296271156
0.9999858382834603
0.9999853596779499
0.9999855710031142
0.9999862895450577
0.9999867271907309
0.9999864928471945
0.999985742788851
0.9999851593683908
0.9999851593900215
0.9999857406178673
0.9999862778508618
0.9999862965761437
0.9999855734966773
0.9999848403639954
0.999984734172348
0.9999852245957813
0.9999858930638552
0.999986066458916
0.9999855245836675
0.9999847660432937
0.9999845111530824
0.9999848846813653
0.999985554207945
0.9999858249155985
0.9999854360557526
0.999984634077969
0.9999842166446586
0.9999844318605958
0.9999850368220218
0.9999854795749319
0.9999852535323471
0.9999844996128167
0.9999839272530213
0.9999839608817596
0.9999845482102399
0.999985105009855
0.9999850407382911
0.999984379167743
0.9999837148736226
0.9999835462700797
0.99998400048822
0.9999846479545352
0.9999847708856221
0.99998421378725
0.9999834977260761
0.9999832161036258
0.9999835386929766
0.9999841854602672
0.9999844147744239
0.9999840135761738
0.9999832467821634
0.999982862430319
0.9999830026631719
0.9999835868987301
0.9999839997215368
0.9999837421577885
0.999983062124497
0.9999825021128147
0.999982469505329
0.9999830032586214
0.9999835734574775
0.9999835272362062
0.9999828807284766
0.999982189100582
0.99998204471039
0.9999824832861244
0.9999830909952849
0.9999831814151426
0.9999826159367603
0.9999819446722732
0.9999816855058611
0.9999820185123438
0.9999826832975033
0.9999829606648862
0.999982567603873
0.9999818788431305
0.9999814755994475
0.9999816114425508
0.9999822472323896
0.9999827211870472
0.9999824618188758
0.9999818420098038
0.9999813552192571
0.9999813139787885
0.9999817808603415
0.9999823187704958
0.9999822936766052
0.9999817018833654
0.9999811077091021
0.9999809893300878
0.9999813704291233
0.9999819779804286
0.9999820981580751
0.9999815659444357
0.9999809309811516
0.9999806615363812
0.999980949655472
0.9999815177894598
0.9999818293022037
0.999981457776371
0.9999807721755362
0.9999803915271739
0.9999805645788788
0.9999811395028472
0.9999816006591337
0.9999812956270395
0.9999805899795736
0.9999801161291716
0.9999801844529721
0.9999807486361163
0.9999813025485607
0.9999812518096018
0.9999806295070872
0.999980031815248
0.999979895039879
0.999980295804883
0.9999808757891381
0.9999809818084261
0.9999804396569867
0.9999797886864602
0.9999795193086498
0.999979811391214
0.9999803811414417
0.9999806479411996
0.9999803053226354
0.9999796503790312
0.9999792801586701
0.9999794423816161
0.999979946578204
0.9999803547150384
0.9999801052959266
0.9999794189906104
0.9999789523394236
0.999978966446171
0.9999794579653967
0.9999798855104295
0.9999798172490465
0.9999792044352455
0.9999786822728042
0.999978575818721
0.9999789576806511
0.9999795035996347
0.9999795292640427
0.9999790297091381
0.9999784414269667
0.9999781829857266
0.9999784470163441
0.9999789713717188
0.9999792018866293
0.9999787972070799
0.9999781594236703
0.9999778161817803
0.9999779191870651
0.9999784806936161
0.9999788177061568
0.9999786173723809
0.9999780614761541
0.9999775961543516
0.9999776493574086
0.9999781087429528
0.999978573410484
0.999978483946987
0.9999779323738529
0.9999774377929963
0.9999772839679174
0.999977695757082
0.9999781717940173
0.9999782382858771
0.9999777759651984
0.9999771781270923
0.9999769684723261
0.9999772218317303
0.9999777314831784
0.9999779621270481
0.9999776115343869
0.9999770086908165
0.9999766831933194
0.9999767832474206
0.999977294476745
0.9999776750812964
0.9999773562467343
0.9999768171212773
0.999976355751605
0.9999763904005035
0.9999768600576845
0.9999772140430625
0.9999770690041331
0.9999765831545359
0.9999760940076554
0.9999760059151265
0.9999763441814685
0.9999768358146853
0.9999769199769417
0.9999765082892074
0.9999759080970159
0.9999756528067169
0.9999758792169324
0.9999763406509916
0.9999765007652437
0.9999761830997869
0.99997565656163
0.9999753211593045
0.9999754205925686
0.999975911918401
0.9999762417759618
0.9999760404393802
0.9999755468845272
0.9999751412737397
0.9999752084668427
0.9999756101933958
0.9999760141632407
0.9999759610723695
0.999975456884865
0.9999750099756908
0.9999749150987258
0.9999751915300903
0.9999756016707035
0.9999756697745125
0.9999752971442689
0.9999747971058514
0.9999745603971464
0.99997472450017
0.9999751361557088
0.9999753597482991
0.9999750405907509
0.999974445704838
0.9999741714297953
0.9999742502984769
0.999974670095467
0.9999750204560227
0.9999747537024857
0.9999742362022642
0.9999739040647564
0.9999738792429169
0.999974229590286
0.9999745745513565
0.9999745245463826
0.999974009300465
0.9999735454879491
0.9999734671376772
0.9999737229529958
0.9999741332391074
0.9999741943006503
0.9999736784751984
0.9999731818768385
0.999972960302132
0.9999731920320062
0.9999735887315111
0.9999738145199761
0.9999735178886688
0.9999730135187872
0.9999728066873047
0.9999728921886194
0.999973256141187
0.9999735038541927
0.9999732885375879
0.9999728036768375
0.9999724414270866
0.9999724700946752
0.999972803062288
0.9999732093307753
0.9999731451360447
0.9999726785292339
0.999972245626082
0.9999721293733913
0.9999723590184986
0.9999727233550748
0.9999727897496384
0.9999723580699328
0.9999718934256431
0.9999716907438665
0.9999718845327039
0.9999722515601038
