0.9999983675825186
0.9999978279572201
0.9999964200676884
0.9999945701330262
0.9999928637587892
0.9999918053725331
0.9999916965867242
0.9999925608327541
0.9999941033073624
0.9999958264165099
0.9999971748565987
0.9999977197364842
0.9999972749877568
0.9999959564034473
0.9999941410061001
0.9999924072372411
0.9999912823159588
0.9999910833369151
0.9999918682031482
0.9999933576098398
0.9999950701344025
0.9999964731377946
0.999997108199198
0.9999967736720775
0.9999955720015514
0.9999938705328042
0.9999921413623724
0.9999909007186535
0.9999905405390648
0.9999911465115233
0.9999925447926735
0.9999942684235681
0.9999957214076808
0.9999964471757802
0.9999962073786075
0.9999950850476379
0.9999934300031557
0.9999917169057972
0.9999904443770835
0.9999899734283849
0.999990476230069
0.9999917696405323
0.9999934573456989
0.9999949636316675
0.9999957769367467
0.999995629131122
0.9999946029827259
0.999993035728807
0.9999913607742009
0.9999900625725494
0.999989507914384
0.9999898679554644
0.9999910681044987
0.9999927242365658
0.9999942704198875
0.9999951462524602
0.9999951032150344
0.9999941810337493
0.9999926503024236
0.999991003031997
0.9999896621631591
0.9999890248859652
0.9999893245969316
0.9999904465194764
0.9999920465993835
0.9999935500031051
0.9999944773502217
0.999994540618087
0.9999937584597448
0.9999923488144012
0.9999907047263948
0.9999892978667413
0.9999885445309895
0.9999886934280643
0.9999897247084294
0.999991249984194
0.9999927748691492
0.9999937878306598
0.999993949297776
0.9999932730361839
0.9999919384589786
0.9999903115355135
0.9999888396678519
0.9999880262782543
0.9999880940192771
0.9999890126230216
0.9999904714990798
0.9999919853048781
0.999993037918273
0.9999932831985466
0.9999927124380034
0.9999914667875641
0.9999899158443579
0.9999885036469429
0.9999876559394434
0.9999876430858146
0.9999884531621388
0.9999898075171728
0.9999913310658123
0.9999924444253909
0.9999927861277327
0.9999922844485112
0.9999910758572743
0.9999895283254385
0.9999881158755718
0.9999871988985503
0.9999871244770305
0.9999878163082321
0.9999891045008421
0.9999905753200785
0.9999917241450866
0.9999921649264107
0.9999917632997565
0.9999906521060005
0.9999891689183715
0.9999877449359468
0.9999867868307609
0.999986603944028
0.9999871990275849
0.9999884185946012
0.9999898356145227
0.9999910015327238
0.999991531672225
0.9999912587459557
0.9999902521824747
0.9999888170804713
0.9999874180220396
0.999986414888071
0.9999860900699291
0.9999865346563206
0.9999876397800036
0.9999890510451941
0.9999902641677951
0.999990874252846
0.9999906397357355
0.9999896650653146
0.9999882948380765
0.9999869318077458
0.9999858675392891
0.9999854265564495
0.9999857896431696
0.9999868624579096
0.999988275645478
0.9999895255312153
0.9999902367538065
0.9999900673570346
0.9999891494683759
0.9999878269745593
0.9999864498377391
0.9999853716126805
0.9999849254615578
0.9999851864854878
0.9999861550557142
0.9999875001381789
0.999988777992299
0.9999895335763801
0.9999894984284218
0.9999887025806802
0.9999874332552453
0.9999860395017703
0.9999849118817848
0.9999843429879257
0.9999845590849089
0.9999854469893623
0.9999867719204069
0.9999880890178096
0.9999888982130706
0.9999890034364776
0.999988320995766
0.9999870952727618
0.9999856908753515
0.9999845226543513
0.9999838681368897
0.9999839017406325
0.9999846822396368
0.9999859680982272
0.9999873229575955
0.9999882436581651
0.9999883966357527
0.9999877652890642
0.9999865655542486
0.9999851455567014
0.9999839169107452
0.9999832100018654
0.9999832109731639
0.9999839414175846
0.9999852050832154
0.9999865407299985
0.9999874536344089
0.9999876815649199
0.9999871498356869
0.9999860309613883
0.9999846307071705
0.9999834063724978
0.9999826494059947
0.9999826266116658
0.9999833230444619
0.999984506654025
0.9999857856255279
0.9999867210171404
0.9999870422741287
0.999986575724495
0.9999855450488209
0.9999841846048665
0.9999829200598126
0.9999821422576873
0.9999820262136095
0.9999826376612994
0.9999837689362157
0.9999850125674107
0.9999860046926882
0.9999863622987682
0.9999859899409055
0.9999850014102073
0.9999837176113777
0.9999824829656099
0.9999816645105589
0.9999815003173135
0.9999820322001595
0.9999830477610204
0.9999842874055984
0.9999852503145958
0.9999857061157177
0.9999854317119048
0.9999845382852701
0.9999832838359295
0.9999820695039774
0.9999812151029106
0.999980965183176
0.9999813654672489
0.9999822938543789
0.9999835011054453
0.9999845546837565
0.9999851380494975
0.9999850002247429
0.9999841753851787
0.9999829331512896
0.999981669587252
0.9999806970795233
0.9999803638876874
0.9999807094210402
0.9999816138311768
0.9999828061038947
0.9999838701156674
0.9999844661696181
0.9999844032335136
0.9999837131296336
0.999982539957955
0.9999812572090497
0.9999802667916077
0.9999798390506676
0.9999800919840928
0.9999809566585213
0.9999821554963835
0.9999832569907792
0.9999838877119638
0.9999838891324219
0.9999832278940594
0.9999821592350945
0.9999808513260943
0.9999798077413292
0.9999792774167656
0.9999794489954119
0.9999802809222468
0.9999814425920031
0.9999825345739364
0.9999831761286597
0.9999832456171145
0.9999826891788459
0.9999816914053222
0.9999804617960151
0.9999793660911186
0.9999787261369993
0.9999788253918696
0.9999795120059605
0.9999806330613504
0.9999816885654287
0.9999823788665364
0.999982573074646
0.9999821512288003
0.9999811841978059
0.999979950889916
0.9999787554129017
0.9999780621607642
0.9999780817252625
0.9999788068642295
0.9999799275480659
0.9999810473594438
0.99998182033614
0.9999819960187857
0.9999816178066662
0.9999807295853486
0.9999795700488044
0.9999784139426309
0.999977663190377
0.9999776118646535
0.9999782072787552
0.9999792675970528
0.9999803659923129
0.9999811592971248
0.9999814468824431
0.9999811532433937
0.9999803423926131
0.999979162243788
0.9999779975498017
0.9999771736924427
0.9999769917544561
0.9999775611260371
0.9999785765340179
0.9999796229901979
0.9999804507504284
0.9999807795169271
0.9999805535171123
0.9999798024611224
0.999978658808711
0.9999774396518435
0.9999766109473819
0.9999764208013937
0.9999769016349794
0.9999778722205485
0.9999789363219287
0.9999797914805297
0.9999802032391509
0.9999800621125595
0.9999793860044828
0.999978320784108
0.9999771204571007
0.9999762319654556
0.9999759824155909
0.9999764220720596
0.9999773741740849
0.9999784411853503
0.9999792648348508
0.9999797003435438
0.9999795807581625
0.9999789550119682
0.9999779006819371
0.9999766904291103
0.9999757483019038
0.9999753897598431
0.999975815688283
0.9999766312829854
0.9999776563609837
0.9999785373260454
0.9999790611806002
0.9999790475961208
0.999978512626964
0.9999775982676072
0.9999764345826346
0.9999754593143968
0.9999750617963725
0.999975360474541
0.9999761270458761
0.9999770932616954
0.9999779537605872
0.9999784720728809
0.9999784932535821
0.9999780730965594
0.9999771495069726
0.9999759932907126
0.9999750242276372
0.9999745601194986
0.9999747223560275
0.9999754301226996
0.9999763156423205
0.999977203382909
0.9999777843169152
0.9999779188392816
0.999977555585483
0.9999767543641838
0.9999756193492896
0.9999746218155932
0.9999740764160113
0.9999741899940823
0.9999747917487534
0.9999756944160859
0.9999765610704702
0.9999771612705819
0.9999773641324698
0.9999770471000381
0.9999762754891394
0.9999752343926636
0.9999742402343302
0.999973667000702
0.9999737011194487
0.9999743063158852
0.9999751910407971
0.9999760492555746
0.9999766487708521
0.9999767999052197
0.9999765087027678
0.9999757928695991
0.9999747721079655
0.9999738031350592
0.9999732351234809
0.9999732303192963
0.999973728998927
0.9999746037976769
0.9999754263147829
0.9999760325707864
0.999976216737094
0.9999759856392268
0.9999752929545357
0.9999743143493635
0.9999733273732395
0.9999726492068008
0.9999725464357242
0.999972975879077
0.9999737852946703
0.9999746283018578
0.9999752365982452
0.9999755062522847
0.9999753057757179
0.9999747013298451
0.9999737733250667
0.9999727886882139
0.9999720847613982
0.9999719282187814
0.999972298001548
0.999973070147201
0.9999739321357101
0.9999745709164637
0.9999748195791928
0.9999746163873728
0.999974092595721
0.9999732290269238
0.9999722530374532
0.999971585819199
0.9999713781952639
0.9999717265823845
0.9999724741525635
0.9999732779700312
0.9999738677567374
0.9999741498576434
0.9999740412645785
0.9999736037751977
0.9999727968846737
0.9999718176280233
0.9999709310188146
0.9999705880957794
0.9999708783764776
0.9999716367116621
0.9999724871541391
0.9999731082053864
0.9999733671219895
0.9999732799313197
0.9999728447772669
0.9999720762280665
0.9999710841577936
0.9999701993671444
0.9999698447522658
0.9999700430890686
0.9999707171612195
0.9999715326478226
0.9999721582263876
0.9999724585014994
0.9999724144565107
0.9999720526502895
0.9999714009635566
0.9999705092656209
0.9999696391222628
0.9999691721723737
0.9999692662618784
0.9999698889680634
0.9999706477434799
0.999971350208882
0.999971704037479
0.9999717414268675
0.9999714221843348
0.9999708146105158
0.9999699773983609
0.9999691541534153
0.9999686975567215
0.9999688243264959
0.9999694431915648
0.999970260610923
0.9999709103676276
0.999971292048412
0.9999713221780415
0.9999710297032344
0.9999704994855911
0.999969665598073
0.9999688437599359
0.9999683059479382
0.9999683002098753
0.9999688333685584
0.9999696273006282
0.9999702747543688
0.9999706639984547
0.9999706932314734
0.9999704089017599
0.9999698250066079
0.9999690543287015
0.9999682758411317
0.9999677334067085
0.9999677420045678
0.9999682412167604
0.9999689513827646
0.9999696227058813
0.9999700323586198
