0.999999578569498
0.9999987871041787
0.9999975655949047
0.9999970015006644
0.9999973358903769
0.9999978296363347
0.9999976127512741
0.9999965177764971
0.9999954711025252
0.9999954170388894
0.9999958512017442
0.999996189294149
0.9999955580591349
0.9999943874085769
0.999993707780093
0.9999939216896818
0.9999944286327316
0.9999943336079574
0.9999932575327097
0.9999921943401219
0.9999919336994373
0.999992451892847
0.9999928073183808
0.9999922585905269
0.9999910891741679
0.9999903187375746
0.9999905114846048
0.9999909703495476
0.9999910087599092
0.9999900454252743
0.9999890175688882
0.999988611163936
0.9999890249631584
0.9999894541240555
0.9999888883115862
0.9999877195751412
0.9999869119443717
0.9999870153435912
0.9999875194879753
0.9999876580512003
0.9999868403604532
0.9999856809619657
0.9999853374406422
0.9999858275690181
0.9999861598237524
0.9999857618720841
0.9999846840656258
0.9999837916258137
0.9999837460426596
0.9999843355407767
0.9999844028382935
0.9999837469189056
0.9999825144317337
0.999982040119967
0.9999825274824233
0.9999828795123683
0.9999826229656342
0.9999815403538098
0.9999806999305885
0.9999806618443916
0.9999810531127484
0.9999812413296247
0.9999805781739216
0.9999795344381507
0.9999789228234659
0.9999791135111626
0.9999794477754024
0.9999793728169951
0.9999783935095259
0.9999774377097038
0.9999772417759539
0.9999777194419692
0.9999779491254388
0.9999774417658642
0.9999763364604132
0.9999756754065647
0.9999757848403027
0.9999761712799413
0.9999761036469874
0.999975190940283
0.9999741276577668
0.9999738850525115
0.9999744809340223
0.999974750282748
0.9999743162260212
0.9999733414520035
0.9999724169313081
0.9999724275240521
0.999972996462144
0.9999730452076695
0.9999721555180805
0.9999709819570162
0.9999706228087583
0.9999708597588984
0.9999714982636216
0.999971044875425
0.9999699968953059
0.9999691077465431
0.9999690577147567
0.999969414923867
0.9999693742318284
0.9999686631220924
0.9999677483668008
0.9999671658854227
0.999967327078643
0.9999676418914891
0.9999673690205948
0.9999663790641129
0.9999654311111842
0.9999653770030478
0.9999657916566479
0.9999656986798778
0.9999650148589274
0.9999640786398265
0.9999634112954306
0.9999636604854363
0.9999641960112067
0.9999640600173785
0.9999633293257949
0.9999623746390969
0.9999620717219587
0.9999625968405425
0.9999626234189488
0.9999619874543475
0.9999609865412988
0.9999601551148601
0.9999600866768164
0.9999605829122399
0.9999606717520872
0.9999597606391488
0.9999588240952195
0.9999586792016898
0.9999591331692286
0.9999595929019857
0.9999591335896675
0.9999580287775655
0.9999572680395571
0.999957398653109
0.9999577778905114
0.999957697206238
0.9999568319579376
0.9999558726373234
0.999955283707678
0.9999555540518443
0.9999559245635096
0.9999555617457402
0.9999544645654342
0.9999536798695485
0.9999536542516573
0.9999540636166033
0.9999539983830418
0.9999530620290634
0.9999521942378552
0.9999516195273874
0.9999518740724234
0.9999521481951418
0.9999516992551821
0.9999507895950074
0.9999498660673094
0.9999499879274937
0.9999503762911486
0.9999504074931245
0.999950047359469
0.9999488713219127
0.9999482712630147
0.9999486008386411
0.9999488961723166
0.9999487661353843
0.999948144042491
0.9999472509675963
0.9999471969660813
0.9999473268930975
0.999947469735196
0.9999467495011441
0.9999455055859163
0.9999447104174254
0.9999444999678099
0.9999450350494691
0.999944767203429
0.99994359641833
0.999942867565496
0.9999425869838089
0.9999431096898067
0.9999433956961439
0.9999426702912256
0.9999417663091437
0.9999409868971854
0.999941004502061
0.9999411374089694
0.9999411722572884
0.9999403985644022
0.9999396662577515
0.9999392138601226
0.9999395156129808
0.9999400918440751
0.9999397035328423
0.9999388328236246
0.9999382999507684
0.9999381955168727
0.9999384295907532
0.9999384500212013
0.9999378418670791
0.9999368864903129
0.9999363628429384
0.9999364501176586
0.999936980649941
0.9999367668835895
0.9999358291969859
0.9999351609247611
0.9999347742396438
0.999935130208776
0.9999353632148178
0.9999348525580212
0.9999340510654479
0.999933752795973
0.9999339638429262
0.999934228287952
0.9999339716654424
0.9999331600222088
0.9999323557260615
0.9999320080722823
0.9999321797526313
0.999932555443574
0.9999319796080967
0.999930745433686
0.9999301336179481
0.9999301255013301
0.9999305010138576
0.9999305488391776
0.9999295486293452
0.9999288726876603
0.9999285033273189
0.9999284840576155
0.9999285425130927
0.9999280596471712
0.999927227251103
0.9999265478989842
0.9999266522482214
0.9999269350707946
0.9999269974156819
0.9999264601026744
0.9999256109559804
0.99992514434145
0.9999256216743925
0.9999260635625242
0.99992562538859
0.9999250166434447
0.9999245557908395
0.9999241700288923
0.9999246262576865
0.9999245712425338
0.9999241636191813
0.9999231344711751
0.9999226971379866
0.9999226122222479
0.9999227126974508
0.9999225370930459
0.9999217403805606
0.999920826248758
0.9999205891254791
0.9999207804000022
0.9999204332588463
0.9999197865613584
0.9999187914900519
0.9999181405285
0.9999182322437646
0.9999185546835689
0.9999182942359645
0.9999176404206753
0.9999170890833023
0.9999169784814784
0.9999171702765504
0.9999173807709574
0.9999166301350647
0.9999157772515755
0.9999151336509711
0.999915442278726
0.9999158092867447
0.9999158654141003
0.9999150402181346
0.9999143326301658
0.9999143336218378
0.9999141915592609
0.9999142604762143
0.9999136744811529
0.9999127701613779
0.9999119523449441
0.9999118612902003
0.9999119603803542
0.9999119390344424
0.9999112659676423
0.9999105184200167
0.9999100296875303
0.9999104213210492
0.9999109643454772
0.9999102870485912
0.9999093566361887
0.9999084730519838
0.999908172132751
0.9999083245838069
0.9999083361846751
0.9999077448910176
0.9999068221598705
0.9999062478161487
0.9999065815962187
0.9999069397077349
0.9999066155270674
0.9999055396074696
0.9999047437095655
0.9999046356771306
0.9999047489953271
0.9999044023339154
0.9999037761094756
0.999903116608571
0.9999025249235372
0.9999024197831755
0.999902883339495
0.9999028449544572
0.9999018783427401
0.9999014963828018
0.9999012068545263
0.9999011992154678
0.999900825166599
0.9999008163345052
0.9999001355703673
0.9998996295942878
0.9998994624811968
0.9998999044232441
0.9998994226049145
0.9998987971632163
0.999897976893069
0.9998976004644334
0.9998980253670836
0.9998983618688603
0.9998979712853714
0.9998972010217673
0.9998967134157304
0.9998966100127701
0.9998968178916258
0.9998970176926113
0.9998962140545979
0.9998951828312228
0.9998947701107705
0.999895140456174
0.9998954914018107
0.9998953218767721
0.9998944481391966
0.9998935978133536
0.9998933611202158
0.9998936036796503
0.9998935062884391
0.999892970408798
0.9998918823863869
0.9998914427372046
0.9998917907324887
0.9998919263227648
0.9998915780165608
0.9998909427959619
0.9998903676916098
0.9998906013317003
0.9998907251766705
0.999890883854607
0.9998905400419502
0.9998899290364719
0.999889390964076
0.9998890864602057
0.999889818727943
0.9998897150083086
0.9998890280169317
0.9998883200247766
0.999888275543126
0.9998885015748764
0.999888383774611
0.9998878395656222
0.9998873710068893
0.9998865997918935
0.9998866586433061
0.9998869698989792
0.9998868176773917
0.9998860164654053
0.9998851937161727
0.9998849670430512
0.9998851593708322
0.9998851463945475
0.9998849464817032
0.999884357668773
0.9998833662659566
0.9998833320764967
0.9998837109842634
0.9998839039159778
0.9998829306705868
0.9998821097155731
0.9998815796609828
0.9998817511768147
0.9998820722831895
0.9998816461218722
0.9998808127395674
0.9998800171683415
0.9998799529310329
0.9998801038188322
0.9998802315591375
0.9998796190701624
0.999879007021937
0.9998786310736711
0.9998787780353904
0.999879065377133
0.9998790194397646
0.9998779853720154
0.9998775099940787
0.9998773175016363
0.9998776706863705
0.9998776818043017
0.9998774582398833
0.999876816581374
0.9998761715468686
0.9998758529426304
0.9998761655772299
0.9998757789183665
0.9998749318022723
0.9998742231385018
0.9998739901067099
0.9998739506788175
0.9998738190216774
0.9998735474520429
0.9998722139497019
0.9998716135780036
0.9998712962561493
0.9998716142890725
0.9998711471964626
0.9998704108233427
0.9998697043999288
0.9998692777583879
0.9998692818534881
0.9998694485665415
0.999868993915861
0.9998684754915691
0.9998678684698736
0.999867584206196
0.9998679563145212
0.9998673686150791
0.9998668504606859
0.9998658638918599
0.9998655746560526
0.9998654530826362
0.9998655419828725
0.9998654949947756
0.9998653528291677
0.9998648420163394
0.9998642634388403
0.9998646683413502
0.9998645465674105
0.9998639464710747
0.9998628789577093
0.9998626681541156
0.9998627738697707
0.9998627203975721
0.999862364919012
0.9998615252202362
0.9998607073522126
0.999860582408774
0.9998607680238851
0.9998607027287202
0.9998606194898718
0.9998598473090646
0.9998590967478875
0.9998588674473158
0.9998593745592698
0.9998591972445527
0.9998583383123074
0.9998578850834454
0.9998574131070939
0.9998572426988297
0.999857326961198
0.9998570266396751
0.9998562587282491
0.9998554271911614
0.9998554502293705
0.9998554453640733
0.9998552626330043
0.9998546366300411
0.9998538106204475
0.9998533358600936
0.9998533083654225
0.9998534675115629
0.9998529386400002
0.9998520053466687
0.999851473341523
0.9998515530573189
0.9998519907342044
0.9998516555557453
0.999851133563423
0.9998501112991037
0.9998495980705587
0.9998495926302399
0.9998497684351879
0.9998493212365975
0.9998488047486336
0.9998482214311407
0.9998478921961348
0.9998478225960686
