0.999999924364426
0.9999995876799436
0.9999997516177668
0.9999996086204997
0.9999995129876236
0.9999996499712092
0.999999327216863
0.9999995664443055
0.9999992784801901
0.9999993613130574
0.9999993267092389
0.9999991108379386
0.9999993194904084
0.9999989701841127
0.9999991735874154
0.9999989659717828
0.9999989321679152
0.9999990029101857
0.9999987193104699
0.9999989540630105
0.9999986397718845
0.999998778145723
0.9999986715026261
0.9999985373090972
0.9999986925620483
0.9999983677968481
0.9999985901350151
0.9999983316270774
0.9999983713260204
0.9999983634572318
0.99999815060443
0.9999983671511098
0.9999980369464192
0.9999982106786196
0.9999980333530878
0.999997960850134
0.9999980620391261
0.9999977553231824
0.9999979698660322
0.9999976778111023
0.9999977964143527
0.99999771816742
0.9999975562490835
0.9999977240737035
0.9999974051430663
0.9999975892961754
0.99999737264489
0.999997374788538
0.9999973975487264
0.9999971535751068
0.999997367253399
0.9999970414750465
0.9999971795586118
0.9999970410891789
0.9999969619849493
0.9999970999712747
0.9999968055686251
0.999997030600675
0.9999967645695276
0.9999968129831581
0.9999967750344534
0.9999965771095722
0.9999967652881019
0.9999964672867503
0.9999966418254189
0.9999964484030709
0.9999963921489965
0.999996443458839
0.9999961959970481
0.9999963937941949
0.9999961040511975
0.9999962491178657
0.9999961374188295
0.9999959963086215
0.999996128335176
0.9999958353369797
0.9999960393351218
0.9999958160956215
0.9999958584930211
0.9999958271017326
0.9999956031530437
0.9999958255042469
0.9999955120723106
0.9999956636309207
0.9999954779750023
0.9999954187755369
0.9999954687500463
0.999995201383052
0.9999954188606898
0.9999951153917408
0.9999952305976515
0.9999951227996793
0.9999949613181485
0.9999951109932541
0.9999948053771008
0.9999950104202578
0.9999947807244136
0.999994776145147
0.9999948061668105
0.9999945563077269
0.999994764355382
0.9999944896090773
0.9999946445492744
0.9999945115398144
0.9999943957179118
0.9999944956763346
0.999994197429236
0.9999943770210125
0.9999941225341156
0.9999942079548666
0.9999941678619318
0.9999939968164072
0.9999941789694266
0.9999939037393144
0.9999940744133732
0.9999938691891684
0.9999938308021487
0.9999938645529118
0.9999936682657622
0.9999938418413457
0.9999935663596538
0.9999937059971787
0.9999935975246883
0.9999934486318977
0.9999935939979447
0.9999933347935154
0.9999935469348012
0.9999933314858918
0.9999934104824709
0.9999934102470098
0.9999932391019177
0.999993413255297
0.9999931351865251
0.9999932814571225
0.9999931179058376
0.9999930374817395
0.9999931227530765
0.9999928775062927
0.9999930830535975
0.9999928176895843
0.9999929247038032
0.9999928565080474
0.9999926953389342
0.9999928231617702
0.9999925398482897
0.9999927059326227
0.9999924843010577
0.9999924799148155
0.9999924735133704
0.9999922548596828
0.9999924271309023
0.999992148803729
0.9999922960492034
0.9999921675368179
0.9999920558200138
0.9999921258570714
0.9999918459432285
0.9999920576748504
0.9999918071865427
0.9999918558394781
0.9999918398379913
0.9999916586426735
0.9999917842034227
0.9999915008051748
0.9999916489544617
0.9999914736993543
0.9999914164992995
0.999991424067278
0.9999912032441352
0.9999913718450313
0.99999109938072
0.9999911994577599
0.9999911304569745
0.9999910247957047
0.9999911154871366
0.999990837948143
0.9999910227728106
0.9999908280473475
0.9999908796541009
0.9999908379808465
0.9999906326994779
0.9999907674265913
0.9999904671716852
0.9999905779419185
0.9999904206948665
0.9999903661584812
0.9999904544179958
0.9999902066868531
0.9999903962944255
0.9999901440629981
0.9999902368699679
0.9999901551223721
0.9999900025807165
0.9999901135452528
0.9999898208969902
0.9999899956363814
0.9999897761570063
0.9999897754680517
0.9999897815383798
0.9999895501338096
0.9999896990003588
0.9999894257090759
0.9999895117845036
0.9999893543509074
0.9999892289420007
0.9999892974579402
0.999989043852255
0.9999892001243855
0.999989003470968
0.9999890567851571
0.9999890337185134
0.99998886399869
0.9999890055894669
0.9999887309734393
0.9999889403256094
0.999988755926221
0.9999887243041706
0.999988790907562
0.9999885616861794
0.9999887110327613
0.9999884672676076
0.9999885160267088
0.9999884445215105
0.9999882939088356
0.9999884180019857
0.9999881376933943
0.9999882602333564
0.9999880430448524
0.9999880741934949
0.999988051217517
0.9999878474801955
0.9999880360425477
0.9999877541572174
0.9999878913668738
0.999987733860518
0.9999876976843168
0.9999877443470437
0.9999875005822033
0.9999876701599809
0.9999873954481873
0.9999874342937285
0.9999874194306306
0.9999872752328347
0.9999873924799294
0.9999871432431635
0.9999872916063676
0.9999871217175383
0.9999871199402922
0.9999871480362355
0.9999869538171979
0.9999871135838714
0.9999868510479967
0.999986943704503
0.9999868142843112
0.9999867055373802
0.9999868049764343
0.9999865832558974
0.9999867162777571
0.9999865080892552
0.9999865459797096
0.9999865268589849
0.9999863519332606
0.999986465257339
0.9999861603164382
0.999986264895931
0.9999861167821583
0.9999861215612232
0.9999861302887482
0.9999859278034536
0.9999860675649048
0.9999858355453075
0.9999859296709906
0.9999858758885241
0.999985751274338
0.9999858252017556
0.9999855547872828
0.9999857356784323
0.9999855786701094
0.9999856248071773
0.9999855895044254
0.9999854571559363
0.9999856013150747
0.9999854001349939
0.9999854502648101
0.9999853446452139
0.9999853106305573
0.9999854076783485
0.9999851790837966
0.9999853188227682
0.9999850742446887
0.9999851415547452
0.9999850957821845
0.9999849530988171
0.9999850750798344
0.9999847978381615
0.9999848801749638
0.9999846947989053
0.9999847107673285
0.9999847117136805
0.9999845007355662
0.9999846196627858
0.9999843743944563
0.9999845068595588
0.9999843571754087
0.9999842563311506
0.9999842919834208
0.9999840631913608
0.9999842102693897
0.9999840288715812
0.999984033309379
0.9999839685092572
0.9999838330169691
0.9999839457186726
0.9999836481500279
0.9999837335731369
0.9999835622704409
0.9999835545245848
0.9999835424670159
0.9999833397474104
0.9999835277634148
0.9999833095865144
0.9999834148338871
0.9999832797194205
0.9999831935345185
0.9999832812821442
0.9999831086773616
0.9999831884229431
0.9999829831897514
0.999982964585827
0.9999829347800838
0.9999827786750823
0.9999828975904848
0.9999826392278812
0.9999827745624432
0.9999826249286372
0.9999825184916408
0.9999825419795381
0.9999823470862903
0.9999825339115286
0.9999823301006499
0.9999823436533383
0.9999822571942084
0.9999821328605133
0.9999822561334102
0.9999820110183671
0.9999820976052436
0.9999819261731501
0.9999819547977834
0.9999819673251454
0.9999818546664017
0.9999820048118457
0.9999817616523395
0.999981869778129
0.9999817251877955
0.9999816657332004
0.9999817900493944
0.9999815914324885
0.9999817536061825
0.9999815114387395
0.9999815501207503
0.9999814738110832
0.9999812867118659
0.9999814487004347
0.999981221425965
0.9999813085813744
0.9999811679449343
0.9999811673711984
0.9999811922025145
0.9999810423472425
0.9999812190838497
0.9999810430061054
0.9999811610141267
0.9999810030659253
0.9999808746007831
0.9999809702789156
0.9999807489449797
0.9999808277997925
0.9999806916021283
0.9999807084562793
0.9999806563587701
0.9999805473706777
0.9999806849874887
0.999980486154203
0.9999805612729602
0.9999804199880262
0.9999803402568457
0.9999803724603654
0.9999801874586558
0.9999802883548393
0.9999800563889668
0.9999801164660455
0.9999800586519663
0.9999799709261734
0.9999800585308363
0.9999798863988046
0.9999800051165731
0.9999798604361458
0.9999798437501544
0.9999797950944007
0.9999796241449261
0.9999797082110865
0.9999795325177713
0.9999795732550798
0.9999794455884505
0.9999793818542729
0.9999794321134745
0.9999792362532679
0.999979316410812
0.9999791306751348
0.9999791820203751
0.9999791348915832
0.9999789861400837
0.9999790800090853
0.9999788852109013
0.9999789865853306
0.9999788652728632
0.9999788376892013
0.9999787522101633
0.9999786053589846
0.9999787418547449
0.9999785319688833
0.9999785781485544
0.9999785125724112
0.9999784024312236
0.9999784359870864
0.9999782656452384
0.9999784065947671
0.9999781705353833
0.9999781937873884
0.9999781705566271
0.9999780192795363
0.999978089234306
0.999977917482333
0.9999779743673958
0.9999778781183342
0.9999778144919448
0.9999778560149658
0.9999776993001879
0.9999778145829745
0.9999776144496731
0.9999776818018583
0.9999776230258303
0.9999775284084946
0.9999775870261116
0.9999773756290392
0.9999774761363943
0.9999773329357071
0.9999773286914156
0.9999773910792914
0.9999771903866154
0.9999772684857906
0.9999770712659914
0.9999771609818519
0.999977090787724
0.9999770093283659
0.9999770768996509
0.9999768551427773
0.9999769722956267
0.9999767659253549
0.9999767672045886
0.9999767219740634
0.9999765967735019
0.9999766527477778
0.9999763984573303
0.9999765025281315
0.9999763627282909
0.9999764001050998
0.9999763599654743
0.9999761984905211
0.9999762532068563
0.9999760835499484
0.9999761117754906
0.9999760297774187
0.9999759337934764
0.9999759577832388
0.999975755015933
0.999975828598733
0.9999756724464888
0.9999757230038984
0.9999756992360888
0.9999755348584249
0.9999756498484341
0.999975498748905
0.9999755361700354
0.9999754158636824
0.9999754219962081
0.9999754184495201
0.9999752038499973
0.9999753203665596
0.9999751918290024
0.9999751804659188
0.9999750667440778
0.9999750338220629
0.9999750127362128
0.999974824731036
0.999974871248634
0.9999746952470061
0.9999746578586332
0.9999746319533104
0.9999744731612074
