0.9999999501919548
0.9999836634404301
0.9999677449834813
0.9999513993822229
0.999934727581142
0.9999170166839699
0.999899338999182
0.9998822992574705
0.9998670261859238
0.9998512618047319
0.9998356753742722
0.999821641990526
0.9998076766325561
0.9997919184369489
0.9997774527289012
0.9997558871854552
0.9997455325459552
0.999727347192842
0.9997106533118486
0.9996941711078585
0.9996788262185337
0.9996649366127992
0.9996464684310735
0.9996302860632749
0.9996135437187622
0.9995937649296086
0.9995783936152526
0.999559256122418
0.9995424039102371
0.9995288085477133
0.9995135108939713
0.9994950012125339
0.9994764788726315
0.9994613977750355
0.9994444000643581
0.9994335272325556
0.9994148463401766
0.9994003468386321
0.9993851385034925
0.9993688698450297
0.9993496669891162
0.9993288338210341
0.9993062794775827
0.9992838443704555
0.9992604531449193
0.9992469917287824
0.9992265089310707
0.999211151535673
0.9991877090776424
0.9991693895999109
0.9991521046089291
0.9991338261816619
0.9991214771171832
0.999106532621978
0.9990894995539766
0.9990685716303414
0.9990513805677289
0.9990383985303453
0.9990273924139934
0.9990184749896533
0.9989926439581659
0.9989730071621508
0.9989593090839586
0.9989392092499465
0.9989209356496466
0.9989078910110805
0.9988848907068358
0.9988653554277874
0.9988529403838492
0.9988339457143938
0.9988213612919177
0.9988031195925329
0.9987826926488049
0.9987606391541902
0.9987447979127217
0.9987355149775563
0.9987169711865571
0.9986968470463006
0.9986717073835258
0.9986603787091243
0.9986358702888564
0.9986193969689345
0.9986076078811783
0.9985895041143201
0.9985823177428046
0.9985638792967838
0.9985515851359448
0.9985387456104461
0.998515718819405
0.9984991044787273
0.9984888083553263
0.9984673516486392
0.9984468719321263
0.9984175459404946
0.9983959422681185
0.9983765240107467
0.9983600129130618
0.9983318577602667
0.998314280274093
0.9983026809381271
0.9982841997769082
0.9982693221166302
0.9982568186369709
0.9982416557264843
0.9982305245691487
0.9982089426233127
0.9981966139112448
0.9981806311606373
0.9981703666850591
0.9981609893573801
0.9981483356265117
0.9981247661043077
0.9980967316723005
0.9980788167013132
0.9980681862445312
0.9980487534182774
0.9980400391000226
0.9980237804994514
0.9979979830316736
0.9979748535264127
0.9979531658233233
0.9979451414788286
0.9979183436383402
0.9979035772374072
0.9978852408165256
0.9978775904778725
0.997864519576923
0.9978561737885987
0.9978389891105273
0.9978308177858373
0.9978074259735218
0.9977918776595112
0.9977694589689777
0.9977672711374118
0.9977465157408038
0.9977275841371867
0.9977106404299105
0.9977048980424615
0.9976915007295138
0.9976797584829221
0.9976683826624174
0.9976577220622782
0.9976504939277832
0.9976350789926708
0.99762411781275
0.9976025101198117
0.99758866327714
0.9975711688809583
0.9975651868102808
0.9975561218875468
0.9975318252368611
0.9975186507883615
0.9974964389351121
0.997473171103941
0.9974496423304141
0.9974435527659775
0.9974215902150985
0.997399147327923
0.9973811662897454
0.9973626714356664
0.9973440589876655
0.9973264831332956
0.9973113528289381
0.9972898978110373
0.9972899143804989
0.9972891182911994
0.997267033041698
0.9972566647173016
0.9972446147757836
0.997234516046402
0.9972190439500779
0.997202845837082
0.9971917203885045
0.9971804613486771
0.9971718995092367
0.9971422271676531
0.9971250342508805
0.9970996070873129
0.9970781088685288
0.9970689034992214
0.9970430557620406
0.9970117897128751
0.9969928363252342
0.9969888384056763
0.9969652751844302
0.9969469295975592
0.9969386914828198
0.9969282810095271
0.9969036163158799
0.9968824407807307
0.9968746491995522
0.9968651819347044
0.9968429278472407
0.9968198475574914
0.9967983313236414
0.9967770343948533
0.9967641738329284
0.9967328197759334
0.9967065886305855
0.9966890827773428
0.9966769860448674
0.9966626329825282
0.9966566392534018
0.9966457441383016
0.9966267280493855
0.9966043781134479
0.9965844897147539
0.9965530700676578
0.9965499074520133
0.9965248665101095
0.9965056649451142
0.996499386158213
0.9964784869361594
0.9964578426135778
0.9964433481108337
0.9964255698869529
0.9964144356830846
0.9964051373904005
0.9963933868317338
0.9963879569875737
0.9963710801035072
0.9963512095815922
0.9963356335684657
0.9963255946965225
0.9963087294112292
0.9962856563083374
0.9962684300121545
0.9962487097126098
0.9962353996514431
0.9962362988905464
0.9962141639330945
0.9961939977038482
0.9961751711352008
0.996156504552417
0.9961328106893843
0.9961191821997668
0.9960975034832429
0.9960835102206692
0.9960770631095383
0.9960691879671297
0.9960557350703593
0.9960486382894875
0.9960462333350768
0.9960271459967228
0.9960269569994269
0.9960175249555245
0.9959904941627008
0.9959708569785041
0.9959483353470264
0.9959119303679634
0.9958971449474152
0.9958851167832248
0.9958720401567523
0.995854454393484
0.9958421663099017
0.9958072766294784
0.9957942072697321
0.9957780978947098
0.9957701388852989
0.9957518614847569
0.9957320785780129
0.9957207761897406
0.995710745166706
0.9956901299531614
0.9956748745733082
0.9956555137195028
0.9956477369804082
0.995632344203251
0.9956173652744775
0.9956237637325627
0.9956078695127728
0.9955786832554231
0.9955780991893537
0.995565210760174
0.9955415901273812
0.9955250076413736
0.9955058446038487
0.995489673536197
0.9955013286010003
0.9954685965300659
0.9954635556528475
0.9954502262805759
0.9954219936817313
0.9954024197144761
0.9953880495915934
0.9953680337011201
0.9953593534704583
0.9953508132538971
0.9953238572278547
0.9953173136600005
0.9952999994897147
0.995280763728413
0.9952680280912203
0.995256123645787
0.995229887418244
0.9952154214084172
0.995204072694723
0.9952098247027085
0.9951744855399122
0.995156370455338
0.9951465748098713
0.9951359888794185
0.9951301579274937
0.9950926404339363
0.9950703025545051
0.9950489939235935
0.9950137562268793
0.994994401739401
0.9949788635776755
0.9949567257179924
0.9949397721274911
0.9949203365274623
0.9948975950054325
0.994879211148322
0.9948659574986749
0.9948602705332541
0.9948475315901333
0.9948473384034705
0.9948467016260941
0.9948257715730691
0.9948061488958111
0.9947812796661034
0.994743941761639
0.9947388054151316
0.9947174432802911
0.9946936584661408
0.9946757846250801
0.994666086457394
0.9946629436603192
0.9946563913380276
0.9946325411735211
0.9946052137116315
0.9945815444772141
0.9945518428762234
0.9945380204480183
0.9945355739292044
0.9945155215910828
0.9945063321237053
0.9944940216748234
0.9944810365853605
0.9944438935917669
0.9944252019036228
0.9944266258246174
0.9943907959052624
0.9943747028815866
0.9943639517057629
0.9943438007385167
0.9943280274515305
0.9943212318246573
0.9942997331201301
0.9942789741550971
0.9942653955032432
0.9942568409682699
0.9942429595090772
0.9942118725500212
0.9941967044685079
0.994187909912636
0.9941726931036305
0.9941618137239935
0.9941378576081893
0.9941186452888525
0.9940922479040999
0.9940787576478117
0.9940504961458017
0.9940496633119901
0.9940294078307815
0.9940100015139182
0.993987285583405
0.9939812342310945
0.9939365327218816
0.9939187461963642
0.9939151056540352
0.9938938170671696
0.993874862220111
0.9938564006000694
0.9938488322885226
0.9938367532697601
0.993810501029164
0.9937871040738337
0.9937884771942234
0.9937551171643263
0.9937488034729269
0.9937330780260941
0.9936932861068538
0.9936844297120289
0.9936543961103662
0.9936375267592953
0.9936287849572063
0.9936126015017245
0.9935966720053236
0.993579581864093
0.9935618568442296
0.9935434203753392
0.9935175233300069
0.9934930673627486
0.9934715365399496
0.9934593382499158
0.9934360599830634
0.9934248763387115
0.9933926003813623
0.9933689823200051
0.9933318074459865
0.9933090085575503
0.9932913176246505
0.9932850434399619
0.993258370955194
0.9932553151264595
0.9932296968394217
0.9932285311286161
0.9932077475868825
0.9931956969434095
0.993175856071258
0.9931577728741238
0.9931517088619384
0.9931269429028645
0.9931160984565579
0.9930984696988986
0.9930917769885553
0.9930844321874466
0.9930591597362067
0.993058053885227
0.9930550610513281
0.9930428444641531
0.9930234084791901
0.9929992113967511
0.9929839115623101
0.9929722428341129
0.9929522674560185
0.9929442714612328
0.9929328250599213
0.9929010283131127
0.9928762168875892
0.9928557695375599
0.9928336016586458
0.9928063309599854
0.9927884369803799
0.9927551489832701
0.992740740617612
0.9927334999703026
0.9927049791104927
0.992671894032153
0.9926527941718035
0.9926484171526843
0.9926233107555276
0.9926125599391262
0.9926044327204404
0.9925915230097184
0.99257310745117
0.992554707055828
0.9925450552899103
0.9925224123071694
0.9925074755818692
0.9924923331203089
0.992477799022785
0.9924908414823977
0.9924678160053975
0.9924554979032859
0.9924352350935017
0.9924329291299834
0.9924273399928172
0.992391544355678
0.9923595680382375
0.9923348169373516
0.9923273844468228
0.992316353160867
0.9923092461168148
0.992293946207606
0.9922764223192913
0.9922614407130393
0.9922508326096389
0.9922117090848632
0.9921791913679611
0.9921849506561241
0.9921332894590764
0.9921340142009845
0.9921207707813801
0.9921110203724092
0.9921057734778153
0.9920677029032589
0.9920428977481084
0.9920261642387298
0.992009021727888
0.9919852950648446
0.9919719197956077
0.991945677315031
0.9919158869293908
0.9918844530079549
0.9918703437952061
0.9918734784337695
0.9918674839406011
0.9918358592290275
0.991807790063481
0.9917913242276412
0.9917666788036671
0.9917472967955351
0.9917592721116348
0.9917522970836133
0.9917195268285451
0.9917060617244654
0.9916983687392243
