0.9999999555258893
0.9999835531291248
0.9999675395142339
0.9999509960409287
0.9999353514806889
0.9999186572985879
0.9999019819897598
0.9998852545825868
0.999865950783233
0.9998498744639083
0.9998324236735118
0.9998138054447706
0.9997933924461551
0.9997771062355536
0.999766362055725
0.9997532059446871
0.9997380463549851
0.9997192712279239
0.999699691140512
0.9996845447290702
0.9996675421231883
0.9996512430915434
0.9996390379300724
0.9996228258164284
0.9996100126161402
0.9995930560828419
0.9995774698198129
0.9995583197301098
0.9995432593022547
0.9995256873169646
0.9995083742308553
0.9994929887498294
0.9994738926638572
0.9994596660643612
0.9994495048410691
0.9994293738689735
0.9994152109687077
0.9993987510610384
0.9993823612278141
0.9993688022110886
0.9993509273981984
0.9993316489209866
0.9993187553512226
0.9993004363301167
0.9992802345804032
0.9992589519852212
0.999245330555702
0.999224499008246
0.9992028482295342
0.9991837013785004
0.9991686115645513
0.9991495515641743
0.9991395346970348
0.9991295518767822
0.9991154678013138
0.9990964287473656
0.9990805890211472
0.9990606122202481
0.9990450723120715
0.9990315779205575
0.9990195769138488
0.9990096032506298
0.9989935922664052
0.998977444584288
0.9989623156254483
0.9989365733591136
0.998925019971618
0.9989103272843635
0.9988981830785415
0.9988776764197228
0.9988599673468581
0.9988428746872045
0.9988215315803115
0.9988012627204294
0.9987850936403944
0.9987669975913033
0.9987537338189098
0.9987361493881404
0.9987232110501277
0.9987065096576615
0.9986843818121866
0.9986696564288209
0.9986500534622679
0.9986252731794508
0.9986040143598723
0.9985839766410814
0.9985637940988648
0.9985441668363148
0.9985201712366901
0.9985020117987454
0.9984852639529955
0.9984674922642515
0.9984513719599634
0.9984328882454232
0.9984096850540535
0.9983930506943879
0.9983782109123694
0.9983597657309552
0.9983425082336773
0.9983253565472844
0.9983060001886058
0.9982899384999211
0.9982710107423571
0.9982547380241346
0.9982473029112935
0.9982355195365226
0.998221776103635
0.9982026192506994
0.9981937529649949
0.9981825965354775
0.9981533558522199
0.9981488835431547
0.9981332699888452
0.9981191595023581
0.9980956963023402
0.9980806851663719
0.9980670773805055
0.9980465399472627
0.9980278675956344
0.9980117648632663
0.997998608303544
0.9979827829634196
0.9979663109163441
0.9979537468126725
0.9979360762348558
0.9979256411304016
0.9979045480912107
0.9978899439916218
0.9978730705742804
0.9978581250667078
0.9978390562139995
0.9978178709012359
0.9977960357146474
0.9977756168124192
0.9977566322725767
0.9977314685557158
0.9977124124453441
0.9976944032794055
0.9976891670408614
0.9976798894057002
0.9976683471313361
0.9976498888149966
0.9976415791589778
0.9976226014259313
0.9976038384390699
0.9975844509637208
0.9975748227827844
0.9975527508290223
0.997532161501089
0.9975108782796773
0.9975053683321586
0.9974985581099037
0.997489988951148
0.9974797776482824
0.99746347138864
0.9974422400794115
0.9974179235045824
0.997400119917347
0.9973740123995821
0.9973554160648735
0.9973255143786173
0.9973039110177772
0.9972921662055697
0.997281662626613
0.9972744474959362
0.9972490321544816
0.9972248788547702
0.9972134561148558
0.9972034665378358
0.9971993826077993
0.9971943754556738
0.9971795022318398
0.9971706727568864
0.9971477546204695
0.9971399125455687
0.9971196961749479
0.9971097995433305
0.9970867298704964
0.9970711362708667
0.9970551270124149
0.9970404676186626
0.997024225463576
0.9969983892942322
0.9969748830151837
0.9969622357299138
0.9969437911751404
0.9969268823302739
0.996909071405267
0.9968799578273296
0.9968657827051856
0.9968505979844404
0.9968405380361447
0.9968257994714722
0.9968070665837658
0.9967868157815282
0.9967675438100266
0.9967549371073402
0.9967356728732567
0.9967109039170379
0.9966796902808656
0.9966543562530494
0.9966312026970098
0.996614175628709
0.9966021835348399
0.9965861651925653
0.9965710428471939
0.9965596442853153
0.9965401379470171
0.9965247659223766
0.996518792785557
0.9965016192537074
0.9964919931236694
0.9964867383124388
0.9964809152192194
0.9964723267273803
0.9964608879270995
0.9964440419016578
0.9964343825948063
0.9964260875225278
0.996396651896029
0.9963846991468285
0.9963817618720457
0.996363751034272
0.9963401142770411
0.996328478613882
0.9963131944555883
0.9963039327150104
0.9962887706523289
0.9962749565098887
0.996257533868889
0.9962338471484226
0.9962153157185833
0.9961924581518561
0.9961831442180066
0.9961542511838211
0.996134700777068
0.9961220086500508
0.9961096677072533
0.9961058090558179
0.9960893965997084
0.9960791013247154
0.9960616667756668
0.9960583793783307
0.9960282321061695
0.996002622845659
0.9959857399059863
0.995969625431065
0.9959494828282931
0.9959374758957105
0.9959257350594652
0.9959028640134482
0.9958771671051616
0.9958539855718701
0.9958344716310471
0.9958345209009477
0.9958322390317293
0.9958172191728739
0.9957990549508187
0.9957843385710446
0.9957606767126083
0.9957455203677097
0.9957232535581662
0.9957132653195518
0.9956892993195908
0.9956671638546202
0.9956539826471502
0.9956305274124664
0.995620003900425
0.9956106825759816
0.9955978713177093
0.9955816712817305
0.9955603631817972
0.9955488458461121
0.9955414549485105
0.9955339414802044
0.9955313249774352
0.995525885097868
0.9955092073153012
0.9954843908858825
0.9954655599137702
0.9954389241350096
0.9954188862772161
0.9954036579845272
0.9953837572055183
0.9953549041038597
0.9953346682124036
0.995326746080675
0.995301825591991
0.9952834975327144
0.9952534104061959
0.9952298063489567
0.9952046577399156
0.9951755582650428
0.9951601387476303
0.9951557727120999
0.9951306518625765
0.9951129931641669
0.9950991923375926
0.9950829061498503
0.9950599672699145
0.9950471915005518
0.9950310150487996
0.9950284323065135
0.9950236921076945
0.9950069556441001
0.9949858081544405
0.9949699735957727
0.994958523545372
0.994946304846361
0.9949225880617651
0.9949068475773462
0.9948752105086461
0.9948657896036035
0.9948633637881095
0.994853570341241
0.9948182929597384
0.9948117121519695
0.9947788896210882
0.9947657491889691
0.9947611687041138
0.994737451736058
0.9947209007212504
0.9947049756666455
0.9946830797801661
0.9946746514677223
0.9946630498284991
0.9946463477365441
0.9946296533493901
0.9946126607691771
0.994597030198066
0.9945853472715466
0.9945621366557623
0.9945311711586687
0.9945280979170199
0.9945157330885637
0.9944966276478799
0.9944789946325526
0.9944492479659628
0.994432085852821
0.9943968906308726
0.9943751560515313
0.9943838971308409
0.994352162761014
0.9943562298475469
0.994337867109687
0.9943180292806354
0.9942991663334653
0.9942924533146106
0.9942636548426861
0.9942483143241712
0.9942313221390238
0.9942029044901279
0.9941689966288464
0.9941610567973086
0.9941279064640055
0.9941162274596314
0.994110171010403
0.9941083741734069
0.9940875496441121
0.9940645317877486
0.9940390946731158
0.9940171483552805
0.9939897454475927
0.9939707948219774
0.993958691387469
0.9939367582578936
0.9939292086926917
0.9939058787315386
0.9938995040957624
0.9938800672904732
0.9938622961113139
0.9938414945010892
0.9938217495440166
0.9938153266958675
0.9938014179979189
0.9937756244874953
0.9937507948830078
0.9937250702436681
0.9936997751263639
0.9936903670122513
0.9936585003129116
0.9936387540395202
0.993591949347582
0.9935697602080567
0.9935559379675384
0.9935374173574051
0.9935315327381602
0.9935174764517083
0.9934988814378793
0.9934746103442667
0.9934439802009825
0.993431908568561
0.9933956245063167
0.9933846898034404
0.9933719037991026
0.9933694395469455
0.9933646638213703
0.9933476664834089
0.9933205754869021
0.9933186312423077
0.9932987295891567
0.9932764928194753
0.993273519115133
0.9932683040310301
0.993248524219459
0.9932378180792035
0.9932389023892709
0.9932409601174863
0.9932272821851684
0.9932202422536419
0.9931871599682398
0.9931793016168384
0.9931699736033581
0.9931535291369771
0.9931305465260245
0.9930942097021931
0.9930738787596798
0.993052592210344
0.993033303210831
0.9930170463030629
0.9929918295193745
0.9929850558520501
0.9929660711326849
0.9929625686769024
0.992941565045442
0.9929318824712577
0.9928964991651245
0.9928862754705299
0.9928534493669676
0.9928400746464434
0.9928123340719854
0.9927874947271453
0.9927758868382415
0.9927579192433205
0.9927477611158511
0.9927412428497784
0.9927140653519057
0.9926844998648033
0.9926772701752812
0.9926576041656013
0.9926247469016123
0.992604281289039
0.9925974460436551
0.9925865044591005
0.9925860351592439
0.9925792496443794
0.992551087265808
0.9925340357260359
0.9925209360189232
0.992507418700716
0.9924803998455298
0.9924511463701202
0.9924240665611656
0.9923955853935532
0.9924007903854088
0.9923690545354785
0.9923485892385897
0.9923306819261102
0.9923015424435387
0.9922820075658494
0.992263357632089
0.9922730767833919
0.9922569086254607
0.9922361202656389
0.9922092849210447
0.9922050770226142
0.9921809877069054
0.9921658120654675
0.9921494382277539
0.9921032664379816
0.9920722452610969
0.9920627084976422
0.9920342258655944
0.992032021216481
0.9920140801252617
0.9919870268975315
0.9919569682197334
0.9919322339917012
0.9919161731456017
0.9919055155778558
0.9918881984491406
0.9918618809958751
0.9918300924931495
0.991809046800382
0.9917797533297364
0.9917604791860455
0.9917596075457661
0.991741311686897
0.991729128028491
0.9917248801078921
0.9917236516059258
0.9917190796982737
0.9917091561854908
0.9917092385484391
0.9917006814086274
0.991711229474171
0.9917099652733214
0.9917027488144834
0.991702005762527
0.9916894378164737
