0.9999999055832804
0.9999995429927947
0.9999996480110417
0.9999997185858809
0.9999993644451871
0.9999996659254805
0.9999994392656604
0.9999993267021271
0.9999995720280271
0.9999991901642462
0.9999993630360918
0.999999356375741
0.9999990604333652
0.9999993782191959
0.9999990895308818
0.9999990633929547
0.9999992376750081
0.999998853090505
0.9999990897700295
0.9999989861890085
0.999998760890831
0.9999990594684722
0.9999987332650445
0.9999987929885997
0.9999988995548993
0.9999985511076818
0.9999988390992942
0.9999986555462467
0.9999984973142234
0.9999987558311443
0.9999983951935566
0.9999985349989722
0.9999985595410634
0.9999982368522063
0.9999985302494109
0.9999982744336839
0.9999982170967686
0.9999984173673365
0.9999980422064535
0.999998234151666
0.999998163491782
0.9999979122919788
0.9999981879885775
0.9999978813455737
0.9999979002163402
0.9999980406534144
0.9999976961782489
0.9999979501217424
0.9999978121374907
0.9999976366039431
0.9999978940890593
0.9999975601856647
0.9999976673492782
0.9999977263219404
0.9999973985314987
0.9999976870699665
0.9999974767862493
0.9999973631867427
0.999997587133383
0.9999972274351542
0.9999973859442473
0.9999973513176021
0.9999970823005953
0.9999973639535675
0.9999970939514855
0.9999970912113285
0.9999972565453288
0.9999968823722752
0.9999971028271906
0.9999970034401251
0.9999967898838016
0.9999970599497233
0.9999967218883989
0.999996773643123
0.9999968741516878
0.999996543403238
0.999996787290824
0.9999965975265215
0.9999964771807996
0.9999967356061917
0.9999963618252239
0.9999965035084956
0.9999965250840295
0.9999962361515009
0.9999965254511487
0.9999962881643165
0.9999962355374776
0.9999964128486213
0.9999960596248522
0.9999962420313699
0.9999961668896918
0.9999959416624848
0.999996208943243
0.9999959079982116
0.9999959351766443
0.9999960680636313
0.9999957510409172
0.9999959662189962
0.999995819899104
0.9999956368593557
0.9999958806297757
0.9999955651892956
0.9999956326743036
0.9999956781392184
0.999995372164606
0.999995630760926
0.9999954386428588
0.9999953698357803
0.999995576972363
0.9999952421140178
0.9999953870713005
0.9999953528765062
0.9999951049398911
0.9999953462459721
0.9999950741710237
0.9999950413119076
0.9999951980827251
0.9999948703244111
0.9999950809654047
0.9999949518258838
0.9999947818969395
0.9999950143315219
0.9999947445408824
0.9999948019530519
0.9999948807242656
0.9999945675087457
0.9999947793781572
0.9999946204704261
0.9999944731254515
0.9999946993474617
0.9999943807019058
0.9999944713929229
0.9999945048386722
0.9999942468267089
0.9999944847513274
0.9999942513504291
0.9999942050337566
0.9999943697159442
0.999994047666274
0.9999942087640559
0.9999941383937964
0.9999939102833816
0.9999941322072673
0.9999938722711083
0.9999938635388312
0.9999939887328649
0.9999936769980771
0.9999938852740327
0.9999937783440349
0.9999936542464307
0.999993865135345
0.9999935546020663
0.9999936413186431
0.9999936587316759
0.999993402352641
0.9999935880285534
0.9999934127394882
0.9999933093071338
0.9999934872336683
0.9999931884804202
0.9999933068920137
0.999993294321484
0.9999930727889589
0.9999932989082655
0.9999930362510366
0.9999930181139516
0.9999931706542973
0.9999928436328727
0.9999930453118866
0.9999929439381804
0.9999927692081854
0.9999929839970403
0.9999927150825529
0.9999927490052813
0.9999928286768539
0.9999925200499212
0.9999927427220691
0.9999925964222255
0.9999924406205748
0.9999926423012739
0.9999923491573033
0.9999924382875245
0.9999924529438602
0.9999922173676837
0.999992406634792
0.9999921844895658
0.9999921231866037
0.9999923034689143
0.9999919922541951
0.9999921409893148
0.999992074261033
0.9999918636293181
0.9999920957991519
0.9999918161983871
0.9999918248893451
0.9999919090566981
0.999991601760156
0.9999917692144561
0.9999916542421816
0.999991499848726
0.9999917094633269
0.999991441263413
0.999991497765446
0.9999915484862006
0.9999912610281609
0.9999914701368676
0.999991310057072
0.9999911901448942
0.999991380307325
0.9999911100377762
0.9999912346714943
0.9999912273226487
0.999991025280969
0.9999912303454074
0.9999910151273178
0.999990982359369
0.9999910891929802
0.9999907913826338
0.9999909512900648
0.9999908500920329
0.9999906452307281
0.9999908506414644
0.9999905743389664
0.9999906097669141
0.9999906946577445
0.9999904009762169
0.9999905759525404
0.9999904357423931
0.999990299464658
0.9999905042477826
0.9999902335061487
0.9999903439628287
0.9999903536638586
0.9999900931900062
0.9999902937928917
0.9999901094040448
0.9999900440221907
0.9999901855107166
0.9999898992195253
0.9999900430548168
0.9999899822295025
0.9999897606280691
0.9999899815841402
0.9999897431799384
0.9999897578043875
0.9999898496018417
0.9999895399361055
0.9999897307840495
0.9999896401978847
0.9999895068962088
0.999989741905289
0.9999894913285015
0.9999895768528922
0.9999896221051523
0.9999893868323624
0.9999895764963632
0.9999893680950278
0.9999893135601885
0.9999894766926947
0.999989221979217
0.9999893425114105
0.9999893378335344
0.9999891115288032
0.9999892907991689
0.9999891000055527
0.9999891221456312
0.9999892746315271
0.9999889869942794
0.9999891284783826
0.9999890859902737
0.999988900499804
0.9999890997854302
0.9999888342387275
0.9999888485726941
0.999988913328926
0.9999886443966267
0.9999888330620677
0.9999887002122165
0.9999885407883873
0.9999887222505953
0.9999884651615832
0.9999885630471603
0.9999885874787601
0.9999883684464576
0.9999885576828325
0.9999883342764274
0.9999882870030462
0.999988424871196
0.9999881762054776
0.9999883122879148
0.9999882894051977
0.9999880880977136
0.9999882923552916
0.999988089880436
0.999988058289608
0.999988149573677
0.9999878953024308
0.9999880572676517
0.9999879518674091
0.9999878190201635
0.9999880291660286
0.9999877887385991
0.9999878152430219
0.9999878736175797
0.9999876089232637
0.9999878034771935
0.9999876614828462
0.9999875889629521
0.9999877180858457
0.9999874504932467
0.9999875510842807
0.9999875316823932
0.999987330072053
0.9999875206369929
0.9999873151218366
0.999987288533889
0.9999874157972702
0.9999871362317968
0.9999872295923945
0.9999871687055683
0.9999870489677104
0.9999872314137298
0.9999869721329319
0.9999870142970299
0.9999870756950463
0.9999868179549247
0.9999869437038839
0.9999867964067344
0.9999866613353408
0.9999868158512004
0.999986607833979
0.9999867023620612
0.9999866740514006
0.9999864125757928
0.9999866215692881
0.9999864218353706
0.9999863882701635
0.9999864997087512
0.9999862179619217
0.9999863064285164
0.9999862492532695
0.9999860744636798
0.9999863043273758
0.9999860879232811
0.9999861156039669
0.9999862083479156
0.9999859229765532
0.9999861106868796
0.9999860274728817
0.9999859111943801
0.9999860465438811
0.9999857992098043
0.9999858427394753
0.9999858865658173
0.9999856368629245
0.9999857804402719
0.999985630109273
0.9999855558363251
0.9999856784014266
0.99998542996336
0.9999854809023053
0.999985468082027
0.9999852621421844
0.9999854407572216
0.9999852525474412
0.9999852169700391
0.9999853122756422
0.9999850524675078
0.9999851607675522
0.9999851180008053
0.9999850338801557
0.9999851999960193
0.9999849843986351
0.9999850149156239
0.9999850532721636
0.9999848288955644
0.999984995673403
0.9999848433683632
0.9999847872368128
0.9999849444813649
0.9999847284440854
0.9999848487745167
0.999984831967602
0.9999846329797392
0.9999847906940748
0.999984626977609
0.9999845561596261
0.9999846524567017
0.999984391488068
0.9999844729829565
0.9999843752048657
0.9999842224266773
0.9999843831964262
0.9999841221654836
0.9999841177674657
0.9999841920575663
0.9999839663146144
0.9999840699264222
0.9999839723667954
0.9999838582543289
0.999984018550044
0.9999837634482621
0.9999838209555159
0.9999838506307875
0.9999836134177484
0.9999837361201909
0.9999835763055229
0.9999834862033278
0.9999835957408068
0.9999833743491704
0.9999834248606769
0.9999834226615453
0.9999832201327654
0.999983345223897
0.9999831921638095
0.9999831541239754
0.9999832399904323
0.9999830541096296
0.9999831319340204
0.9999830532549423
0.9999829158554386
0.9999830612510338
0.9999828651153274
0.999982827492839
0.9999829140144614
0.9999826621287371
0.9999827742219564
0.999982666136141
0.999982559058957
0.9999826946306437
0.9999824868824251
0.9999825548884435
0.9999825145527059
0.9999822959015804
0.9999824539552484
0.9999822559223904
0.9999822209069276
0.9999822866328928
0.9999820501507845
0.9999821419039452
0.9999820559923878
0.9999819128764174
0.9999820117422747
0.9999818015900068
0.9999817650648379
0.9999818552418727
0.9999816659545269
0.9999817489053789
0.999981641420774
0.9999815553888747
0.9999816334762887
0.9999814318805175
0.9999814971290507
0.9999815076533691
0.9999813596794151
0.9999814635745224
0.9999813441569727
0.9999812940695381
0.9999814035227375
0.9999811880453038
0.9999812992268736
0.9999812284061365
0.9999811186973959
0.999981248706824
0.999981021997758
0.9999809706343434
0.9999810329076966
0.9999808430457481
0.999980936915355
0.9999808291467136
0.9999806717484577
0.9999807935019916
0.999980624661861
0.9999806951758722
0.9999806663506224
0.9999804789864666
0.9999806342954709
0.9999805480306542
0.9999804397929856
0.9999805487176872
0.9999803770143302
0.9999804343223684
0.9999804559327925
0.9999802639116239
0.9999804156524094
0.9999802693842853
0.9999802267841027
0.9999802741724045
0.9999800780476971
0.9999801504485699
0.9999800920619556
0.9999799511326712
0.9999800516796706
0.999979846339263
0.999979846412691
0.9999798642312938
0.9999796884003569
0.9999797929647344
0.9999796810165308
0.9999795453291774
