0.9999998692608679
0.9999838428641277
0.9999683096848699
0.9999533495299586
0.9999367159678969
0.9999209859700122
0.9999047159455693
0.9998902555222595
0.999874967525713
0.999860770074604
0.999842979442007
0.9998283588553921
0.9998101551243891
0.9997975954806575
0.9997827967045659
0.9997674061651878
0.9997517144515048
0.9997366392160911
0.9997170464784197
0.9997026438634504
0.9996826903241304
0.999665065327906
0.9996464172219951
0.9996276095388291
0.9996088322823268
0.9995880546190602
0.9995694737503799
0.999549617962149
0.9995352335258189
0.9995187091905953
0.9994985947585621
0.9994794356936736
0.9994640962756718
0.9994464725752584
0.9994310499833045
0.9994095375896158
0.9993947540094531
0.9993796982789172
0.9993610085791924
0.9993408881040116
0.99932309799156
0.9993042645425226
0.9992873626599507
0.9992661656240542
0.9992529726503798
0.999240546555378
0.9992262932730277
0.9992094819018779
0.999193535306043
0.9991796644812976
0.9991686984262268
0.9991507035710633
0.9991316069396015
0.9991177523613439
0.9991028702297252
0.9990843286358654
0.9990688575240286
0.9990464030173681
0.9990295902033453
0.9990116515403562
0.9989963443203983
0.998978403700041
0.9989651479367395
0.9989578691299773
0.9989424609668004
0.998929996539285
0.998914930611604
0.99890056722727
0.9988846438000326
0.9988672631979488
0.998852790915736
0.9988306128025868
0.9988172364037978
0.9988081518780868
0.9987894903907192
0.9987781026096365
0.9987605212708244
0.9987436681769097
0.9987219438232044
0.9986971552492304
0.9986747452004087
0.9986697586372282
0.9986503587402105
0.9986408314318942
0.9986279363058755
0.9986120051354611
0.9985883992294056
0.9985899547457585
0.9985639072618008
0.998546312257484
0.9985276610514981
0.9985090547791257
0.9984913502090094
0.9984769594609517
0.9984533316355612
0.9984359587388113
0.9984083564597954
0.9983893880557058
0.9983764800011591
0.9983570112271503
0.9983353554199752
0.9983187452636116
0.998306448830364
0.9982980548391215
0.9982797897523412
0.9982661858118054
0.9982526721566531
0.9982442368986533
0.9982226810272509
0.9982033833722612
0.9981907949052437
0.9981823387738696
0.9981772452600483
0.9981647697982613
0.998159082771638
0.9981500463659191
0.9981296475141552
0.9981115466489547
0.9981050792765584
0.9980863068680874
0.9980664160469547
0.9980530090384679
0.9980389867351801
0.998026130491212
0.9980108565967362
0.9979901100868235
0.9979761300573283
0.9979591458300485
0.9979447749089326
0.9979325108811667
0.9979092373256806
0.9978933029532852
0.997881454576832
0.9978582370552788
0.9978406999466851
0.9978199971072599
0.9978022917491047
0.9977821637210965
0.9977781713938777
0.9977541945972671
0.9977323301012287
0.9977140442142786
0.9976957682078853
0.9976777490991366
0.9976663820288949
0.9976409002553509
0.9976237766029488
0.997608258501263
0.9975829843255889
0.9975620814382317
0.9975452800242633
0.9975390620933566
0.9975208542516707
0.9975035571692473
0.997488062121678
0.9974817448692037
0.9974652862020806
0.9974436652282188
0.9974288130258375
0.9974074881362219
0.9973984193661444
0.9973704157063504
0.9973477721944661
0.9973323927879724
0.9973192114858247
0.9973019542455493
0.9972840717347069
0.9972729933984376
0.9972547225712822
0.9972404437942114
0.9972223885298961
0.9972003734041548
0.9971870931602178
0.997164120346175
0.9971519555912967
0.9971332599303585
0.9971197765077044
0.9970969520744215
0.9970840455838603
0.9970616304408848
0.9970393286117004
0.9970256914459427
0.9969864536969169
0.9969680874239848
0.996944061296828
0.9969214680608675
0.996897486169737
0.9968784657949246
0.9968610906920351
0.9968272914822379
0.996824765410286
0.9968003966358107
0.9967846742080301
0.9967801023218306
0.9967657682330457
0.9967482490618541
0.9967394677975325
0.9967243325772687
0.9967055148049753
0.9966976129488665
0.99668861575547
0.9966692505776513
0.9966595407031803
0.9966526194202222
0.9966382904922149
0.9966225040748095
0.996607771600596
0.9965836570186394
0.9965710898819411
0.9965559278645526
0.9965373784866103
0.9965091514080939
0.9964934978411164
0.9964704851736217
0.9964566584039699
0.9964474172403386
0.9964215654434374
0.9964083781145078
0.9963766694091317
0.9963626744687935
0.9963515907268268
0.9963357156071945
0.9963161897069357
0.9962941509825207
0.9962779738433214
0.9962604707264779
0.9962380482651859
0.9962170986692808
0.9961892289274037
0.9961684157400782
0.9961497150122679
0.9961369930342348
0.9961190659105078
0.9960970827373701
0.9960843304490195
0.9960545526658084
0.9960284171106425
0.996012504968861
0.995982824317931
0.9959675453744415
0.9959689382696679
0.9959553672564871
0.9959331052665557
0.9959123978087997
0.9958945269849045
0.9958644526726836
0.9958533057040309
0.9958381077349803
0.9958285526547329
0.9958176943094709
0.9958098634107195
0.9957881841612702
0.9957673468269158
0.9957513930805114
0.9957314880493686
0.9956994214841272
0.9956633136253851
0.9956614893443437
0.995647475443006
0.9956380945219088
0.9956141103727957
0.9955855863166603
0.9955754257645352
0.9955493067385152
0.9955395681027442
0.9955272911618441
0.9955046360567416
0.9954885771607254
0.9954625149500743
0.995457531721164
0.995437992148475
0.9954234258256149
0.9954225435635928
0.9954081133367723
0.9953747883437957
0.9953560818959828
0.9953279465292205
0.9952908980257033
0.9952741104508982
0.9952593367690294
0.9952392138309004
0.9952251776197464
0.995203775740489
0.995179066299758
0.9951677796149049
0.9951500490800099
0.9951413401732285
0.9951239390099648
0.9951154076299487
0.9950981574623374
0.9950877169342962
0.9950732300367348
0.9950496319628905
0.995028082460036
0.9950075363381794
0.9949779443172585
0.9949507349410349
0.9949293098261006
0.994925143989623
0.9949228282300578
0.9948906507136178
0.9948693672536841
0.9948563726008209
0.9948486885990606
0.9948403339997399
0.9948264232755922
0.9948059012994565
0.9947941338563456
0.9947779935330993
0.9947637512981589
0.994742120782634
0.9947126529343512
0.9946961885513836
0.994668628596288
0.9946441963056659
0.9946247849749811
0.9946037064896521
0.9945751687599539
0.9945673662629207
0.9945475325871629
0.9945413838654068
0.9945259227146087
0.994499142754469
0.9944773411598857
0.9944725753036402
0.9944623342943218
0.9944445537688601
0.9944198075120924
0.9943910679433002
0.9943861405293034
0.9943762208648446
0.994348316971932
0.9943453217827465
0.9943255575785565
0.9942930264577736
0.9942856020864493
0.9942717459243456
0.9942546145176183
0.9942416303117292
0.9942247316133322
0.9942053378170143
0.9942049708718667
0.9941793194823075
0.994177018114267
0.9941451717804062
0.9941193256285691
0.9941085651132022
0.9940976914477624
0.9940861318172257
0.9940732652157287
0.9940418647372653
0.9940299561424972
0.9939910445925862
0.9939735709710025
0.9939354715229695
0.9939188529237579
0.9939161518818206
0.9939069205797771
0.9938794864767215
0.9938712578900258
0.9938505110807869
0.9938297560594914
0.9938154759205767
0.9937831568177758
0.9937548416702017
0.9937598597936934
0.9937444492199201
0.9937254823677407
0.9937234862995845
0.993707049403828
0.9936670945403098
0.993643060213248
0.9936240407641571
0.9936222541138964
0.9936162674158235
0.9935901714705773
0.9935727912799764
0.9935628994776545
0.9935499826608638
0.993542190636303
0.9935133132560361
0.9934970272828467
0.9934843814946096
0.9934584584277628
0.9934554047234319
0.9934266059507952
0.9934183279633524
0.9934033532861409
0.9933750589393404
0.9933486829329375
0.9933356913725059
0.9933259437264176
0.993308323446308
0.9932956763320264
0.9932792265078091
0.9932685046579791
0.9932387671783958
0.9932143654789637
0.9931968905334082
0.9931925620284862
0.9931727980385713
0.993133506408215
0.9931426291723667
0.9931292035957476
0.9931162372382737
0.9930809862449822
0.9930629896499936
0.9930416776696313
0.9930299374806956
0.993019197870095
0.9930050004434217
0.9929824352659862
0.9929674737199404
0.9929633086621636
0.9929441068429103
0.9929499935741954
0.9929286199421434
0.9929205173165492
0.992919306088281
0.9928881183117336
0.9928736211458847
0.9928691118760097
0.9928724802858271
0.9928601931688508
0.9928385657063128
0.9928236176233519
0.9928240863801309
0.9928067231946464
0.9927892988166216
0.9927714371348338
0.99274545777101
0.9927168369438562
0.9927120696689342
0.992701941680909
0.9926599579916904
0.9926422502195621
0.9926182314302276
0.9926005060330855
0.9925996329973954
0.992583882460923
0.9925739645941135
0.9925576727128089
0.9925395290333693
0.9925448447283975
0.9925420601134529
0.9925322007332396
0.9925227073632145
0.9925082193921253
0.9924637993637562
0.9924457509875987
0.9924303044559842
0.9924017743630934
0.9923958362254832
0.9923659543957736
0.9923372671522672
0.9923068568826973
0.9923002199818188
0.992286833788637
0.9922625799180478
0.9922207860308353
0.9922044762600306
0.9921919976094392
0.9921810299949807
0.9921751757687489
0.9921517013226495
0.9921360144191036
0.9921280269181677
0.9921216485174528
0.9921151243423042
0.9920901980180418
0.9920762161493485
0.9920585790498545
0.992028810710127
0.9920270885450231
0.9920183751710326
0.991985331523837
0.9919463306539769
0.99193652437926
0.9919171100332685
0.991884830107913
0.9918503041512136
0.9918332585055798
0.991795787122362
0.9917880188888043
0.9917695158358103
0.9917511052258571
0.9917471076316144
0.9917386571574531
0.9917262766403553
0.9917171770620137
0.9916903030199067
0.9916769959458005
0.991685551515248
0.9916691355076411
0.991662998149515
0.9916491374652143
0.991643291516939
0.991645982923159
0.9916347110439172
0.9916209361541507
