0.99999989671142
0.9999833863669929
0.9999676071452175
0.999952357686509
0.9999366021012814
0.9999192881623905
0.9999023075346747
0.9998855683038247
0.9998679736556414
0.999852656082954
0.9998375385850627
0.9998202328816941
0.9998043515825085
0.9997908979933124
0.9997759919704846
0.9997588550283664
0.9997458893695484
0.9997296564424927
0.999714035721174
0.9996961415630298
0.9996803883317315
0.9996630368899927
0.9996485550462667
0.9996377573144907
0.9996203151779273
0.9996093305715116
0.9995906457240149
0.9995718049365618
0.9995584665494252
0.9995441295315814
0.9995249700212672
0.9995116075969924
0.9995005039113106
0.9994836949418063
0.9994662677334739
0.999451546264502
0.9994347816241207
0.9994199397266837
0.9993988186469893
0.9993824416497301
0.9993624519432107
0.9993526423792302
0.9993412029175298
0.999325372216163
0.999310798724166
0.999294439922271
0.9992801711845682
0.9992661156309118
0.9992479217553776
0.999230041138358
0.9992107122648208
0.9991944378570771
0.9991768748751199
0.9991579124688555
0.9991384646452776
0.99912433865404
0.9991170891604348
0.9990989879151637
0.9990900127039628
0.9990780587641593
0.9990640368717044
0.9990401650231239
0.9990188978619401
0.99900584532367
0.9989892296667979
0.9989696574950472
0.9989461169584533
0.998933093713201
0.9989149801782276
0.9989010332467174
0.9988899778325526
0.9988760895722746
0.998861580189004
0.9988466016940705
0.9988275322309106
0.9988162001156781
0.9987990927214261
0.9987818244154879
0.9987703641780956
0.9987557073994677
0.9987397854908321
0.998723745549486
0.9987095950932885
0.9986944094584741
0.9986720370062167
0.9986515368008627
0.9986397253292548
0.9986300410146288
0.998614526423883
0.9985990491118513
0.9985839692491848
0.9985598153006411
0.9985434273698599
0.9985219426995452
0.9985012018983292
0.998484306360991
0.9984633080972792
0.9984416966781193
0.9984296187605639
0.9984136649160461
0.9983995840950551
0.9983866421618128
0.9983712480582188
0.9983578238124855
0.9983349906310439
0.9983223996608521
0.9983093512903637
0.9982873635517907
0.9982767956507322
0.9982676404068824
0.9982583868279977
0.9982372459412492
0.9982078834203899
0.9981893803336841
0.9981648074430056
0.998149027849336
0.9981340447246764
0.9981207199891269
0.998103479677829
0.998089838074301
0.998080322482998
0.9980647942332533
0.9980530967525056
0.9980267188981399
0.9980109501760345
0.9979991397544156
0.9979743223418073
0.9979592267053365
0.9979509398312366
0.9979334061465673
0.9979194590638345
0.9979042212497224
0.9978839028043023
0.9978742026363504
0.9978601206622701
0.997847680906389
0.9978303014249086
0.9978134234029407
0.9977906621077127
0.9977744402123142
0.9977615062190345
0.9977573846601276
0.9977398019024065
0.9977234811598286
0.9976981613015459
0.9976770387271698
0.9976710718558953
0.9976498446993831
0.9976382608408055
0.997624160601694
0.997601450802546
0.9975941955243416
0.9975812084641817
0.9975710454871822
0.9975553446796898
0.9975390393519599
0.9975249799658705
0.9975087880079619
0.9974905040796979
0.9974702288693221
0.9974499787629927
0.9974359300040919
0.9974258019027592
0.9974253647527015
0.9974051770863435
0.9973777388137297
0.9973558688728481
0.9973371029713229
0.9973308959742486
0.9973185931348573
0.9973006403202238
0.9972857141251525
0.9972708437041679
0.9972584611801556
0.9972520984655271
0.9972471586539449
0.9972357739331293
0.9972096386113982
0.9971841712347284
0.9971602996736336
0.9971357813605879
0.9971210764114733
0.9971097050269178
0.9970992460782002
0.9970872494226516
0.9970693108888079
0.9970672312399511
0.9970491986647442
0.9970170100962162
0.996996602370271
0.9969704194939223
0.996955229347257
0.9969416612253243
0.9969261417663055
0.9969236521946435
0.996903898858843
0.9968961934265256
0.9968806243708168
0.996854034881221
0.996844765427191
0.9968318899778381
0.9968224200837128
0.9968066824990689
0.996792793473294
0.9967731008089198
0.9967600438228793
0.9967515888896145
0.9967419803894529
0.9967309496408401
0.9967266563078746
0.996702588837501
0.9966918192014947
0.9966674538616678
0.9966494786661345
0.9966369848457713
0.9966316699369128
0.9966153819976005
0.9966022567274214
0.9965769008838098
0.9965611743330219
0.9965303602477892
0.996511234180252
0.99650754832808
0.9965002397682255
0.9964902628992874
0.9964802615173398
0.9964673807138222
0.9964430664945322
0.9964218861114459
0.9964008405054944
0.996380508050857
0.9963714226547232
0.9963576216630888
0.99633950517579
0.9963232601769811
0.9963080402323973
0.996291078323277
0.9962672165835332
0.9962494783608908
0.9962377939092137
0.996232419488001
0.9962100442673916
0.9961940847536628
0.9961793525580505
0.996159642491695
0.9961379758853511
0.996107320684102
0.9960943927125011
0.9960743170131332
0.9960529608159827
0.9960248370229909
0.9960055142368027
0.9959886401007801
0.9959687979450648
0.9959635732279748
0.995941678391116
0.99592997862883
0.9959094524019106
0.9958931177136144
0.9958722186198937
0.99585048106928
0.9958276363633963
0.9958106543860629
0.9958025496736155
0.9957841506994858
0.9957686932791909
0.9957658268839349
0.99574711981608
0.995730293008463
0.9957128303097075
0.9956951786873449
0.9956808075808163
0.9956555007749917
0.9956402225860826
0.9956268660687655
0.9956102538153885
0.9955884128595572
0.9955689631631867
0.9955412327332256
0.9955237568529051
0.9955033352146939
0.995488781984054
0.9954747976707746
0.9954594591943331
0.9954467564612827
0.9954284073486244
0.9954258121954773
0.9954190790837486
0.9953872880305801
0.9953710227532016
0.9953642431419573
0.9953476215473198
0.9953248067065072
0.9953027978957503
0.9952943940736576
0.9952842095484962
0.995260300280625
0.9952512251161545
0.9952371202964528
0.9952385128882102
0.9952356496275471
0.995212780095374
0.9951979490315624
0.9951850672906112
0.9951756357135728
0.9951599237458513
0.9951360597386197
0.9951243261591096
0.9951037503033403
0.9950843919583369
0.9950764016020031
0.9950720396063809
0.9950415602008562
0.99502815838686
0.9950203895096523
0.9949936032580313
0.9950006905735522
0.9949738270658796
0.9949684151263456
0.9949573514926012
0.9949419340032573
0.9949406775119368
0.9949305282711278
0.9949251613136919
0.9948923158597286
0.9948956992091603
0.9948949626884451
0.994871460399242
0.9948496492482589
0.9948288275824239
0.9948020646770696
0.9947827528165536
0.9947699984796236
0.9947525123646895
0.9947338657134531
0.9947090676293302
0.9946989167897469
0.9946880049737096
0.9946671724232387
0.994661420443883
0.9946423071771212
0.9946200700259477
0.9946041180575421
0.9945887515120122
0.9945729263896299
0.994556781625963
0.9945354358852074
0.9945163442196673
0.9945116056684032
0.9944964960202104
0.9944596349813559
0.994450351964363
0.9944446655952734
0.9944380780582707
0.9944063398867675
0.9943893501211707
0.9943851862139358
0.9943758820714572
0.9943520515185902
0.9943511872114044
0.9943366746028539
0.9943225128319532
0.9943091866691111
0.9942931339801906
0.9942760232303445
0.9942587644523724
0.9942479941665354
0.9942369260152325
0.9942140352620366
0.9942055206986047
0.9941983810393176
0.9941675029367951
0.9941529374075492
0.9941364417380928
0.994134563942941
0.9941166312925559
0.994101225954954
0.9940874815540681
0.9940557718319419
0.9940588173485088
0.9940416947301887
0.9940242860348697
0.9940059254528532
0.9939911350509371
0.9939710782353043
0.9939415402189498
0.9939296618871468
0.9939222715592193
0.9938975281664013
0.9938839402146595
0.9938587255221074
0.9938374589378653
0.9938377321080943
0.9938069328636997
0.9937831204189133
0.9937706527740733
0.9937576129043153
0.9937348040530771
0.9937143547712075
0.9936920282534439
0.993681537889165
0.9936620364465619
0.9936473613947671
0.9936326474691758
0.9936333953045036
0.993626459277042
0.9935918061290074
0.993597340253392
0.9935888419275081
0.9935799676072298
0.993569902153979
0.9935434256911442
0.9935224205490126
0.9935173371866245
0.9934906279624418
0.9934703089021801
0.9934491927030573
0.993446822804339
0.9934139121187153
0.9933930679601094
0.9933823491363254
0.9933827388672034
0.9933625265916016
0.993357049399572
0.9933298793186585
0.9933099987650315
0.9932794603381832
0.9932584731136586
0.9932436544809679
0.9932116149811718
0.9931898162072931
0.9931703164178846
0.9931719271494587
0.9931445487494023
0.9931485982581275
0.9931249934519198
0.9931123090992384
0.9930803213010492
0.9930900585573367
0.9930860135624021
0.9930737190973944
0.9930555823977756
0.9930393719755803
0.9930265007735649
0.9929996862779424
0.9929820087831699
0.9929543889249213
0.9929495069683841
0.992941698898089
0.9929368855443017
0.9929353010060362
0.9929333038763514
0.9928910973468883
0.9928796558517238
0.9928492224361007
0.9928102518195061
0.9927963608656537
0.9927846547176542
0.9927732161144383
0.9927686946091043
0.9927402479391204
0.9927416081896772
0.9927295951653491
0.9927039835608312
0.9926905764968526
0.9926683170327881
0.9926457429215868
0.9926378920933037
0.9926313915159448
0.992623003239537
0.9926067957609719
0.9925858133344245
0.9925638030903308
0.9925399289599912
0.9925440720153853
0.992536337946273
0.9925353245866712
0.9925329096728648
0.9925145560934961
0.9924983195531087
0.9924712956229764
0.9924401452647837
0.9924271826870626
0.9924125687947908
0.9923891302770433
0.9923949966526858
0.9923852874631481
0.9923702148995214
0.9923606077066183
0.9923381770423217
0.9923401468531352
0.9923291964095506
0.992324606354857
0.992304266963656
0.9922840598146435
0.9922644043725987
0.9922464974030818
0.9922351387207745
0.99222083175497
0.9921923241877718
