0.9999915005338502
0.9999907299780295
0.9999889481935745
0.9999862814483865
0.9999829029324281
0.9999788957772028
0.9999744761819656
0.9999697843106718
0.9999652124257717
0.9999610355283448
0.999957406724455
0.999954665438032
0.9999530632902361
0.9999526180815783
0.9999533425554666
0.9999550383277028
0.9999576859487224
0.9999610285507735
0.9999648891262302
0.9999687597852039
0.9999723978775478
0.9999756526238724
0.9999784111636506
0.9999804359199186
0.9999814451821731
0.9999815462473268
0.9999807399232488
0.9999790510324071
0.9999764908940745
0.9999731614246032
0.9999692375491764
0.999965053425086
0.9999606642939554
0.9999564672456702
0.9999525139039795
0.9999492983165279
0.999946773012745
0.9999452136316013
0.9999448563747037
0.9999455190227999
0.9999473850823255
0.9999499522321793
0.9999532109234299
0.9999566142072058
0.9999602275993411
0.9999636321150872
0.9999666329083131
0.9999689773646997
0.9999707230979854
0.9999715193818757
0.9999716456957636
0.9999708035940302
0.9999691896222712
0.9999666632632602
0.9999633873742988
0.9999595533033854
0.9999556515650125
0.9999513669659582
0.9999471973450668
0.9999433730620383
0.9999403537558386
0.999937921408908
0.9999364604224714
0.9999361750545149
0.9999370170614328
0.9999386517297
0.9999411845275155
0.999944437807187
0.9999478918909305
0.9999513984547351
0.9999548440810108
0.9999575406795119
0.9999597151852825
0.9999613125181218
0.9999621927103571
0.9999619674164054
0.9999611495504936
0.9999593943736076
0.9999571211437595
0.9999542417479028
0.9999506193889298
0.9999466617721122
0.9999423392843164
0.9999382859319428
0.9999344464771992
0.9999314681869874
0.9999292776592205
0.9999278396993448
0.9999276146267376
0.9999285670441824
0.999930258770701
0.9999325828657873
0.9999353590404699
0.9999385293763512
0.9999417864312968
0.9999447633395024
0.9999476494663494
0.9999499771459838
0.9999515578929519
0.9999523206140098
0.9999523514357826
0.9999514869064554
0.9999499546413162
0.9999476749651468
0.9999446639605665
0.9999411333027447
0.9999371880191928
0.9999329895885627
0.9999291127542131
0.9999255791615907
0.9999226327506643
0.9999208249829515
0.9999196944955197
0.9999195074547478
0.9999200501134847
0.9999216421020701
0.9999238335595152
0.9999264710456055
0.9999296616173776
0.9999327203708187
0.999935579473367
0.9999380385826055
0.9999401083412157
0.9999416410763624
0.9999422644010715
0.999942512745903
0.9999417950805846
0.9999403582127864
0.9999379159577616
0.9999349879560315
0.9999316118765824
0.9999277867612902
0.9999239416715585
0.9999200116145622
0.999916702027274
0.9999141493242981
0.9999120805546236
0.9999108669688668
0.9999107651200524
0.9999113820403751
0.9999128221709073
0.9999149563433622
0.9999175999199872
0.9999203882847438
0.9999232676889693
0.9999259280547226
0.9999283155181015
0.9999306575243433
0.9999323057019137
0.9999332666560277
0.9999333269468217
0.9999326855758666
0.9999310459291503
0.9999288088420888
0.999925902318769
0.9999223458927647
0.9999186729275393
0.9999150473093212
0.9999112880429576
0.9999079240675159
0.9999051602157418
0.9999031511431561
0.999901819308352
0.9999015138542846
0.9999021891832491
0.9999035836720402
0.9999054654219345
0.9999077414366704
0.9999102806510786
0.9999131363852233
0.9999156537668369
0.9999180370823003
0.9999201583573035
0.9999216026934066
0.999922446588635
0.9999225446084844
0.9999219576480891
0.9999205455661437
0.999918253394363
0.99991529317142
0.9999120850924784
0.9999087265322997
0.9999051490107479
0.9999017053186188
0.999898499248326
0.9998962012020707
0.9998939434329068
0.9998927694991466
0.9998924092027984
0.9998927832109716
0.9998938693092224
0.9998955471636152
0.9998977778561524
0.9999000988833233
0.9999025156867446
0.9999054082255878
0.9999076406758923
0.9999094219472603
0.9999106352611717
0.9999114677403679
0.9999118752107806
0.999911359225089
0.9999102175235213
0.9999082391205831
0.9999056773049236
0.9999025795631081
0.9998992329158636
0.9998959824375346
0.9998929597750048
0.9998899948662588
0.9998876238317582
0.9998858969624246
0.9998850388387099
0.9998846375064664
0.999884894875737
0.9998861267914102
0.9998878373947782
0.9998900112508473
0.9998921188595574
0.9998945721097657
0.9998969856147708
0.9998992958611262
0.999900921722903
0.9999020515802775
0.9999028595752704
0.9999027904395368
0.9999022496758884
0.9999007118336327
0.9998986392495763
0.9998963071436426
0.9998935334480912
0.9998907537396053
0.9998874156728034
0.9998842942624087
0.9998814589102953
0.9998786950377503
0.9998767679167858
0.9998755800483494
0.9998753520650893
0.9998756629658712
0.9998766340992667
0.9998782092673043
0.9998801694934579
0.9998823117629835
0.9998845071970126
0.9998868246740634
0.9998890077258413
0.9998905264593524
0.9998916788472001
0.9998921675456244
0.9998920447672578
0.9998916478424492
0.9998903744295868
0.9998885210813904
0.9998862958596837
0.999883588355068
0.9998806297668877
0.999877640119984
0.9998747752592101
0.9998721148135641
0.9998697911047856
0.9998679048874255
0.9998667800237548
0.9998663648158805
0.9998666437458351
0.9998675719121212
0.9998690547914872
0.9998713328172941
0.999873498233372
0.9998755935191218
0.9998778911958893
0.9998798102926351
0.9998817301146565
0.9998830818008633
0.9998837437231332
0.9998835797916721
0.9998828482816939
0.9998814182905675
0.999879644012995
0.9998771679684487
0.9998740766695215
0.9998715052240976
0.9998688749909531
0.9998664797768291
0.9998640800858138
0.9998614891202341
0.9998599190628903
0.9998588417083136
0.9998587187782869
0.9998589086643549
0.9998593145951429
0.9998606710085031
0.9998622490055233
0.9998641927147676
0.9998666061607617
0.9998687546454327
0.9998706164959273
0.9998721209346916
0.9998727555227257
0.9998731747311796
0.9998728445724356
0.9998719481819285
0.9998705293522253
0.9998686882333346
0.9998667553543469
0.9998645129325684
0.999861956171644
0.9998595515856722
0.9998569506493883
0.9998547810585818
0.9998525998678048
0.9998509680104568
0.9998499431749392
0.9998495983740814
0.999849432387266
0.9998501598155474
0.9998513574983667
0.9998528432454197
0.9998549144261802
0.9998568701798874
0.9998587592851949
0.9998604019576203
0.9998617741786137
0.9998624842496545
0.9998628472130682
0.9998626087738633
0.9998620591013346
0.999860829557116
0.9998591723335891
0.9998574480066215
0.9998552678393136
0.999852618497941
0.9998501333564869
0.9998475997259426
0.9998454747519303
0.9998434623134199
0.9998416913938993
0.9998405265348603
0.9998398567018182
0.9998397552680837
0.9998404488342896
0.9998415532011053
0.9998431168230699
0.9998449694802442
0.9998472139441027
0.9998492556276267
0.9998510026838339
0.9998524703462918
0.9998532880537329
0.9998536104181854
0.9998533312431185
0.9998526443955557
0.9998516019843846
0.999849836789213
0.999847832937068
0.999845872805114
0.9998437517268819
0.9998413199677868
0.9998391112504008
0.9998367432846018
0.9998349387728022
0.9998334877811257
0.999832021727407
0.9998312550424328
0.999831618256756
0.9998323277153005
0.9998332800207449
0.9998345036668932
0.9998364773558658
0.9998382675943221
0.999839925465721
0.9998412495851228
0.9998428092573224
0.9998434953215743
0.9998436651219995
0.9998433983491272
0.9998426659533265
0.9998411671999234
0.9998392866003809
0.9998373623121372
0.9998347749696284
0.9998323479765878
0.9998300149679605
0.9998281119022903
0.9998262543462615
0.9998246796320535
0.9998232888589758
0.9998222559175577
0.9998218668306559
0.999821952847066
0.9998224728996387
0.9998238191642723
0.9998254875742411
0.9998266827561367
0.9998283237918657
0.9998300011086355
0.9998313624077597
0.9998324398701447
0.9998328559292112
0.9998332586756885
0.9998328050950329
0.9998315867243763
0.9998304803992591
0.9998286922212939
0.9998266877392491
0.9998244762682076
0.9998218342106978
0.9998198007860337
0.9998177472239846
0.9998161415691897
0.9998142207599132
0.9998128702408282
0.9998120274814374
0.9998116052840894
0.9998117497582173
0.9998121615084904
0.9998130021802304
0.9998142668163541
0.9998156999174738
0.9998173268894356
0.9998187142004215
0.9998201245081555
0.9998213697597926
0.9998219865234889
0.9998220817363203
0.999822037012515
0.9998210021743893
0.9998199615139142
0.9998179494887665
0.99981635682172
0.9998144428263619
0.999812324754488
0.9998099790638596
0.9998082188626116
0.9998065723134998
0.9998052995054733
0.9998044435553254
0.9998037917904818
0.9998035202430164
0.9998030367415044
0.9998032860773273
0.9998039748117308
0.9998049679417841
0.9998064532190971
0.9998081581571212
0.9998097962963608
0.9998112886980874
0.9998120983786462
0.9998128856737737
0.9998128529970287
0.9998124315594011
0.9998114524542864
0.9998104502817194
0.9998089624914206
0.9998071633576309
0.9998051556620232
0.9998029586506463
0.9998008768008902
0.9997988035799799
0.9997971527513075
0.999795620323119
0.9997949265733412
0.9997941023798249
0.9997936774764759
0.9997936752685016
0.9997939981926645
0.9997950637890258
0.9997961649432394
0.9997979390915285
0.9997992308059178
0.9998007118622677
0.999801976967412
0.9998028943633858
0.9998036544563332
0.9998037908515043
0.999803445649692
0.9998026359094163
0.9998012339904085
0.9997993438678677
0.9997972885336698
0.999795292745572
0.9997931100871613
0.99979135543141
0.9997898318382316
0.9997880028812351
0.9997864258726455
0.9997854803534393
0.9997843268681853
0.9997839874527982
0.999783722749714
0.9997841590482797
0.9997846312953831
0.9997853970161567
0.9997866350350065
0.9997882687245455
0.9997895216380541
0.9997905083600512
0.9997914938589051
0.9997923439730579
0.9997924423706305
