0.9999999549503045
0.9999997309876365
0.9999998554108374
0.9999996657449465
0.9999997454731323
0.9999996272943337
0.999999625916418
0.9999995970436715
0.9999995053398004
0.9999995587584353
0.9999993910399952
0.9999995057458808
0.9999992919850434
0.9999994241536376
0.9999992035388907
0.9999993131330329
0.9999991436006523
0.9999992055361666
0.9999991087850043
0.9999990760870157
0.9999990727012757
0.9999989621607084
0.9999990339443483
0.9999988453700551
0.9999989624031888
0.9999987572542711
0.9999988920622817
0.9999986869361264
0.9999987902661246
0.999998645857093
0.9999986745566479
0.9999986049082714
0.9999985530881316
0.9999985664550604
0.9999984214141706
0.9999985067736488
0.9999983121274214
0.9999984483693481
0.9999982302690053
0.9999983520244122
0.9999981551847484
0.9999982336832081
0.9999980949782682
0.9999981049079409
0.999998058920537
0.9999979761587497
0.9999980100994207
0.999997879084913
0.999997986399145
0.9999977993982329
0.9999979265623252
0.9999977342885598
0.9999978436044156
0.9999976720160919
0.9999977228639556
0.9999976052310694
0.9999975947961599
0.9999975573686188
0.9999974750612529
0.9999975070371393
0.9999973516644193
0.9999974560192879
0.9999972549898668
0.9999973920610415
0.9999971748644332
0.9999972978062482
0.9999971437712338
0.9999972020645346
0.9999971167529825
0.9999970715799902
0.9999970737078892
0.9999969664764939
0.9999970135132384
0.9999968408081671
0.9999969298387117
0.9999967190393927
0.9999968416659359
0.9999966432546408
0.9999967446803079
0.9999966113484058
0.999996630754313
0.9999965551127525
0.9999965160784232
0.9999964961806044
0.999996374678514
0.9999964517696663
0.9999962837818525
0.9999963960356323
0.9999961756703382
0.9999962809092754
0.9999960928297211
0.9999961699777327
0.9999960495650153
0.9999960602547368
0.9999960050084525
0.9999959408381799
0.9999959653901376
0.9999958417348885
0.9999959285106949
0.9999957500795897
0.999995860653258
0.9999956665764002
0.9999957714068606
0.9999956075491007
0.9999956625880331
0.9999955462248675
0.9999955296017846
0.9999954979595304
0.9999954042260797
0.9999954428178194
0.9999952734811501
0.9999953648785841
0.9999951873068125
0.9999952934180564
0.9999951131706674
0.9999951985220662
0.9999950379690695
0.9999950737692344
0.9999949821273694
0.9999949579247096
0.999994954617266
0.999994829247205
0.9999948756164172
0.9999947068206937
0.999994809905235
0.9999946396044359
0.9999947421637183
0.9999945619619649
0.9999946378326307
0.9999945010607982
0.9999945094301695
0.9999944304946058
0.9999943767073197
0.9999943601454326
0.9999942399698352
0.999994311954091
0.999994144154372
0.9999942112431077
0.9999940367979485
0.9999941454938602
0.9999939704494873
0.999994025733116
0.9999939373326023
0.9999939336463652
0.9999938732890925
0.9999937830974527
0.9999937985875661
0.9999936389812141
0.9999936984987993
0.9999935110532421
0.9999936301517255
0.9999934472479816
0.9999935572418615
0.9999933724805891
0.9999934154663852
0.9999932942771663
0.9999932928124492
0.9999932846971094
0.9999932061256469
0.9999932323313375
0.9999930930069263
0.9999931859274434
0.9999930098972218
0.9999931108302664
0.9999929552957233
0.9999930420462432
0.9999929012215033
0.9999929434991021
0.9999928513659597
0.9999928484230746
0.9999928108237406
0.9999927358024695
0.99999273820549
0.9999925679521542
0.9999926404009499
0.9999924531080475
0.9999925556462052
0.9999923874680532
0.9999924486189209
0.9999923334696016
0.9999923241223516
0.9999922491597499
0.9999921597877031
0.9999921828974657
0.999992071557134
0.9999921451422058
0.9999920050839427
0.9999920964923542
0.9999919317027929
0.9999919935194067
0.9999918643496024
0.999991932146437
0.9999917912184157
0.9999918145335497
0.9999917788390831
0.9999916953210627
0.9999917330319876
0.9999915932428298
0.9999916708319441
0.99999151663417
0.9999916307182968
0.9999914102053366
0.9999915148649192
0.9999914108694579
0.9999914752856425
0.9999913727092902
0.9999913195483872
0.9999912691049523
0.9999911944372682
0.9999912295175051
0.9999910940941754
0.9999911659769813
0.9999910030828506
0.9999911069112585
0.9999909427593506
0.9999910160093483
0.9999908940236082
0.9999908758101327
0.99999080138472
0.9999907624260757
0.9999907508281671
0.9999906304815757
0.9999906870726403
0.9999905486048487
0.9999906244638723
0.9999904640534852
0.9999905279901123
0.9999903978358583
0.9999904450743973
0.9999903286610741
0.9999903429002319
0.9999903105949974
0.9999902488196268
0.9999902487294458
0.9999901116835426
0.9999901579240282
0.9999899871414267
0.999990038511732
0.9999898592739409
0.9999899095067606
0.999989784888867
0.9999897958166596
0.9999897334847514
0.9999897185991354
0.999989683391057
0.9999896231531393
0.9999896375382511
0.9999895191787496
0.9999895989104323
0.9999894540565
0.9999895361813393
0.9999893925294773
0.9999894324972709
0.9999893128657286
0.9999893169347518
0.9999892160868099
0.9999891684129821
0.99998919361566
0.9999891401992895
0.9999891639108394
0.9999890186065284
0.9999890933685701
0.9999889483305795
0.9999890070062538
0.9999888924437583
0.9999889476028179
0.9999888221453107
0.999988819564047
0.9999887756479212
0.9999887191711255
0.9999886802614082
0.9999885928359701
0.9999886036838713
0.999988464818834
0.9999885022966417
0.9999883429143122
0.9999884304122932
0.9999882842619485
0.9999883225748643
0.9999881530133683
0.9999881444067305
0.9999880795466269
0.9999880184602099
0.9999879854722469
0.9999878931943489
0.9999879019506885
0.9999877348472272
0.9999878023781745
0.9999876552940283
0.9999877498945774
0.9999876457103634
0.9999876754861636
0.9999875900732469
0.999987627521957
0.9999875742753472
0.9999874953134315
0.9999874970825676
0.999987392948321
0.9999874404086205
0.9999872913628702
0.999987383632887
0.9999872281068799
0.9999872782805653
0.9999871665637217
0.9999872030061316
0.9999871326263795
0.9999870930921332
0.9999870287910755
0.9999869618225162
0.9999869583265703
0.9999868523715907
0.9999869201034532
0.9999868028972244
0.9999868821358519
0.9999867171800175
0.9999868014611387
0.999986666013637
0.9999867162862386
0.9999866600752415
0.9999866479822321
0.9999866339040666
0.9999865572638365
0.9999866016458454
0.9999865039293847
0.9999865151978008
0.9999864010903471
0.9999864886503836
0.9999863202890671
0.999986377423161
0.9999862667339902
0.9999862708537355
0.9999861883408543
0.9999861209816399
0.9999861116542269
0.9999860250826006
0.9999860453728356
0.9999859389934844
0.9999860035405294
0.9999858492360492
0.9999858887359891
0.9999857502274083
0.9999858165627714
0.9999856978423984
0.9999856870475698
0.9999856341661334
0.999985627819367
0.9999856221214849
0.9999855351330779
0.9999855934231396
0.9999854426726841
0.9999854651807502
0.9999853323679446
0.9999854344123351
0.9999852932358914
0.9999853224113587
0.9999852405817828
0.9999851861545569
0.9999851347455083
0.9999850530869926
0.9999850494269716
0.9999849295584129
0.9999849757893315
0.9999848119962794
0.9999848485057605
0.9999846609777236
0.999984754610416
0.9999846553284534
0.9999847105722641
0.9999846005154868
0.9999845296351755
0.9999845314038542
0.9999844288964617
0.9999843990690964
0.9999842976411977
0.9999844005590635
0.9999842676758669
0.9999843247512981
0.999984198738372
0.9999841994554288
0.9999841190931513
0.9999841603945365
0.9999840670181641
0.9999840379948841
0.9999840319542623
0.9999839191226273
0.9999839556724747
0.9999838324464934
0.9999838882991513
0.9999837682656656
0.9999838067145117
0.999983656842016
0.9999837089920779
0.9999836190513137
0.9999836366864305
0.9999835631096892
0.9999835189350622
0.9999835711784572
0.9999835113614417
0.9999835290583502
0.9999834126763716
0.9999835027800023
0.9999833831449293
0.9999833755236731
0.9999832555038594
0.999983304177996
0.9999832121891753
0.9999831940822007
0.9999831836280918
0.9999831344242733
0.9999831588754712
0.9999830857413202
0.999983129085321
0.9999830197646036
0.9999830492571365
0.9999829159076707
0.9999829793035591
0.9999828660218616
0.9999828952272222
0.9999828117425343
0.9999827641570499
0.9999827182466895
0.9999826351709152
0.9999826003275116
0.9999824484951135
0.9999824867555108
0.9999823706489248
0.9999824072101858
0.9999822633156018
0.9999822581946369
0.9999821959887242
0.9999821769984658
0.9999821197095216
0.9999820447127623
0.9999820177176444
0.9999819410557611
0.9999819619806891
0.9999818651869751
0.9999818907618557
0.9999817615676048
0.9999818233438862
0.9999817300522971
0.9999817540770417
0.9999816455238144
0.9999816716577712
0.9999816185330247
0.9999815461251153
0.9999815504986715
0.9999814772539334
0.9999814695285616
0.9999812853476443
0.9999813747147959
0.9999812620097633
0.9999813059620819
0.9999812227088959
0.9999812625909477
0.9999811700762149
0.999981175810861
0.9999811361612285
0.9999810867149517
0.9999810874839913
0.9999809446804646
0.9999809749018249
0.9999808117445953
0.999980880656513
0.9999807545142603
0.999980813016472
0.9999806961909118
0.9999806952190246
0.9999806232128908
0.9999805676631418
0.9999804964830379
0.9999804329636962
0.9999804369336698
0.9999803296659702
0.9999803646320716
0.9999801726048011
0.999980197463114
0.9999800826433927
0.9999801483512273
0.9999800823126817
0.9999800870560794
0.9999801028101919
0.9999800198225401
0.9999799913396469
0.9999799412844836
0.99997996001911
0.9999798247469565
0.9999799358560297
0.9999797799973751
0.9999798031492749
0.9999797020629064
0.9999797147897691
0.9999796226585306
0.999979621973637
0.9999796233784428
0.999979539103919
0.9999795401928999
0.9999794861518805
0.9999795419415392
0.9999793595261417
