0.9999986745233518
0.9999981121868172
0.9999967950090726
0.9999951766001389
0.9999937769292436
0.9999931177870381
0.999993476710011
0.9999947623551824
0.9999964086395245
0.9999977059755373
0.9999981366156234
0.999997589558815
0.9999962749663328
0.9999946741922469
0.999993294399097
0.9999926355765293
0.9999929813251075
0.9999942467840589
0.9999958871078882
0.999997181683379
0.9999976071191556
0.9999970245992248
0.9999957363383019
0.9999941897704416
0.9999928774169452
0.9999922765747898
0.9999926354647344
0.9999938284064616
0.9999953846887095
0.9999966157121672
0.9999970208979565
0.9999964890596564
0.9999952141512161
0.9999936836943386
0.9999923568669794
0.999991748900686
0.9999920981152933
0.9999932936066204
0.9999948172891265
0.9999960066817085
0.9999963904568012
0.9999958698636742
0.9999946105819628
0.9999930952804233
0.9999918173997782
0.9999912431679867
0.9999916020569921
0.9999927893077761
0.9999942747531666
0.9999954612253666
0.9999958370509536
0.9999953014091162
0.9999940626769468
0.9999925857703196
0.9999913520352652
0.9999907926341023
0.9999911379553537
0.9999922861912404
0.9999937653373878
0.9999949423508334
0.9999953282303489
0.9999947900501107
0.9999935833406596
0.9999921336559195
0.9999909381733412
0.9999904293209734
0.9999907763455648
0.9999919123645712
0.9999933527727558
0.9999944759797986
0.9999948164691529
0.9999942685183184
0.9999930765752791
0.9999916365307108
0.9999904584803702
0.9999899398424276
0.9999902667459294
0.999991396485535
0.9999928166949958
0.99999392356729
0.9999942408856464
0.9999936756331488
0.9999924962467703
0.9999911354022095
0.9999900031672809
0.9999894406487689
0.9999897989878381
0.9999908949263763
0.9999923161015373
0.9999934136879188
0.9999937250523301
0.9999931580129329
0.9999920338157298
0.9999907171387045
0.9999896227748033
0.9999890775308576
0.9999893470462413
0.9999904208080591
0.9999918101359596
0.9999928893322715
0.9999932086576946
0.9999926644122511
0.9999915473319864
0.9999902499418276
0.9999891398047991
0.9999885975930617
0.9999888735609794
0.9999899053066821
0.9999912802193374
0.9999923315120538
0.9999926419851473
0.9999920982238852
0.9999909669039436
0.9999897020765369
0.9999886314930004
0.9999881256112874
0.9999883858940408
0.999989412120436
0.999990743539035
0.9999917818075558
0.9999920625095884
0.9999915238632858
0.9999904822070096
0.9999892522741175
0.9999881959586298
0.9999876616458251
0.9999879185517663
0.9999889235043685
0.9999901922308387
0.9999911870665269
0.9999914680998894
0.9999910019448066
0.9999900093614208
0.9999888141108694
0.9999877598460696
0.9999872666423091
0.9999874894767738
0.9999884769648602
0.9999897756901291
0.9999907655261526
0.9999910087258578
0.9999905218226883
0.9999895322083683
0.9999883346257215
0.9999872965024581
0.9999867392254697
0.9999869509149069
0.9999878991303288
0.999989159106005
0.9999901429110826
0.999990397049434
0.9999898994085059
0.999988924707355
0.9999877794416611
0.999986763564373
0.9999862271566511
0.9999864482802399
0.9999873844875486
0.9999886206696039
0.9999896153863771
0.9999898775516363
0.9999893984402283
0.9999884223171606
0.9999872643343813
0.9999862703800506
0.9999857580553663
0.9999859432272484
0.9999868671254606
0.9999881128250903
0.9999890627641143
0.9999893147108754
0.9999888438330863
0.9999879502605387
0.9999868846384089
0.9999859444922523
0.9999854653035462
0.9999856516293292
0.9999865246024434
0.999987742742573
0.9999886437891994
0.9999888367884279
0.999988338744301
0.9999874104726216
0.9999863127363423
0.9999853993483536
0.9999849111914306
0.9999851333397151
0.9999860626283087
0.9999872660825793
0.9999881596692659
0.9999883832736668
0.9999878752067335
0.9999869641902942
0.999985864695667
0.9999849516093372
0.9999844655614059
0.9999846883773775
0.9999855970865983
0.9999867933612032
0.9999876938140203
0.9999879202827476
0.9999874416328904
0.9999865263491432
0.9999854522568654
0.9999845421218208
0.9999840549571102
0.9999842988706108
0.9999852012429176
0.9999863457349465
0.9999871988986482
0.9999874296824409
0.9999869859091128
0.9999860743926805
0.9999849999839685
0.9999840533214897
0.9999835834877696
0.9999838225636875
0.9999847187242074
0.9999858555363783
0.9999866850333525
0.9999868580951736
0.9999864228955166
0.999985499806846
0.9999844273469914
0.9999834889030428
0.9999830476657828
0.9999832871191664
0.9999841816605984
0.9999853161828549
0.9999861547092544
0.99998633513693
0.9999858852660102
0.9999849841152026
0.9999839569998382
0.9999830473697655
0.999982590972636
0.9999828260220991
0.9999837177621722
0.9999848227213294
0.9999856659564046
0.9999858625370992
0.9999853766679333
0.9999845063337782
0.999983515333968
0.9999826444078359
0.9999822042008791
0.9999824006020458
0.9999832435743139
0.9999843311006177
0.9999851768612037
0.9999853789175603
0.9999849331008116
0.9999840916118911
0.9999830636151343
0.9999821561972093
0.9999817223976352
0.9999819391291493
0.9999827730973097
0.9999838254725854
0.999984635961787
0.9999848404892048
0.9999844083660397
0.9999835187895225
0.9999825233324557
0.9999817039082629
0.9999812710110739
0.9999814644699551
0.9999822393094012
0.9999832970806911
0.9999840902902449
0.9999842504218796
0.9999838595303847
0.9999830227460251
0.9999820571016234
0.9999811573534372
0.9999807068033443
0.9999808891813209
0.9999817333833385
0.9999827568656575
0.9999835443335944
0.9999837290688699
0.9999833556816811
0.9999825517597705
0.9999815856762052
0.9999807199116028
0.9999802390901329
0.9999803581606985
0.9999811120354645
0.999982178350769
0.9999829553279749
0.9999831516282246
0.9999827517143786
0.9999819654272531
0.999981007236313
0.999980159643806
0.9999796888082014
0.9999798098736203
0.9999805561441426
0.9999815948386783
0.9999823801967438
0.9999825994919012
0.9999821849429055
0.9999814298125604
0.9999804961418334
0.9999796284900327
0.9999791383154037
0.9999792679155425
0.9999800606453231
0.9999810932626958
0.9999818675268553
0.9999820463900988
0.9999816865875744
0.9999809965877288
0.9999800779679953
0.9999792464766962
0.9999786714221642
0.999978774743849
0.9999795390632819
0.9999806022151713
0.999981428937069
0.9999815786872266
0.9999812356702579
0.9999805191101506
0.9999796097296327
0.9999787624753256
0.9999782139632931
0.9999783058548612
0.9999790816441457
0.9999801473223259
0.9999809466887154
0.9999811816524301
0.9999807912991853
0.9999800605052133
0.999979207104807
0.9999783737665354
0.9999778427096208
0.9999778872131871
0.9999786033514629
0.9999796253099738
0.9999804217514493
0.9999806533648897
0.999980205025579
0.9999794821432472
0.9999786124772397
0.9999777891110541
0.9999772928747713
0.999977310576027
0.9999779974830676
0.99997904231481
0.9999798582654046
0.9999801099599162
0.9999797683150072
0.9999790380121851
0.9999781373950875
0.9999772506401206
0.9999767207369051
0.9999768021206696
0.999977526149357
0.9999785658658451
0.9999793379696776
0.9999795316434893
0.9999791847001432
0.999978482780812
0.9999775998347252
0.9999768056347232
0.9999763035289565
0.9999763936822905
0.9999771184671377
0.9999780826616875
0.9999788550302213
0.99997909355865
0.9999787126607718
0.9999779622235124
0.9999771043451463
0.9999763374490981
0.9999758774829728
0.9999759331803016
0.9999765823929909
0.9999775288028052
0.9999782717059521
0.9999784978212048
0.9999781902136508
0.9999775183013636
0.9999766513363554
0.9999758714100081
0.9999753479753651
0.9999754702099558
0.9999760446403845
0.9999769732367811
0.9999776840581951
0.9999779622526411
0.9999777098567137
0.9999770149158866
0.9999761650925674
0.9999753755787953
0.9999749333257538
0.9999749407832518
0.9999755501771619
0.9999763842288895
0.9999771178305208
0.9999774421371201
0.9999772127791163
0.9999765290977153
0.9999757324777515
0.9999750025491725
0.9999744977586058
0.999974500837674
0.9999750459239818
0.9999759512808205
0.9999767258797752
0.9999769903636155
0.9999767295525647
0.9999760372044523
0.9999752641998905
0.9999745489404934
0.9999740868799454
0.9999740682322747
0.9999745335964941
0.9999753680744888
0.999976152789268
0.9999764490924636
0.9999761309672127
0.9999754179725306
0.999974682893431
0.9999739840394237
0.9999735642026396
0.999973525813487
0.9999740231229174
0.9999748690692156
0.9999755686496747
0.9999758556115211
0.9999755398546313
0.9999749233613371
0.9999741780433277
0.9999735273273692
0.9999730731743207
0.9999730529120108
0.9999735325147986
0.9999744017840587
0.9999750833348858
0.9999753190293604
0.9999749963520446
0.9999743147786022
0.9999735778596198
0.9999729243565915
0.9999725404130059
0.9999725445630024
0.999973039902374
0.9999737789680876
0.9999744822139234
0.9999746977503212
0.9999743542230198
0.9999738060818647
0.9999731280908414
0.9999725121215212
0.9999721091343173
0.9999721540895544
0.9999726363083867
0.9999733564350302
0.999974012885636
0.9999741903262954
0.9999739100188385
0.9999732747694604
0.9999725781278693
0.9999720100193991
0.9999716025819593
0.9999716329882067
0.9999720383666456
0.9999727195777823
0.999973341223008
0.9999735517473436
0.9999732601756998
0.999972632037481
0.9999719888387635
0.9999713623977402
0.9999710151708247
0.9999710021716609
0.9999714665017881
0.9999721445867503
0.9999727372458995
0.999972916363632
0.9999727034929795
0.9999721418216386
0.9999714840611315
0.99997094610779
0.9999705939211648
0.9999706370374148
0.9999710568694796
0.9999717447561952
0.9999723110045458
0.9999724991415826
0.9999722700048665
0.9999716802989331
0.9999710062175476
0.9999703797554387
0.9999700410622593
0.9999700830305919
0.9999704925237575
0.999971126054211
0.9999717148823092
