0.9999998577731088
0.999999173872095
0.9999987612854865
0.9999989205974523
0.9999983683347776
0.9999978151133034
0.9999979569656353
0.9999975704593336
0.9999968073216805
0.999996815453782
0.9999966734311975
0.9999959012297849
0.9999957464968424
0.999995762939782
0.9999949988235405
0.9999946778370934
0.9999948270117675
0.9999942588701358
0.9999937197688936
0.9999939324498789
0.9999934834622383
0.9999928481646734
0.9999927974976258
0.9999925394591022
0.9999919424626904
0.9999918309074136
0.9999917329394332
0.9999909621204284
0.9999907631537717
0.9999909150320783
0.9999902747340139
0.9999899151051234
0.999990136315615
0.9999897028826236
0.9999890038080004
0.9999891614464993
0.9999888619775698
0.9999881755924419
0.9999881250165209
0.9999879944641825
0.9999872044110814
0.9999870641667897
0.9999870613328532
0.9999864154802164
0.9999860346945562
0.9999861899450692
0.9999856814174762
0.9999853158517726
0.9999854753453971
0.999985029459747
0.9999843124757014
0.9999844135867503
0.9999840714161107
0.9999832309331356
0.9999831440613535
0.9999829779106558
0.9999821912300381
0.999981843058655
0.999982039829902
0.9999813852204242
0.9999808752528461
0.9999810218184669
0.9999805559237163
0.9999800428072422
0.9999798980052871
0.9999796526441632
0.9999789528726114
0.9999788359958696
0.999978792880322
0.9999778709770077
0.9999777017732684
0.9999778301808321
0.9999771703692566
0.9999767406551883
0.9999769007318196
0.999976329336097
0.9999759232378372
0.9999759507765529
0.9999755336223778
0.999974870098504
0.9999748847932062
0.9999746366020379
0.9999739057005032
0.99997360509206
0.9999736078645414
0.9999730823532321
0.9999727373875672
0.9999727180216756
0.9999721827694565
0.9999716398509244
0.9999717586019254
0.9999712616975585
0.9999705923999829
0.9999706765593804
0.999970497833882
0.9999697732976922
0.9999696555105358
0.9999696745848109
0.9999688996515754
0.999968810248596
0.9999687697979358
0.9999680556809757
0.9999674910926023
0.9999675895876319
0.9999671043043777
0.9999663964135695
0.9999666905346563
0.9999664306099448
0.9999658584708142
0.9999658827226175
0.9999655758830664
0.9999649241097028
0.9999647093478372
0.9999645148135108
0.9999635626918013
0.9999632772231432
0.9999631878764874
0.9999626314820225
0.9999621886962758
0.9999621246350474
0.9999616353727732
0.999961191145683
0.9999610809711705
0.9999609889453998
0.9999602564260575
0.9999601574261294
0.9999600323249636
0.9999595298350221
0.9999593830018003
0.9999594087425852
0.999959012892778
0.9999586809779012
0.9999587691238686
0.9999581277408558
0.999957426958716
0.9999574248169163
0.999956856010442
0.9999561532988002
0.9999560889532949
0.9999558910419943
0.9999551297452014
0.9999550393645936
0.9999550702391782
0.9999544699453699
0.9999541398328678
0.9999543205412944
0.9999538078353997
0.9999531835936097
0.999953175126883
0.9999526038064445
0.9999520391323211
0.9999519693269925
0.9999517412681521
0.999951210132659
0.9999510418202295
0.999950997410353
0.9999503393128171
0.999950309659171
0.9999500258383923
0.9999493530324935
0.9999488367563938
0.9999489918499617
0.9999484096738455
0.9999480269232208
0.9999481760187134
0.9999477831147454
0.999947323007984
0.9999472338440838
0.9999470273930354
0.9999463890611376
0.9999462690230261
0.9999462840675228
0.9999455036880173
0.9999450752304235
0.9999451039173556
0.9999446961026353
0.9999440369702239
0.9999440153492751
0.999943807533735
0.9999432608733896
0.9999432136407984
0.9999429967358182
0.999942331030774
0.9999421456553853
0.9999420429617294
0.999941408931667
0.9999411127338786
0.9999412487753639
0.9999408604171343
0.9999403776910141
0.9999405164493669
0.9999401939520266
0.9999396694310446
0.999939575623135
0.9999394294136593
0.9999385278505358
0.9999383253480888
0.9999381668319766
0.9999377926412005
0.9999376276956152
0.9999375507175088
0.9999368997969853
0.9999365097322159
0.9999364232606011
0.9999358841357548
0.9999354244820955
0.9999357036070312
0.999935503425753
0.9999349608581658
0.9999350517327281
0.9999349080040697
0.9999342596357329
0.9999341403668541
0.999934219574591
0.9999337267459798
0.9999334409340008
0.9999336848706297
0.9999332505716851
0.9999327843820107
0.9999327835287591
0.999932006568251
0.999931441361174
0.9999316609479396
0.9999314811774029
0.9999309208241689
0.9999309174402169
0.9999308920749787
0.9999303292664034
0.9999301238428876
0.9999301590663247
0.9999294669212383
0.999928989756471
0.9999288415841618
0.9999281657825907
0.9999278711516552
0.9999279482068747
0.9999276143994545
0.9999271667365383
0.9999272658217413
0.9999270468146472
0.9999262552206545
0.999926073898788
0.9999259918944793
0.9999254493480302
0.9999252281267237
0.9999252011701584
0.9999243623450751
0.9999239062024307
0.9999238534360242
0.9999235480315654
0.9999228929062446
0.9999228977330604
0.9999225527065404
0.9999218610966695
0.9999216426378137
0.9999212583383683
0.9999206711717424
0.9999204288827079
0.9999203934572787
0.9999195886128641
0.9999190423744193
0.9999190860673172
0.999918487376317
0.9999182063010355
0.9999180901382139
0.9999177661857754
0.9999172070526334
0.9999170051798585
0.9999168601877402
0.9999161943940758
0.999916008931586
0.9999161692610905
0.9999155836342779
0.9999153049710213
0.9999152075874085
0.999914675464361
0.9999142197053548
0.9999141629873833
0.9999142464056104
0.9999137326182176
0.9999136472540447
0.9999134309953626
0.9999129131153031
0.999912695879401
0.9999124864691161
0.9999120857943117
0.9999114881013237
0.9999111685431623
0.9999103055553704
0.9999098933281306
0.9999101835246996
0.9999095080616691
0.9999089434069909
0.9999091216116239
0.9999090163992993
0.999908281998656
0.9999082424250557
0.999908090983697
0.9999073861532655
0.9999071796173596
0.9999072706238193
0.9999067819637761
0.9999066843507685
0.9999064399773736
0.9999058866103082
0.9999051643253634
0.9999048968144574
0.9999042673265043
0.9999036583073935
0.9999034383017177
0.9999031737750329
0.9999024488049444
0.9999023265781624
0.9999022323660082
0.999901443983639
0.9999012865354091
0.9999013107081387
0.999900704976069
0.9999005181628193
0.9999003206425479
0.9998999632692298
0.9998995060412659
0.9998993572081041
0.9998993357250175
0.9998984919972157
0.9998983247941698
0.9998984011923813
0.9998978268303939
0.9998974959111424
0.999897512303148
0.999896841351645
0.9998965585448965
0.9998968633941484
0.9998963024742378
0.9998958491979286
0.9998955715576557
0.9998952259254472
0.9998944389605688
0.9998946768192599
0.9998944938352126
0.9998941412623538
0.9998939883238116
0.9998942233014757
0.999893980951197
0.9998938711910503
0.9998936867138299
0.999893055751706
0.9998928759587334
0.9998925901056228
0.9998923752629584
0.9998919572552939
0.9998921149113986
0.9998918863824269
0.9998914773380396
0.999891055118083
0.9998907411463602
0.9998904532541286
0.9998906655860664
0.9998905763098431
0.9998899624692255
0.9998897014047881
0.9998895875218103
0.9998888654750814
0.9998883070841447
0.9998880900293283
0.9998876920991988
0.9998873181068838
0.9998875228355129
0.9998872796107091
0.9998869389657926
0.9998863030499259
0.999886225534376
0.9998853643796295
0.9998850462571176
0.999885029269281
0.999884546618328
0.999883915799758
0.99988355954438
0.9998833411364584
0.9998828596152336
0.9998825765124361
0.9998821203943487
0.999881523816466
0.9998811254600535
0.9998811734026299
0.9998806934808261
0.9998802968908862
0.9998801648658804
0.9998793750168272
0.9998787820509724
0.9998788236400539
0.9998785125805884
0.9998782425669169
0.999878082737696
0.999877660299244
0.99987736575058
0.9998768064146614
0.9998766195660381
0.9998761311663946
0.9998760258015962
0.9998761545107137
0.9998753830932945
0.9998747486400771
0.9998744272837645
0.999874056875823
0.999873666320581
0.9998739507063216
0.9998731015297916
0.9998722437187966
0.9998718493762816
0.9998714433451924
0.9998706780930695
0.99987030167376
0.9998703707783584
0.9998697653022255
0.9998694755652757
0.9998697800322089
0.9998693370912722
0.9998693630080184
0.9998691204000494
0.9998687673582023
0.99986825419234
0.999868121999261
0.9998677826001331
0.999867236129133
0.9998672063459365
0.9998673656762755
0.9998669186400964
0.9998665911368744
0.9998663505778167
0.9998658937390131
0.9998656091823426
0.9998659167318588
0.9998652741493239
0.9998648674197698
0.9998647482144714
0.999864354191689
0.9998637984737665
0.9998636344454173
0.9998633856702154
0.999862486213676
0.999862248019805
0.9998620887607129
0.9998616510741797
0.9998614386761785
0.99986101160776
0.9998603487593183
0.9998601270685185
0.9998603191532466
0.9998596434702006
0.9998593445190734
0.9998594513088556
0.9998588075412542
0.9998584612204446
0.9998583137069683
0.9998582745852509
0.9998577745046368
0.9998578166242088
0.9998573996996017
0.9998568612511135
0.9998566896400536
0.9998566691198961
0.99985664229846
0.9998564843739473
0.9998565687677682
0.9998564535577499
0.9998560265940449
0.9998558504742946
0.9998554833156837
0.9998548115514077
0.9998543697607168
0.9998537635874217
0.9998531828872328
0.9998528545449656
0.9998525789991014
0.9998522186919444
0.9998517506860015
0.9998518165486158
0.9998516264902455
0.9998510120768825
0.9998506512082711
0.9998501657875153
0.9998499058478522
0.9998499553725051
0.999849786698335
0.9998495121169543
0.999849296509122
0.9998491301813113
0.9998486918154446
0.9998485770492663
0.9998486282321336
0.9998478770340385
0.9998476818734515
0.9998476239680125
0.999847356360732
0.9998473551171732
0.9998470711459126
0.9998469681357811
0.9998470110937434
0.9998464538214206
