0.9999983162839446
0.9999977617377169
0.9999962994103321
0.9999943477862452
0.9999925267692873
0.9999914224171607
0.9999913569562585
0.9999922910351112
0.9999938874396793
0.999995642059078
0.9999970144562685
0.9999976085883717
0.999997208965959
0.9999958744621593
0.9999939795062098
0.9999921121355378
0.9999909007784961
0.9999906917080066
0.9999915130243898
0.9999930194625741
0.9999947492344681
0.9999961605967104
0.9999968594394278
0.9999965852356193
0.9999953715079001
0.9999935629973249
0.9999917213295445
0.9999904418612728
0.9999901200272534
0.9999908004078956
0.9999922176462219
0.9999939018993512
0.9999953455030363
0.9999961239214011
0.9999959509638306
0.9999948621831908
0.9999931667001555
0.9999913648762644
0.9999900136075451
0.9999895550879793
0.9999900655280153
0.9999913837575647
0.9999930288139887
0.999994481829958
0.9999953172634266
0.9999952753366453
0.9999943284119968
0.9999927278318298
0.9999909312380106
0.9999895292414054
0.9999889746716989
0.9999893816873551
0.9999906015513484
0.9999922111801846
0.9999936667998063
0.9999945807080375
0.9999946369861042
0.9999938127788758
0.999992282280932
0.9999905012086052
0.9999890757506222
0.9999884004514766
0.9999886879255143
0.9999897817528183
0.9999913006449791
0.9999927675237384
0.999993746837739
0.9999939275026275
0.9999931733128414
0.9999917100860143
0.99998997226865
0.9999885365102393
0.999987836611209
0.9999880001676167
0.9999889635834466
0.9999903903589282
0.9999918844870442
0.9999929158802878
0.9999932235725955
0.9999926077971047
0.9999912144532314
0.9999895011471881
0.9999879680235644
0.9999871421714782
0.9999872710586286
0.9999881725606196
0.9999895655405865
0.9999910326688719
0.9999921182048801
0.9999924722231919
0.9999919704829947
0.9999906888638422
0.999988965657621
0.9999874124702443
0.9999864938696847
0.9999864704459704
0.9999872688507395
0.9999886362747126
0.9999901354261685
0.9999913090261598
0.9999918373242062
0.9999914539343673
0.9999901928640335
0.99998848821096
0.9999869058574041
0.9999858863879886
0.9999857656654183
0.9999865343699091
0.9999878496311233
0.9999893393348162
0.999990570454945
0.9999911510843005
0.9999908724690506
0.9999897733449953
0.9999881257549743
0.99998650074468
0.9999854523298894
0.9999851987583512
0.9999857920535644
0.999987030708773
0.9999885149348584
0.9999897646244088
0.999990432280716
0.9999902256086224
0.9999891810521154
0.999987600325827
0.9999859965604817
0.9999848809419707
0.9999845885713535
0.9999851623619479
0.9999863194110499
0.9999877429290551
0.999988994990818
0.9999897115361879
0.9999895717825834
0.999988579050858
0.999987063585267
0.9999854490614222
0.9999842934025249
0.9999839258277577
0.9999843973473188
0.999985527638637
0.9999869056995484
0.9999881750696328
0.9999889265342966
0.9999889190922205
0.9999880634846001
0.9999865962368043
0.9999849815467639
0.9999837168065445
0.9999832460555611
0.9999836540387007
0.9999847271007279
0.9999860835746459
0.9999873643260064
0.9999881790617164
0.9999882316721159
0.9999874472206894
0.9999860263417285
0.9999843923036161
0.9999831138799874
0.9999825216504941
0.9999827727368527
0.9999838087230205
0.9999851548810722
0.9999864847555784
0.9999873581184827
0.9999875306797811
0.9999869005061425
0.9999855393081076
0.9999839459031467
0.9999826179248927
0.9999819737551982
0.9999821883135706
0.9999831067376599
0.999984407008945
0.9999857148286158
0.9999866139854696
0.9999868627541719
0.9999862589747601
0.9999849523167145
0.999983365655372
0.9999819838083988
0.999981296548058
0.9999814120931558
0.9999822814666275
0.9999835358531168
0.9999848469815728
0.9999857813391518
0.9999861378690766
0.9999856770975228
0.9999844701298898
0.9999829234008075
0.9999815859789883
0.9999808256393876
0.9999808653174198
0.9999815841292473
0.9999827809997419
0.9999840858418979
0.9999850614510051
0.9999854551119278
0.9999851098494306
0.9999840634144092
0.9999825848399474
0.99998115958167
0.9999803284897397
0.9999801926257033
0.9999808151857066
0.9999819347051354
0.9999831142387509
0.9999841007271858
0.9999846031020792
0.9999843230863567
0.9999833414928705
0.9999819663567284
0.9999806082040393
0.9999796591796853
0.9999795072429037
0.9999800748694219
0.999981112506978
0.9999823391842537
0.9999833161589687
0.999983851911166
0.999983653314342
0.9999827786032235
0.9999814658340959
0.9999800867404961
0.9999790876441739
0.9999788552574391
0.9999793277605513
0.9999803455164276
0.9999815115953214
0.999982531231622
0.999983157696058
0.9999831052219836
0.9999824060124465
0.9999810840879153
0.9999796308408699
0.9999785825634988
0.9999782598762923
0.9999786927485055
0.9999796487613403
0.999980840748076
0.9999818952663447
0.9999825486096693
0.999982478204305
0.9999817432623818
0.9999804781974864
0.9999791334390904
0.9999781050297704
0.9999776640116603
0.9999779100139284
0.9999787975105224
0.9999798588335549
0.999980935838432
0.9999816483331679
0.9999816854912525
0.999981017602564
0.999979799874837
0.9999784360667171
0.9999773524054751
0.9999768738567967
0.999977089596436
0.9999778829162035
0.9999789928981726
0.9999800934548475
0.9999808794854086
0.9999810292766208
0.9999804258984819
0.9999792443748161
0.9999778766005711
0.9999767585833393
0.9999762237794094
0.9999763811339519
0.9999771360347741
0.9999781895972638
0.999979308402891
0.9999800988810632
0.9999803040366014
0.9999797892071052
0.9999787051881655
0.9999772865960731
0.9999761472338311
0.9999755406077878
0.9999755866126605
0.9999762814154878
0.999977338616025
0.9999785092871575
0.9999793644175432
0.9999796642807531
0.9999792592125079
0.9999782356449951
0.9999768552876952
0.9999756008639242
0.9999749366728489
0.9999749346927511
0.9999754740100777
0.99997646568817
0.9999775319723808
0.9999784420559457
0.9999788711622961
0.9999785831282049
0.9999775947318063
0.9999762473233812
0.9999750014224392
0.9999742497428269
0.9999741105815766
0.9999746212720718
0.9999755678954099
0.9999766749145224
0.9999776155041399
0.9999780731567092
0.9999778523210557
0.9999769463873478
0.9999755862502526
0.999974272790978
0.99997347830091
0.9999733863133535
0.9999738258671501
0.9999746998349389
0.9999757561150073
0.9999766838992985
0.9999772413502633
0.9999770899952398
0.9999762972690129
0.9999749856427951
0.999973706328173
0.9999728771234495
0.9999726527390488
0.9999730648958002
0.9999739276265075
0.999974953486972
0.9999759152998423
0.9999765444824675
0.9999765096531061
0.9999757983271188
0.9999745571647475
0.9999732333706522
0.99997234370156
0.9999720355879216
0.9999722654839427
0.9999730318442173
0.9999740922761359
0.9999750965418022
0.9999756891220095
0.9999757466503614
0.9999751622592006
0.9999740230770321
0.9999728097954276
0.9999718597804047
0.999971446630293
0.9999716067454609
0.9999722702323522
0.999973275794176
0.9999742756529177
0.9999750014912976
0.9999751722234727
0.9999746237613171
0.9999735503899557
0.9999722378810686
0.999971300581598
0.9999708543312233
0.999971036206947
0.9999716473754204
0.9999725727366647
0.9999735651866547
0.9999743433973624
0.9999745569518935
0.9999740401974486
0.9999729857538768
0.9999717361265807
0.9999707481237841
0.9999702820141291
0.9999703177348948
0.999970878754474
0.9999717537359833
0.9999727800438561
0.9999735343834673
0.9999737535764699
0.9999733239274552
0.9999723325469484
0.9999710755128143
0.9999701090550722
0.9999695621947752
0.9999695723387727
0.9999701061179689
0.9999709498202184
0.9999719273491015
0.9999727585971371
0.9999730473054411
0.9999727248289929
0.9999717903321871
0.99997063624898
0.999969608573131
0.999968978078444
0.9999688857673175
0.9999693460584099
0.9999701617764659
0.9999711492163028
0.9999719506495758
0.9999723211566659
0.9999720390183131
0.9999712223259387
0.9999700811581828
0.9999690204763283
0.9999683232269846
0.9999681468960537
0.9999685284948951
0.999969310188367
0.9999702503300867
0.9999710526172437
0.9999714714119556
0.9999712786510372
0.9999704915630097
0.9999693800780668
0.9999683468671053
0.9999676285093916
0.9999674168637671
0.9999677936045918
0.999968496763354
0.9999694031155858
0.9999702400958584
0.9999707287684837
0.9999706097115939
0.9999698925528946
0.9999688724390188
0.9999678497916866
0.9999670884178187
0.9999668447967787
0.9999671211863167
0.999967785642559
0.9999686119797072
0.9999694097368772
0.999969921972343
0.9999698456025833
0.9999692200917318
0.9999681836375405
0.9999671196164392
0.9999663461577654
0.9999661768678146
0.9999663897521427
0.999966968279062
0.9999677580976738
0.9999686939176222
0.9999692065670356
0.999969198754545
0.9999686046624845
0.99996757741512
0.9999665226279764
0.9999657594259452
0.9999655111873427
0.9999656999868528
0.9999662692915947
0.99996705477932
0.999967853164416
0.9999683982030535
0.9999683786921989
0.9999678525166967
0.9999668999063002
0.9999658218717132
0.9999651127515392
0.9999648641099322
0.9999650592057445
0.9999656019113422
0.9999663187364946
0.999967134153151
0.9999677246514835
0.999967874824327
0.9999674084800302
0.9999664053790989
0.9999652879595567
0.9999644817011695
0.999964157715322
0.9999642839363687
0.9999647564542188
0.9999654773097387
0.9999662378551255
0.9999668239380818
0.9999669996175945
0.9999665383911224
0.9999656091020451
0.9999645933397525
0.9999637173612096
0.9999632635207283
0.999963340165374
0.9999637933263441
0.9999644512640088
0.9999652467419188
0.9999659013138096
0.9999661742422367
0.999965950921766
0.9999651551035653
0.9999640576086366
0.9999631231415541
0.999962629758067
0.9999626119736088
0.9999631024351404
0.999963797942059
0.9999645126088935
0.9999651398877887
