0.9999999373626145
0.9999993721746168
0.9999992831271084
0.9999987495381794
0.9999986479703643
0.9999981933522948
0.9999980098655005
0.9999976085990174
0.9999973049037966
0.9999970050369328
0.9999965955993914
0.9999964760088361
0.999996039778332
0.999995980272445
0.9999954834672148
0.9999954104742709
0.9999948426696831
0.9999947450250459
0.9999941772626205
0.9999941360192363
0.9999936404992893
0.9999935283422788
0.999993051355843
0.9999928818477076
0.9999924844362286
0.9999922146178206
0.9999919464642113
0.9999916233596138
0.9999913599134593
0.9999909273752057
0.9999907985827893
0.9999902406599027
0.9999901948115992
0.9999896690376887
0.999989607693477
0.9999890688162407
0.9999890293678878
0.9999885965003227
0.9999885503705729
0.9999882435161773
0.9999880278723663
0.9999875931204882
0.9999873044328533
0.9999869095193367
0.9999864660043312
0.9999862167427624
0.9999856358090289
0.9999855049495255
0.9999850395528466
0.9999848700957312
0.9999843414461718
0.99998427829198
0.9999837692637576
0.9999836493235609
0.9999830857560106
0.999982988473379
0.9999826020920841
0.9999824417388246
0.9999820460103412
0.9999817025687314
0.9999815358500066
0.9999811918699636
0.9999810070948382
0.9999803736295334
0.9999801373903179
0.9999796173328914
0.9999795752051606
0.9999788459580945
0.9999786560481204
0.9999781609009929
0.9999781165581257
0.9999775853216086
0.9999774113837053
0.9999771508174128
0.9999769052356791
0.9999765875004842
0.9999761996676737
0.9999759679659449
0.9999755854469825
0.999975494754398
0.9999750569711855
0.9999748438321591
0.9999741966597934
0.9999741744341295
0.9999736965611458
0.9999736350606704
0.9999730957266162
0.9999729015714905
0.99997226302513
0.9999719884429485
0.9999716782947649
0.9999714185283336
0.9999711816214985
0.9999709472475256
0.9999705465025963
0.9999700272994761
0.9999698643034927
0.9999692548401149
0.9999690634227808
0.9999686827109808
0.9999685351893413
0.999967999151694
0.9999678908426819
0.999967442148271
0.9999671207943114
0.999966734635347
0.999966401585508
0.9999660437593596
0.9999657555537849
0.9999654540382211
0.9999651750595863
0.9999648629604992
0.9999644192403051
0.999964233038626
0.9999638623249623
0.9999637055890233
0.9999631484985603
0.9999632232316953
0.9999627083784481
0.9999624205567174
0.9999618594618003
0.9999617665240389
0.9999613063039658
0.9999608794049603
0.9999606399691376
0.9999603658711885
0.9999599483192283
0.999959627749752
0.9999593824314924
0.9999588741956149
0.9999585729340189
0.9999580480150182
0.9999580343595572
0.999957360583219
0.9999572921486711
0.9999568811011906
0.9999569638416149
0.9999567119525461
0.9999564939225282
0.9999561485769983
0.9999558329526379
0.9999556496596671
0.9999553319709057
0.9999550431813747
0.9999546153481638
0.9999544931874133
0.9999540663528081
0.9999540435930068
0.9999535250516464
0.9999534478964893
0.9999527893865953
0.9999527850990201
0.9999522066931588
0.999952180485147
0.9999517529926136
0.9999517732775408
0.9999514612418411
0.9999511719868754
0.9999509176682113
0.9999505921723374
0.9999505198821804
0.9999499579599859
0.99994983227916
0.9999493933628201
0.9999491416589489
0.9999486277443812
0.9999485391989339
0.9999479811861558
0.999947730104543
0.9999471801202137
0.9999470005715156
0.9999465691408908
0.9999462495975359
0.9999458197078086
0.9999454018087521
0.999945078437697
0.9999448915108465
0.9999445307088988
0.9999441317059076
0.999944053403083
0.999943620227593
0.9999433836087094
0.9999430334785333
0.9999427932579517
0.9999421218074579
0.9999420082053189
0.9999415539339681
0.9999408813406172
0.9999403117744249
0.9999404791592678
0.9999401465763021
0.9999399475348054
0.9999396113953744
0.999939137325455
0.9999388803605391
0.9999385799850362
0.9999384802628496
0.9999378921581499
0.9999375297478057
0.9999370248510194
0.9999367918521929
0.9999362109345915
0.9999358914685159
0.9999353431699539
0.9999349919195932
0.9999345561927239
0.9999341022331623
0.9999337213125035
0.9999334996397591
0.9999334314009076
0.99993328906276
0.9999330498552169
0.9999328434840131
0.9999327716408395
0.9999321741499351
0.9999321927414746
0.999931472817802
0.999931495531861
0.9999309111768379
0.9999307187203956
0.9999305279762664
0.999930576004268
0.9999301967966656
0.9999299765951368
0.9999296521515596
0.9999292117779208
0.9999293693730338
0.9999290321008297
0.9999285912943919
0.9999277959696635
0.999927347269096
0.9999270719701616
0.9999269288110072
0.9999264399751407
0.9999262388426003
0.9999257334246311
0.99992548887485
0.9999249289007526
0.9999246504421857
0.9999242545532792
0.999923974233115
0.9999236268861108
0.9999232869746426
0.9999230023121031
0.9999224587208113
0.9999221276706035
0.9999215449210715
0.999921333461706
0.999920771196104
0.9999206779581281
0.999920193281162
0.9999199806851603
0.9999190704714372
0.999918879173265
0.9999185285810384
0.9999181489459789
0.9999177355999311
0.999917324911678
0.9999168712685444
0.9999164137541554
0.9999159368800924
0.999915505934868
0.9999154586964811
0.9999149676444578
0.9999148488116403
0.9999145162936781
0.9999143484486143
0.9999140192244214
0.999914072996149
0.999913701201311
0.9999135940981932
0.9999133253283997
0.9999130531890426
0.9999125509991217
0.9999121972015707
0.9999119168021381
0.9999114999448251
0.9999108715317256
0.9999103716142955
0.9999100909267212
0.9999095804709345
0.9999096365757464
0.9999089768318031
0.9999085067304175
0.9999080731497816
0.9999080078091273
0.9999077517514235
0.999907571748658
0.9999072259232921
0.9999071328183435
0.9999067339182577
0.9999066164802425
0.9999062986690289
0.9999057681840188
0.999905428032044
0.9999051600265528
0.9999048339615076
0.9999045720292552
0.9999042830994277
0.9999034708603346
0.9999032632059961
0.9999028615099252
0.9999029648287459
0.9999027470804379
0.9999026949571059
0.9999022557307989
0.9999020579160545
0.9999015900011936
0.9999012377840187
0.9999008776401753
0.9999002666934674
0.9999001155357253
0.9998997247765321
0.9998995998747232
0.9998992692262385
0.9998988309064727
0.9998985042487138
0.9998979905730759
0.9998978882179016
0.9998974036647965
0.9998971736685025
0.9998968470022457
0.9998962325792796
0.9998959025705545
0.9998952305275459
0.9998946080430152
0.9998942063802552
0.9998938468233247
0.9998936975365452
0.999893134438366
0.9998930578929549
0.9998924253804339
0.9998922314766604
0.9998920174747636
0.9998921863589253
0.9998914830737309
0.9998914341616099
0.9998909320474222
0.9998904472207129
0.9998899072125912
0.9998895312138087
0.999889348265774
0.9998890846184967
0.9998887499908455
0.9998884625421323
0.9998883763235373
0.9998881935918311
0.9998881791945018
0.9998879539651593
0.9998877935340331
0.9998870546438526
0.9998867191262034
0.9998861275083304
0.9998860990750629
0.9998855607500434
0.9998855219667213
0.9998852460950883
0.9998845538080786
0.9998842455493552
0.9998839308507432
0.9998836841297439
0.9998830524014065
0.9998829395064905
0.9998826678579775
0.9998823450454073
0.9998817286817222
0.9998817614782521
0.9998813797895681
0.999881323727921
0.9998808442168967
0.9998805824542648
0.9998797403920541
0.9998795214216674
0.9998792781328963
0.9998788464942218
0.9998784763509786
0.9998783220319785
0.9998781762696389
0.9998775782643466
0.9998774792665038
0.9998771060543896
0.9998769081832204
0.9998763222628356
0.9998764144849526
0.9998757710443787
0.9998759337012434
0.9998754625804906
0.9998753743388595
0.9998744740407989
0.9998739995811287
0.9998732820127648
0.9998729262325723
0.9998726788961836
0.9998721564374898
0.9998718226080248
0.999871386502541
0.9998709891319244
0.999870948819977
0.9998706779300238
0.9998700776318061
0.9998697694057513
0.999869233994071
0.9998695657475513
0.9998687368141099
0.9998684671056908
0.9998681046950109
0.9998674531995689
0.9998669744266848
0.9998669593233009
0.9998670380221045
0.9998665417165885
0.9998662805237176
0.9998657575091098
0.9998652806531525
0.9998645832038545
0.999864627851985
0.9998644955173314
0.9998644183116112
0.9998641391839953
0.9998639494805154
0.999863857084464
0.9998634124450905
0.9998628720236387
0.9998629186212565
0.9998627353263756
0.999862476328746
0.9998621320683172
0.9998618582555825
0.9998612789693405
0.9998609284613584
0.9998607526912161
0.9998599317935499
0.9998598000226502
0.9998591144365875
0.9998587486266386
0.9998582858287335
0.9998578308938598
0.9998578609876563
0.9998575181661401
0.9998572615996987
0.9998574213322103
0.9998570542930169
0.9998571627974527
0.9998568635496451
0.9998566639633734
0.9998562137570896
0.9998559811190462
0.9998557341282326
0.9998553481206717
0.9998553735809915
0.9998551860071089
0.99985519753053
0.9998550827737884
0.999855029118711
0.9998545637136438
0.9998542817521325
0.999853779144195
0.9998533368411894
0.9998528153024625
0.9998525455158792
0.9998519938138624
0.9998514360864533
0.9998512674538294
0.9998506903016335
0.9998504983583866
0.9998502702927059
0.9998500195056602
0.9998496798811481
0.9998495344118202
0.9998493536766533
0.9998490575290301
0.9998484719018452
0.9998481726721438
0.9998477148494563
0.9998470814136398
0.9998466356868235
0.9998461600440685
0.9998459527853765
0.9998458462626788
0.9998457421604959
0.9998454509439917
0.9998454288082957
0.9998447204387334
0.9998448031667033
0.999844237814269
0.9998442961355131
0.999843722655343
0.9998431375694469
0.9998427885021706
0.999842537088866
0.9998424327046987
0.9998424165592749
0.9998420471530353
0.9998417094498991
0.9998414471248473
0.9998410360820147
0.9998404815976304
0.9998401478195922
0.9998400015188256
0.9998394994058681
