0.9999994776793434
0.9999989338825468
0.9999978823644698
0.9999972618357654
0.9999975597623852
0.9999984709130799
0.9999991132444194
0.9999988112991045
0.9999978206151081
0.999997044147451
0.9999971063681931
0.9999979351885903
0.9999987281089951
0.9999986825454578
0.9999977875606243
0.99999688198213
0.9999967045508941
0.9999973601194255
0.9999982268717403
0.9999984417778865
0.9999977148186144
0.999996725992517
0.9999963384144772
0.9999968250593351
0.9999977232781894
0.9999981643190986
0.9999976368624298
0.9999966302948885
0.9999960250791301
0.9999963070850726
0.9999971587847789
0.9999977711553335
0.9999974818002353
0.9999965261380936
0.9999957613380593
0.999995816820186
0.9999965961701714
0.9999973759275521
0.9999973311698822
0.9999964824680618
0.9999956160031196
0.9999954393294829
0.9999960717306124
0.9999969019743729
0.9999970905090344
0.9999964151993427
0.999995470505992
0.9999950727041894
0.9999955100310369
0.9999963797678897
0.9999967927613602
0.9999962947620382
0.9999953409962448
0.9999947546531245
0.9999950055472383
0.9999958325400832
0.9999964142915456
0.999996116573294
0.9999951894037333
0.9999944468116501
0.9999944740468959
0.999995219142517
0.9999959213966209
0.9999958926279636
0.9999950721851862
0.9999942336668151
0.9999940445734291
0.9999946394863595
0.9999954538502219
0.9999956453535463
0.9999949860640079
0.9999940959648426
0.9999936936204679
0.9999941111469112
0.9999949476638137
0.9999953233027736
0.9999948447823305
0.9999939260057662
0.9999933558253679
0.9999935796388051
0.9999943813159666
0.999994957964635
0.99999466596744
0.9999937972059211
0.9999931073340694
0.9999931181737364
0.9999938093277171
0.9999945032466085
0.9999944483186383
0.9999936898044662
0.9999929078028763
0.9999927293482727
0.9999932970279464
0.9999940458823843
0.9999942153801088
0.9999936004453871
0.9999927149281291
0.9999923612756065
0.999992773053604
0.9999935666415468
0.9999939126321344
0.999993450315594
0.9999925597561268
0.9999919566229241
0.9999921892589234
0.999992950041936
0.99999344806973
0.9999931997055111
0.9999923998145178
0.999991690788765
0.999991734798899
0.9999924346455131
0.9999930837862862
0.9999930603600816
0.999992347321539
0.9999915439127841
0.9999913836838649
0.9999919521797527
0.9999926793450752
0.9999928576611958
0.999992277947369
0.9999914492738017
0.9999910759574013
0.9999914964971269
0.9999922428052401
0.9999925718669427
0.9999921539348516
0.999991328384361
0.9999907491715222
0.9999909727082112
0.9999917169485054
0.9999921878935482
0.9999919527344804
0.9999911572169307
0.9999904924761502
0.9999905119602605
0.9999911717386112
0.9999917654368551
0.9999917698429451
0.9999911036770709
0.9999903755332449
0.9999901822320514
0.9999907308345903
0.9999914045470326
0.9999915411606887
0.9999910317184231
0.9999902248368501
0.9999898803824966
0.9999902762897679
0.9999909996730708
0.9999912905161623
0.9999908724294927
0.999990072998191
0.9999895463520775
0.9999897580907207
0.9999904646053667
0.9999909170137019
0.9999906706835073
0.9999899139562064
0.9999892501263006
0.9999893037688738
0.9999899987933747
0.9999906082042469
0.9999905540319013
0.9999898552019207
0.9999890731028928
0.9999889310627362
0.9999894991609002
0.9999901328760206
0.9999902683741609
0.999989735408801
0.9999888901765701
0.9999885698191787
0.9999889758258498
0.9999896310183973
0.9999898978604027
0.9999895279723642
0.9999887564496228
0.9999882449848595
0.9999885070945876
0.9999891832132152
0.9999896318620852
0.9999894163273589
0.9999886624755975
0.9999880209168979
0.9999880936353333
0.999988715094657
0.9999891855638252
0.9999891241516492
0.999988449226632
0.9999877139819893
0.9999875718733282
0.9999881130612507
0.9999887657045408
0.99998886373754
0.9999883410921583
0.9999875871991262
0.999987282821975
0.9999876910459732
0.9999883546004396
0.9999886273057728
0.9999882538504024
0.9999874495868423
0.9999869798645679
0.9999872050500813
0.9999878650132642
0.9999882980258109
0.9999880759992859
0.9999873464797836
0.999986701824418
0.999986782845691
0.9999874279267581
0.99998795449834
0.9999879269771954
0.99998722857784
0.9999864919938657
0.9999863704780056
0.9999868909029489
0.9999874914350173
0.9999875789684602
0.9999870735825486
0.9999862715396002
0.9999859745243388
0.9999863659288395
0.9999869897578371
0.9999872125764782
0.9999868342750526
0.9999860636853389
0.9999855995789609
0.9999858315104668
0.9999864699984814
0.9999869027978898
0.9999866218012305
0.9999859202777256
0.9999853215673361
0.9999854243486764
0.9999860101867621
0.999986504666653
0.9999864663927096
0.9999858280272973
0.9999851565721065
0.9999851007205186
0.9999855997433434
0.9999861988186026
0.9999863150004629
0.9999857966427167
0.9999850199219024
0.9999847656060161
0.9999851752502893
0.999985757763307
0.9999859994330643
0.9999856662359008
0.9999849027075279
0.9999844929287648
0.9999847621244995
0.999985302541448
0.9999856727724727
0.9999854405753891
0.9999847185975708
0.9999841505669271
0.9999842653788449
0.9999848061523361
0.9999852481206063
0.9999852521084436
0.9999846285359518
0.9999839644898834
0.9999839259278427
0.9999843929147076
0.9999848768510162
0.9999849843627777
0.9999844643881582
0.9999837287627599
0.999983526002933
0.99998384368577
0.9999843483813631
0.999984599063112
0.9999842179856987
0.9999834987753792
0.9999831609399472
0.999983399819959
0.9999838998294971
0.9999842402518491
0.9999840698367949
0.9999834077728627
0.9999829151085368
0.9999830650597581
0.9999835315969913
0.9999839455113174
0.9999839425529732
0.9999833539547236
0.9999826797354022
0.999982681143938
0.9999830906359384
0.9999835661128814
0.9999837022199038
0.9999832661866233
0.9999825578965005
0.9999823469587213
0.9999826650472543
0.9999831274459261
0.9999833694689166
0.9999830914939107
0.9999823614479232
0.9999820136992559
0.9999822151683307
0.999982622311619
0.9999829222921317
0.9999828198810435
0.9999821533492411
0.9999816855825764
0.999981757972627
0.9999821976604778
0.999982599368676
0.9999826077063437
0.9999820013960177
0.9999813810573058
0.9999813974345311
0.9999817218055977
0.9999821093302467
0.9999822131603014
0.9999818158015148
0.9999811850009126
0.999981023167103
0.9999813596730268
0.9999817938320394
0.9999820391905822
0.9999817188833053
0.9999810208060638
0.999980721609502
0.9999809614222558
0.9999813824851785
0.9999816936905505
0.9999815242000925
0.9999808905530233
0.999980380942979
0.9999804864245511
0.9999808723628223
0.9999811855058568
0.9999811437548103
0.9999805910312772
0.9999799709898641
0.9999799432172252
0.9999803219540165
0.9999807239284554
0.9999808051222668
0.9999803468288274
0.9999796768892067
0.9999794643168302
0.9999797527876462
0.9999801696093079
0.9999804044827499
0.9999801819595516
0.9999795091364693
0.9999792150145488
0.9999794511497089
0.9999798971699079
0.9999801541929114
0.9999800063808814
0.9999794181604584
0.9999789754559723
0.9999790360502198
0.9999794121852326
0.9999797731572738
0.9999797991858208
0.9999792231111023
0.9999786714752
0.9999785758653995
0.9999789693201507
0.9999793265610017
0.9999794498656579
0.9999790344047509
0.9999784169788953
0.9999782834827831
0.9999786213366038
0.999979004594801
0.9999791727525179
0.9999788635590946
0.9999782049590814
0.9999778979612343
0.9999781207441467
0.9999785259679194
0.9999788014459161
0.999978621070439
0.9999780168657215
0.9999776013603205
0.9999777329788668
0.9999781496038952
0.9999785087917926
0.9999784723019376
0.9999778696261704
0.999977336294636
0.999977292936693
0.9999776479203614
0.9999779690532331
0.9999780668413334
0.999977595914435
0.999977029070825
0.9999768668089083
0.9999772061954814
0.9999776077544388
0.9999777964324756
0.999977516416813
0.9999768329424571
0.9999765807172747
0.9999768362831426
0.9999771943311311
0.9999774847458608
0.9999772698997502
0.9999766980184738
0.9999763747828804
0.9999765185202656
0.9999768707904959
0.9999771684820326
0.9999771115404195
0.9999765506701006
0.9999760324782581
0.9999760301015024
0.9999763933528099
0.9999766917024865
0.9999767898349392
0.9999763456660455
0.9999758521328467
0.9999757913896957
0.9999760681986254
0.9999764491453033
0.9999766314095141
0.9999762915773781
0.999975729900754
0.9999754402616979
0.9999756425841596
0.9999760201871326
0.9999762249340715
0.9999759763017967
0.9999754533945286
0.9999750482192408
0.999975124931979
0.9999754145681993
0.999975742561004
0.9999756856709611
0.9999752154978956
0.9999747422226637
0.9999746714403716
0.9999749583914164
0.9999752955120849
0.9999753725716946
0.9999749665059976
0.9999744258651705
0.9999743702693811
0.9999745614013433
0.9999749277062341
0.9999750927609975
0.9999748057936059
0.9999742895852592
0.9999739938239194
0.9999741158391747
0.9999745037946839
0.9999747115081639
0.9999745590138954
0.9999740015976746
0.9999736573708704
0.9999737098515242
0.9999740240904087
0.999974346741063
0.9999742670543297
0.999973850932136
0.9999734310179748
0.999973334547747
0.999973613893795
0.9999739096118897
0.9999739806110062
0.9999735995470145
0.9999731293387064
0.9999729701736336
0.9999731943009014
0.9999734962259617
0.9999736370532603
0.9999733658657336
0.9999728082108256
0.9999725442091004
0.9999727088273052
0.9999730582975142
0.9999732578563313
0.999973090923937
0.9999726241430298
0.9999723215698503
0.9999723541025143
0.9999726439748066
0.9999728836068109
0.9999728534286685
0.999972464239635
0.9999719961834423
0.9999718948611774
0.9999720905116875
0.9999724281871111
0.999972477233844
0.9999720742786711
0.9999716640065902
0.9999715205443873
0.9999717641587521
0.9999720649946781
