0.9999999446565221
0.9999996753033862
0.9999998462532133
0.9999995799548066
0.99999974871775
0.9999994904639764
0.9999996446755197
0.9999993989780709
0.999999541903586
0.9999993113169541
0.9999994329918747
0.9999992137538952
0.9999993259594057
0.9999991146528482
0.9999992115783124
0.9999990379220477
0.9999991018177663
0.9999989478952567
0.9999989876034763
0.9999988501828005
0.9999988801316817
0.9999987609993002
0.9999987563634624
0.9999986800470697
0.9999986564976384
0.9999985964745144
0.9999985231707926
0.9999984849165164
0.9999984062027045
0.9999984091687247
0.999998294550109
0.9999983050248517
0.999998170701308
0.9999982087404884
0.9999980664469718
0.9999981155588908
0.9999979380454223
0.9999980133378085
0.9999978219374402
0.9999979186757525
0.9999977185519272
0.9999978274030997
0.9999975903347228
0.9999977368686934
0.9999975042454894
0.9999976456782341
0.9999974006953106
0.9999975300368416
0.9999972878592757
0.999997433056385
0.9999971798988294
0.9999973389786423
0.9999970688610765
0.9999972158225598
0.9999969631834166
0.9999970967590637
0.9999968362222962
0.9999969624697302
0.9999967447643315
0.9999968756859808
0.9999966456169853
0.9999967695256665
0.9999965558388979
0.9999966516737212
0.9999964738481606
0.9999965371350098
0.9999963745101774
0.9999964316735738
0.9999962958507856
0.9999963056947008
0.9999961771637363
0.9999961650620632
0.9999960697145628
0.9999960376663575
0.9999959883668421
0.9999959260844704
0.9999958649579938
0.9999957732633109
0.999995753068107
0.9999956615927444
0.9999956607043322
0.9999955374261501
0.9999955512562518
0.9999954185372519
0.9999954588934576
0.9999953134638618
0.9999953715109491
0.999995201870862
0.999995317912664
0.9999951212692874
0.9999952108694801
0.9999950074013961
0.9999950948008661
0.9999948523750836
0.9999949663263994
0.9999947485228513
0.9999948832634203
0.9999946520689669
0.9999947612046732
0.9999945121613181
0.9999946611162672
0.9999944211137285
0.9999945429438903
0.9999943046006033
0.9999944345612942
0.9999942399615834
0.9999943701200744
0.9999941369961582
0.999994269665705
0.9999940409295048
0.9999941531444468
0.999993961904795
0.9999940712334348
0.9999939092088612
0.9999940096000424
0.9999938855636178
0.9999939663323252
0.999993844322558
0.9999938898513981
0.9999937620154478
0.99999375838909
0.9999936593791688
0.9999936254778676
0.9999935402064177
0.999993506939937
0.999993461952953
0.9999934029982357
0.9999933552449707
0.9999932969741352
0.9999933124337546
0.9999932413598552
0.9999932468004666
0.9999930959352394
0.9999931248159518
0.9999930135479504
0.9999930467031934
0.9999928834612809
0.9999929311890455
0.9999927864033381
0.9999928485723327
0.999992631221158
0.9999927191123426
0.9999925250569173
0.9999926089096313
0.9999924067349278
0.9999925276302141
0.9999923487654457
0.9999924874912065
0.999992303135618
0.9999924290188852
0.9999921830233612
0.9999922949633453
0.999992084890113
0.9999922004327275
0.99999198074367
0.9999921073776962
0.9999918896987664
0.9999920085162337
0.9999917824706678
0.9999918598478892
0.9999916498828243
0.9999917534629014
0.9999915470132235
0.9999916422420077
0.9999914948790313
0.9999915489144716
0.9999914220114445
0.9999914744278928
0.9999913308583255
0.9999913830392251
0.9999912996654854
0.9999913317302342
0.999991231846435
0.9999912132355496
0.9999911017267217
0.9999910723344659
0.9999910238548425
0.9999909577800217
0.999990932269751
0.9999908737975458
0.999990872031145
0.9999907664105966
0.9999907697920036
0.9999906549103507
0.9999906723749722
0.9999905162260081
0.9999905857626088
0.9999903998962462
0.9999904676923456
0.9999903175239864
0.9999903945835938
0.9999902289158498
0.9999903238073204
0.9999901626175706
0.9999902524249841
0.9999900397689534
0.999990150424716
0.9999899581969564
0.9999900762540451
0.9999898836421017
0.9999899724790035
0.9999897803787178
0.9999899018247723
0.9999897079346292
0.9999898150124759
0.9999896090402793
0.9999896871376391
0.9999894517934708
0.9999895356347455
0.9999893901054157
0.9999895065580332
0.999989339124042
0.9999893834554135
0.9999891973206518
0.9999892366896963
0.9999890998755768
0.9999891426348134
0.9999890104991199
0.9999890490336069
0.9999889158283451
0.9999888955823759
0.9999888301936674
0.999988818672461
0.9999887063927365
0.9999886639576417
0.9999886155989691
0.9999885627037625
0.999988509899845
0.9999884617758841
0.9999884681732482
0.9999883916870429
0.9999883873136968
0.9999882851894942
0.9999882815414758
0.9999881330823269
0.9999881763874421
0.9999880415896092
0.9999880500509191
0.9999878770975967
0.9999879317754724
0.9999877808943392
0.9999878556844405
0.9999877195950636
0.9999878464005204
0.9999876385441794
0.9999877468567308
0.9999875682461753
0.9999876792236078
0.9999874784824239
0.9999875800136336
0.999987421798268
0.9999874810601928
0.999987304269874
0.9999874235524078
0.9999872240718501
0.999987331219478
0.9999871248850384
0.9999872107260079
0.9999870242236532
0.9999870881993466
0.9999869288162812
0.999987026768236
0.9999868270169007
0.9999869003671827
0.999986806392439
0.99998686587014
0.9999867170082826
0.9999867495677054
0.9999866404748421
0.9999866217707473
0.9999865505265426
0.9999865744054459
0.9999864830216665
0.9999864778385273
0.9999864241298841
0.999986351370766
0.999986276319779
0.9999862380284807
0.999986169296586
0.9999861291032222
0.9999860996598667
0.9999859485358087
0.9999859359223594
0.9999858745934549
0.9999859168721449
0.9999858259779711
0.9999858435316992
0.9999856580631545
0.9999856757531629
0.9999855424425723
0.9999855989167931
0.9999854468681331
0.9999854808827069
0.9999853001425948
0.9999853959972922
0.9999852534248557
0.9999853371064872
0.9999851690047519
0.9999852455424593
0.9999850654062538
0.9999851252655392
0.9999849587948065
0.9999850732818832
0.9999848846037429
0.9999849641843686
0.9999847677688459
0.9999848802092509
0.9999846633733874
0.9999847358094288
0.9999845559736642
0.9999846125208544
0.9999844342537209
0.9999844503529917
0.9999843100185826
0.999984423981904
0.9999843101827123
0.9999843245756285
0.9999841742792901
0.9999841568036116
0.9999840757405444
0.9999840303823864
0.9999839132316534
0.9999839192116585
0.9999838418662091
0.9999837848382553
0.9999837333899863
0.9999837112357376
0.9999836824401194
0.9999836136749777
0.9999836275280781
0.9999835528528763
0.999983493232374
0.9999833969402392
0.9999833354104573
0.9999831910561583
0.9999831918720591
0.9999830660128535
0.9999830771718207
0.9999829839366888
0.9999830126352354
0.9999828683051663
0.9999829185712085
0.9999828092633074
0.9999828565055904
0.9999827085373786
0.9999828059345229
0.9999826403216286
0.9999826822950868
0.9999824742818045
0.9999825214099199
0.999982322814666
0.9999824384021041
0.9999822580328931
0.999982333275169
0.9999821870001256
0.9999822544625219
0.9999821158067345
0.9999822139068881
0.9999820311468668
0.9999820876314113
0.9999819073388589
0.9999819725115152
0.9999818241234302
0.9999818910466268
0.999981762001636
0.9999818001742803
0.9999817147841227
0.9999817617463161
0.9999816426071378
0.9999816346902122
0.9999815255908672
0.9999815337967912
0.9999814366350502
0.9999813952630705
0.9999813302996342
0.999981304909213
0.9999812843195779
0.9999812866766036
0.9999813219958994
0.9999812590888704
0.9999812372513971
0.9999811916544079
0.9999812006451813
0.9999811514950367
0.9999811756413385
0.999981064525023
0.999981050713828
0.9999809329649278
0.9999809804489346
0.9999808267102426
0.9999808739016799
0.9999806782288562
0.9999807714806412
0.9999806131314275
0.9999806081615716
0.9999804662955625
0.9999805452665332
0.999980346957363
0.9999804609404092
0.999980276139711
0.9999803422531413
0.9999801576183641
0.9999802263116441
0.9999800302538946
0.9999800811492008
0.9999799054800422
0.9999799857283761
0.9999798596261114
0.9999799738468432
0.9999798000801369
0.9999798737939857
0.9999796763038061
0.9999797805817695
0.9999796341202113
0.999979693188298
0.999979494130077
0.9999795069687638
0.9999793741357379
0.9999794137424016
0.9999792747785928
0.9999793258659107
0.9999791956634355
0.999979197169649
0.9999790960220027
0.9999790274275325
0.9999789421783221
0.9999789319767108
0.9999788770482987
0.9999788344918102
0.9999787607866197
0.999978667791925
0.9999785846407152
0.9999784903470121
0.9999784930212124
0.999978369022076
0.999978341096892
0.9999782309579677
0.9999782142753523
0.9999780714500045
0.9999780833137293
0.9999779561983468
0.9999779880715116
0.9999778203730236
0.9999778975326085
0.9999777938053693
0.9999778521794921
0.9999776469116778
0.9999776922134681
0.9999775390867999
0.999977616360078
0.9999775047606385
0.9999775785643149
0.9999773725247745
0.9999774181078311
0.9999772685819006
0.9999773807900212
0.9999772520850421
0.9999773116256401
0.9999772058492588
0.9999772587055933
0.9999771159458419
0.9999772116803547
0.9999770911822977
0.9999770834116154
0.9999769517426554
0.9999769515870987
0.9999768314860485
0.9999768183602039
0.9999767232564086
0.9999767168871652
0.9999765779870844
0.9999765952810996
0.9999764936852519
0.999976467856338
0.9999764067774132
0.9999763999565544
0.999976331079952
0.9999762085954108
0.9999761404142966
0.9999760979932565
0.9999760443271596
0.9999759753641666
0.9999759679523998
0.9999758824769494
0.9999758791344515
0.9999757946980018
0.9999757668717278
0.9999756739239227
0.9999756843423377
0.9999755168403544
0.9999755419730016
0.9999754420755762
0.9999754662454116
0.999975340172602
0.9999754094757477
0.9999752726172286
0.9999753078983941
0.9999751953454308
0.9999751879600842
0.9999750638716112
