0.9999999439196975
0.9999996743442714
0.9999998617339739
0.9999995970194181
0.9999997820652488
0.9999995182023115
0.9999997022191097
0.9999994345452835
0.9999996186340029
0.9999993539576708
0.999999528734438
0.9999992654640876
0.9999994480052957
0.9999991893756758
0.9999993667510867
0.9999991009106756
0.9999992860983727
0.9999990288056848
0.9999992115011832
0.9999989514620796
0.9999991442437237
0.9999988792249495
0.9999990498730074
0.9999987911726443
0.999998979032686
0.9999987137544194
0.9999988898729508
0.9999986339492749
0.9999988017182294
0.9999985292234924
0.9999987050663808
0.9999984488942272
0.9999986145159008
0.9999983678425906
0.9999985432994072
0.9999982926478096
0.999998465721551
0.9999982059247935
0.9999983742574988
0.9999981177838471
0.999998290465319
0.9999980320168048
0.9999981979806226
0.9999979504168413
0.9999981078941579
0.999997862110723
0.9999980310005636
0.9999977801465214
0.9999979501040296
0.9999977087626643
0.9999978758517313
0.9999976128780238
0.9999977759118087
0.9999975274444338
0.999997702291545
0.9999974490149874
0.9999976075314598
0.9999973732810659
0.9999975461500272
0.9999973089312151
0.9999974766363193
0.9999972372347522
0.9999974074001916
0.9999971571731621
0.9999973134269604
0.9999970783876788
0.9999972294794086
0.9999969887141613
0.9999971502800387
0.9999968979969739
0.999997051128971
0.9999968241356701
0.9999969815526518
0.9999967219180852
0.9999968652714449
0.9999965822199754
0.9999967575338398
0.9999965010798673
0.9999966615666847
0.9999964194466833
0.9999965795259773
0.9999963372909515
0.9999964922380163
0.9999962351251585
0.9999963951956627
0.999996158499841
0.9999963222803523
0.999996087704667
0.9999962444352547
0.9999959898915443
0.9999961516607181
0.9999958908049259
0.9999960605680932
0.9999958057899586
0.9999959402451573
0.9999956857982336
0.9999958625459336
0.9999956331467083
0.9999957776479179
0.9999955424689247
0.999995707479292
0.999995438977486
0.999995593385095
0.999995368561185
0.9999955095658456
0.9999952859645649
0.999995462448982
0.9999952390246063
0.9999953966610156
0.9999951970597896
0.9999953441356432
0.9999951092342894
0.9999952657474792
0.9999950318354561
0.9999951726648899
0.9999949383854765
0.9999950918824378
0.9999948625499461
0.9999950264291729
0.99999480928427
0.999994964350119
0.9999947354906019
0.9999948814885599
0.9999946491511031
0.9999947895271067
0.9999945924959821
0.9999947585000071
0.9999945095838046
0.999994651778558
0.9999944269941803
0.999994545557077
0.9999943302878449
0.9999944610552638
0.9999942218363519
0.999994367645719
0.9999941273052857
0.9999942661756457
0.9999940263033482
0.9999941915523353
0.9999939604620648
0.9999941023221298
0.9999938986387591
0.9999940561629359
0.9999938280461548
0.9999939559621138
0.9999937394562297
0.9999938762153081
0.9999936677120951
0.9999937813150913
0.9999935492862468
0.9999937001781389
0.9999935049678141
0.9999936364900598
0.999993417242692
0.9999935749936443
0.9999933246908372
0.999993465916083
0.9999932357335484
0.9999934112963538
0.9999931685507263
0.9999933027142054
0.9999930826416178
0.9999932179699279
0.9999930033337978
0.9999931494964909
0.9999929098421145
0.9999930420763619
0.9999928120224433
0.9999929259392131
0.9999927390278954
0.9999928635873907
0.9999926277466513
0.9999927745393606
0.9999925716604317
0.999992681905161
0.9999924602598671
0.9999925756411694
0.9999923721992491
0.9999925160609041
0.9999922971530428
0.9999924466998383
0.9999922328020434
0.9999923844196844
0.9999921825323407
0.9999923179221533
0.999992103373083
0.9999922449089572
0.9999920444199704
0.9999921672109577
0.9999919478067033
0.9999920843706709
0.9999918944413717
0.9999920120553063
0.9999917773810202
0.9999919008663135
0.9999916558161644
0.9999917892513774
0.9999915733221424
0.9999916793816102
0.9999914681265205
0.9999916143809717
0.9999913675731177
0.9999915086911362
0.9999913280959883
0.9999914630632055
0.9999912656004537
0.9999913765652136
0.9999911856062076
0.9999913546745682
0.999991160553635
0.999991284497362
0.9999911024937296
0.9999912250654311
0.9999910087252629
0.9999911287903436
0.9999909276325858
0.9999910502561749
0.9999908240449712
0.9999909332554315
0.9999907237847573
0.9999908138853851
0.9999906298426742
0.9999907327265879
0.9999905485564997
0.9999906740601386
0.9999904603837358
0.9999905973368158
0.9999903764600946
0.9999905188421148
0.9999903382265662
0.9999904581303886
0.9999902717438599
0.999990377665135
0.9999901837420914
0.9999902757819892
0.9999900497310207
0.9999901956250301
0.9999900051986029
0.9999900980073931
0.9999898887164461
0.9999900400732683
0.9999898277400897
0.9999899158335179
0.9999897117941648
0.9999898289453855
0.9999896278761414
0.9999897501419198
0.9999895434499726
0.9999896885290228
0.9999894882905523
0.9999895816416141
0.9999894056598237
0.9999894950675671
0.9999892958714172
0.9999894069167296
0.9999892010886456
0.9999893015030196
0.9999891181098504
0.999989244322379
0.9999890368984898
0.9999891632636917
0.9999890029354497
0.999989118842222
0.9999889008483771
0.9999890132725195
0.9999888377147476
0.9999889509637407
0.9999887854073912
0.9999888654401228
0.9999886825570369
0.9999887723439992
0.9999885895312969
0.9999886834586392
0.9999884895497648
0.9999885752710802
0.9999884007225537
0.9999884912050656
0.9999883171170327
0.9999884060500185
0.9999881989786729
0.9999882633142789
0.9999880821699166
0.999988210410492
0.9999880364109419
0.9999881249095749
0.9999879222149008
0.9999880283430793
0.9999878737324728
0.9999880062262371
0.9999878155063265
0.9999879221299044
0.9999877391942046
0.9999878774989605
0.9999877116753396
0.9999878135740288
0.9999876510290959
0.9999877499059315
0.9999875555978679
0.9999876295133332
0.9999874459406964
0.9999875334625543
0.9999873817717775
0.9999874772702672
0.9999872864524489
0.9999874126114996
0.9999871888139761
0.9999872957165952
0.9999871380174989
0.9999872471470974
0.9999870308673724
0.9999871129588455
0.9999869321562185
0.9999869856295758
0.999986817674522
0.9999869134687808
0.9999867124110082
0.9999868138105541
0.9999866427311933
0.9999867526593957
0.9999865740344789
0.9999867184711911
0.9999865297797473
0.9999865960540453
0.9999864428635582
0.9999864985237121
0.9999863598679589
0.9999864267299812
0.9999862534853771
0.9999863586979706
0.9999861585420472
0.9999862282899542
0.9999860470833613
0.999986126168048
0.9999859364270345
0.9999860290045312
0.9999858352705001
0.999985880526897
0.9999856846576626
0.9999857598232248
0.9999855613936875
0.9999856457653693
0.9999855086065433
0.9999856058656382
0.9999854200909845
0.9999854963143607
0.9999853334927725
0.99998538744001
0.9999851990703734
0.9999853065375899
0.9999851787457783
0.9999852557597225
0.9999851201704083
0.9999852280898426
0.9999850242428819
0.9999851214551544
0.9999849296172161
0.9999850703740868
0.9999848821768635
0.9999849912847502
0.9999848114279823
0.999984926177204
0.9999847250185204
0.9999848117619752
0.9999846437818953
0.9999847267652284
0.9999845184334698
0.9999846264767497
0.9999844619582873
0.9999845838576513
0.9999843636452047
0.9999844325278511
0.9999842739729681
0.9999843312657222
0.9999841658457393
0.9999842541383989
0.9999840796083002
0.999984208900837
0.9999840406671712
0.9999841417327079
0.9999839132380655
0.9999839838164326
0.9999838198031955
0.9999839577670877
0.9999837789299981
0.9999838572280747
0.9999836821979243
0.9999837645064775
0.9999835964070992
0.9999837324249103
0.9999835800570748
0.9999836302659282
0.9999834560434008
0.9999835905660144
0.9999834292335648
0.9999835246642104
0.9999833815386832
0.9999834657201503
0.9999833348672831
0.9999834240381744
0.9999832540618574
0.99998336768865
0.9999832225048783
0.9999833068417631
0.9999831627293175
0.9999832598656149
0.9999831106327706
0.9999831790718784
0.9999830182603777
0.999983105317439
0.9999829276708226
0.9999830199669629
0.9999828364125961
0.9999829482638725
0.999982819804829
0.9999828875612999
0.9999827056217925
0.9999827979529778
0.999982647398555
0.9999826740156665
0.9999825413853776
0.9999825582918379
0.9999824414418841
0.999982484397495
0.9999823142761447
0.9999823585555822
0.9999821880625984
0.9999822385487672
0.9999820448159619
0.9999821253262159
0.9999819592882349
0.9999820254887822
0.9999819128050503
0.9999819748049755
0.9999818111849464
0.9999818465386291
0.9999817049972951
0.9999818126326755
0.9999816711859093
0.9999817450841267
0.9999816043194844
0.9999815990293456
0.9999814730830101
0.9999815228439118
0.9999813802943875
0.9999814734207827
0.9999813314626071
0.9999813895661606
0.9999812837232157
0.9999813624686059
0.9999812221860623
0.9999812813291639
0.9999811496307833
0.9999812293285264
0.9999810881564571
0.9999811621572892
0.9999810267234379
0.99998111939357
0.9999810033578015
0.9999810334503857
0.9999808888364486
0.9999809033788616
0.9999807561396667
0.9999808191005015
0.9999807121026001
0.9999807351787771
0.9999805600039594
0.9999806343268075
0.9999804364013709
0.9999805056735119
0.9999803914249327
0.9999805003988954
0.999980401382929
0.9999804429275463
0.9999803189034618
0.9999803774550713
0.999980211002171
0.9999802659522348
0.9999801669505227
0.9999802211264555
0.9999800959438945
0.9999801534363107
0.9999800299369896
0.999980058514969
0.9999798940544778
0.9999799352399664
0.99997979737992
0.9999797999854676
0.9999796460018753
0.9999796672935838
0.9999795116362378
0.9999795701574694
0.9999794237961585
0.999979509630007
0.9999794238244988
0.9999794811113073
0.999979381122819
0.9999794142164183
0.9999793011634366
0.9999793429593039
0.9999792144590806
