0.999999391426023
0.9999988401482603
0.9999977086680377
0.9999968904726343
0.9999970111894171
0.9999979211132894
0.9999988648021073
0.9999989878777593
0.9999981512919642
0.9999970446316573
0.9999965145014024
0.9999969467000633
0.9999979815198591
0.9999987172168999
0.9999984952927754
0.9999974764339781
0.9999964704233139
0.9999962734206563
0.999996983983973
0.9999980138977003
0.9999984544874309
0.9999979325276309
0.999996825612846
0.9999960222709053
0.9999961573899991
0.9999970705171184
0.9999979588330385
0.9999980774591385
0.9999972880545271
0.9999961964737973
0.9999956522431563
0.999996096301165
0.9999971047215045
0.9999978007474484
0.9999976026403783
0.9999966353739737
0.999995627885107
0.9999954021288511
0.9999961232598246
0.9999971350970629
0.9999975519999397
0.9999970472377678
0.9999959616605856
0.9999951468094641
0.9999952785677811
0.9999961881212907
0.9999970697782453
0.9999971942502052
0.9999964312919486
0.9999953359469526
0.9999948127870193
0.9999952557660169
0.999996237327561
0.9999968978746583
0.9999967045331476
0.9999957476438535
0.9999947698434786
0.9999945510340047
0.9999952437953906
0.9999962139189642
0.9999966490842901
0.9999961576699823
0.9999951018745634
0.9999942989507533
0.9999944157499755
0.9999952841677201
0.999996122252754
0.999996251700593
0.9999955200022519
0.9999944859800182
0.9999939704300912
0.9999944042089461
0.9999953664433184
0.9999960262250445
0.9999958315005989
0.999994913868286
0.9999939728232884
0.9999937814431319
0.9999945011726266
0.9999954189919493
0.9999957645686137
0.9999952825069276
0.9999942804439962
0.9999935380046044
0.9999936733006358
0.9999945348106011
0.9999953300759025
0.9999954116476824
0.9999947173395294
0.999993705991955
0.9999932028083548
0.9999936412552666
0.999994574195328
0.9999951904790447
0.9999949835497347
0.9999940913163883
0.9999931799822278
0.9999929570746909
0.9999936234887375
0.9999945205767845
0.9999949175390205
0.9999944471803155
0.9999934753078944
0.9999927216518164
0.9999928212869891
0.9999936632622317
0.999994456161758
0.9999945566977869
0.9999938614080769
0.9999928857378297
0.9999923790391362
0.9999927420912817
0.9999936346517573
0.9999942866169792
0.9999940908320283
0.9999932404527377
0.9999923783892922
0.9999921664499747
0.9999927658095316
0.9999936508933948
0.9999940550847962
0.9999935949981362
0.9999926424780632
0.9999919639779301
0.99999207202945
0.9999928376384299
0.9999936172724831
0.9999937151721201
0.9999930090563431
0.9999920450221278
0.9999915702836774
0.9999919573736398
0.9999928217478246
0.999993422736936
0.9999932443656279
0.9999923813663298
0.9999915025362237
0.9999912961334195
0.9999918991090212
0.9999927584882567
0.9999931156847361
0.9999926384035447
0.9999916793865373
0.999990962425396
0.9999910868094739
0.9999918798341008
0.9999926267645852
0.999992736435793
0.9999920551874065
0.999991085670257
0.9999906476167395
0.9999910291730395
0.999991878932222
0.9999924715221815
0.9999922884560503
0.9999914559533146
0.9999905901044728
0.9999904068800776
0.9999910266097806
0.9999918566533956
0.9999921777864953
0.9999917310156942
0.9999908079088288
0.9999901605384277
0.9999902892525229
0.9999910340426623
0.999991781330626
0.9999918829498363
0.9999912559692512
0.9999903422893218
0.9999899020814896
0.9999902266753417
0.9999910582129453
0.9999915754415916
0.9999914093613376
0.9999905934735356
0.9999897789284801
0.9999895902125637
0.9999901680213159
0.9999909660785193
0.9999913135996664
0.999990885394105
0.9999899756521577
0.9999892835994072
0.9999893892442605
0.9999901031034517
0.9999908084533532
0.9999909487627358
0.9999903261825789
0.9999893923652982
0.9999889419789865
0.9999893373490099
0.9999901539648649
0.9999906889032336
0.9999905559356547
0.9999897891485948
0.9999889458562551
0.9999887342151884
0.9999893093047703
0.9999900839350336
0.9999904313531228
0.9999900281267926
0.9999891685253488
0.9999885059950779
0.9999886221318802
0.9999893345326698
0.9999899967574408
0.9999901175645657
0.9999895284494957
0.9999886362876208
0.9999882175843281
0.999988592198678
0.9999893166189439
0.9999898329629914
0.9999896977432984
0.9999889135298978
0.9999880961695625
0.9999879240719155
0.999988481943623
0.9999892080123156
0.9999894959285198
0.9999891295269143
0.9999882856342966
0.999987667788122
0.9999878055863001
0.9999884678527149
0.9999891196870456
0.9999892170869386
0.9999886563758855
0.9999878041973369
0.9999873808178619
0.9999877320908964
0.9999884240490645
0.9999889009061126
0.9999887329447186
0.9999879906699256
0.9999872652108305
0.9999870776852654
0.9999876103086623
0.999988325805811
0.9999886066105304
0.9999882148617754
0.9999874127397372
0.9999868302351231
0.9999869087430064
0.9999875171580141
0.9999881564950347
0.9999882086726405
0.9999876192289536
0.9999868267809535
0.9999864307064154
0.9999867172661516
0.9999873923110526
0.9999878539299202
0.9999876719374597
0.9999869560121268
0.9999862612605817
0.9999861349660866
0.9999866248370267
0.999987263327822
0.9999875761638888
0.9999871930118871
0.9999864434333395
0.9999859330199904
0.9999860464063854
0.9999866880207694
0.9999872949926533
0.9999874043321053
0.9999868421098929
0.999986049739126
0.9999857292684216
0.9999860180441604
0.9999866561266826
0.9999871036662148
0.9999869453732668
0.9999862676905467
0.9999855732156909
0.9999854096157166
0.9999858822599113
0.999986533407538
0.9999867517232649
0.9999863352440206
0.9999855729091226
0.9999849980660993
0.9999850781821585
0.9999856509455566
0.9999862647637476
0.999986287600694
0.9999857801774327
0.9999850140174023
0.9999846147792992
0.9999849169323944
0.999985582117876
0.9999860105610103
0.9999858745808669
0.9999852256158717
0.9999845596382435
0.9999844229558584
0.9999848613182103
0.9999855266642137
0.9999857489674356
0.99998534502266
0.9999846006405844
0.9999840997322896
0.9999842071946637
0.9999847848862164
0.9999853435527121
0.999985364562629
0.9999848185681706
0.999984082563526
0.9999837177045066
0.9999840480374838
0.9999846712220419
0.9999850386629063
0.9999848742284028
0.999984196086612
0.9999835598335387
0.9999834787955637
0.9999839321327872
0.9999845519844786
0.9999848234764243
0.9999844729490283
0.9999837622809999
0.9999832114027232
0.9999833387597956
0.999983893151181
0.999984437656539
0.9999844780050706
0.9999839480666332
0.9999831593378178
0.9999828548510402
0.9999831210322828
0.9999837461240453
0.9999841253605973
0.9999839800743295
0.9999832986756939
0.9999826671933112
0.9999825620544982
0.9999829925952799
0.9999835809690582
0.9999837982680877
0.9999834179237732
0.9999827326922236
0.9999822758058659
0.999982416207082
0.9999829785105934
0.999983490397174
0.999983597377415
0.9999830703174306
0.9999823924447676
0.9999821221865316
0.9999823969891491
0.9999829898816748
0.9999833535543684
0.9999831738769194
0.999982518451375
0.9999819151869674
0.9999818324811794
0.9999822496849362
0.999982744019542
0.9999829690675167
0.9999826248814988
0.9999819570233787
0.9999815039014479
0.9999816212058988
0.9999821029444196
0.999982566544955
0.9999825838600115
0.9999820926388712
0.9999813627472505
0.9999810469557301
0.9999813261645926
0.9999818794901397
0.9999822509972213
0.9999820710053737
0.9999814720097586
0.9999808575442465
0.9999808037141864
0.9999811946794196
0.9999817073596501
0.9999819656465664
0.999981649315991
0.9999809804318169
0.9999805045899117
0.9999805601818438
0.9999810369551557
0.9999815286044852
0.9999815774796094
0.9999811143409464
0.9999804595172584
0.9999801122907305
0.9999803735713679
0.9999808892213
0.9999812679415963
0.999981142229942
0.9999805455496518
0.9999799314029773
0.9999797732346051
0.9999801724529859
0.9999807406024503
0.9999809450562417
0.9999806401745195
0.9999799876775923
0.9999794752722444
0.999979534346637
0.9999800233290679
0.9999804826337974
0.9999805663271522
0.9999801621807978
0.999979498336742
0.9999791653148276
0.9999794007915358
0.999979959860015
0.9999803600224675
0.9999802303977612
0.9999796182076488
0.9999790001953915
0.9999788146874319
0.9999791873844713
0.9999797143407405
0.999979924589709
0.9999796354584922
0.9999790419546338
0.9999785269289675
0.9999786268410389
0.9999790611055845
0.9999795348888398
0.9999796126550181
0.9999791879203868
0.9999785536062719
0.9999782286606222
0.999978461542078
0.9999789320826474
0.999979280293664
0.9999791783358516
0.9999786617921838
0.9999780861703037
0.9999779302160886
0.9999782645420272
0.9999787671696455
0.999978927567225
0.9999785902040416
0.999977997888342
0.9999775353413286
0.9999775901293979
0.9999780632719539
0.9999785374582495
0.9999785788592481
0.9999781337693255
0.9999774742804
0.9999771144830187
0.9999773369134332
0.9999778091765312
0.9999781092910691
0.999978007695827
0.999977506039584
0.9999769805217823
0.9999768725169003
0.9999773035734348
0.9999777965945363
0.99997794975827
0.9999777069130764
0.9999771252084486
0.9999767191505882
0.9999767747648602
0.9999771674728525
0.9999775617277807
0.9999776352554228
0.9999772635479071
0.999976713218776
0.9999763833058362
0.9999765972557172
0.9999770993194723
0.9999773803155918
0.9999772289873026
0.9999767785279778
0.9999762620278356
0.9999761236294988
0.999976429277469
0.9999768906915156
0.9999770597699258
0.9999767353186264
0.9999761656559968
0.999975702975458
0.999975746212008
0.9999761860476062
0.9999766161189527
0.9999766513646997
0.9999762730348318
0.9999757266270645
0.9999754413018161
0.9999755912095663
0.9999760258805785
0.9999762725249427
0.9999761538030082
0.9999756818099463
0.9999752337453828
0.9999751093570445
0.9999753962195601
0.9999758221014151
