0.9999998364504429
0.9999993754809562
0.9999991231946895
0.9999995787129639
0.9999994809955126
0.9999989477651354
0.9999991857342013
0.9999994874966589
0.9999989896962477
0.9999988331677815
0.99999929834198
0.9999991040265378
0.999998614157466
0.9999989195393097
0.9999991388980144
0.9999986118604774
0.9999985474987177
0.999999005301544
0.9999987135956598
0.9999982934603648
0.9999986397174419
0.9999987608640236
0.9999982107219126
0.9999982338596468
0.9999986596888343
0.9999983021860002
0.9999979312256145
0.9999983357291122
0.9999983799372153
0.9999978556927481
0.9999979699928487
0.9999983246479892
0.9999979034811463
0.9999976203491916
0.9999980492273682
0.9999979740373024
0.9999974525051348
0.9999976492940871
0.9999979541473921
0.999997490236748
0.999997304628494
0.9999977347380526
0.9999975780308002
0.9999970919626774
0.9999973396749302
0.9999975769445634
0.9999970892205764
0.9999969845593142
0.999997416845882
0.9999971939352547
0.9999967837370657
0.9999970962718976
0.999997253843337
0.9999967312653665
0.99999671190836
0.9999971187566729
0.9999967979822095
0.9999964325828237
0.9999967982597879
0.9999968715253119
0.9999963286935202
0.9999963907721479
0.999996730411542
0.9999963638931652
0.9999960590881926
0.9999964715246433
0.9999964516542265
0.9999959423032649
0.9999960871735467
0.9999963819028961
0.9999959593830331
0.9999957350118993
0.9999961531891488
0.9999960564308196
0.9999955713997345
0.9999957903953158
0.9999960408125507
0.999995568862365
0.9999954306836878
0.999995827262188
0.9999956422624737
0.999995202799311
0.9999954707350135
0.9999956693230709
0.9999951726865758
0.9999951049985849
0.9999954830952421
0.999995223882761
0.999994829582246
0.999995140403268
0.9999952102113607
0.9999946949685473
0.9999947179545273
0.9999950990833136
0.9999947626853743
0.9999944602468708
0.9999948260997022
0.9999948247805566
0.9999943231483669
0.9999944292458929
0.9999947258859756
0.9999943546118334
0.9999941003993669
0.9999944839470304
0.9999944027794864
0.9999939299881866
0.9999941159256204
0.999994372891917
0.9999939595870174
0.9999938073919126
0.999994191936363
0.9999940356176085
0.9999936234793979
0.9999938780303237
0.9999940919450677
0.999993622440123
0.9999935414136624
0.9999939170713553
0.9999937078406381
0.9999933049416346
0.9999936145034213
0.9999937521848014
0.9999932631996746
0.9999932505987502
0.9999935664983317
0.9999932465369517
0.9999929157432339
0.9999932510177424
0.9999932941371524
0.9999928373023953
0.9999929213508437
0.9999932059507638
0.9999928852968001
0.9999926473074559
0.9999929770614184
0.9999929514221824
0.9999924938807156
0.9999926378599385
0.9999928804062291
0.9999924642585694
0.9999922838509688
0.99999266906874
0.9999925221436593
0.9999920927367689
0.9999923203126133
0.9999925009068471
0.9999920890656713
0.9999919786801844
0.9999923332434901
0.9999921338737024
0.9999917603335307
0.9999920158653323
0.9999921287026476
0.9999916744350092
0.9999916848579442
0.9999919723893383
0.9999916949875695
0.9999913308669438
0.9999916363991335
0.999991695824041
0.9999912542032486
0.999991269232329
0.9999915494651699
0.9999912535439719
0.9999909864183432
0.999991315623951
0.99999129969583
0.99999083123762
0.9999909794066022
0.9999912320232316
0.9999908859540424
0.9999906833426453
0.9999909808611698
0.9999908818273165
0.9999904474439365
0.9999906314276926
0.9999908040003281
0.999990398586781
0.9999902872888345
0.9999906012307417
0.9999904764734336
0.9999901072142019
0.9999903431973384
0.9999905019864854
0.999990075963268
0.9999900563441323
0.9999903831282504
0.9999901612230514
0.9999898445639428
0.9999900922617874
0.9999901888606215
0.9999897670248716
0.9999898084720239
0.9999901238950526
0.9999898469584139
0.9999895950599766
0.9999898821423695
0.9999899101417853
0.9999894398688172
0.9999895279892942
0.9999897619788055
0.9999894445114854
0.999989227828026
0.999989561941703
0.9999894705982862
0.9999890771328674
0.9999892432471117
0.9999894679300583
0.9999890899267246
0.9999889328366403
0.9999892572724707
0.9999891357095146
0.9999887747959711
0.9999889671029384
0.9999891172753385
0.9999886939888046
0.9999886088925358
0.9999889292083921
0.9999887189605036
0.9999884060355901
0.9999886443884562
0.9999887102135424
0.9999883026358304
0.9999883330180435
0.9999886475349914
0.9999883718737362
0.9999881028971611
0.9999883961607665
0.9999884341900767
0.9999879939828203
0.999988064465763
0.9999883423961171
0.9999880016967718
0.9999878038929062
0.9999880849159084
0.9999880218940086
0.9999876026463095
0.9999877192744612
0.999987905634993
0.9999875498511059
0.9999873980713386
0.9999877041409306
0.9999876118000509
0.9999872143527339
0.9999874274771934
0.9999876564025476
0.999987245504563
0.9999871542238076
0.9999874374226828
0.9999872359349254
0.9999869122650896
0.9999871285576677
0.9999872655848318
0.9999868611726197
0.9999868478552366
0.9999871430509032
0.9999869161280738
0.9999866415282234
0.9999868805677752
0.9999869443873676
0.9999865548408923
0.9999866221489524
0.9999869200783361
0.9999866311802779
0.9999864282186467
0.9999867107039788
0.9999866948576006
0.9999862745073919
0.9999863475910731
0.9999866163107547
0.9999863014013461
0.9999861702578384
0.9999864626679498
0.9999863915717915
0.9999860592912939
0.999986205543257
0.9999863564065
0.9999859998175372
0.9999859139492807
0.9999862195801561
0.9999860671883678
0.9999857420094546
0.99998593563212
0.9999860577768968
0.9999857171220125
0.9999856686281446
0.9999859576390137
0.9999857562793014
0.9999854506542348
0.9999855965430606
0.9999856249570084
0.9999852478985567
0.9999852486778842
0.9999854681831118
0.9999852163343177
0.9999849742648654
0.9999851798503032
0.9999851723162408
0.9999848133794171
0.9999848629443184
0.9999850537253283
0.9999847420331887
0.9999845869771293
0.999984841090456
0.9999847970214232
0.9999844525048732
0.9999845523598732
0.9999847688650025
0.9999844327838647
0.9999842964618162
0.9999845746127599
0.9999844664889312
0.9999841591889154
0.9999843173551913
0.9999844365667756
0.9999840862168048
0.9999840274022659
0.9999842557606876
0.9999840879190899
0.9999838388188067
0.9999840624434988
0.9999841057121875
0.9999837115604212
0.9999836692185086
0.9999839465363027
0.9999836772333415
0.9999834398380552
0.999983666118253
0.9999836956911939
0.9999833365994342
0.9999833502194458
0.9999835801903415
0.9999832720660462
0.9999830789002861
0.9999832977233222
0.9999833167707569
0.9999830151987801
0.9999831432481509
0.9999833183684225
0.9999829491121132
0.999982784832292
0.9999830165107385
0.9999829280956516
0.9999826140105587
0.9999827811403121
0.999982918921017
0.999982574053728
0.9999824762012306
0.9999826860487475
0.9999825263876948
0.9999822382234379
0.9999823966497259
0.9999824443230768
0.999982114633902
0.9999821383791099
0.9999823696041058
0.9999821773283339
0.9999819562193918
0.9999821737911798
0.9999822140963553
0.999981880908942
0.9999818936172735
0.9999821251864982
0.9999818861400113
0.999981706601007
0.9999818897464674
0.999981917352301
0.9999815811068945
0.9999816461897277
0.9999818459790861
0.9999815926673982
0.9999814187902419
0.9999816325042257
0.9999815224841432
0.9999811722076448
0.9999812989832506
0.9999814300916868
0.9999811355483508
0.9999810120527669
0.9999812421391112
0.9999811111451579
0.9999808603605214
0.9999811199206734
0.9999812267748861
0.9999808957945215
0.9999808021328693
0.9999810130921991
0.9999808265221669
0.9999805891115023
0.9999808209907196
0.9999808157511186
0.9999804676191164
0.9999804675590813
0.9999806774716411
0.9999804260352386
0.9999802043237086
0.9999804703987993
0.9999804175423178
0.9999800858404566
0.9999801840363098
0.9999803385128733
0.99998006036139
0.9999799145367173
0.9999800824181082
0.9999799891145478
0.9999796646889598
0.999979801793396
0.9999798931857948
0.9999795692350815
0.9999794878650469
0.9999797550866684
0.9999796476956737
0.9999793494279597
0.9999795113830887
0.9999795798699863
0.9999793214848653
0.9999792469038995
0.9999794915754991
0.9999793035917319
0.9999790992021199
0.9999792533540537
0.9999793096100634
0.9999789783380424
0.9999789806752203
0.9999791944276716
0.9999790073600096
0.9999787657030869
0.9999789342144633
0.9999789236413655
0.9999786453727041
0.9999786560717058
0.9999788248834387
0.9999785471655611
0.9999783729023503
0.999978568812524
0.9999784663089823
0.999978209262069
0.999978318427553
0.9999784044361444
0.9999781887074346
0.9999781032299018
0.9999783207642877
0.9999782035065269
0.9999779798448413
0.9999781320260859
0.9999782440113577
0.9999779749476778
0.999977848291072
0.9999780827282807
0.9999779505769184
0.999977732611433
0.9999778829634894
0.9999779742001457
0.9999776830813353
0.9999776296515968
0.9999778181499196
0.9999775834981154
0.9999773199764935
0.9999775048923583
0.9999774331728198
0.9999771264483825
0.9999771453699579
0.9999773000923405
0.9999770022868786
0.9999768307306803
0.9999770486625335
0.9999769806647946
0.9999767270585976
0.9999768167966728
0.9999769729508748
0.9999766595070249
0.9999765646567617
0.9999767393837731
0.9999766040543182
0.999976307792248
0.999976366279328
0.9999765349643049
0.9999762348745455
0.9999762085227714
0.9999763681934897
0.9999761789779157
0.9999759923290521
0.9999760641885153
0.999976097838831
0.999975796045135
0.9999757980367099
0.9999759439275466
0.9999757641007834
0.9999755587473879
0.9999757759797927
0.9999758155965583
0.9999755314109763
0.999975555196022
0.9999757165880591
0.9999754516300905
0.9999753220111529
0.9999754334105084
0.9999753304820435
0.9999750485199248
0.9999750893998147
