0.9999997815837285
0.9999990280364298
0.9999983033646402
0.9999984336516853
0.9999985568097777
0.9999978081013348
0.9999970674539702
0.9999971616412378
0.9999972747336394
0.9999965423491185
0.9999957803787584
0.999995844531657
0.9999960158374639
0.9999953291943963
0.9999945524367483
0.9999946466945058
0.9999947751087793
0.9999940551598447
0.9999933517120618
0.9999934583978515
0.9999935300966384
0.9999927982057201
0.9999921293426619
0.9999923113603105
0.9999924481917275
0.999991738268992
0.9999910192035542
0.9999910852973334
0.9999911143875216
0.9999904905450135
0.9999897976987889
0.9999897683322198
0.9999898202518073
0.9999891245950236
0.9999884964673259
0.9999886154788873
0.9999886652884442
0.9999879500357738
0.9999872267529092
0.9999873459578493
0.9999873712482418
0.9999866712899852
0.9999859287557173
0.9999859374222012
0.9999860443465606
0.9999853168234933
0.9999845668710013
0.9999846693991105
0.9999848201058987
0.9999841397600231
0.999983500480035
0.9999836787332972
0.9999837150004182
0.9999830243349405
0.9999822062485477
0.999982280222804
0.9999824618945822
0.9999816942776916
0.9999810125345425
0.9999811606883162
0.9999813504205832
0.9999805740223486
0.9999797959243569
0.9999798098337065
0.9999798831032869
0.9999791384835771
0.9999783784579234
0.9999784680364256
0.9999785088210489
0.9999778262877503
0.9999771186384988
0.9999772099919186
0.9999773852188288
0.9999768463396177
0.9999760671453514
0.9999760595315013
0.9999760212414168
0.9999753049643985
0.9999745619061414
0.9999747747400771
0.9999747631190984
0.9999740644029792
0.9999731266388884
0.9999731087376532
0.9999731961242753
0.9999726001507379
0.9999719163886207
0.9999721751426863
0.9999723397601539
0.9999717538978871
0.9999710820022188
0.9999711890868221
0.9999712858183277
0.9999706797610561
0.9999698791073917
0.9999700371033902
0.9999701261004167
0.9999696068710442
0.9999690275060809
0.9999691975175007
0.9999692406556605
0.9999685084283778
0.9999676943143607
0.9999677126925769
0.9999679925835727
0.9999673961470411
0.9999666332769339
0.9999667950987187
0.9999670949953728
0.9999664748529397
0.9999659496985871
0.9999659799181143
0.9999660786039801
0.9999654196344401
0.9999645799906036
0.9999644921442472
0.9999645731286875
0.9999638883811904
0.9999630596204465
0.999963045335929
0.9999633427851327
0.9999626462084302
0.9999620606955947
0.9999622013493868
0.9999622701157548
0.9999616726593125
0.9999608387375756
0.9999607833771597
0.9999608076331088
0.999960188027926
0.9999595898078871
0.9999598203223506
0.9999598296662344
0.9999590362667697
0.9999585557036608
0.9999586462408632
0.9999587652743132
0.9999582895600565
0.9999576307475191
0.9999577599716606
0.9999579499205744
0.9999573863148749
0.9999564489963427
0.9999565504810024
0.9999564111924754
0.9999556404648215
0.9999549335921945
0.9999550924577796
0.9999551334454919
0.9999542858670534
0.9999537966246939
0.9999539251993561
0.9999538240181036
0.9999533041964254
0.9999525527803413
0.9999525926619262
0.9999525275303855
0.9999517771811371
0.9999512094880543
0.9999513923234646
0.9999513029862334
0.999950844812531
0.9999502567881604
0.9999502094605782
0.9999503338504463
0.9999497144756999
0.9999490350085765
0.9999491463576372
0.9999491815589416
0.9999484473870845
0.9999475558421743
0.9999475090539536
0.9999474844536916
0.9999470080310148
0.999946227709373
0.9999461669948575
0.9999460828084062
0.9999453036061767
0.9999447494595113
0.9999447894405988
0.9999445861005446
0.9999439383374991
0.9999432618302361
0.9999432400605677
0.999943210348911
0.9999426015683972
0.9999420773239825
0.9999420550864586
0.9999421156854734
0.9999415806178923
0.9999408731110807
0.9999406127827394
0.9999406390928073
0.999939940487518
0.9999392004315392
0.9999391245097057
0.9999389278752587
0.999938432449979
0.9999379081448125
0.9999378246999732
0.9999376645160505
0.9999370420675253
0.99993667280483
0.9999367135447179
0.9999366298069916
0.999936387335878
0.999935520990676
0.9999354202385071
0.9999351821142285
0.9999346883317911
0.9999340046144102
0.999934028684599
0.9999341387016631
0.9999337156546478
0.9999330734952941
0.9999329557949923
0.9999330837278704
0.999932682877988
0.9999320994657102
0.9999321076996754
0.9999321522521514
0.9999317080162041
0.9999308777548965
0.9999306797413992
0.9999307334484743
0.9999302066617022
0.9999295744431742
0.999929438489109
0.9999296873229413
0.9999289396712
0.9999282740463995
0.9999281153621298
0.9999281213867396
0.9999275724935557
0.9999271820534752
0.9999270594598568
0.9999271149737897
0.9999265158731973
0.9999259026393793
0.9999255197077904
0.9999255652824665
0.999924805292853
0.9999242140000705
0.999924340717333
0.999924187954852
0.9999237401419796
0.9999231966428008
0.9999233062277033
0.999923111121307
0.9999226650708901
0.9999220185572213
0.9999218212737842
0.9999220682889631
0.9999215221544991
0.9999211587284724
0.9999210874495384
0.9999209348939342
0.9999203174214426
0.9999198750667142
0.9999198406450039
0.9999200881049917
0.999919784776886
0.9999190529124892
0.9999190368222162
0.9999190934635848
0.9999183610321283
0.9999176962687158
0.9999175198931161
0.9999173977669701
0.9999168327111513
0.999916603877497
0.9999166392327551
0.9999166556027578
0.9999160602734981
0.9999153143866741
0.9999152171942138
0.9999150799934797
0.9999145587262943
0.9999137989394481
0.9999136946494677
0.9999135702943205
0.9999129083428928
0.9999119881587585
0.9999119372053183
0.999912098076459
0.9999116002367774
0.9999108082026986
0.9999108614054409
0.9999108405767199
0.9999102710597404
0.9999098597766901
0.9999098206984153
0.9999100512560312
0.9999092999293352
0.9999087978506762
0.9999088964783335
0.9999086918349456
0.9999082525460395
0.9999078351288716
0.9999078565359754
0.9999080307190826
0.9999074627475412
0.9999066970316438
0.9999066981369045
0.9999066192508749
0.9999059666591644
0.9999053713259657
0.9999053486540229
0.9999051507068086
0.9999042163048768
0.9999036159685174
0.9999034341391814
0.9999031803749686
0.9999028284986085
0.9999020399495067
0.9999018270726884
0.9999017350965428
0.9999012600399864
0.9999002692338375
0.9999001975872875
0.9999000439396856
0.9998993700659798
0.9998986613495786
0.9998985466127591
0.9998985642541458
0.9998985291649573
0.999897755630746
0.9998977511086993
0.9998977424121237
0.9998973540406291
0.999896276542592
0.9998965755341385
0.9998964264475564
0.9998956649693237
0.9998951327677361
0.9998947824392572
0.9998944206694141
0.9998940984057031
0.9998934601766819
0.9998932418785438
0.9998932260541695
0.9998925037684436
0.9998918411286358
0.9998914953797398
0.9998913978442395
0.9998908029856719
0.9998900809605672
0.9998899402024806
0.9998899033626114
0.9998891625409244
0.9998882255526385
0.9998883735251327
0.9998882895264779
0.9998879797130659
0.9998872388770157
0.9998873402719942
0.9998875151769878
0.9998870300711022
0.9998864420528176
0.9998865169050538
0.9998862965058047
0.9998857631973626
0.9998853860941311
0.999885622580259
0.9998855788847506
0.9998849841849085
0.9998843089905073
0.9998842831548433
0.9998843715167661
0.9998839128445384
0.9998831747986099
0.9998830713717182
0.9998832102455985
0.9998827142114234
0.9998821428624889
0.9998824924386585
0.9998823552477305
0.9998816529817721
0.9998811652432787
0.99988108199895
0.9998809457591791
0.9998806038613348
0.9998800751144055
0.999880015518901
0.9998798528818017
0.9998793242980502
0.9998788080909952
0.9998785144158981
0.9998783255228967
0.9998778962518516
0.9998772185707585
0.9998774959542335
0.9998774046616001
0.9998768301629748
0.9998762295541103
0.999875723903659
0.9998753303912229
0.9998748499941107
0.999874239738006
0.9998743945083433
0.9998741222735269
0.9998738739560024
0.9998734536928559
0.9998734966348122
0.9998734431403377
0.9998729275318173
0.99987256374849
0.9998726151862085
0.9998724486289723
0.9998717541431125
0.9998711073742725
0.999870730226491
0.9998709567049217
0.9998701687975204
0.9998695747071669
0.9998693127169506
0.9998694225681245
0.9998690127155658
0.9998684251436537
0.9998685134927846
0.9998683522578125
0.9998675520961205
0.9998670605161533
0.9998673384504413
0.9998670253152999
0.9998667153772822
0.9998660792639779
0.9998660757995383
0.9998660281290848
0.9998655754855086
0.9998646654113501
0.99986467619115
0.9998645201287947
0.999863929507056
0.9998632378555109
0.9998631745727324
0.9998633307884252
0.9998628224135684
0.9998625127267277
0.9998622665508461
0.9998620169173102
0.9998615103771473
0.9998608384456006
0.999860914093851
0.9998609722535242
0.9998604416284684
0.9998596313465297
0.9998593374402389
0.9998589539828353
0.999858544903296
0.9998581098567344
0.999858265543793
0.99985803950447
0.9998575576595025
0.9998571309797224
0.9998567446120263
0.999856861868035
0.9998563179048109
0.9998557817972813
0.9998557522846183
0.9998563138992961
0.9998560246160021
0.9998554812359639
0.9998556774510783
0.9998555125316454
0.9998551896495796
0.9998544200857342
0.9998541298861053
0.999853965084306
0.9998532985391346
0.9998526671121594
0.999852814928064
0.9998525483725944
0.9998519120808206
0.9998520774104972
0.9998518069995717
0.9998518918584544
0.9998515001028115
0.9998512450845821
0.9998510971361362
0.9998510876328506
0.9998504171721296
0.9998504111499408
0.9998499478902111
0.9998496015391864
0.9998490013585405
0.999848341504653
0.9998484567227105
0.9998482126376832
0.9998479626769786
0.9998475619839153
0.9998472515520164
0.9998473375785721
0.9998466170939518
0.999845859688971
0.9998459657832662
0.9998461576127607
0.9998457482887478
0.9998447215977789
0.9998449262133396
