0.9999997996427219
0.999999059012491
0.9999983923769529
0.9999985395319977
0.9999985626176034
0.9999977300991039
0.9999972085671384
0.9999974183049269
0.9999972704187201
0.9999963909480698
0.9999959593814871
0.9999962352483563
0.9999960318005361
0.9999950749387053
0.9999948442737234
0.9999951638030292
0.9999947348191026
0.9999938424078704
0.999993730805113
0.9999938865485652
0.9999933656969067
0.9999925570820083
0.9999925226882643
0.9999927159688313
0.9999920764629269
0.9999913586718648
0.9999914566685334
0.9999913837034059
0.9999905734975738
0.9999899361854823
0.9999900581406396
0.999989921998316
0.9999890573115636
0.9999886066215182
0.9999887635130446
0.9999885483347126
0.9999876965357594
0.9999874068317335
0.9999876084854431
0.9999872485897635
0.9999863448794373
0.9999861261828342
0.9999862932297314
0.9999858507950311
0.9999849611462915
0.9999849520746522
0.9999850856024032
0.9999843973242738
0.999983675172206
0.9999836059194739
0.9999835863063407
0.9999828433092746
0.9999821969947277
0.999982429613171
0.9999824516149841
0.9999816468605429
0.9999811976987173
0.9999813762678833
0.9999810095967472
0.999980161616323
0.9999797549813767
0.9999799770152913
0.9999796436058691
0.9999786581304171
0.9999784204084058
0.9999784999350013
0.9999780753988821
0.9999772208460989
0.9999772197551703
0.9999774551096873
0.9999767427600728
0.9999761275762741
0.9999759529525871
0.9999758459839817
0.9999751201480152
0.9999743066535528
0.9999744281345493
0.9999743342833067
0.9999735651375712
0.9999731305294678
0.9999732749417788
0.9999731027669702
0.9999721562243707
0.9999716754144594
0.9999718305186719
0.9999717108584043
0.9999707636263653
0.9999704680857369
0.9999706010586821
0.9999704285364209
0.9999698130359387
0.9999697447725773
0.9999698394371681
0.9999694909319368
0.9999688208258908
0.9999687837366696
0.9999688611521992
0.9999683114630367
0.9999676896471327
0.9999677381432414
0.9999677024155957
0.9999670542432115
0.9999663269586522
0.9999661462322508
0.9999660635361798
0.9999651902164637
0.9999646224570602
0.9999646464096408
0.9999644488033833
0.9999635601487639
0.9999633609460437
0.9999635977153142
0.9999630534429158
0.9999623473936321
0.9999621322624926
0.999962038210819
0.9999615583782325
0.999960756131277
0.9999606648710084
0.9999605756596753
0.9999601915007984
0.9999593451289788
0.9999592844647556
0.9999594047507432
0.9999588388868333
0.9999582060324054
0.9999581870034764
0.9999581906789075
0.99995748673901
0.9999570445256094
0.999957290096849
0.9999570632100834
0.9999564020195287
0.9999559825906962
0.9999562012378693
0.9999559967989882
0.9999552034755407
0.9999551629612696
0.9999554022088726
0.9999550921073411
0.9999544104516312
0.9999543119374099
0.9999543667716483
0.9999538829971565
0.9999531711276468
0.9999531000015218
0.9999531015990557
0.9999525351062384
0.999951919930509
0.9999519553748434
0.9999520166090523
0.9999513270699181
0.9999508640688253
0.999951009582417
0.9999512142359216
0.9999505624178289
0.9999499204614105
0.9999499483441165
0.9999496668168046
0.9999489018854828
0.9999485546661924
0.9999488248331747
0.9999484446628861
0.999947798166414
0.999947519403262
0.9999475887004042
0.999947338911617
0.9999465318478352
0.9999464454032624
0.9999463480996001
0.9999460049064808
0.9999453080215953
0.9999453949506126
0.9999452489743025
0.9999446169391281
0.9999439650029889
0.9999439185123128
0.9999440238431491
0.9999433941052529
0.9999427897057469
0.9999426786222765
0.9999425172266909
0.9999416692196137
0.9999411642051969
0.9999412831012175
0.9999410321115944
0.9999403721417024
0.9999402542618716
0.9999403240443131
0.9999401637413285
0.9999394588810588
0.9999393825823916
0.9999394891513735
0.9999391208525686
0.9999386221366278
0.999938317745663
0.9999385192657625
0.999937812631871
0.9999369973833312
0.9999369066252388
0.9999370334563579
0.9999361425166639
0.9999356223311442
0.9999354288356747
0.9999352377906351
0.9999346227995483
0.9999341743915937
0.9999345236843271
0.9999341803506177
0.9999333426470485
0.9999328356067846
0.999932955358625
0.9999325553186731
0.9999318151778207
0.9999316325787875
0.9999318516147642
0.9999316244810471
0.9999309428484269
0.9999307200882084
0.9999308706217248
0.9999303652958885
0.9999297313243822
0.9999296253243674
0.9999299131183749
0.9999292912395955
0.9999285470588687
0.9999284599258477
0.999928489175464
0.9999278730265878
0.9999271763503391
0.9999274609940068
0.9999272553374767
0.9999266324760332
0.9999262165077805
0.9999262888355765
0.9999256649702947
0.9999249646512417
0.9999245892782478
0.9999246233676302
0.9999243042641338
0.9999238256619923
0.9999237302399386
0.9999236883153926
0.9999233381056092
0.9999225081141909
0.9999223478311318
0.9999222057781308
0.9999215823849111
0.9999209541016095
0.9999208788427286
0.9999207125134412
0.9999201300324404
0.9999196151986001
0.9999195900779083
0.9999194758248751
0.9999189743320834
0.9999185184592069
0.9999183806963338
0.9999182117087346
0.9999176116935686
0.9999171563224004
0.9999172480282418
0.9999168345157552
0.9999161155118349
0.999915820385496
0.9999157646956176
0.9999153992461043
0.9999147135759503
0.9999144598379248
0.9999142972018076
0.9999139456034963
0.9999135891755132
0.9999135218398656
0.9999135356279629
0.9999129295203241
0.9999124730114757
0.9999123061289392
0.9999123472221806
0.9999116656461904
0.9999115599663215
0.9999114714988858
0.9999111245444458
0.9999104057087538
0.9999101336721785
0.9999102963599258
0.9999101505163521
0.9999095641374085
0.9999089034738188
0.9999088707610089
0.9999088010663532
0.9999082143708083
0.9999078901397671
0.9999078186181629
0.9999072524475936
0.9999062777059896
0.9999061271411527
0.9999059441347041
0.9999056152055393
0.9999050085480601
0.9999052284425234
0.9999051332757284
0.9999045795424929
0.9999043004018866
0.9999043481073371
0.9999040968777084
0.9999032743287026
0.9999030950432871
0.9999033161053009
0.9999031807060127
0.999902335197601
0.9999017261196018
0.99990201544988
0.9999015425554121
0.9999005972267065
0.9999003569350566
0.9999002605377493
0.9998996790522096
0.999898924462648
0.999898947086362
0.9998990187888225
0.9998987972187078
0.9998983351487842
0.9998979997947255
0.9998979043413178
0.9998973253696702
0.9998970444154338
0.9998971130113793
0.9998970649251292
0.9998962681378603
0.9998958857091088
0.9998960699001053
0.9998957162214286
0.9998951400408939
0.9998947813345908
0.9998947092356176
0.9998938182678296
0.9998932641504821
0.9998928304891946
0.9998928800900663
0.9998926584480724
0.9998914513025878
0.9998911616690388
0.999891196241014
0.9998905584257896
0.999889830512084
0.9998894208573689
0.9998892554381783
0.999888486378878
0.9998877362572116
0.9998876341924162
0.9998873676785548
0.9998870343083829
0.9998865917771349
0.9998870168228413
0.9998870016727246
0.999886569721931
0.9998857269288858
0.9998854103435089
0.999885122081126
0.9998844114921803
0.9998841936435477
0.9998844383242497
0.9998838484955571
0.9998831572178811
0.9998828468328298
0.999882737394484
0.9998823894703265
0.9998820821077585
0.9998817494124792
0.9998817236337066
0.9998815683579028
0.9998810945776312
0.9998807303556382
0.9998807721981686
0.999879889688685
0.9998791485257924
0.9998789438831801
0.9998787260967635
0.9998781066391547
0.9998775986066317
0.999877527689886
0.9998775280215071
0.9998768130711737
0.9998762890230006
0.9998762036872952
0.9998756042891166
0.9998750211216789
0.999875055229478
0.9998752001473952
0.9998747250063389
0.9998741117920307
0.9998738773717535
0.999873726081626
0.9998731855234078
0.9998723114635125
0.9998718173349297
0.9998719216482123
0.9998713793658824
0.9998709597828399
0.9998705062139437
0.9998700669571937
0.9998696667252311
0.9998690527340384
0.9998690284332511
0.9998686263454145
0.9998676752994708
0.9998671777979438
0.9998672924527481
0.9998673431866921
0.9998667994741801
0.9998665691581714
0.9998664786065916
0.9998661181397908
0.999865334511243
0.9998652794381091
0.9998652258662174
0.9998648153155391
0.9998642620199123
0.9998642554812422
0.9998645497500641
0.9998643264407822
0.9998640653743479
0.9998640599882854
0.9998642101452123
0.9998639329899687
0.9998636908895918
0.9998637680792587
0.999863480056902
0.9998629364960513
0.9998627505541644
0.9998624555917963
0.9998619156850551
0.9998613653723949
0.9998611151077178
0.9998608765252601
0.9998609011482479
0.9998600117242444
0.9998599512209305
0.9998602102277773
0.9998601381403701
0.9998597367830321
0.9998595495597125
0.9998594021500197
0.9998584106324241
0.9998578357917713
0.999857365122572
0.9998574619721385
0.99985711189701
0.9998564121458525
0.9998561632297546
0.9998557474019814
0.9998550388696653
0.9998547028093536
0.9998543966990557
0.9998544679132083
0.9998538536424694
0.9998532748189578
0.999852938554002
0.9998528976473184
0.999852069408464
0.9998518106709113
0.9998521188758114
0.9998517863975255
0.9998510093228797
0.9998507469068965
0.9998508464806366
0.9998506725738754
0.9998496282279885
0.999849268304173
0.9998494699166194
0.9998493295378956
0.9998485950492072
0.9998483938975335
0.9998483547188467
0.9998478007615633
0.9998471297785477
0.9998469407916986
0.9998465113067487
0.9998458862021784
0.9998457916519838
0.9998457010529105
0.9998457463417052
0.9998451668066961
0.9998448731601081
0.9998448348826758
0.9998448683962342
0.9998445797262067
0.9998445436673219
0.9998443143639274
0.9998440659761202
0.9998433651099666
0.9998435955653266
0.9998435096685399
0.9998430183601695
0.9998424692652467
0.999842205138694
0.999842095865579
0.9998415372749568
0.9998411974656822
0.9998409017719767
