0.9999998217830834
0.9999993907852356
0.9999990775446265
0.9999995040952462
0.999999662491435
0.9999991310853907
0.9999990349386835
0.9999995379615135
0.9999994285044848
0.9999989146642009
0.9999990646517133
0.9999995045524613
0.9999991548229391
0.9999987758307867
0.9999991343169623
0.9999993803653254
0.999998888391483
0.9999987077868797
0.999999171947358
0.9999991671635823
0.9999986615516668
0.9999987173962662
0.9999991724446697
0.9999989120484919
0.9999984837062657
0.9999987555413157
0.9999990743891813
0.9999986260869813
0.9999983700567734
0.9999987983662708
0.9999988963157843
0.9999983876217051
0.9999983544141304
0.999998821330181
0.9999986508221103
0.9999981825643672
0.9999983739087769
0.999998749234793
0.9999983693405147
0.9999980459991417
0.9999984288372312
0.999998610622447
0.9999981213222017
0.9999980008512296
0.999998460784362
0.9999983846197726
0.9999979032433692
0.9999980176260294
0.9999984286796572
0.9999981265791326
0.9999977491435215
0.9999980638645419
0.999998332429867
0.99999787406266
0.9999976766762797
0.9999981114639502
0.9999981371235925
0.9999976462481978
0.9999976639673989
0.9999980991262823
0.9999978834439731
0.999997450241785
0.9999976952342183
0.9999980259919409
0.9999976234669607
0.9999973549411494
0.999997762763455
0.9999978889205112
0.9999974020388199
0.9999973349303909
0.999997785557739
0.9999976536356125
0.9999971913084126
0.9999973527476761
0.9999977288925744
0.9999973786637333
0.9999970441827625
0.9999973810264223
0.9999975729978144
0.9999971138817044
0.9999969815912569
0.9999974300332352
0.9999973697077134
0.9999968869456582
0.999996983411072
0.9999973896096382
0.9999971210377072
0.9999967273803533
0.9999970095527231
0.9999972792024668
0.9999968535097393
0.9999966329123903
0.999997057908799
0.9999971020837634
0.9999965952684096
0.9999965900288145
0.9999970269208734
0.9999968224103809
0.9999963859569974
0.9999965940046032
0.9999969277131288
0.9999965447263929
0.9999962585052924
0.9999966270647007
0.9999967682977544
0.9999963112792091
0.9999962294345178
0.9999966656747479
0.9999965674273973
0.9999961077458905
0.9999962520799269
0.99999662480728
0.999996305309594
0.9999959508497008
0.9999962526555893
0.9999964546033837
0.9999960068004656
0.9999958467700506
0.9999962557427383
0.9999962152758751
0.9999957517076618
0.9999958139052326
0.9999962195576746
0.9999959721643722
0.9999955641255914
0.9999957976197849
0.9999960726726191
0.9999956745020364
0.9999954445346956
0.9999958140665971
0.9999958770244551
0.9999953980174636
0.9999953714457515
0.9999957939637534
0.9999956341944337
0.9999952111192966
0.9999953834834591
0.9999957051792154
0.9999953684285846
0.9999950695990394
0.9999954054374393
0.999995555594678
0.9999951124716006
0.9999949843003993
0.9999954012528339
0.9999953469624125
0.9999948900230594
0.9999950039647759
0.9999953885637151
0.9999951179097438
0.9999947508968792
0.9999950679234443
0.9999952793219992
0.9999948831440032
0.9999947103588802
0.9999950970534409
0.9999951143762876
0.9999946630494551
0.999994684644299
0.9999950804174582
0.9999948814510737
0.9999944929448077
0.9999947338395128
0.9999950009728836
0.9999946169192668
0.9999943907867967
0.9999947471003655
0.999994838607673
0.999994397707197
0.999994349321585
0.9999947496882192
0.9999946013389536
0.9999941912060728
0.9999943438136245
0.9999946670233233
0.9999943380640406
0.9999940456830466
0.9999943491881943
0.999994520923347
0.9999940923673916
0.9999939854981009
0.9999943564239435
0.9999943070082042
0.9999938952700538
0.9999939667009372
0.9999943091150248
0.9999940676459739
0.9999937578676747
0.9999940012702108
0.9999942270846642
0.9999938608192892
0.9999936899467363
0.9999940255248115
0.9999940620580257
0.9999936482740581
0.9999936564803152
0.9999940085272291
0.9999938298012787
0.9999934527768641
0.9999936176569354
0.9999938868698742
0.9999935429257213
0.9999932971366365
0.9999936079772003
0.9999937246626085
0.9999933219562304
0.9999932698660926
0.9999936346667613
0.9999935180715118
0.999993111477792
0.9999932408699269
0.9999935346658426
0.9999932500813719
0.9999929534133267
0.9999932395395211
0.9999934075456473
0.9999930305308298
0.9999928912811928
0.9999932264670941
0.9999932085781538
0.9999927858079747
0.9999928273317903
0.9999931474734763
0.9999929539719792
0.9999926285182296
0.9999928140512139
0.9999930263533027
0.9999926948160108
0.9999924893382105
0.9999928218249166
0.9999928646297311
0.9999924770990546
0.9999924645902138
0.9999927975674486
0.999992695951125
0.9999923210268489
0.9999924835886871
0.9999927419927509
0.9999924702189371
0.9999921870525664
0.9999924600669844
0.9999926092365446
0.9999922387065661
0.999992145432385
0.9999924846901601
0.999992454402859
0.9999920585477681
0.9999921208390724
0.9999924231644168
0.9999921930233786
0.9999918960306329
0.9999921181869702
0.9999922907103189
0.9999919493833777
0.9999917662786026
0.9999920920337623
0.9999921074297153
0.9999917093731827
0.9999917092904942
0.9999920088842467
0.9999918286721636
0.9999914666605613
0.9999916524108562
0.9999918920648763
0.9999915796381824
0.999991344890655
0.999991643352889
0.9999917323770836
0.99999136513495
0.9999912831729818
0.9999916066974743
0.9999915207171619
0.9999911522004831
0.9999912592428173
0.9999915528791217
0.9999913040144985
0.9999910366986894
0.9999912828438299
0.9999914407681849
0.9999910820796967
0.9999909495438366
0.9999912899402338
0.999991267360703
0.9999908811440241
0.9999909171316991
0.999991234073786
0.999991055708559
0.9999907256767637
0.9999909482407222
0.999991156460894
0.9999908548634362
0.9999906616505753
0.9999909790978345
0.9999909928581905
0.9999906350459065
0.9999906259937157
0.9999909697097358
0.9999908365708747
0.9999904846502076
0.9999906266254917
0.9999908938220969
0.9999906252879304
0.9999903604319449
0.999990650816863
0.9999907558616906
0.9999903787780191
0.9999902971085298
0.9999906301562934
0.9999905649341648
0.999990191558438
0.9999902877789125
0.9999905674539314
0.999990332564025
0.999990046946468
0.9999902845217264
0.9999904710885212
0.9999901275233771
0.999989973055777
0.9999903032241919
0.9999903251799107
0.9999899271532414
0.9999899445119237
0.9999902493893369
0.9999900616925138
0.9999897303847383
0.9999899202238853
0.9999901377156087
0.9999898250969694
0.9999896036233555
0.9999899012208792
0.9999899802834498
0.9999896134345079
0.9999895318035409
0.9999898215211702
0.9999897277033
0.9999893876992686
0.9999895185550113
0.9999897754439132
0.9999895364252482
0.9999892755471824
0.9999895202361226
0.999989645821272
0.999989299767852
0.9999891492712288
0.9999894827371716
0.999989433858327
0.9999890954654883
0.9999891522487927
0.9999894327454085
0.9999892261118757
0.9999889008420761
0.9999891027071013
0.9999892721128221
0.9999889626094097
0.9999887793917634
0.9999890915084488
0.999989125880882
0.9999888097095285
0.9999887847276464
0.999989091684094
0.9999889283584488
0.9999886056964074
0.9999887255096213
0.9999889241553552
0.9999886600384985
0.999988447970076
0.9999887122814997
0.9999887870895734
0.9999884756330052
0.9999883628103592
0.9999886459811734
0.9999885492358296
0.9999882084912017
0.9999883025372384
0.9999885548069661
0.9999883412891194
0.9999880990079482
0.9999883218987524
0.9999884285369011
0.9999881320533581
0.9999880062451263
0.9999882888073013
0.9999882735183492
0.9999879706267406
0.9999879749758261
0.9999882311530245
0.999988095075458
0.9999877648838892
0.9999879201782435
0.9999880842039449
0.9999878054308335
0.999987626846688
0.9999878703422077
0.9999879251341403
0.9999876249729884
0.9999875843048481
0.9999878709842334
0.9999877962563407
0.9999875103262696
0.9999876261989935
0.9999878453651685
0.9999876375393306
0.9999874001935931
0.9999876472521227
0.9999877167517405
0.9999874155047124
0.9999873216997249
0.9999876138640346
0.9999875430697532
0.9999872279696662
0.9999872937506308
0.9999875300088297
0.9999873439094867
0.9999870752583682
0.9999872772119185
0.9999873978135678
0.9999871395311668
0.9999870156939696
0.9999873027613205
0.999987325519399
0.9999870070717085
0.9999870226739059
0.9999872516207267
0.9999871579932285
0.9999868461123858
0.9999869764372905
0.9999871392209879
0.9999868865181089
0.9999866832799833
0.9999868847981461
0.9999869525237444
0.9999866340460093
0.9999865611829334
0.999986805351194
0.9999867652092153
0.9999864817002883
0.9999865307578554
0.9999867383405158
0.9999865208860749
0.9999862903955214
0.9999864776278177
0.9999865936168985
0.9999863301655728
0.9999862247380581
0.9999864563814576
0.9999864362064185
0.9999861588533745
0.9999861828498487
0.9999863680972507
0.9999862262461428
0.9999859590796844
0.9999861071712823
0.9999862457698064
0.9999859893046159
0.9999858454554201
0.9999860635943469
0.9999860519003674
0.9999857632855322
0.9999857270730794
0.9999859652428903
0.9999858733810533
0.9999856201046775
0.9999857285886801
0.9999859101134136
0.9999857225510571
0.999985487612245
0.9999856590648826
0.9999857238240387
0.999985468597701
0.9999854122590291
0.999985630491209
0.9999856125209085
0.999985283254519
0.9999853125018128
0.9999854937305248
0.999985325272563
0.9999851365242812
0.9999852881130208
0.9999854404822944
0.9999851802734558
0.9999850314974513
0.9999852164847067
0.9999852494434609
0.9999849753048642
0.9999849800491775
0.9999851538686609
0.9999850474794924
0.9999847718991515
0.9999848858685672
0.9999850023193595
0.9999847750142924
0.9999846050002694
0.9999848146427344
0.9999848359276395
0.9999845917394994
0.9999845794318011
0.9999847572700281
0.9999846968390526
0.9999844452340634
0.9999845385931548
