0.9999998026579118
0.9999838110822228
0.9999666863068197
0.999951843733533
0.9999359528914612
0.999918313865657
0.9999027300144577
0.9998869240772038
0.9998716411074146
0.9998557169715425
0.9998396826440598
0.9998258154662917
0.999810367073315
0.9997920066563935
0.9997748516843219
0.9997601904683151
0.9997449048107714
0.9997298857642215
0.9997135505804146
0.9996960402844992
0.9996813823159675
0.999664501533432
0.9996465040321734
0.9996324521504484
0.9996157362828432
0.9995978926163073
0.9995824227889123
0.9995650234430568
0.9995451089907096
0.999529374630946
0.9995184573603648
0.999503755419992
0.9994851259962121
0.9994673184765818
0.9994536612359676
0.999443886369542
0.999426589077103
0.9994074072217711
0.9993908887757257
0.9993702552949565
0.9993571954332319
0.9993455871761998
0.9993314335315109
0.9993162998917935
0.9992966577861121
0.9992742856058575
0.9992534267769939
0.9992371183100555
0.9992181692684796
0.9992031434640909
0.9991856968465266
0.9991671897534998
0.9991506245402628
0.9991348276628664
0.999122248591424
0.9991087382208338
0.9990896751406871
0.9990702452072636
0.9990572177203731
0.9990373864287051
0.99901551962002
0.9990007636584202
0.9989861308585202
0.9989654276873364
0.9989441442498244
0.9989307356737331
0.998912435741619
0.9988919145979127
0.9988786473772554
0.9988608897692104
0.9988470476938685
0.9988244227167076
0.9988067625817831
0.9987923619040064
0.9987717597008235
0.9987537460035765
0.9987318070685709
0.9987208701738189
0.9987059368752705
0.9986856354701429
0.9986690641125621
0.9986460850990232
0.9986242663344346
0.9986095850044605
0.9985951478854536
0.9985757128477163
0.998566312233527
0.9985475677049719
0.9985318029077754
0.9985177607168598
0.9985024004057498
0.9984906118304319
0.9984673526216424
0.9984440049861381
0.9984303033727423
0.9984186392913591
0.9983957363661332
0.998388303102401
0.9983648592480687
0.9983570702526835
0.9983358201016242
0.9983254082574364
0.9983101073255277
0.9982895780563725
0.9982853681666382
0.9982697390987648
0.9982565706225459
0.9982333224858134
0.998214935650048
0.998204746051857
0.9981915052119811
0.9981740985773337
0.9981507412707352
0.9981418694204313
0.9981225795601337
0.9981122973026357
0.9981020052460202
0.998087823238179
0.9980742417768552
0.9980672005987181
0.9980468698405236
0.9980401539345432
0.9980204626873548
0.9980020908929124
0.9979814823602247
0.9979694343819125
0.9979529881155466
0.9979392607675838
0.997918338751398
0.9979009354215586
0.9978908603197981
0.9978811887405501
0.9978705324536031
0.9978535193362605
0.9978326454322433
0.9978176601029323
0.9977958275192197
0.997779930544559
0.997764763499597
0.9977564982931989
0.9977391719913811
0.997724974631686
0.9977110503783203
0.9977011711826286
0.9976912883859685
0.997677421564444
0.9976577346359522
0.9976461382107885
0.9976207752156582
0.9976021108178675
0.9975884767212347
0.9975740010179902
0.9975605184332922
0.9975319236111033
0.9975216455700212
0.997505135017494
0.997490514107975
0.997468223884351
0.997444680382963
0.997432735132571
0.9974284608863013
0.9974115355423375
0.9973973133520039
0.9973784402228092
0.997365299692662
0.997356764492908
0.997347347728895
0.9973296538073214
0.9973064551075541
0.9972890367417776
0.997275338987145
0.9972557695125225
0.9972407846296906
0.9972300814471821
0.9972091221266269
0.9971950718657425
0.9971814416260321
0.9971589139125702
0.9971383596239816
0.9971253387450202
0.997113736167425
0.9971150283627119
0.9971060775074586
0.9970942120592753
0.9970889920723749
0.9970806095128297
0.9970571797435731
0.9970533018837567
0.9970348027568771
0.9970086024185814
0.9970087362968597
0.9969861234501269
0.9969760123685335
0.9969540120692941
0.9969310306749021
0.9969096581627613
0.9968914506395715
0.9968760219121348
0.9968621161843841
0.9968417770179767
0.9968203327451071
0.9968015884021246
0.9967843552122376
0.9967755153432001
0.9967547630534556
0.9967508135186729
0.9967244682528626
0.9967154938593996
0.996695736610722
0.9966791838958461
0.9966593246660352
0.9966548750541707
0.9966535708798672
0.996629722196508
0.9966064577239975
0.9965895456937982
0.9965821095647643
0.9965670256872504
0.9965522692562717
0.9965379231483846
0.9965200381232804
0.9965034845977011
0.9964839138722265
0.9964666505144228
0.99645343778078
0.9964367269932615
0.9964087802167323
0.9963938614936249
0.9963805182265013
0.9963632682678435
0.9963492815596999
0.9963348483042976
0.9963294480996452
0.9963189106400276
0.9963008731450846
0.9962862342079697
0.9962762594361217
0.9962643610629828
0.996248156621579
0.9962326467374688
0.9962199310433569
0.9961961536392557
0.9961909564397133
0.99617824208813
0.9961626890685035
0.9961558891058052
0.9961237506588488
0.9960990555069194
0.9960929562702296
0.9960821850629841
0.9960655056984213
0.9960335418559506
0.9960185565656362
0.9960056061290145
0.9959862350577168
0.995978243739693
0.9959647054197903
0.9959543352451836
0.9959321096720369
0.9959008706411396
0.9958882941405727
0.9958622759928509
0.9958499486879588
0.9958347732963942
0.9958177058265342
0.9958001237969872
0.9957792696113024
0.9957701153686909
0.9957523387663619
0.9957302604036764
0.995713286645611
0.9956993134190643
0.9956721926657829
0.9956731398215972
0.9956581108146503
0.9956431131445804
0.9956412440359539
0.9956221643049965
0.9955974613348408
0.995574828653983
0.9955732169555832
0.9955427689639189
0.9955301100566892
0.995523317690683
0.9955054911236054
0.995496684293673
0.9954750029332722
0.9954550860690412
0.9954402185934661
0.9954328395011004
0.9954044316944065
0.9953820417550903
0.9953797143993076
0.9953453278367156
0.9953207380163475
0.9953103678001555
0.9952906317370644
0.9952817485334292
0.9952700515612015
0.9952584610812595
0.995253615072062
0.9952307636895044
0.9952305827225931
0.9952147158624902
0.995188798550873
0.9951801181961476
0.99516169534848
0.9951541367864518
0.9951539773167795
0.9951317048289713
0.995098858276129
0.9950792042875838
0.9950741756320437
0.9950573231912108
0.9950485325642813
0.9950277993586369
0.99502000147964
0.9949794307073528
0.9949623145428984
0.9949529225093334
0.9949448033193414
0.9949252713203987
0.9949273546392184
0.9949318939032284
0.9949130530013341
0.9949079361714656
0.9948801133858853
0.9948695238008659
0.9948506199804753
0.9948280350422912
0.994811779598978
0.9948013467431239
0.9947854432198022
0.9947743334342308
0.9947689375151719
0.9947616699611551
0.9947513217093432
0.994724534982498
0.9947250334416254
0.9947096136442001
0.9947062743817596
0.9946751127614011
0.9946685086622168
0.9946432567042875
0.9946335001748638
0.9946018728478826
0.9945911874804778
0.9945949640623326
0.9945729811393454
0.9945433477141531
0.9945165235614261
0.9945056580830108
0.9945017512692456
0.9944972853455165
0.9944746009721097
0.9944571398671157
0.9944472917198272
0.9944377086784951
0.9944172447708198
0.9944046023291394
0.9943872985315363
0.994363322926606
0.9943464951926905
0.9943351481014786
0.9943048222172367
0.9942941991917464
0.9942829184470781
0.9942741088320914
0.9942640199191597
0.9942293248114353
0.994208538762352
0.994199651045677
0.9941929408785007
0.9941699539056206
0.9941679707932963
0.9941630447634544
0.994148573801379
0.9941369500503212
0.9941124490015072
0.9940965199976678
0.9940825752840121
0.9940763181949696
0.9940590138131394
0.9940382954852199
0.9940153608026551
0.9940021135200562
0.9939998742992172
0.9939833823181076
0.9939616734889352
0.993928816811283
0.9939065286532082
0.9938879168439726
0.9938671049115847
0.9938343765370505
0.9938188724390579
0.9938108559172025
0.9938024509590644
0.9937771333269565
0.9937650184216972
0.9937511159360571
0.9937284992085322
0.99369689545741
0.993643485895734
0.9936271886105861
0.9936129506808542
0.9935851274973082
0.9935819830770015
0.9935734187583869
0.9935581493040602
0.9935357588358646
0.993523859213907
0.9935198006638134
0.9934988134978197
0.9934860360019724
0.9934828281218107
0.9934535481564283
0.993432043888353
0.9934035883212782
0.993393104791426
0.9933830696288983
0.9933812372593205
0.9933771480385543
0.9933497087222347
0.9933447239695868
0.9933379877676778
0.9933303620677044
0.9933025131838611
0.9932695116085815
0.9932420259698342
0.9932366410037352
0.9932065078453559
0.9931955571021159
0.9931703378311407
0.9931601252719781
0.9931382437374553
0.9931221763381142
0.9931014700032793
0.9931072990241421
0.9930761906172795
0.9930523128079465
0.9930362315771819
0.993023077531992
0.9930134889909642
0.992988388020626
0.9929583402252479
0.9929481049081399
0.9929464376312157
0.9929146584446515
0.9929007197145608
0.9928883538972393
0.9928703702856796
0.9928589197350531
0.992862756578107
0.9928418307492828
0.9928247147808712
0.9928168776430292
0.9928191452140431
0.9927868723702079
0.9927890445729368
0.9927543712513817
0.9927311676289885
0.9927305730285017
0.9927131344431653
0.9926876707374943
0.9926656472312093
0.9926575473306759
0.9926370795358271
0.9926201719527638
0.9925964024642303
0.9925766921749385
0.9925512361738568
0.99253612113487
0.9925229780713908
0.9925169184106194
0.9925084664220617
0.9924966540082331
0.9924882032523263
0.9924769659881865
0.9924761078904882
0.9924744200095411
0.9924513282258762
0.992440027481224
0.992418515148559
0.9923957093948212
0.992373293669597
0.9923584371701758
0.9923377265685059
0.9922980486681169
0.9923000141063952
0.9922786599450419
0.9922512616202077
0.9922252471968794
0.9921958168046738
0.9921721223761093
0.9921473270172639
0.9921167229885866
0.992092523772288
0.9920667466944888
0.9920537290324937
0.9920317571775155
