0.9999999490019669
0.9999997040697167
0.9999998595386961
0.9999996246931636
0.9999997656697475
0.999999551885196
0.9999996710177441
0.9999994919960129
0.9999995711907658
0.9999994379520568
0.999999472749667
0.999999386144686
0.9999993665552289
0.9999993318874265
0.9999992607020681
0.9999992778154639
0.9999991556683935
0.9999992164831341
0.9999990564604045
0.9999991529258335
0.999998962082266
0.9999990877469769
0.9999988700538972
0.999999014617791
0.9999987777532962
0.999998937549763
0.9999987083803566
0.9999988703635602
0.9999986382994427
0.9999987806651045
0.9999985651238186
0.999998671360443
0.9999984958137463
0.9999985612805133
0.9999984300182735
0.9999984588053991
0.9999983606089355
0.9999983291708153
0.9999983024983314
0.999998240506711
0.9999982483748111
0.999998137249461
0.9999981984161631
0.9999980289957922
0.9999981253865161
0.9999979268294804
0.9999980653928064
0.9999978513653107
0.9999980025329277
0.9999977760640572
0.9999979205186947
0.999997691197174
0.9999978345092657
0.9999976251620717
0.9999977420463522
0.9999975481591319
0.9999976421004216
0.9999974895093668
0.9999975528577019
0.9999974313451437
0.9999974453003969
0.9999973516335062
0.9999973176945016
0.9999972846438598
0.9999972226052624
0.9999972270739643
0.9999970967984342
0.9999971354795454
0.9999969754408908
0.9999970746350897
0.9999968863267397
0.9999969950929591
0.9999967941881185
0.9999969220812308
0.9999966919434036
0.999996842000784
0.9999966145902486
0.9999967439798273
0.9999965318213988
0.9999966461216527
0.9999964670768177
0.9999965539673028
0.999996394319085
0.9999964673975236
0.9999963358713212
0.9999963542584901
0.9999963002173184
0.9999962683380407
0.9999962363280129
0.9999961903610111
0.9999962003512258
0.9999960967317607
0.9999961560833647
0.9999960240658466
0.99999608890983
0.999995913882153
0.9999960139657326
0.999995823298731
0.99999594412746
0.9999957309317605
0.9999958330386249
0.9999955965306242
0.9999957287471883
0.9999955335527101
0.9999956401015101
0.9999954599975559
0.9999955582079072
0.9999954047677048
0.9999954540977557
0.9999953529665778
0.9999953407869493
0.9999952850917501
0.9999952451784762
0.9999952098660903
0.9999951282927325
0.9999951299998878
0.999995010660163
0.9999950767338897
0.9999949060787274
0.9999950014519434
0.9999948125961532
0.9999949057219419
0.9999947117991919
0.9999948066764879
0.999994638697474
0.9999947681704794
0.9999945678528805
0.9999946714170005
0.9999944817872919
0.9999945800761348
0.9999944133981415
0.9999944915518049
0.9999943431709561
0.9999943780218866
0.9999942554520527
0.9999942816265878
0.999994191696655
0.999994148240994
0.9999941138360652
0.9999940276284394
0.9999940450658098
0.9999939574392496
0.9999940151896238
0.9999938877373961
0.999993986800969
0.9999938310326156
0.9999939275396539
0.99999374226271
0.9999938352759253
0.9999936234715642
0.9999937707271023
0.9999935805592826
0.9999937140296324
0.9999935168955552
0.9999935878034011
0.99999341787914
0.9999934962135352
0.9999933460713529
0.9999933951053797
0.9999932862111481
0.9999932651825085
0.999993196300139
0.9999931702905274
0.9999931698645861
0.9999931258143739
0.999993130812661
0.9999930385941481
0.9999930743489466
0.9999929306496804
0.9999930014059273
0.999992822171014
0.9999929298157733
0.9999927580680396
0.9999928661307231
0.9999927071840882
0.9999928452890575
0.9999926499651827
0.9999927484378401
0.9999925611513394
0.9999926365000474
0.999992465302506
0.9999925359759657
0.9999924217673142
0.9999924901960606
0.9999923542953604
0.9999923243513628
0.999992265893185
0.9999922469374178
0.9999921922103371
0.9999921120587991
0.9999921126137692
0.999992052234645
0.9999920811080643
0.9999919345518131
0.9999920198127045
0.9999918799742702
0.9999919551051928
0.9999917786869942
0.9999918624962216
0.999991656085261
0.9999917416982534
0.9999915363265118
0.9999916426742903
0.9999915006659638
0.9999915896327015
0.9999914613808758
0.9999915232873869
0.9999913729413519
0.9999913699528127
0.9999912684811416
0.9999912618807647
0.9999911807766679
0.9999911606189836
0.999991096529632
0.9999910080419101
0.9999910142271897
0.9999909262150481
0.9999909648837672
0.9999907943517898
0.9999908558983933
0.9999906749129764
0.9999907698935719
0.9999905883431583
0.9999906290358743
0.9999904417421819
0.9999905158584861
0.9999903493901623
0.9999904626521912
0.9999902985448799
0.9999903754120995
0.9999902488514113
0.9999903059617408
0.9999901525232544
0.9999901963626262
0.9999901160757533
0.9999901208644374
0.9999900336648175
0.9999899976278858
0.9999899726011349
0.999989898831283
0.9999899162321118
0.9999898356841894
0.9999898802040561
0.9999897303277752
0.9999897543364429
0.9999895722657535
0.9999896274521858
0.9999894751357749
0.9999895656469273
0.9999893924251163
0.9999894805818624
0.9999892837727479
0.9999893243936786
0.9999891589946351
0.9999892144109628
0.9999890672283654
0.9999891061907709
0.999988963161797
0.9999889620148493
0.999988882509664
0.9999888866754907
0.9999887707194172
0.9999887470282469
0.9999887140906473
0.9999886310792093
0.9999886209497512
0.9999885362080303
0.9999885486880814
0.9999884576622641
0.9999885010996545
0.9999883503717256
0.9999884449843
0.9999882767836571
0.9999883452297584
0.9999881624037787
0.9999882655146435
0.9999881013319133
0.9999882009370329
0.9999880491847883
0.9999881154578444
0.9999879642723868
0.9999879842373999
0.9999878799164037
0.9999879038976681
0.9999878142042974
0.9999878096471437
0.9999877508330464
0.9999877222021158
0.9999876872391308
0.9999876163200832
0.9999876201985265
0.9999875230097396
0.9999875384173971
0.9999874156995737
0.9999874488402465
0.9999873027864424
0.9999873476091808
0.999987195406449
0.9999872636886447
0.9999871079239604
0.9999871653536595
0.9999869783637981
0.9999870552995176
0.9999869029519268
0.9999870243306545
0.9999869067496696
0.9999869841256175
0.9999868809427193
0.9999868912149613
0.9999868115689726
0.9999868221769204
0.999986785242542
0.999986748853347
0.9999866709318724
0.9999866206674741
0.9999866070148065
0.9999865235163935
0.9999865524313095
0.9999863966886643
0.9999865009789941
0.9999863707306843
0.9999864158499144
0.9999862390139262
0.9999862597473186
0.999986049568441
0.999986082269666
0.9999859392241659
0.9999860049454451
0.9999858820192853
0.9999859241879009
0.9999857972768854
0.9999858612793063
0.9999857039098499
0.9999857142169247
0.9999856144395133
0.9999856020360652
0.9999855367098144
0.9999855124856567
0.999985494005534
0.9999854323389703
0.9999854253511319
0.9999853606536755
0.9999854109547943
0.9999853261375202
0.999985362369159
0.9999851861832361
0.9999853169426
0.9999851668915312
0.9999852030449308
0.9999850551217766
0.9999851026029399
0.9999849901583696
0.9999850360352013
0.9999848979050588
0.9999849833280224
0.9999848493581079
0.999984883213234
0.9999848161517411
0.9999847909320909
0.9999847156810848
0.9999847320357095
0.9999847010101849
0.9999846813569966
0.9999845939894733
0.9999845254923483
0.999984558741811
0.9999844661994534
0.9999844326725437
0.9999843446756831
0.9999843673001279
0.999984226673487
0.999984290366458
0.9999841476886835
0.9999841842868171
0.9999840330111525
0.9999840979143974
0.9999839449080802
0.9999839980789356
0.9999838429526626
0.9999839022382648
0.9999837533295907
0.9999837518814867
0.9999836367697599
0.9999836356392117
0.9999835759458394
0.9999835678102362
0.9999835361757587
0.9999834920443557
0.9999834479307418
0.9999833715359908
0.999983366777657
0.9999833193600319
0.999983355891332
0.9999832551899448
0.9999833005657163
0.9999831849591422
0.9999832190468523
0.999983076059358
0.9999831032022108
0.9999830003453986
0.9999830511839389
0.9999829023696933
0.9999829397366015
0.9999827735451368
0.9999828410333819
0.9999827068595443
0.9999827284069713
0.999982614880637
0.9999826514271809
0.999982622801999
0.999982617809691
0.9999825860156836
0.99998257495692
0.999982574463361
0.9999824930530715
0.9999825160053475
0.9999824414394274
0.999982454679106
0.999982351453798
0.9999823575335591
0.9999822529827845
0.9999822600664265
0.9999821194677881
0.9999821856730865
0.9999820400247226
0.9999820634806982
0.9999819420797547
0.9999819727822467
0.999981799216179
0.9999818533653445
0.9999817283159644
0.9999817402518366
0.999981582946849
0.9999815588877932
0.9999814745609101
0.9999814635565177
0.9999813890880997
0.9999813552396267
0.9999812938973345
0.9999812221753387
0.9999811800334558
0.9999810907487994
0.9999810912428047
0.9999810322809032
0.9999810660720658
0.9999809467000363
0.9999809583027992
0.9999808722269459
0.9999808687579329
0.9999808063886627
0.9999808478238595
0.9999806869931719
0.999980787145963
0.9999807101795835
0.9999807766511807
0.9999806365385687
0.9999806662040254
0.999980604866496
0.9999805755499446
0.9999804945378524
0.9999804542621608
0.999980386598466
0.9999803437325858
0.999980294112318
0.9999802354580758
0.9999802602861495
0.9999801873130993
0.9999802190890227
0.999980125426678
0.9999801345472008
0.9999800474311605
0.9999800906486406
0.9999799768720652
0.999980039704987
0.9999798969490481
0.9999799212612245
0.9999797896817292
0.9999798093387796
0.9999796905755534
0.9999797578140708
0.9999796165361925
0.9999796074181962
0.9999795209418832
0.9999795081824109
0.9999794430201944
0.9999794256140572
0.9999793038744081
0.9999792907771355
0.9999792650642155
0.9999791810220209
0.9999791836079288
0.999979103667288
0.9999790927436446
0.9999789834203671
0.99997895430879
0.9999788119377535
0.9999787812584037
0.9999787124370322
0.9999787517096062
0.9999786835593981
