0.9999998678191719
0.9999994584944237
0.9999993463335631
0.999999735733824
0.9999993936386058
0.9999991799052353
0.9999995896370298
0.9999993374484648
0.9999990360542519
0.999999441113455
0.999999280875091
0.9999988955711797
0.9999992546657589
0.9999992058429144
0.9999987628741983
0.999999061537554
0.9999991283726557
0.9999986824474569
0.9999988865833805
0.999999044557206
0.9999985849490315
0.9999986898793509
0.9999989364468278
0.9999984949696172
0.9999984904961076
0.9999988156595486
0.99999842055918
0.9999983129483722
0.9999986853948488
0.9999983633433063
0.9999981713582521
0.999998559616687
0.9999983005227621
0.9999979916166367
0.9999983586453873
0.999998211679694
0.9999978417953569
0.9999981902137305
0.9999981419994148
0.9999977368033596
0.9999980113410857
0.9999980611198881
0.9999976335484824
0.9999978318114939
0.9999979860138914
0.9999975357343363
0.9999976398561264
0.9999978955178402
0.999997479080557
0.9999974690877541
0.9999977919514531
0.9999974184078261
0.9999973159030991
0.9999976787143005
0.9999973497211688
0.9999971460302465
0.9999975448498697
0.9999972874174399
0.9999970103673267
0.9999973909782212
0.9999972529309232
0.9999968878395338
0.9999972110997218
0.9999971711204507
0.9999967768217985
0.9999970291280478
0.9999970877209189
0.9999966725385268
0.9999968624329602
0.999997015751845
0.9999965559380991
0.9999966451102937
0.9999968928616616
0.9999964768596772
0.9999964711599109
0.9999967571474133
0.9999963833025718
0.9999962894382742
0.9999966467707498
0.9999963438391126
0.9999961628354995
0.999996497124788
0.9999962501812678
0.9999959740860261
0.999996325301876
0.9999961995202917
0.9999958605798985
0.9999961496615547
0.9999960960516002
0.9999957171504056
0.9999959650016412
0.9999960267563051
0.9999956130662404
0.9999957729678444
0.9999959244667764
0.9999955225346702
0.9999956248122778
0.9999958511486806
0.999995474016223
0.999995483575187
0.9999957577622007
0.9999954049157863
0.9999953296118141
0.9999956707764324
0.9999953503014616
0.9999951348568108
0.9999954752836825
0.9999952398305753
0.999994992793683
0.9999953306907884
0.9999951954324356
0.9999948842549388
0.9999951749647499
0.9999951330660166
0.9999947767605383
0.9999950324765119
0.9999950592485037
0.9999946455225165
0.9999948223692634
0.9999949519843007
0.999994540225401
0.9999946256031528
0.9999948438679797
0.9999944564565858
0.9999944780347874
0.9999947620265665
0.9999943916197357
0.999994284236413
0.9999946135869971
0.9999943269647271
0.99999415195817
0.9999944894231059
0.9999942643201104
0.9999940208796977
0.999994352739185
0.999994192268744
0.9999938986557578
0.9999941711096622
0.9999940995177754
0.9999937695984547
0.9999939917928786
0.9999940366107306
0.9999936459865018
0.9999938221330651
0.9999939204366266
0.9999935321522053
0.9999936064841654
0.9999938030226778
0.9999934206872741
0.9999934264975104
0.9999936720157016
0.9999933268384718
0.9999932234825876
0.9999935132707546
0.9999932212994634
0.999993065483868
0.9999933664937128
0.9999931559802896
0.999992929646397
0.9999932312997026
0.9999931005643966
0.9999928079477258
0.9999930696714853
0.999993012759964
0.9999926896530533
0.9999929104770499
0.9999929571968865
0.9999925938600825
0.9999927717058444
0.9999929060798425
0.999992547656387
0.9999926395630148
0.9999928305593486
0.9999924746184229
0.9999924833921425
0.9999927118852199
0.9999923815778403
0.9999923064341719
0.9999926099568467
0.9999923397935262
0.9999921633378953
0.9999924426368518
0.9999922403772415
0.9999920168542912
0.9999922984007898
0.9999921570462219
0.9999918880759785
0.9999921179899247
0.9999920707240265
0.9999917467437555
0.9999919788592494
0.9999919902568536
0.9999916445231888
0.9999918226743578
0.9999918979294411
0.9999915477303797
0.9999916124200483
0.9999917818371205
0.9999914801206776
0.9999914919856316
0.9999917129765228
0.9999914060904167
0.9999913274603803
0.999991571720259
0.9999912899192477
0.9999911711151963
0.9999914506156834
0.9999912749984231
0.9999910636710063
0.9999913431072774
0.9999912203096457
0.9999909315445403
0.9999911824859817
0.9999911065041213
0.9999907888635343
0.9999910185192239
0.9999910632565703
0.9999907250369717
0.9999908865097218
0.9999909716597843
0.9999906226506834
0.9999906759295919
0.9999908703305559
0.9999904889855831
0.9999904484911726
0.999990706768545
0.9999903871312714
0.999990299598135
0.9999905756225055
0.9999903399110486
0.9999901875865246
0.9999904853507909
0.9999902661737214
0.9999900622684007
0.9999903147530724
0.9999901804870287
0.9999898990762183
0.9999901996063209
0.9999901183851714
0.9999898313539469
0.9999900826178539
0.9999900897171019
0.9999897606027757
0.9999899220967285
0.9999900359524295
0.9999896818101425
0.9999897573479017
0.9999899355760762
0.9999895675681164
0.9999895711518351
0.9999897912106793
0.9999895125353807
0.999989441392669
0.9999897347900636
0.9999894794907542
0.9999893606339286
0.9999896342652072
0.9999894414189504
0.9999892561295282
0.999989503154064
0.9999893662051679
0.9999891258174403
0.9999893698662337
0.9999892876751719
0.9999890213227947
0.9999892153684682
0.9999892366843659
0.999988940750799
0.9999891151873457
0.9999892167021183
0.9999888665009378
0.9999889496007964
0.9999891032929831
0.9999887842590119
0.9999887885491576
0.9999890103146084
0.9999886878458025
0.9999886218275864
0.9999888464392145
0.9999885824669464
0.9999884315909975
0.9999886936150074
0.9999884638105878
0.9999882348747324
0.9999885309210814
0.9999883693493472
0.9999881387822698
0.9999883865239869
0.9999883025063735
0.9999879999352241
0.9999881622777416
0.9999881611839087
0.9999878280269884
0.9999879860428323
0.9999880362793744
0.9999876916317552
0.9999877611591269
0.9999878896158048
0.9999875785351641
0.9999875794904388
0.9999878140550419
0.9999875532467566
0.9999875036899084
0.9999877004055066
0.9999874718652544
0.9999873302308464
0.9999875860977011
0.9999874424172072
0.9999873142330017
0.999987549331135
0.9999874291202165
0.9999871926623689
0.9999874275591566
0.9999873759175619
0.9999870900625609
0.9999872866096458
0.9999873066499613
0.9999869868891574
0.9999871465409929
0.9999872173636821
0.9999868608395834
0.9999869175880713
0.9999870569809663
0.9999867420705705
0.9999867620476391
0.9999869479862983
0.9999866180050512
0.9999865409065052
0.9999867437055292
0.9999864889881017
0.9999863706301635
0.9999865996594551
0.9999863969178193
0.9999861885290942
0.9999863919772933
0.9999862557013021
0.9999859913184936
0.9999861582013186
0.9999861343019402
0.999985854302611
0.9999860569229109
0.9999860774838648
0.9999857595050385
0.9999858910117019
0.9999859850462752
0.9999857234499656
0.9999857536871134
0.9999859063984184
0.9999855974229271
0.9999855817993668
0.9999857656419175
0.9999854895039846
0.9999854203382736
0.9999856694781379
0.9999854542357967
0.9999853329495102
0.9999855902769935
0.9999854378529609
0.9999852530204151
0.9999855031114956
0.9999853826964328
0.9999851286110152
0.999985353421266
0.9999853228901772
0.9999850475226194
0.9999851975332673
0.9999852348426086
0.9999849388227153
0.9999850529099892
0.9999851581435457
0.9999848559065239
0.9999849198948813
0.9999850550135536
0.9999847315983192
0.9999847284336127
0.9999849099528736
0.9999846462687735
0.999984578754856
0.9999847947425121
0.9999845556767771
0.9999844224106437
0.9999846713944704
0.9999844732043721
0.9999842644445857
0.999984493344233
0.9999843972572268
0.999984150893982
0.9999843913047276
0.9999843761097801
0.9999840941347963
0.9999842273190349
0.999984260677129
0.9999839671606439
0.9999840827318945
0.999984135152293
0.9999838153573433
0.9999838764815695
0.9999839885375574
0.9999837434313182
0.9999837131236494
0.9999838478912458
0.9999835981967313
0.9999835395719389
0.9999837376113782
0.9999834900831385
0.9999833786473079
0.9999835793303755
0.9999833938573266
0.9999832398954112
0.9999833916280381
0.9999832276936421
0.9999830313659067
0.9999832504289274
0.9999831834884668
0.9999829358928278
0.9999830558528306
0.9999830582411471
0.9999827771458781
0.9999828617584233
0.9999829567979638
0.999982655357423
0.9999826900883994
0.9999828084064349
0.9999825262353489
0.9999825103733592
0.9999826557196658
0.9999824096023554
0.9999823597489519
0.9999825810784636
0.99998238839902
0.9999822395901775
0.999982476934343
0.9999823190523847
0.9999821352359058
0.9999823125182784
0.9999822249458398
0.9999820100328767
0.9999821907541189
0.9999821692042609
0.9999819181026365
0.9999820304192701
0.99998208891342
0.9999817863159548
0.9999818568735142
0.9999819532036136
0.9999817102758612
0.9999817701777425
0.9999818609231789
0.9999815934349713
0.999981568123532
0.999981732909289
0.9999814989770206
0.9999814484315189
0.9999816292214083
0.9999814100630665
0.9999812457332199
0.9999814017659395
0.9999813013966498
0.999981106040427
0.9999813257245286
0.9999812793183507
0.999981094460986
0.9999812490567971
0.9999812388722105
0.9999810388600919
0.9999811657393087
0.9999812159726251
0.9999809700897662
0.9999810657498749
0.9999811266455652
0.9999809331033556
0.9999809609755613
0.9999810687940796
0.9999807831117357
0.9999808195346858
0.9999809373705707
0.999980703133153
0.9999806438521355
0.9999807622709905
0.9999805810463674
0.9999804391589598
0.9999805554001531
0.9999803702960736
0.9999801637571186
0.9999803572545436
0.9999802187696752
0.9999799794705652
0.999980108269466
0.9999800555077875
0.999979815058236
0.9999799230215031
0.9999799701499678
0.9999797900076778
0.9999799097853393
0.9999799994163694
0.9999797457777947
0.9999797538554975
0.9999798379290411
0.9999796582500451
0.9999796032245037
