0.9999997235119171
0.9999835603956185
0.999966709632014
0.9999511940893042
0.9999360101427319
0.9999204875094753
0.9999037852674227
0.9998881768349055
0.9998707446065611
0.9998544557281274
0.9998356879926417
0.9998182342569966
0.9998038494485738
0.9997897037651109
0.9997765161610969
0.9997566075796941
0.9997402793861777
0.9997246237670429
0.999709056472288
0.9996924407619473
0.9996771855350356
0.9996620177392153
0.9996486426052821
0.9996316963384052
0.999614986028488
0.9995978853128774
0.9995801939795623
0.9995622293371356
0.9995467053327803
0.9995328035122785
0.999514230475116
0.9995010306851224
0.9994840927632346
0.9994658848266168
0.9994507844308469
0.9994375121235402
0.9994218417811445
0.999407411219111
0.9993952492746009
0.9993780520464132
0.9993626178783835
0.9993475340533725
0.9993299047276663
0.9993090483447866
0.9992985653443243
0.9992800572072879
0.9992699801310129
0.9992532255992561
0.9992347411519721
0.9992191487866499
0.9992092750507997
0.9991965148632432
0.9991782113972473
0.9991666593485875
0.9991487413977349
0.9991363497308862
0.9991213152867783
0.9991014935400139
0.9990840828431649
0.9990725228502539
0.9990575464605539
0.9990448285370481
0.999024603560126
0.9990026867377139
0.998992954749233
0.9989759911159912
0.9989563565416351
0.9989446069671091
0.9989358446515733
0.9989163525643883
0.998891905968616
0.9988796738611329
0.9988619120478278
0.9988419504158812
0.9988276116596116
0.9988078452305097
0.9987870518071601
0.9987744811339844
0.9987503752473539
0.9987371945384638
0.9987278606231256
0.9987098474335353
0.998689657958622
0.9986775687308028
0.9986616978030308
0.998648211180328
0.9986357085561711
0.9986239198812453
0.9986050632279508
0.9985923439913378
0.99857533240353
0.9985687851774593
0.9985515724815325
0.9985351528184249
0.9985154704821616
0.9984929984609705
0.9984737275233486
0.9984619596729973
0.9984460038183078
0.9984270164433674
0.9984148365880434
0.998397055671948
0.9983731779363161
0.9983554084055986
0.9983375838858635
0.9983149540693586
0.9983035327090539
0.9982878826189271
0.9982741099239983
0.9982550198438424
0.998241059803769
0.9982210079571284
0.9982075615387358
0.9981884813534767
0.99815789895058
0.998143488967112
0.9981406627079263
0.9981207159368317
0.9981040749636645
0.9980809816994709
0.9980647623886006
0.998046943821019
0.9980332408562893
0.9980235391841475
0.9980022228879237
0.9979840957287749
0.9979677762556607
0.9979487240378885
0.9979313942232142
0.9979154432983551
0.9978906754359296
0.997873603520771
0.9978511240964796
0.9978260933490266
0.997813180656522
0.9977968988675061
0.9977765898235023
0.9977688264955815
0.9977513844853072
0.9977385304533817
0.9977181828689731
0.997699270991994
0.9976863676187705
0.9976756964565477
0.9976647979901436
0.9976522928819513
0.997633667730655
0.9976084871624026
0.9975913584873249
0.9975691935640838
0.997545572500253
0.997529746662804
0.997509883672355
0.997493154414905
0.9974725881961847
0.997445376710288
0.9974314969423709
0.9974135040605338
0.9973984734525804
0.9973794409163925
0.9973608803062263
0.9973420560613577
0.9973234863817001
0.9973063522328719
0.9972906832109539
0.9972790327163263
0.9972643164552674
0.997252187297763
0.9972401043960927
0.9972392772188136
0.9972251131563586
0.9972037624821414
0.9971869023765694
0.9971714608919654
0.9971404500349486
0.9971253166581836
0.9971131979589418
0.9971003400165916
0.9970841088412858
0.9970745672302727
0.9970511121920721
0.9970343957937773
0.9970248462129342
0.996999385963859
0.99698725300861
0.9969661367802048
0.9969370543935311
0.9969368356283538
0.9969201939579296
0.9969001865167423
0.9968882818251382
0.9968704039258622
0.9968542272082694
0.9968436429701375
0.9968237571329712
0.9967909959050599
0.996788946823335
0.9967652243840346
0.9967545841607749
0.996730230042151
0.9967116181444715
0.9966994619679984
0.9966824023731035
0.9966621458729878
0.9966362049765969
0.9966191211152791
0.9966019573815554
0.9965807497420889
0.9965590827139221
0.9965446464495078
0.9965372536395999
0.9965327573811599
0.9965243403786501
0.9965101546869106
0.9965040262183128
0.9964953603652101
0.9964813227128967
0.9964671659886746
0.9964474428297191
0.9964412566532765
0.9964248841425029
0.9964014945652208
0.9963923088748767
0.9963615804316278
0.9963349799074555
0.9963260187501365
0.9963028238252161
0.9962809141888387
0.9962747154432504
0.996270298411264
0.9962574480573858
0.9962377007612149
0.9962213067290274
0.9962052907259438
0.996174953331802
0.9961564761655272
0.9961478643751674
0.996116055653805
0.9961045022172567
0.9960847483591793
0.9960670044690743
0.9960461320047506
0.9960385178403627
0.996010626911809
0.9959918837873618
0.995973463095994
0.9959581688085869
0.9959414063880424
0.9959405277587574
0.9959362489721869
0.9959266108364839
0.9959134216877323
0.9958959442959983
0.995864033776168
0.9958485565338121
0.995833841285258
0.9958101422091645
0.9957989083495403
0.9957822586786432
0.9957709833793016
0.9957663994885122
0.9957532827154485
0.9957389676589178
0.9957333439950219
0.9957174642955129
0.9957004801488686
0.9956850536182467
0.9956726159560304
0.9956591245909625
0.9956342240540554
0.9956169710967954
0.9956060717682115
0.9955877331111176
0.9955831080074935
0.9955570160038744
0.9955430888915984
0.9955277521690722
0.9955183136133081
0.9955114839601058
0.9955014976793068
0.9954785892119494
0.9954550612825556
0.9954414650436408
0.9954169966077597
0.9953906582981406
0.9953752556043131
0.9953621013911752
0.9953503539216796
0.9953372880026544
0.995330439872618
0.9953162475176138
0.9953088828356664
0.9952882176842754
0.9952550785229752
0.9952411840463875
0.9952371337183529
0.9952255200278443
0.9952165434479978
0.9952058263342491
0.9951888432598681
0.995170146738869
0.9951487001835801
0.9951339699318327
0.99512790715413
0.9951235086091779
0.9951016727331461
0.9950905680338974
0.9950719282455505
0.9950388821186938
0.9950401834728103
0.9950414369535925
0.995014282399366
0.9949882665347056
0.9949687896525038
0.9949521495535856
0.9949329674050761
0.9949151035678052
0.9949017440404379
0.9948861513995646
0.9948851819251595
0.994858679406314
0.9948323595109363
0.9948155678022811
0.9947992568834608
0.9947761688211919
0.9947589406876136
0.9947329318038751
0.9947263645128923
0.9946912400700871
0.9946796669722534
0.9946803701566218
0.9946806327275527
0.9946792139080927
0.9946607056684424
0.9946351063723347
0.9946367403494107
0.9946313756490255
0.9946168930166912
0.9945952726588335
0.9945788880643812
0.9945512488056822
0.9945268049141448
0.9945145776475359
0.9944947310822506
0.99447804297857
0.9944519766782343
0.9944426219194694
0.9944283472838629
0.9943947327922781
0.994381088431502
0.9943625481949288
0.9943515459022187
0.9943497297984483
0.9943160579095619
0.9943015281260751
0.9942825818733877
0.9942691513833879
0.9942532796092914
0.9942389059255257
0.9942401654867813
0.9942104533984198
0.9941964176083781
0.9941812451239406
0.994156599719986
0.9941381230847802
0.9941307817686034
0.9941138698573236
0.9941096585348759
0.99411325646842
0.9940974201649154
0.9940876554072303
0.9940683720580796
0.9940539164994193
0.9940434330157626
0.9940405000516267
0.9940161672081977
0.9939976664968038
0.9939743089232965
0.9939474730033422
0.9939299350938577
0.993915536334756
0.9938982786617444
0.9938931536560022
0.9938725497499934
0.993836129448361
0.9938214544394156
0.9938078685509603
0.9937971651492109
0.9937871714670419
0.9937663457947942
0.9937504505470558
0.9937241537126109
0.9937081613977674
0.9936921003064463
0.993672387096344
0.9936481048366644
0.9936142378932004
0.9935942352536443
0.9935803521778528
0.9935495228983522
0.9935380381354102
0.9935136469601475
0.9935032069823164
0.9934956379989468
0.9934599332618272
0.9934461307693313
0.9934219634660741
0.9933817779301862
0.9933426856861898
0.9933228957874837
0.9932982304122359
0.9932724630152375
0.9932600159298478
0.9932465036652105
0.993241706234854
0.9932378329024404
0.9932280149927722
0.9932151590410021
0.9931864573719292
0.9931669063854702
0.9931386005985106
0.9931214491604169
0.993109984832236
0.9930993488341096
0.9931018626792586
0.993075056623537
0.9930529742745311
0.9930335433659725
0.9930278208918722
0.9930068266615792
0.9929918914652651
0.9929881131988859
0.9929647129351651
0.9929511763742745
0.992934540904982
0.9929250419088335
0.9929215436861857
0.992890456652769
0.9928684894997885
0.9928423889682135
0.9928309623906642
0.9928112524697138
0.9927985118745991
0.9927788513358372
0.9927451991664472
0.9927495562297627
0.9927484047224296
0.9927318639107346
0.9927245110127599
0.9927017043125685
0.9926879975586812
0.9926676859258754
0.9926433447248699
0.9926278059293002
0.9926083115022615
0.9925850674202187
0.9925510804075518
0.9925213536086432
0.9925169792676359
0.9925110497463029
0.9925110268068955
0.9924963524274117
0.9924763709660037
0.9924613490030357
0.9924467641849787
0.992441155023026
0.9924228631987573
0.992400959830918
0.9923845058892594
0.992377708264073
0.992366310152021
0.9923613125429074
0.9923575018786195
0.9923631181502374
0.9923592689609382
0.9923352306012112
0.9923211451722338
0.9923025764828158
0.9922910004638087
0.9922815640662486
0.9922757283734274
0.9922595119415524
0.9922381225925136
0.9921867634195056
0.9921547112439627
0.9921534359909464
0.992159028512484
0.992143578855785
0.9921445590504399
0.9921257788075973
0.9920992033241635
0.9920938265031009
0.9920657781790841
0.9920553897948295
0.9920434139567906
0.9920153113435626
0.9920102816544633
0.9919933551320118
0.9919893809878396
0.9919733815738121
