0.999999942200863
0.9999996591055604
0.9999998373527375
0.9999995671129942
0.9999997340659941
0.9999994871639414
0.9999996215890451
0.9999994151898338
0.9999994976664521
0.9999993361002405
0.9999993679717173
0.9999992546137156
0.9999992240400813
0.999999167486001
0.9999990936932657
0.9999990982371932
0.9999989759870781
0.9999990314385437
0.9999988425977423
0.999998954242731
0.9999987440979142
0.999998888209619
0.999998632943314
0.9999987909627754
0.999998526261211
0.9999987017200196
0.99999842130127
0.9999985857735819
0.999998328634752
0.999998486232584
0.9999982267899783
0.9999983308608623
0.9999981206988231
0.9999982096634726
0.9999980625912337
0.9999980706452282
0.9999979558086708
0.9999979279962825
0.9999978596443112
0.9999977891446824
0.9999977847969541
0.9999976650481397
0.9999977296917839
0.9999975379241879
0.9999976254278626
0.9999973941213971
0.9999975243246213
0.9999972672928773
0.9999974296181229
0.9999971850087557
0.9999973424527048
0.9999970757183233
0.9999972373079564
0.9999969903204844
0.9999971361415873
0.999996892907919
0.9999969807388928
0.9999967825374548
0.9999968521749636
0.9999966942641514
0.9999967363364718
0.9999966527118098
0.9999966388382545
0.9999965842971222
0.9999965289532133
0.9999965230763818
0.9999964091184586
0.9999964457167427
0.9999962668077378
0.999996343649887
0.9999961273923695
0.999996240430625
0.9999959977603237
0.9999961502525918
0.9999958976145599
0.9999960439871396
0.9999957884412103
0.9999959679139836
0.9999957280148373
0.99999586948274
0.9999956356704223
0.9999957527419273
0.9999955680412537
0.9999956502989494
0.9999954996936851
0.9999955481708122
0.9999954370563536
0.9999954331424586
0.9999953971424966
0.9999953192013902
0.9999953409983386
0.9999952122151784
0.9999952547183789
0.9999951071137387
0.999995195662225
0.9999949896109815
0.9999951102571694
0.9999948974686089
0.9999950487048852
0.9999948065272453
0.9999949449893513
0.9999946988732551
0.9999948223152064
0.999994572035908
0.9999947142397155
0.9999944943006192
0.9999945877452762
0.9999944085889487
0.9999944805059419
0.9999943271538652
0.9999943421884875
0.9999942451143593
0.9999942247658988
0.999994173541152
0.999994120918649
0.9999941202552552
0.9999940101289557
0.9999940680644125
0.999993895962377
0.9999939841754688
0.9999937953387188
0.999993924347253
0.9999937016608654
0.999993819334955
0.9999935801825449
0.9999937188855692
0.9999934528173157
0.9999935651681362
0.9999933455075761
0.9999934393799551
0.9999932264154471
0.9999933338050264
0.9999931110037255
0.9999931719212687
0.9999930256511228
0.9999930197114152
0.9999929388075389
0.99999291233019
0.9999928751739501
0.9999927852214702
0.9999927873105798
0.9999926956081874
0.9999927272400032
0.9999925832320236
0.9999926447122567
0.9999924598322737
0.9999925595837779
0.999992345063587
0.9999924492342418
0.9999922016477447
0.9999923480232394
0.9999921410011725
0.9999922750112684
0.999992044945132
0.9999921595450965
0.9999919635697619
0.9999920822427071
0.9999919373448042
0.999991952980409
0.9999918312536515
0.9999918474701772
0.999991768756221
0.9999917405006866
0.9999916827865953
0.9999915638065863
0.9999915724052514
0.9999914654397771
0.9999915170850646
0.9999913574857978
0.9999914150731418
0.9999912198053541
0.9999913066302583
0.9999910891500658
0.9999912193924598
0.9999909823562071
0.9999911183074129
0.9999908756569572
0.9999909837410377
0.9999907443138752
0.9999908152562882
0.9999906174972821
0.9999906848036791
0.9999904798556204
0.9999905544592802
0.999990411971429
0.9999904083055468
0.9999902860397938
0.9999902470313308
0.9999901979850963
0.9999901713190432
0.9999901589069973
0.9999900564262427
0.9999900825322342
0.9999898990920771
0.9999899620685095
0.9999897733308228
0.9999898829996929
0.9999896611076758
0.9999897970572961
0.9999895827366654
0.999989714522179
0.9999894932606511
0.999989617002228
0.9999893806300469
0.9999894957577882
0.9999892942852949
0.9999893638150862
0.999989206345423
0.9999892286587562
0.999989100416153
0.9999891242413994
0.9999890118013489
0.9999890026661296
0.9999889376734478
0.9999888529652523
0.9999888615039518
0.9999887646625938
0.9999887969718552
0.9999886594630517
0.9999886952719793
0.9999885425844045
0.9999886619703625
0.9999884951107395
0.9999885844786243
0.9999883815030219
0.9999884680808305
0.9999882534995638
0.9999883492016881
0.9999881243383374
0.9999882293027976
0.999988045226703
0.9999881570829469
0.9999880443382861
0.9999881062464135
0.9999880004892289
0.9999880787904118
0.9999879860581515
0.9999879186418573
0.9999878610423828
0.9999878008261923
0.9999877757127418
0.9999877118676218
0.9999877544616382
0.9999875828120277
0.9999876267305937
0.9999874429371541
0.9999875416423284
0.9999873439224327
0.9999874630895432
0.9999872724796034
0.9999873959928952
0.9999871491349027
0.9999872793457941
0.9999870799680844
0.9999871772454851
0.999987009768888
0.9999870761763079
0.9999869120414807
0.9999869591081415
0.9999868450667453
0.9999868486957947
0.9999867492745546
0.9999867015146294
0.9999866788191736
0.9999866156601738
0.9999866077791821
0.9999865283229696
0.9999865931244087
0.999986453726295
0.9999865424318907
0.9999863682149934
0.9999864705966336
0.9999862294289831
0.9999863330340123
0.9999861136545227
0.9999862447507187
0.9999860792504786
0.9999861540556249
0.999985996398643
0.9999860526933162
0.9999858200010624
0.9999858699358255
0.9999856762232587
0.999985652458481
0.9999855756752773
0.999985596022596
0.9999854938487915
0.9999854477700458
0.9999854196921767
0.9999853338637297
0.9999853615895476
0.9999852638794792
0.9999853078810937
0.9999851786254983
0.9999852270852656
0.999985105065555
0.9999851822149911
0.9999849903413778
0.9999850554503594
0.9999848456771692
0.9999849647151015
0.9999847485556204
0.9999848384619141
0.9999846387176496
0.9999847129445129
0.999984519363282
0.9999845830950456
0.9999844134964434
0.9999844660063955
0.9999843845632429
0.9999843897664614
0.9999843266275352
0.9999843147077524
0.9999842906001654
0.9999841736876854
0.9999841893129696
0.9999840862091989
0.9999841571177623
0.9999840162108641
0.9999840815295569
0.9999839918628957
0.9999840616477549
0.9999839131821949
0.999983984556356
0.9999838330374511
0.9999839452129358
0.999983695148419
0.9999837906204608
0.9999835764207675
0.9999836223928363
0.9999834562320195
0.9999834984038088
0.9999833857646931
0.999983437042397
0.9999833205622617
0.9999833047953433
0.9999832274576407
0.999983213160169
0.999983157851532
0.9999831133757615
0.9999830490258278
0.9999829654056245
0.9999829807007584
0.9999828435455081
0.9999828724001923
0.9999827175217226
0.9999827698341822
0.9999826013004518
0.9999826905531027
0.999982529341159
0.9999825960662783
0.9999824061195679
0.9999824753929156
0.9999823652752037
0.9999823865902863
0.9999822277119768
0.9999823453073151
0.9999822051241555
0.9999822669195084
0.9999822074254381
0.9999822206661696
0.9999822071219178
0.9999821966369861
0.9999821645597788
0.9999820399728747
0.9999820535653373
0.999981937674311
0.9999819852384444
0.9999818821349471
0.999981922666904
0.9999817615943736
0.999981842593454
0.9999815959817595
0.9999816887519384
0.9999815486708673
0.9999816651990321
0.9999814342977131
0.9999815269501641
0.9999813247993344
0.9999813061150156
0.9999811750111866
0.9999812282277626
0.999981103295729
0.9999811064511942
0.999981009023274
0.9999809405536378
0.9999809139405473
0.9999808415557171
0.9999808828716418
0.9999808301026574
0.999980830716983
0.999980759411528
0.999980782397487
0.9999806317388996
0.9999806532572634
0.9999805074201563
0.9999806149781537
0.9999804181774317
0.9999804750715285
0.9999802988887421
0.9999803181184719
0.999980176706964
0.9999803093656495
0.9999801005704911
0.9999801666278924
0.9999800019884703
0.9999800239997693
0.9999799294776822
0.9999799193410688
0.9999797952194086
0.9999797987887308
0.9999797646271114
0.9999797247123567
0.9999796819206923
0.9999795870070893
0.9999795135136857
0.9999794005462395
0.999979437934385
0.9999792576211814
0.9999792775303946
0.9999791698771292
0.9999792457758695
0.9999791025923408
0.9999792071409718
0.9999789856032127
0.9999790876708
0.999978956058766
0.9999790412985516
0.9999788883853865
0.9999789521309965
0.9999787909691791
0.9999788745256301
0.9999787631742568
0.9999787592962329
0.9999786604729884
0.9999786565165539
0.9999786158403615
0.9999785828118886
0.9999784596356477
0.999978383725132
0.9999783467533574
0.9999782775737893
0.9999783153907144
0.9999781757438622
0.999978193314194
0.9999780230541905
0.999978074879533
0.9999778886461125
0.9999779349007175
0.9999777827306827
0.9999778048618869
0.9999776226383421
0.9999776795819328
0.9999775447283825
0.9999776295565179
0.9999775169821691
0.9999775898213105
0.9999774930919284
0.9999775557575018
0.999977482168329
0.9999774905477476
0.9999774121933221
0.9999773336046156
0.9999773147974517
0.9999772465565239
0.9999772206431935
0.9999771204207057
0.9999771792107821
0.9999770596610592
0.9999770955448035
0.9999770013625516
0.9999769761920859
0.9999768440186678
0.9999769240943591
0.9999767436880209
0.9999767800454201
0.9999766382044901
0.9999766175000279
0.9999764927871828
0.9999765126665613
0.99997635673942
0.9999764207934733
0.9999763042998717
0.9999762720814265
0.999976202297533
0.9999762593894886
0.9999761260147786
0.9999760888284249
0.9999760797311937
0.9999759544766913
0.9999759108564625
0.9999757845929556
0.999975805994435
0.9999756962403876
0.9999757350690316
0.9999755650286611
0.9999756303853936
0.999975449884151
0.9999754970070363
0.9999753268267048
