0.9999998680617087
0.9999830437315901
0.9999666785141436
0.9999504851623334
0.9999343947839762
0.9999178735093035
0.9999013291436676
0.9998864594446569
0.9998707957069072
0.9998562099029968
0.9998380434029249
0.9998220603455708
0.9998101906366514
0.9997934771339039
0.9997737260856645
0.9997535640258586
0.9997346729572595
0.999718036791525
0.9997055528720534
0.9996909779661416
0.999673380357067
0.9996570504766005
0.9996431755083116
0.999625652405271
0.9996072726904836
0.9995903590471654
0.9995745882691641
0.9995524092506516
0.9995349084852477
0.9995153378851828
0.999493564763007
0.9994770555952275
0.9994643183296561
0.9994497229507562
0.9994346063089463
0.9994195378916986
0.9994054631620137
0.999389589748124
0.9993742123393067
0.9993537874297491
0.9993395052644667
0.999318560798766
0.9993069989401772
0.999288939961374
0.9992719654622187
0.9992559207616583
0.9992413212941714
0.9992262850455177
0.9992081413589675
0.9991884694938448
0.99917556762905
0.9991568965738086
0.9991379712987708
0.9991245013225385
0.9991076678408668
0.9990992524840586
0.9990831672011213
0.9990708568079936
0.9990448759476529
0.9990339239369307
0.9990173480719292
0.9989958270662415
0.9989775952572695
0.9989596724649772
0.9989420052328235
0.9989225745390449
0.9989097148192485
0.998893840087167
0.998875300413247
0.9988612753038806
0.9988492183020161
0.998836051953883
0.9988261429736954
0.9988129591061462
0.9988024928617549
0.998798781855901
0.9987819132357684
0.9987564903086975
0.9987347420906401
0.9987161861734413
0.9987027602817766
0.9986856586114707
0.9986697176796654
0.9986549012078857
0.9986344650333795
0.9986179933459096
0.9985998471255736
0.9985861337945198
0.9985688898899748
0.9985477639412063
0.9985312510839296
0.9985193551595872
0.9985058375160003
0.9984918162341573
0.9984660062871712
0.9984527762028774
0.9984420381634554
0.9984236005424516
0.9984052881251273
0.9983871477915407
0.9983820913777924
0.9983655570890559
0.9983506659221665
0.9983256172039585
0.9983012947587163
0.9982748189537943
0.9982630213311791
0.9982577803983824
0.99824584561623
0.9982332519410411
0.9982192698851289
0.9982036177288068
0.9981900888343599
0.9981772990925252
0.9981553771979194
0.9981372822145479
0.9981228956094365
0.9981083479123277
0.998089758671934
0.9980729522452998
0.9980591003959285
0.9980410207903493
0.9980164141929102
0.997998007867755
0.9979856735543898
0.9979600282418426
0.9979415570528076
0.9979240653382843
0.9979147842467588
0.997893177518712
0.9978750005504522
0.9978658231382629
0.9978453346770005
0.997831762392032
0.9978172349465517
0.9977994849743219
0.9977806895368536
0.9977685165268605
0.9977539649310698
0.9977394267255502
0.9977220587201217
0.997708299573079
0.9976881420366075
0.9976825398149831
0.9976773618252339
0.9976573036023395
0.9976491409932903
0.9976249798864179
0.9976094811054879
0.9975953239413793
0.9975773877408427
0.9975536518385473
0.9975375776583876
0.9975193914956383
0.9975121282960878
0.9975001755303762
0.9974833459080311
0.997475483516771
0.99746472916303
0.9974513338471294
0.9974340336186462
0.9974243390623033
0.9974070809934642
0.9973864729932299
0.9973773336843987
0.9973598870021886
0.9973391875873454
0.9973304601456076
0.9973083206413991
0.9972796763730836
0.9972632383218971
0.9972385754592465
0.9972215856847239
0.9972019311063346
0.997175332672289
0.997143164859699
0.9971194248118149
0.9970964378610818
0.9970714870053086
0.9970513338332746
0.9970361787128633
0.9970130841860609
0.996983043861876
0.9969751206947011
0.9969623612438335
0.9969448122448232
0.9969273702976279
0.9969000586295835
0.9968851684249695
0.9968731802289973
0.9968589816943574
0.9968408693083178
0.9968302955132127
0.9968077465748816
0.9967878826200677
0.996764386391681
0.9967465614629777
0.9967253036256661
0.9966908308617289
0.9966865414721464
0.9966740007137163
0.996663539776865
0.9966482064836479
0.9966220064603911
0.996602520668281
0.9965755933538313
0.9965539679859114
0.9965425361107435
0.9965312318077221
0.9965138972690152
0.9964902929055648
0.9964781499938091
0.9964700657351898
0.9964664292699907
0.9964604332552217
0.9964309439671986
0.9964091306631965
0.9963944197888567
0.996380290971041
0.9963596006581542
0.9963473717638528
0.9963241850701716
0.996303599806884
0.9962980804079573
0.9962809673150582
0.996261547583762
0.9962393935788741
0.9962296142199546
0.9962193608190147
0.9962006323147312
0.9961739668306488
0.9961668992253361
0.9961542277487467
0.9961407987770591
0.9961271277277634
0.996101390884516
0.9960782048896307
0.9960603505426396
0.9960460717468829
0.9960148883267932
0.9959951481026694
0.9959752768603873
0.9959650772942008
0.9959457857623526
0.9959345245027982
0.9959231858247448
0.9959106442255581
0.9958987633071539
0.9958769457607685
0.9958642729417345
0.9958488417885278
0.9958420498762157
0.9958336841799669
0.9958104167392889
0.9957925647530135
0.9957851492419807
0.995761609775658
0.9957403234050214
0.9957283249232317
0.9957230916577869
0.9957061797805674
0.9956889723667987
0.9956779910429978
0.9956626709289028
0.9956534931311983
0.9956272418997194
0.9956133687441138
0.9956055892405088
0.9955870943175832
0.9955726558926115
0.9955586861156179
0.9955433369044162
0.9955368486975678
0.9955217878788352
0.9954926796008461
0.9954810339222291
0.9954650824279778
0.9954611667175352
0.9954419854921367
0.9954224323034992
0.9954081012619677
0.9953824288833439
0.9953646302719815
0.9953411370307714
0.9953160513949906
0.9953017256453696
0.995293907885534
0.9952872255535319
0.9952818600229987
0.9952638007410175
0.9952294345689706
0.9952090908646293
0.9952027588197424
0.995200378363036
0.9951697273658412
0.9951510428251112
0.9951338744470656
0.9951257488960566
0.9951029204187553
0.9950934291323597
0.9950683767373938
0.9950495186052617
0.9950299795163192
0.9950046379633696
0.9949967270010095
0.9949855713561706
0.9949636362811285
0.9949465631221712
0.9949345156957726
0.9949127787024372
0.9949024619810649
0.9948846069686762
0.9948641710522487
0.994837273447838
0.994837953758291
0.9948128729246771
0.9947837182218408
0.9947542804312013
0.9947510020782357
0.9947207865917741
0.9947023467265512
0.9946916622412437
0.9946901204989497
0.9946792610338854
0.9946703857509704
0.9946615964233831
0.9946450559814187
0.9946241441239512
0.9946026148119831
0.9946016956708152
0.9945784184305874
0.9945604124972482
0.9945543268412157
0.9945250539125164
0.9945116370315277
0.9945068068263349
0.9945039887738425
0.9944981182579977
0.9944792341822779
0.9944608648054664
0.9944493958781512
0.9944358456029767
0.9944185003284601
0.9944089371330954
0.9943910384039069
0.9943643971532011
0.9943422822146578
0.9943265961931333
0.9943231493760445
0.9943131932920155
0.9943015697539287
0.9942915896109719
0.9942685464896265
0.9942631198374056
0.9942402668270229
0.9942190180802323
0.9942068756187235
0.9941884991944548
0.9941588559176561
0.9941442810123093
0.9941374121689358
0.9941304560704115
0.9941094974559722
0.9941053998032275
0.9940726715105693
0.9940677730403421
0.9940699815630655
0.9940528195198906
0.9940393379011537
0.9940296360419796
0.9940112050447292
0.9939785917168583
0.9939530187252364
0.9939322251754883
0.9939206438506311
0.9938866386847263
0.9938823077566613
0.9938544436079516
0.9938497801667673
0.9938401395213331
0.993839368670717
0.9938257887366139
0.9938068640764358
0.9938016291639649
0.9937754079048441
0.9937611869857945
0.9937554633658566
0.9937515901850796
0.993735775149282
0.9937198369394293
0.9937014307920974
0.9936900544089964
0.9936732908926532
0.9936565420992309
0.9936445155859478
0.9936376474573932
0.993595134743886
0.9935674549581275
0.9935552371244196
0.9935307497026474
0.993525258260165
0.9935197350164942
0.9935184785926408
0.9934953727952945
0.9934843472287633
0.9934543242023229
0.993428631118834
0.9934088734306776
0.9933874900079207
0.9933700059127657
0.9933444260099458
0.9933455854867957
0.9933455760557234
0.9933421425122518
0.9933273587919319
0.9933128240805731
0.9932938393964444
0.99327926637739
0.9932783384021617
0.9932574463061213
0.9932595314954374
0.993235552957828
0.9932250126911871
0.9932068493278782
0.9932017256722547
0.9931879373983038
0.9931680966325487
0.993164307691225
0.9931528813002424
0.9931354074583969
0.9930999471694697
0.9930950163346418
0.9930808737828727
0.9930695288804791
0.9930569639190518
0.9930312906521065
0.9929979614205275
0.9929677378882825
0.9929537313788325
0.9929362524612286
0.9929348252653509
0.9929293319512992
0.9929135340468421
0.9928829459672767
0.9928621739462369
0.992856857891639
0.9928568717929945
0.9928163483975047
0.9927989252717816
0.9927852553457007
0.9927688128007092
0.9927529148162259
0.9927376787220492
0.9927165658482837
0.9926871574128409
0.9926937108231324
0.9926837154630493
0.9926665944296472
0.9926290359459609
0.9926224590799928
0.9926349941315975
0.9926304104616922
0.9926259154781868
0.9926190868514579
0.992609302544971
0.9925899270520087
0.9925581641948886
0.992548063594489
0.9925433745188519
0.9925053261263121
0.9924732687414023
0.9924624314730305
0.9924574509169681
0.9924627977592417
0.9924514926324901
0.9924269273684628
0.9924108552783384
0.9924011542995957
0.992376198142638
0.9923650512074582
0.99233575269273
0.9923130609682289
0.9923066215868231
0.99229522315781
0.992286500221973
0.9922519881501533
0.9922339205738655
0.9922039727905406
0.9921909121713016
0.9921868579246134
0.9921665169385159
0.9921426304489342
0.9921325244729856
0.9921299883823061
0.9921212299020955
0.9920994994421201
0.99208293903256
0.9920864672441182
0.9920612713709779
0.9920340241830836
