0.9999988974579314
0.9999980750361185
0.9999965122350449
0.999994789873137
0.9999935128184289
0.9999931194456942
0.9999936237530832
0.9999947477336045
0.9999957668038632
0.9999960777353373
0.9999953500122618
0.9999938559008548
0.9999921346819408
0.9999908649257513
0.9999903763722324
0.9999908217107476
0.9999918471613571
0.999992839998301
0.999993162492004
0.9999925192548529
0.9999910083125798
0.9999893370249993
0.9999879839490674
0.9999874575869805
0.9999878516129644
0.9999887633803853
0.9999899178558839
0.9999903807632576
0.9999898621055409
0.9999884812499099
0.9999867053941375
0.9999853468704063
0.9999847746179934
0.999984964512595
0.9999859103049007
0.9999871335503567
0.9999876964875809
0.9999872202748198
0.9999858700766271
0.9999841887885524
0.9999827116268093
0.9999818610830543
0.9999819767169189
0.9999828441728414
0.9999839785938993
0.99998456147251
0.9999842464483306
0.9999828866180559
0.999981391107166
0.9999798037646753
0.9999790830325381
0.9999790879395536
0.9999799135701258
0.9999809866689191
0.9999816317593244
0.9999813619403235
0.999980250311413
0.999978583923925
0.99997703217858
0.9999762758191222
0.9999763219713276
0.9999771671538629
0.9999783218633469
0.9999789036658092
0.9999785815134457
0.9999775742383004
0.9999760570778633
0.9999744907556396
0.9999736090321517
0.9999734166118955
0.9999740730453951
0.9999750704843705
0.999975892580658
0.9999757115372788
0.9999746526474315
0.999973113415759
0.999971571292057
0.9999706493741696
0.9999705114632645
0.9999709960158037
0.9999720059512207
0.9999727086413195
0.9999725486380412
0.9999715338197194
0.999970117516628
0.999968521530318
0.9999673704087413
0.9999671299502697
0.9999678046138928
0.9999687646000449
0.9999696338375553
0.9999695225627743
0.9999688026037734
0.9999672652604935
0.9999657116927597
0.9999646292277419
0.9999643991515367
0.9999650551205725
0.9999660216314501
0.9999668595593832
0.999966818893953
0.9999661098381688
0.9999648476886851
0.9999633422950291
0.9999621978450834
0.9999617282045055
0.999962158142786
0.9999630384797059
0.9999638161638892
0.9999640215143482
0.9999633393098356
0.9999619992100347
0.9999604837555247
0.9999592751521905
0.9999589881479551
0.9999593084848584
0.9999602237844727
0.9999609009223772
0.9999611897514057
0.9999605683251742
0.9999593809896922
0.9999578985448078
0.9999566264779027
0.9999561354931498
0.9999565046690166
0.9999572534638758
0.9999582012488428
0.9999585570233696
0.9999580118783834
0.999956871844093
0.9999553472737682
0.9999542099933839
0.9999534905908938
0.9999538874704694
0.9999548157693225
0.9999556426504943
0.9999559779784873
0.999955647616862
0.9999546409662344
0.9999530097615197
0.9999517150140721
0.999951143987738
0.9999512562458023
0.9999519411275339
0.9999527670654484
0.9999530877039394
0.9999527969995619
0.9999516264658378
0.9999499038456612
0.9999484074114541
0.9999475434910414
0.9999477439966898
0.9999482949283279
0.9999489166278215
0.9999494231081921
0.9999490906827603
0.9999481012827075
0.9999464549234476
0.9999449229000532
0.9999439969662971
0.9999440617915726
0.9999449654229664
0.9999458702633777
0.9999462525642162
0.9999461791920693
0.9999450798581163
0.9999435834277738
0.9999422120324925
0.9999413958931813
0.9999412746924939
0.9999418593382801
0.9999426086056298
0.999943221620753
0.9999431376020251
0.999942363597975
0.9999409813313228
0.9999395396548205
0.9999388282900664
0.9999387008164464
0.9999393808891628
0.9999403821203128
0.9999409035164978
0.999941173500129
0.9999402441350266
0.9999388575731699
0.9999376066232001
0.9999367710715379
0.9999365543864925
0.9999372702199941
0.9999381136934674
0.9999386507817023
0.999938637188431
0.9999379204292516
0.9999367038206549
0.999935105350146
0.9999341641186381
0.9999339329908862
0.9999341675685175
0.9999347926159072
0.9999354767712048
0.9999353765652711
0.9999346828609832
0.999933615056607
0.9999321721393226
0.9999315198209994
0.9999314816167765
0.9999318896780999
0.9999325261601218
0.9999331117651427
0.9999332194499588
0.9999326679360007
0.99993135609185
0.9999299733531691
0.9999289562957782
0.9999285404957798
0.9999289599213859
0.9999294088448021
0.9999299633070163
0.9999300479145249
0.9999293989855942
0.9999282546525413
0.9999268456018113
0.9999256074245813
0.9999249721419569
0.9999253358428385
0.999926093007069
0.9999268530890311
0.9999271683090357
0.9999265276033779
0.9999255192100812
0.9999242801418455
0.9999230306783169
0.9999222817220156
0.9999225610527813
0.9999232931455734
0.999924035510725
0.9999244633829913
0.9999241465665298
0.9999230156895388
0.9999217023549346
0.9999206261574467
0.9999200002337697
0.9999198261328567
0.9999205630967234
0.9999211887666702
0.9999213192098483
0.9999209949650387
0.9999198466511868
0.9999184670302997
0.9999173750765609
0.9999168894778051
0.9999171295146888
0.9999178330497855
0.9999184822770693
0.9999188476940399
0.9999184194602639
0.9999176209974509
0.9999162412940208
0.9999152074239462
0.9999144775607467
0.9999144368388599
0.9999149604384044
0.9999157626870998
0.9999161178473694
0.999915811449536
0.9999151683451989
0.9999138860922288
0.9999126799522604
0.9999119569287133
0.9999117870859558
0.9999125254060325
0.9999129038259374
0.9999132849989145
0.9999135659073841
0.999913174988031
0.9999120914206949
0.9999110457029671
0.9999105456700083
0.9999106197105047
0.9999111161696312
0.9999117076346055
0.9999119987645221
0.9999119580983045
0.9999110698373481
0.9999098752130912
0.9999088000266912
0.9999080288296271
0.9999077765480892
0.9999081420115014
0.9999089543284775
0.9999095542654461
0.9999091945591394
0.9999086096286056
0.9999071528549637
0.9999058926866621
0.9999048350073114
0.9999046581567238
0.9999049831702322
0.9999057496607975
0.9999059891413735
0.9999058648429247
0.9999051943543888
0.9999040931636249
0.9999028009072366
0.9999017418815291
0.9999014819737114
0.999901652129252
0.9999022960721695
0.9999029192860265
0.9999027578482772
0.9999022234350583
0.9999011365093534
0.9998998635224768
0.999898758787847
0.999898073215753
0.9998983302907398
0.9998990248531548
0.9998997767957912
0.9998999312521724
0.9998997173149204
0.999898664581205
0.9998973341036367
0.9998967261357606
0.9998961686634811
0.999896491224166
0.999897024572163
0.9998974407161484
0.9998972759844039
0.9998969470060978
0.9998961212486741
0.999894703092068
0.999893806648462
0.9998931160137651
0.9998930318844571
0.9998936009832056
0.9998943353400517
0.9998946426795361
0.9998944371276491
0.9998935541735853
0.9998923769210722
0.9998913737917074
0.9998908602498481
0.9998909581922091
0.9998918391593486
0.9998923580402338
0.9998927602475924
0.9998925393346971
0.9998916651291876
0.9998905724064648
0.999889490955701
0.9998891269051531
0.9998889428648577
0.9998895036443086
0.9998896932335455
0.9998900787888266
0.999889937420032
0.9998890787717489
0.9998880152592523
0.9998866942974228
0.9998862541377695
0.9998862510492634
0.9998869829881627
0.9998873334369194
0.9998878995155724
0.9998877419121491
0.9998869001117936
0.9998856101867168
0.9998844314363824
0.9998839967249962
0.9998838324439503
0.9998844441490721
0.9998849185429213
0.9998849891281066
0.9998849297094702
0.9998843040277696
0.9998834449591631
0.9998823323115825
0.9998815426861694
0.9998812193513533
0.9998812082030306
0.9998817500842517
0.9998821118917957
0.9998820841820681
0.9998812294756803
0.9998801533438415
0.9998789992967343
0.9998779162185844
0.999877682140996
0.9998782249869742
0.9998790383672905
0.9998795059727265
0.9998797133655407
0.9998789562656342
0.9998778923215618
0.9998769944080614
0.999876014013742
0.9998756447976113
0.999875898483655
0.9998764154981532
0.9998768329445644
0.999876947770201
0.9998761477556365
0.9998753805056004
0.9998745963572508
0.9998738949635436
0.9998735100744386
0.9998739828558428
0.9998743702276351
0.9998750262751579
0.999875004484187
0.9998743648882925
0.999873356504343
0.9998724784783993
0.9998716257647002
0.9998708824449873
0.9998711287595187
0.9998716069245256
0.9998720738611444
0.9998721013902198
0.9998716217151785
0.9998704746009502
0.9998695348141933
0.9998684808750302
0.999867882456974
0.999867683733616
0.9998679832063886
0.9998687004894262
0.9998684795135732
0.999868150137651
0.9998669405746698
0.999866351294475
0.9998652970213209
0.9998647896039258
0.9998648277691747
0.9998655210269789
0.9998659720405317
0.9998663383960178
0.9998658946183461
0.999865025586814
0.9998637449505566
0.9998628364397989
0.9998625294566234
0.9998625701449837
0.999863046444773
0.9998636758497931
0.9998638589119763
0.9998634023050673
0.9998630659819387
0.999862016158725
0.9998612643819744
0.9998609206761484
0.9998610162704502
0.9998613000638579
0.9998615173827816
0.9998614354786151
0.9998612855930558
0.9998609674322131
0.9998596602186509
0.9998588091891781
0.9998580928463788
0.9998576989891613
0.9998584082129287
0.9998585885174328
0.9998591755376637
0.9998589295590268
0.9998580413337844
0.9998566965895037
0.9998554432197537
0.9998546931292298
0.9998545256496683
0.9998549264420017
0.9998553781785506
0.999855862361712
0.9998554705441626
0.9998545456520188
0.9998535629252533
0.9998522952118691
0.9998516370953445
0.99985127517815
0.9998517275501649
0.9998524224654836
0.9998525268179261
0.9998524661600642
0.9998517406367848
0.9998505842840455
0.999849566868123
0.9998486719500291
0.9998483627704868
0.9998484943020806
0.9998492232599894
0.9998495421998325
0.9998492142542459
0.9998485844869414
0.999847433661659
0.9998463968693081
0.9998455253465283
0.9998449966183601
0.9998453567515977
0.9998458242613123
0.9998459400673299
