0.9999996219532019
0.9999990869102837
0.9999982496891423
0.9999980363249202
0.9999986890055669
0.9999993258791231
0.9999990218985871
0.9999981617266258
0.9999977200975511
0.9999981731523785
0.9999989337437772
0.9999989074062019
0.9999981058323982
0.9999974697260775
0.9999977221314588
0.9999985085652752
0.9999987320830045
0.9999980511438559
0.9999972828927566
0.9999972861156967
0.9999980240064796
0.9999984729825537
0.9999980024510219
0.9999971707137394
0.9999969219755374
0.9999975379858436
0.999998155025728
0.9999979136915709
0.9999970952706457
0.9999965928041559
0.9999970069171444
0.9999977605644589
0.9999977645394292
0.999997021835055
0.9999963934393975
0.999996590943073
0.9999973526368815
0.9999976087686384
0.9999970108882694
0.9999962602042733
0.9999962086619287
0.9999969064644327
0.9999973735401935
0.9999969698822055
0.9999961270790764
0.9999958347278941
0.9999964043576999
0.9999970219304202
0.9999968288570794
0.9999960304317065
0.9999955269457864
0.9999958993938531
0.9999966283017434
0.999996707723371
0.9999959851720364
0.9999953026559353
0.9999954480450238
0.9999961859006717
0.9999964994340563
0.9999959643502456
0.9999952248693728
0.9999951278019126
0.9999957774396007
0.9999962707689903
0.9999959260859627
0.9999951399322362
0.9999948098130127
0.9999953503257258
0.9999960148540139
0.9999958927012926
0.9999951356058256
0.9999945980120335
0.9999949005444763
0.9999956196689006
0.9999957424226188
0.9999951094522161
0.9999944063893713
0.9999945040289324
0.9999952194784676
0.9999955469846409
0.9999950729478574
0.9999942829955636
0.9999941227299366
0.9999947640521002
0.999995281144079
0.9999949993793038
0.9999942030600776
0.9999938127378007
0.9999942769978611
0.999994890224911
0.9999947975284871
0.9999940771127606
0.9999935127932644
0.9999937701442532
0.9999944272167121
0.9999945677781326
0.9999939816991861
0.9999932742987794
0.9999932994783838
0.9999939695146818
0.9999943233561576
0.9999939038868766
0.9999931305081414
0.9999929308720729
0.9999935170934583
0.9999940593024289
0.9999938299514448
0.9999930894915072
0.9999926858458216
0.9999931048658534
0.9999937095314831
0.9999936871401576
0.9999930127431579
0.9999924272172805
0.9999926538093242
0.9999932732522716
0.9999934712487154
0.9999929184969301
0.9999922257701978
0.9999922223385381
0.9999928449698696
0.9999932255165777
0.9999928460596799
0.9999921235789898
0.9999918764345751
0.9999924041862264
0.999992924398233
0.9999927774278693
0.9999920440401372
0.9999916228226678
0.9999919935570616
0.9999926064927706
0.9999926783802909
0.9999920647119894
0.9999914825528065
0.9999916679593687
0.9999922828764819
0.9999925357416567
0.9999920070873977
0.9999913394650923
0.9999912839417321
0.9999918260435522
0.9999922481583062
0.9999919420632725
0.9999912352887523
0.9999909676257801
0.9999914434873681
0.999991975529417
0.9999918458676946
0.9999911438779729
0.999990704201364
0.9999910195688144
0.9999915960267234
0.9999916893002876
0.9999910889564853
0.9999904798972558
0.9999905739580043
0.9999911851227022
0.9999914501166854
0.9999910016777116
0.9999903089694337
0.9999902379249622
0.9999907749464334
0.9999911956776435
0.9999909105862753
0.9999902234406778
0.999989946622951
0.9999903799287316
0.9999908962552196
0.9999907956912545
0.9999901479956327
0.9999896631075236
0.9999899559288028
0.9999904739726113
0.9999905676264709
0.9999900117481042
0.9999894394962384
0.9999895002946252
0.9999900463085745
0.9999903187155759
0.999989903917463
0.9999892539705637
0.9999891279452138
0.9999895907023548
0.9999899679908923
0.9999897206323752
0.9999890855057418
0.9999887890591999
0.9999891379255565
0.9999896375603344
0.9999895874968429
0.9999889323968527
0.9999884239338566
0.999988660384105
0.9999891793034035
0.9999893211558072
0.9999888064295004
0.9999881982628666
0.9999882531758603
0.9999887310018092
0.9999890435969306
0.9999887252948189
0.9999881180949844
0.9999879926004835
0.9999884106990732
0.9999888816024074
0.9999887180010583
0.9999880608269612
0.999987761721333
0.9999881284166974
0.9999886044213783
0.9999886607612165
0.9999881387460753
0.9999876214677027
0.9999877529408534
0.9999882757832712
0.9999884332553326
0.9999879991802799
0.9999873777759001
0.9999873350899112
0.9999878393729023
0.9999881597018936
0.9999878929686338
0.9999872736563573
0.9999870856873455
0.999987542830425
0.9999879320385623
0.9999878242113819
0.9999871825775983
0.9999868527868152
0.9999871460949039
0.9999876393886195
0.9999876937098832
0.9999871622209479
0.9999866384900671
0.9999867687250686
0.9999872170773364
0.9999874451071208
0.9999870293821104
0.999986445064923
0.9999863541866115
0.9999868452192768
0.9999871831140925
0.9999869466965386
0.9999863218700121
0.9999861108528316
0.9999865023467239
0.9999868994859867
0.999986815246499
0.9999862133007443
0.999985822767875
0.9999860846645471
0.9999865498578802
0.99998663895288
0.9999860887257139
0.9999855335398943
0.9999856327920119
0.9999861156064603
0.9999863201143318
0.9999859780994261
0.9999853311504567
0.9999852539144526
0.9999856847359184
0.9999860537000653
0.9999858455612481
0.9999852004228235
0.9999849669876455
0.9999853183659381
0.999985757722081
0.9999856805417406
0.9999850683110794
0.999984651360404
0.9999848727792543
0.9999852891747611
0.9999854234985063
0.9999849202892436
0.9999843876749427
0.9999844896774813
0.9999849306467228
0.9999851769895344
0.9999848432274521
0.9999842622809473
0.999984194701501
0.9999845975809343
0.9999849762762829
0.9999847981374939
0.9999841883876339
0.9999838295132104
0.9999841388944831
0.9999846044585213
0.9999846370213059
0.9999840878640069
0.9999836433281948
0.9999838132484379
0.9999843111937441
0.9999844756982256
0.9999839761842899
0.999983437951711
0.9999834681605608
0.9999838751848109
0.9999841472481209
0.9999837932230988
0.999983225965917
0.9999830998982016
0.9999835163150596
0.9999839025379037
0.9999838169901465
0.9999832650860273
0.9999829308356784
0.9999832386186704
0.9999836620332169
0.9999836844727585
0.9999831584730051
0.9999827216013855
0.9999828856669287
0.9999833217285808
0.9999834887837615
0.9999830828441496
0.9999825361610621
0.999982557976738
0.999982886787193
0.999983160150034
0.9999829151853407
0.999982316254582
0.9999821422301943
0.9999824482713632
0.9999827966145897
0.9999826984606885
0.999982102148698
0.9999817759650069
0.9999819999853874
0.9999823906189049
0.9999824001679739
0.9999819394988194
0.9999815245876587
0.9999816635359431
0.999982070748355
0.9999822608596743
0.9999818836720393
0.9999813676448545
0.9999813359581409
0.9999817160315504
0.9999820224765728
0.9999817694871721
0.9999812278905239
0.9999810357205868
0.9999813314197874
0.9999817060920776
0.9999816459272579
0.9999810853295208
0.9999807761419701
0.999980935337479
0.9999813341969741
0.999981413425036
0.9999809493249057
0.999980540381099
0.999980563631607
0.999980977927606
0.9999812236448972
0.9999808536263198
0.9999803341128523
0.9999802261904721
0.9999805815137648
0.9999808743141942
0.999980664457899
0.9999801016951081
0.9999798906013319
0.9999801244303755
0.9999804522176372
0.9999804052236606
0.9999798578284094
0.9999795707430414
0.9999797826700113
0.9999801490660485
0.9999802295681035
0.9999798169425974
0.9999793829721219
0.999979446118966
0.9999798420659435
0.9999800470501005
0.9999797396275303
0.9999791188445768
0.9999790488737013
0.9999793325823128
0.9999796380497702
0.9999794711062664
0.9999789447783939
0.999978749504477
0.9999790358220381
0.9999794063835555
0.9999793872680591
0.9999789314343447
0.9999785764140616
0.999978744954544
0.9999791224022314
0.9999792493493809
0.999978872488885
0.9999783997082875
0.9999785143309341
0.9999788785184521
0.9999790639536249
0.9999787888896641
0.9999782799143665
0.9999781157834023
0.9999784378061966
0.9999787198001563
0.9999785702843613
0.999978068385025
0.99997780046512
0.9999781256743734
0.9999785408036648
0.9999785862055709
0.9999781400468775
0.9999777254168594
0.9999779286994316
0.9999782808018759
0.9999783779144268
0.9999780274757518
0.9999775164388435
0.9999775246568241
0.9999778567237307
0.99997810628062
0.9999778949624514
0.9999773722157433
0.9999772516478038
0.9999775477545165
0.9999778377773125
0.9999777282311687
0.9999772044756816
0.9999769232311352
0.9999771024165627
0.9999774797295581
0.9999775087655232
0.9999771389769093
0.9999766966773845
0.9999767956298271
0.9999771385302408
0.9999772763685398
0.9999769338186371
0.999976471627709
0.9999764353043165
0.9999767075218348
0.9999769325622181
0.9999767404190484
0.9999762586455184
0.999976078226558
0.9999763317614767
0.9999766318867642
0.9999766012719001
0.9999761407317916
0.9999757920400949
0.9999759498519175
0.9999763058561029
0.9999763796724893
0.9999759781901616
0.9999755725777935
0.9999756272296035
0.9999759794258767
0.999976123865234
0.9999758032934821
0.9999753739440955
0.9999752850171946
0.9999756180018834
0.9999758338717009
0.9999756481954658
0.9999751150938969
0.9999749092079887
0.9999751322348485
0.9999753892462898
0.9999753233099363
0.9999749401740179
0.9999746311992304
0.999974772668687
0.9999751047197507
0.9999751477534039
0.9999748306223348
0.9999744106787316
0.9999744159713974
0.9999747315400404
0.9999749437530233
0.9999746507663734
0.9999741350339343
0.9999740647719265
0.9999743569652164
0.9999746137568307
0.9999744049909738
0.9999740135900381
0.9999738089656203
0.9999739940501216
0.9999742968520661
0.9999742497943624
0.9999738760941872
0.9999734732280977
0.9999735413120221
0.9999738740769292
0.9999739537972945
0.9999736413079688
0.9999732612220835
0.9999732362781464
0.9999734576285757
