0.9999999187306078
0.9999995726757885
0.9999997298254879
0.9999996410740365
0.999999462914601
0.9999996730850058
0.9999993072598417
0.9999995321450375
0.9999993444295758
0.9999992750215436
0.9999994209117566
0.9999990747151158
0.9999993287302804
0.9999990581864902
0.9999990744832253
0.9999991351369905
0.9999988478781877
0.9999991020668476
0.999998773452551
0.9999988824552491
0.9999988417939926
0.9999986188028097
0.999998852841156
0.9999985002899815
0.9999986816254607
0.9999985505530445
0.9999984213445016
0.9999985882260859
0.9999982383166371
0.9999984687044285
0.9999982576723702
0.9999982154054563
0.9999983210377553
0.9999980009686233
0.9999982631681694
0.9999979689540291
0.999997996203864
0.9999980089455687
0.999997748842579
0.9999979828350664
0.9999976352331187
0.9999977594529194
0.9999976732949392
0.9999974917148802
0.9999976985686708
0.9999973634719422
0.9999975622588113
0.9999974132720931
0.9999973236362598
0.9999974673647337
0.9999971246101831
0.9999973592372379
0.9999971321468261
0.9999971121350122
0.9999971876883474
0.9999969133827952
0.9999971585093745
0.9999968659952779
0.9999969603090341
0.9999969492424399
0.999996725089369
0.9999969355308067
0.9999965898909439
0.9999967553248787
0.9999966417650663
0.9999964846511576
0.9999966365546096
0.9999962839059934
0.9999965030360568
0.9999963160039252
0.9999962701641065
0.9999963641923922
0.9999960414060013
0.9999962644386304
0.9999959971367642
0.9999960222587193
0.9999960386266715
0.9999957712301061
0.9999960077489886
0.9999957102783822
0.9999958420683446
0.9999957876502351
0.9999955766474605
0.9999957544695265
0.9999954391408324
0.9999955980894983
0.9999954620940739
0.9999953621775359
0.9999955025031263
0.9999951764611943
0.9999953921834941
0.9999951784578025
0.999995142837831
0.9999952283925716
0.9999949471037984
0.9999951736774395
0.9999948903721524
0.9999949760966159
0.9999949454081692
0.999994710204969
0.9999949117330412
0.9999946250708895
0.9999947446589798
0.9999946611035473
0.9999945427017624
0.9999947026055077
0.9999943905599308
0.9999945638219708
0.9999943914076986
0.9999943270674508
0.9999944403768503
0.9999941307200817
0.9999943394280627
0.9999941021091374
0.9999941330118832
0.9999941697417313
0.9999939161975689
0.9999941159526372
0.9999938326960675
0.9999938992823298
0.9999938850164684
0.999993691671552
0.9999939031938929
0.9999935965875888
0.9999937252533487
0.9999936058419985
0.9999934850895185
0.9999936605526577
0.9999933862385761
0.9999936224974934
0.999993421434236
0.9999933930436605
0.9999934770253341
0.9999931871896389
0.999993367883279
0.9999931181338676
0.9999931755495506
0.9999931611545019
0.9999929575264256
0.9999931581072837
0.9999929063269295
0.9999930406775052
0.9999929824312322
0.9999928140441251
0.9999929644225379
0.999992681288854
0.9999928173061429
0.9999926777258948
0.9999926247039039
0.9999927123319678
0.9999924453639736
0.9999926519738875
0.9999924431802925
0.9999924609895916
0.9999925049465408
0.9999922505130735
0.9999924264676486
0.9999921697548613
0.9999922319628943
0.9999922237139862
0.9999920133968463
0.999992165210437
0.9999918807595412
0.9999920077694602
0.999991869786744
0.9999917436108816
0.9999918489559494
0.9999915523037608
0.9999917228718738
0.9999916083276683
0.9999915209250566
0.999991567785883
0.999991305352946
0.999991463120088
0.999991225808779
0.9999912699253843
0.9999913006370686
0.9999910522718964
0.9999912602445553
0.9999909974425581
0.9999910763492431
0.9999910215808081
0.999990864126108
0.9999910088018508
0.9999907363210633
0.9999908669813814
0.999990719882573
0.9999905995990165
0.9999907175992532
0.999990458050527
0.999990648396209
0.9999904532805164
0.9999904119526811
0.9999904762865816
0.9999902310691972
0.9999904226663685
0.9999902150185801
0.9999902699159942
0.9999902512669716
0.9999900694183899
0.9999902733654453
0.9999900201399088
0.9999901203871945
0.999990028416369
0.9999898477447213
0.9999899465535101
0.9999897010213699
0.9999898161742574
0.9999896736834425
0.9999896096680106
0.9999896850361024
0.9999894229266217
0.9999895940185124
0.9999894194058396
0.9999893948330509
0.9999894183570004
0.999989205433117
0.9999893652663023
0.9999890977940233
0.9999891702335072
0.9999891380201065
0.9999889186695416
0.9999890921226255
0.999988837806785
0.9999889819120716
0.999988907125441
0.9999888204216684
0.9999889507123713
0.9999886737075879
0.9999888305882232
0.9999886568439984
0.9999885959253781
0.9999886437146701
0.9999884540044217
0.9999886100976908
0.9999883587405147
0.9999883715219786
0.9999883795856459
0.9999881755331165
0.9999883547295482
0.999988100307209
0.9999881542026134
0.9999881058185448
0.9999879307625651
0.9999880890501758
0.9999878728678909
0.999987990264723
0.9999878704547588
0.9999878152902885
0.9999878731190568
0.9999876604733235
0.9999878085782481
0.9999876748903554
0.9999876864865965
0.9999877596344784
0.9999875294915843
0.9999876949296732
0.9999874702487834
0.9999875134254015
0.9999874910671434
0.9999873026079602
0.9999874588352561
0.9999872006923226
0.9999872659717051
0.9999871470482273
0.9999870023138611
0.9999870910060253
0.9999868518651641
0.999986999946556
0.9999868185203613
0.9999867319802014
0.9999867802636371
0.9999865142772011
0.999986652483653
0.9999864982877852
0.9999864988130769
0.9999865240041489
0.9999862794902733
0.9999864621501079
0.9999862047735748
0.999986275845754
0.9999861991712627
0.9999860453800123
0.9999861739813448
0.9999859415766853
0.9999860293750312
0.9999859228734803
0.9999858771434467
0.9999859740017452
0.99998573016916
0.9999858490785981
0.9999857213354466
0.9999856956734856
0.9999857110626541
0.9999855038130231
0.9999856095031568
0.999985403397658
0.9999854306971886
0.9999854735962068
0.9999852603815107
0.9999853662225509
0.9999850865655245
0.9999851239306607
0.9999850537023284
0.9999849296189316
0.9999850464085916
0.9999847921576418
0.9999848891567219
0.9999847709998946
0.999984661440477
0.9999846975341697
0.9999844993173148
0.9999846580130242
0.9999844767494307
0.999984479416841
0.9999844912855893
0.9999842619805988
0.9999844402579054
0.9999841907642155
0.9999842074716909
0.9999841340380451
0.9999839762924939
0.9999840858688349
0.9999838495899444
0.9999839368400902
0.999983824499856
0.9999837755828718
0.9999838965478473
0.9999836901105377
0.9999837993606968
0.9999836685726359
0.9999836689112572
0.9999836475245769
0.9999834024484044
0.9999835084055095
0.9999833468646534
0.9999833696968378
0.9999833630091983
0.9999832437497036
0.9999833263780914
0.9999831002867543
0.9999831142346541
0.9999830550750858
0.9999828660036953
0.9999829961401525
0.9999827967454983
0.9999828334296521
0.9999827325881047
0.9999826157573097
0.9999827444210218
0.9999825377431163
0.9999826839487255
0.9999825271174123
0.9999825217231577
0.9999825207170792
0.9999823119016086
0.9999824562951147
0.9999822837016659
0.9999823691107511
0.9999823451614606
0.999982162341582
0.9999822525244461
0.9999820674893644
0.9999821732450453
0.9999820597847285
0.9999819657958143
0.9999820497985441
0.9999818392394486
0.9999819450463149
0.999981809266992
0.9999817305986265
0.9999817787497207
0.9999815631042769
0.9999817049021383
0.9999815728882075
0.9999815357479532
0.9999814907033377
0.9999813256978989
0.9999814402795355
0.9999812371385298
0.9999812523920617
0.9999811806723342
0.9999810437714688
0.9999811653945613
0.9999809510652066
0.9999810731549059
0.9999810307414502
0.99998094116626
0.9999810132730891
0.9999808407071044
0.9999809646680646
0.9999808497006255
0.9999808175792924
0.9999808437011953
0.9999806653435028
0.9999808015731567
0.9999805962327779
0.9999806304582229
0.9999806278683144
0.9999804523133514
0.9999805146529088
0.9999803016448894
0.9999803587891031
0.999980302472732
0.9999801383619945
0.9999802112526112
0.9999800334160347
0.9999801032809649
0.9999800131934297
0.9999799342938694
0.9999799991720012
0.9999797794581191
0.9999798772767646
0.999979686994142
0.9999795959479822
0.9999795923241297
0.9999794565070687
0.9999795729831853
0.9999794221659948
0.9999794113729686
0.9999793444560057
0.9999792102659792
0.9999793259780746
0.9999790791147884
0.9999791275844682
0.9999790047151412
0.999978900250538
0.9999789740413693
0.9999787782369386
0.9999788332993451
0.9999786878395273
0.9999786493475519
0.9999786521038272
0.9999784481511389
0.9999785292424773
0.999978287284728
0.9999782512818395
0.9999781919978313
0.9999781185455473
0.999978239798145
0.9999780410915639
0.9999780765530641
0.999977991424432
0.9999779267494209
0.9999779664479893
0.99997777552296
0.9999778228937498
0.9999777589877654
0.9999776805830808
0.9999777104134083
0.9999774946831861
0.9999776285294317
0.9999775212685671
0.9999774947761105
0.9999774538634963
0.9999772930498027
0.9999774354817029
0.9999773090213785
0.99997736057483
0.9999772443880006
0.9999771252206904
0.9999771643923776
0.9999769735601939
0.9999769720950128
0.9999769447377376
0.9999768243004139
0.9999768986213807
0.9999767896544267
0.9999768474561895
0.9999767274149478
0.9999766979580238
0.9999767081415575
0.9999765935192428
0.9999766795637659
0.9999765118169638
0.9999765186490454
0.9999765300912148
0.9999763365783739
0.999976352825107
0.9999761801686133
0.9999762255307472
0.9999761763464595
0.9999760520609998
0.9999761355084845
0.9999759594583499
0.9999760087446716
0.9999759047833785
0.9999758025076848
0.9999759234257273
0.9999757200812198
0.9999758122893142
0.9999756599438628
0.9999755936958529
0.9999755537779726
0.999975384475741
0.9999754495193601
0.999975339062419
0.9999753381357676
0.9999753420110427
0.999975192479881
