0.9999999443476134
0.9999832008946291
0.9999675322068597
0.9999511342651828
0.9999347894286367
0.9999166476517665
0.9999023828048046
0.9998860339931523
0.9998694244324936
0.9998541313442595
0.9998368843395264
0.99982056136881
0.999798796525289
0.9997797860189234
0.9997652377538813
0.9997474377847002
0.9997331811179073
0.999715600589906
0.9996988438656773
0.9996835839986409
0.9996644977810774
0.999647120109576
0.9996319592116608
0.9996112988063846
0.9995949306131306
0.9995792977138017
0.9995637770809639
0.9995484190372967
0.9995346605185345
0.9995182355640604
0.9995018923572504
0.9994881088891703
0.9994709622430924
0.9994599592997963
0.9994452302687614
0.9994290582064278
0.9994100773695294
0.9993948360365059
0.9993803990865929
0.9993704882175308
0.9993557057931941
0.999339046379373
0.9993197625284043
0.9993045488894448
0.9992892482904612
0.9992681824253378
0.9992493613948866
0.9992353452318793
0.9992191399430761
0.9991994989413221
0.9991845975714881
0.9991650748586186
0.9991496928147313
0.9991381745564758
0.9991150535227498
0.9991019663279124
0.9990813982606458
0.9990594545369642
0.9990438936983652
0.9990249352331853
0.9990062121430486
0.9989930078099829
0.9989808379755836
0.9989578983441589
0.9989395491022868
0.9989190252178715
0.9989036030910335
0.998887784484341
0.9988662234312293
0.9988469387795864
0.9988303159902107
0.998819686586949
0.9988024277547065
0.9987884630822182
0.9987728089604387
0.9987543988601474
0.9987370746314281
0.9987226840858757
0.9987065799091572
0.9986868245852799
0.9986709793496372
0.9986515679662122
0.9986408874610889
0.9986181656133375
0.998595699050143
0.99858255052208
0.9985637554665369
0.9985491367002781
0.9985368776905884
0.9985176990008496
0.9985024981898395
0.9984862083881997
0.9984690331827436
0.998450684314934
0.9984297956208781
0.9984093942584069
0.9983939624753685
0.9983820287077249
0.9983684657742713
0.9983554226647315
0.9983377113680535
0.9983091541626904
0.9982961148526042
0.9982850812490535
0.9982691153185945
0.9982594564194213
0.9982474476836983
0.9982401733721114
0.9982103065958605
0.9981930994853935
0.9981823278516477
0.9981583595795094
0.9981493194915709
0.9981299995074524
0.9981137417651041
0.9980919300266152
0.9980783064392637
0.998051363632399
0.9980313077515496
0.9980133573378631
0.9979937975310521
0.9979733099019282
0.9979512544346826
0.9979355171873124
0.9979206358343219
0.9979065157061293
0.9978806799200914
0.9978552074273366
0.9978393222067354
0.9978208550192597
0.9978068870019301
0.997788978274428
0.9977693221910592
0.9977558471939669
0.9977390039027428
0.997736748942663
0.9977258251627561
0.9976964114504432
0.9976806729740507
0.9976532945137975
0.9976352394205499
0.997607510319569
0.9975948156542624
0.9975686730387526
0.9975521262137701
0.9975344725498526
0.9975222352508283
0.9974997879159149
0.9974836560714911
0.9974641512166017
0.9974478608726783
0.9974340862155857
0.9974190913062946
0.9974009665710468
0.9973787533623178
0.9973519168397602
0.9973274795098804
0.9973102417723851
0.9972968613028834
0.9972945813260078
0.997278350178512
0.9972700304065444
0.9972563426156943
0.9972316430498982
0.9972164113041291
0.9972024238891757
0.9971892897298154
0.9971789883687641
0.997162716772828
0.9971384209057872
0.9971232582794878
0.9971012638531119
0.9970934245864658
0.997074111222148
0.9970528531032927
0.9970386317347824
0.9970278601202878
0.9970261829697499
0.9970083997559198
0.996994462135004
0.9969774932291103
0.9969583724742918
0.9969485708398863
0.9969208239933361
0.9968980182648624
0.9968974933558657
0.9968762991639665
0.9968677791020435
0.9968598411867391
0.9968444053366378
0.9968172056431056
0.9968041844918529
0.9967758075642461
0.9967651365330961
0.9967538530422878
0.9967329864043137
0.9967181692645538
0.9967075301099396
0.9966881291921265
0.9966717860481409
0.9966533230729097
0.9966367090583858
0.9966251595007909
0.9966114973144251
0.9966064284527202
0.9965877275967299
0.9965682105090344
0.9965615781886953
0.9965450667352712
0.9965235341085126
0.9964993849555749
0.9964811447413036
0.996459453452154
0.9964479311736543
0.996438593531403
0.9964271948381282
0.9963907266809103
0.996385025611958
0.9963608402753245
0.9963451151794369
0.9963334092750259
0.9963238218490519
0.996310369547148
0.99629250128307
0.9962750024480619
0.9962495945085721
0.996235133097153
0.9962318099269891
0.9962255186168752
0.9961989026355248
0.9961894208053959
0.99617399195093
0.9961460338882652
0.9961237816983831
0.9961132751999509
0.9960969458107234
0.9960920144618305
0.9960681656490868
0.9960544181568971
0.9960277905945192
0.9960132384789245
0.9960010560069991
0.9959961895720598
0.9959788646284174
0.9959621140990638
0.9959393154562851
0.9959367233586653
0.9959196324884865
0.9958861846322669
0.9958726436814035
0.9958555262189738
0.9958306324117259
0.9958194341114146
0.9958123840871046
0.9957978554140802
0.9957739057997839
0.9957656599836394
0.995747736640396
0.9957377704598986
0.9957147057088943
0.9957083191809231
0.9956912606896963
0.99567183031169
0.9956439724631848
0.9956326420679017
0.9956145236013995
0.9955916838248552
0.9955804012516226
0.9955629051000202
0.9955388725992699
0.9955118569506355
0.9954884332547319
0.9954632274954897
0.9954301110856465
0.9954072531233454
0.9953903233658895
0.9953871744382222
0.9953551033553387
0.9953339330353221
0.9953174197180846
0.9953101108254182
0.995298555264113
0.9952802783740466
0.9952750213837208
0.9952519229899215
0.9952280870619222
0.9952049952606853
0.9951976211723941
0.9951885262911936
0.9951695187450659
0.9951491588038485
0.9951368189032003
0.9951270413634835
0.9951183291741664
0.9951229278646124
0.9951253347115456
0.99510072860691
0.995084931626976
0.995084303530356
0.9950704920860844
0.9950517756133275
0.9950372095435042
0.9950240265258671
0.9949999924045491
0.9949954487016663
0.9949834538414994
0.9949554261925903
0.994935327533235
0.994918470860674
0.994909850723599
0.9948884033237073
0.9948655348431473
0.9948536014545688
0.9948417857714599
0.9948282040402069
0.9947969537118434
0.9947889617559759
0.994761647544634
0.9947517997719469
0.9947326824712139
0.9947176464569694
0.9946992368608132
0.9947003220554874
0.9946829012220237
0.9946634417862237
0.994650281442025
0.9946314158110556
0.9946040385661379
0.9945997121765683
0.9945819387551924
0.9945738531426519
0.9945560030235535
0.994546356038972
0.9945238351040009
0.9945029692641075
0.9944706964299134
0.9944360216297525
0.9944095448266222
0.9943950369672859
0.9943682985376178
0.9943394379846939
0.9943212804716007
0.9943216052865249
0.9943050658854156
0.9942840483298905
0.9942576972591617
0.9942299004744221
0.9942251085812909
0.9941963445949787
0.9941997891039766
0.9942015513086625
0.9941962845802039
0.9941772412587295
0.9941785692250192
0.9941583517883988
0.9941191359773248
0.9940876194580455
0.9940782588104647
0.9940737111836843
0.9940568323893457
0.9940360965631173
0.9940158546127542
0.9939943928198313
0.9939782168588118
0.9939630155269034
0.9939345258673999
0.9939212266177425
0.9939088154224842
0.993887389039594
0.9938648512181708
0.9938580918518216
0.9938319114684443
0.9938111353892665
0.993807406332286
0.9937836277791112
0.9937610392086367
0.9937308657106082
0.9937026742622233
0.9936806444811973
0.9936473046869126
0.9936296154916573
0.9936115688771898
0.9935889403962234
0.9935542389178283
0.9935508261415779
0.9935290869208578
0.993516897452062
0.9934949409741693
0.9934739779344521
0.9934555685277281
0.9934474536994821
0.9934334628749645
0.9934202851346632
0.9934099536539581
0.9933996971188089
0.993376462594889
0.9933771267299759
0.9933740669164716
0.9933706029948368
0.9933510778659495
0.9933172215525199
0.993297262260029
0.9932724644102959
0.9932619909335443
0.9932525362914032
0.9932281521836364
0.9932033600207035
0.9931938320985209
0.9931904727092821
0.9931730189738356
0.9931636385991011
0.9931224266793288
0.9930881795272737
0.9930529311071967
0.9930319435592938
0.9930226304251185
0.9930006190490062
0.992975987861057
0.9929799721139001
0.9929470969085299
0.9929308433660979
0.9929237207737361
0.9929059426652658
0.9928982547209364
0.9928869479933702
0.9928763008424928
0.9928406577493089
0.9928194761660999
0.9927980150468655
0.9927814434690838
0.9927667813933375
0.9927507773585222
0.9927330865632179
0.992713961132781
0.9926708202703538
0.992648072091943
0.9926245334704158
0.992604221171536
0.992599848877998
0.9925606953304279
0.9925369645053932
0.9925203414004937
0.9925212785737346
0.9925036513073361
0.992483019731996
0.9924808238823618
0.9924604586822869
0.992447406492233
0.9924256172784622
0.9923832850739852
0.9923636685091429
0.9923517728305989
0.9923451852522346
0.9923320355099373
0.9923073844616433
0.9922969283780012
0.9922831906958869
0.9922474243948941
0.9922347493257958
0.9922257115552218
0.992208005929199
0.9921689489185678
0.9921542187383682
0.9921376735015155
0.992135317355851
0.992114696794659
0.9920964400094854
0.9920768203849133
0.9920593158630842
0.9920397625575641
0.9920583519852271
0.992049817218205
0.9920422676996503
0.9920170577463133
0.9919961119283052
0.9919754862466642
0.9919699330952315
0.9919689226101929
0.9919337385221781
0.9918962515596311
0.9918907054658326
0.9918728274240749
0.9918563425014995
0.9918341012108127
0.991801029236574
0.9917966794710946
0.9917685576065581
0.9917630516265031
0.9917510383654456
0.9917228762476122
0.9917106451428377
0.9916961562868446
0.9916868002068626
0.9916868117739799
0.9916703851995986
0.9916716748034102
0.9916521501938282
0.9916621642022918
0.991658628264024
0.9916498076899355
