0.9999847337871811
0.9999841998402053
0.9999825336255022
0.9999798070290129
0.9999760995803926
0.9999715454716143
0.9999663129441841
0.9999606540281926
0.9999547614815778
0.9999488433516489
0.9999431340474794
0.9999378219331808
0.9999331243974051
0.9999291872948888
0.9999260818067405
0.9999239563691387
0.9999228367769298
0.9999226484150889
0.9999235031015007
0.9999252962058768
0.9999279487431034
0.9999313465963595
0.9999353656639317
0.9999399169098602
0.999944835623279
0.9999499480623357
0.9999550736627526
0.9999601151944946
0.9999648044641667
0.9999690213711436
0.9999726006709527
0.9999754028467284
0.9999772672851391
0.9999781191719559
0.9999779416247965
0.9999766883709826
0.9999744287763743
0.9999712564583946
0.9999672575613758
0.9999625972041293
0.9999574345835675
0.9999519155111682
0.9999462793390912
0.9999407638505927
0.9999355350451123
0.9999308343934087
0.9999267849875025
0.9999235432718329
0.9999211997645663
0.9999197589355447
0.9999192956717728
0.9999198470613212
0.9999212826352212
0.9999235254432531
0.9999264914344376
0.999930077973821
0.9999341406202273
0.9999386213271397
0.9999433283238991
0.9999481247720513
0.9999528478295076
0.9999573808292002
0.9999615396847638
0.9999650973189594
0.9999679873995758
0.9999700935546707
0.9999712670924367
0.999971459245131
0.9999706914746037
0.9999689566936474
0.9999662821019892
0.9999627714286937
0.9999585582233846
0.9999538550326226
0.9999488035118492
0.9999436324960459
0.9999385123411866
0.9999336819546553
0.99992919909398
0.9999252592538952
0.9999220383778014
0.999919601895672
0.9999179858037385
0.9999172551137661
0.9999173802106807
0.9999183338043293
0.9999200181662262
0.9999224283603741
0.9999253565983799
0.9999287805977485
0.9999326185483444
0.9999367459978352
0.999941087175141
0.9999454479455983
0.9999496970770699
0.9999536139392894
0.9999571744509543
0.9999601663926977
0.9999624635924022
0.9999640177147201
0.9999646811120171
0.9999644475421692
0.9999632365421344
0.9999610649016714
0.9999580400732496
0.9999542248282607
0.9999498435221211
0.9999450016014292
0.9999399490676671
0.9999349318600129
0.9999300797380214
0.9999256304543007
0.9999217138518778
0.9999184778266168
0.999915978582574
0.9999143203574634
0.9999134660122501
0.9999134124575172
0.9999141535133539
0.9999156296126127
0.999917783022796
0.9999204367568153
0.9999235982068915
0.999927113147419
0.9999309696487435
0.9999349295876432
0.9999389369539008
0.9999428744896801
0.9999466901949978
0.9999502339154392
0.9999533445839826
0.9999558569585281
0.9999576652393746
0.9999585987825448
0.999958743985803
0.9999579199111877
0.9999561712440939
0.9999535795950614
0.9999502179149018
0.9999461832925628
0.9999416737377279
0.9999368408098639
0.9999319254092297
0.9999271427849405
0.9999226513587112
0.9999186266422236
0.9999152433851001
0.9999125385943313
0.9999106219884705
0.9999095374994601
0.9999092910848778
0.9999097745233183
0.9999110017285592
0.9999128953896682
0.9999152896904958
0.9999181313812552
0.9999213353849778
0.9999248225683458
0.9999284188441059
0.999932152141519
0.9999359074353127
0.9999395362051283
0.9999429986087403
0.9999461040359203
0.9999487670171214
0.9999508388230148
0.9999521604821618
0.9999526847189679
0.9999522982199247
0.9999509658538549
0.9999488057094754
0.9999458045909246
0.9999421329432082
0.9999378797078189
0.9999332704049583
0.9999285470451997
0.9999238650775211
0.9999194309760215
0.9999154677704912
0.9999121203801817
0.9999093840543218
0.9999074549103095
0.9999062761506758
0.9999058545247079
0.9999061649681262
0.9999071248688277
0.9999086621077361
0.9999106920657745
0.9999131828605377
0.9999159653341374
0.99991902109992
0.9999223344245518
0.9999257766324825
0.9999292346510033
0.9999326463886586
0.9999359317644866
0.9999389130667218
0.9999415436623768
0.999943618711683
0.9999451329460305
0.9999458325135606
0.9999457679362762
0.9999448393816761
0.999943073151639
0.9999405617987417
0.9999373223595209
0.9999334826826748
0.9999292630705847
0.999924831526715
0.9999203814314231
0.9999160973355395
0.9999121885328621
0.9999087750808272
0.9999060132895118
0.9999039159530642
0.9999025342851676
0.9999018979860145
0.9999019484738564
0.9999026695073375
0.9999040027568129
0.9999058504854759
0.999908104960497
0.9999106303831536
0.9999134455140911
0.9999164412186785
0.9999195349559598
0.999922670583305
0.9999258160499468
0.9999288232248683
0.9999316220343545
0.99993418176923
0.9999362475185788
0.9999378373095849
0.9999388032547877
0.999939061547329
0.9999386037341065
0.9999373004294045
0.9999353408423954
0.9999326457345425
0.9999293607655025
0.9999256331644921
0.9999216241052904
0.9999175312597006
0.9999134977040751
0.9999096573675842
0.9999062858611183
0.9999033889752138
0.9999011519368554
0.9998994951397483
0.9998985683945545
0.9998982651247948
0.9998985913379475
0.9998995401430792
0.9999009409598194
0.9999028004898987
0.9999049787597003
0.99990747629343
0.9999101437009791
0.9999129913571905
0.999915961374947
0.9999189714356724
0.9999219112314862
0.9999246436402216
0.9999270834443855
0.9999292084084896
0.99993083977226
0.9999319276673149
0.9999323377645166
0.9999321517297809
0.9999311891725958
0.9999296204999046
0.9999273149458386
0.9999243809906528
0.9999209973124392
0.9999173215546687
0.999913452909977
0.9999096033209759
0.9999059847610497
0.9999026201323545
0.9998996873907667
0.9998973312188153
0.999895571774118
0.9998944998173043
0.9998939966756151
0.9998941232704096
0.9998947949959464
0.9998959726038931
0.9998975118907876
0.999899443411102
0.9999015700604071
0.9999039278485873
0.9999065102579712
0.9999091417600836
0.9999119016637601
0.9999146456569744
0.9999173349102639
0.9999197830922115
0.999921953485896
0.9999237555641785
0.99992510974258
0.999925998399508
0.9999262751088899
0.99992587830131
0.9999247809009818
0.9999230046250918
0.9999205014599175
0.999917493412163
0.9999140730895528
0.9999103153233436
0.999906425259661
0.9999025241264105
0.999898816245794
0.9998955292617531
0.9998927667567612
0.9998905432365595
0.9998890798400932
0.9998882983608703
0.999888192953078
0.9998888044991269
0.9998899211090313
0.9998914300022844
0.9998933221704077
0.9998955345876285
0.9998978968109113
0.999900400988019
0.9999030103134685
0.999905589790034
0.9999081067911908
0.9999105969293091
0.9999129941258269
0.9999151433056749
0.9999169286100911
0.9999183532928416
0.9999192839557908
0.9999196523198053
0.9999194101900538
0.9999185530392836
0.9999170571545211
0.9999149304131312
0.9999122462970251
0.9999090954297504
0.9999056556497143
0.9999020718045211
0.9998985224592499
0.999895159281322
0.9998920024889989
0.9998892807073319
0.9998871149341132
0.9998855231217125
0.9998844642298664
0.9998841018971034
0.9998842825330584
0.999885032931328
0.9998862536812513
0.9998878812252975
0.9998897580471039
0.999891928016634
0.9998942318061065
0.9998966185562127
0.9998990808582849
0.9999015884485516
0.9999040037264499
0.9999063375335058
0.9999084752584304
0.9999103800099418
0.9999119768394356
0.9999131514023257
0.9999138550260758
0.9999140738626251
0.9999136228632585
0.9999125632449289
0.9999107827038647
0.9999085185112042
0.9999056717393507
0.9999025075734869
0.9998989945842681
0.9998954219590727
0.9998920397814755
0.9998889491474013
0.999886335148079
0.999884149606194
0.9998824952081113
0.9998814348056035
0.9998809778203742
0.9998810692675966
0.9998816348242574
0.9998826075071171
0.9998839801119882
0.9998855799116737
0.9998872937263024
0.9998892640334262
0.999891324366955
0.999893552935268
0.9998957934638814
0.9998980869327224
0.9999002793373029
0.9999022920481233
0.999904143385453
0.9999057386733531
0.9999069387946371
0.9999076070558813
0.9999076491451161
0.9999072290331158
0.9999061362232678
0.9999044290508445
0.9999022255932032
0.9998995849034208
0.9998966462404871
0.9998934356150222
0.9998902148222623
0.9998870651454694
0.9998841770733177
0.9998816078457519
0.9998795016820599
0.999877917003897
0.9998768373974202
0.9998763125338779
0.9998763492341411
0.9998768181527966
0.9998776894663121
0.9998788673998185
0.9998803483226447
0.9998820479529726
0.999883910847597
0.9998859954049639
0.9998881514508595
0.9998903105849523
0.9998923608962448
0.9998944188744168
0.9998964154032689
0.9998981961643657
0.9998997384273989
0.9999008899759875
0.9999016704904171
0.9999019121262517
0.9999016646191586
0.9999008201394102
0.9998993592282927
0.9998974447659953
0.999894986127787
0.9998921281516069
0.9998889373567553
0.9998856373762699
0.9998824316913218
0.9998794669141611
0.9998768318831492
0.9998745302813035
0.9998727093428631
0.9998714795991287
0.9998707379686679
0.9998705039094016
0.9998708783899237
0.9998716133707667
0.9998728099517626
0.9998742611216398
0.9998759151691796
0.9998778218489488
0.999879853024875
0.9998819373774479
0.9998840533439868
0.9998861714356977
0.9998882096445816
0.9998901751691884
0.9998918690295014
0.9998934259546902
0.9998947569289365
0.9998956791258716
0.9998961180898662
0.9998959367412684
0.9998953081003114
0.9998939604853587
0.9998920810780625
0.9998897682328766
0.9998869732712179
0.9998838814988583
0.999880667969673
0.999877413553525
0.9998743088562649
0.9998714517828334
0.9998690268145773
0.9998671109464314
0.9998657067111925
0.9998649022598163
0.999864701977264
0.9998649546541339
0.9998656053204302
0.9998667245603663
0.9998681125072352
0.9998696636201311
0.9998714514440629
0.9998733525435272
0.9998753708504616
0.9998773977564344
0.9998793413442427
0.9998813346965334
0.9998830749827797
0.9998846857185093
0.9998861684726287
0.9998873823194212
0.9998883036345226
