0.9999943921527069
0.9999937671700218
0.9999921129713485
0.9999896057459778
0.999986511496317
0.9999830938096687
0.9999796519541511
0.9999764916740229
0.9999738772289489
0.9999721147073948
0.9999713059625667
0.9999716066687848
0.999972958463739
0.9999752241484147
0.9999781833190451
0.9999815167296088
0.9999848971449822
0.9999879531789618
0.9999903662329434
0.999991881026587
0.9999923263594552
0.9999916708485053
0.9999900166059668
0.999987541206224
0.9999844959926751
0.9999811380514528
0.9999778014907449
0.9999748194248297
0.9999723886833374
0.9999707871770503
0.999970097372842
0.9999703757068412
0.9999716654717649
0.9999738745376556
0.9999766860799193
0.9999799039276577
0.9999831971004356
0.9999861431399751
0.999988436769891
0.9999898448343129
0.9999902662633083
0.9999896247051904
0.9999880770465878
0.9999857481671649
0.9999828709758563
0.9999796965770288
0.9999765188067491
0.9999736227997588
0.9999712547616458
0.9999695958410265
0.999968842060617
0.9999690722416569
0.9999702869052587
0.9999724382785503
0.999975240822373
0.9999784031693383
0.9999815821041339
0.9999844331248977
0.9999866204555508
0.9999879802033468
0.9999883177576258
0.9999876523834487
0.9999861192734463
0.9999838300245737
0.9999810462586104
0.9999780124127142
0.9999749886006837
0.9999722574101805
0.9999699697991804
0.9999683657885643
0.9999676157485063
0.999967761337441
0.9999688228902617
0.9999706954384002
0.999973256182675
0.9999762559574815
0.9999793524829657
0.9999822052331833
0.9999844683940314
0.9999858413301557
0.9999862287052825
0.9999855954260806
0.9999840612232237
0.9999818188445831
0.9999791188144554
0.9999761713915791
0.9999732181188205
0.9999704987024047
0.9999682717568762
0.9999666658660848
0.9999658809594506
0.9999659951861124
0.9999670904066142
0.9999690263035041
0.999971627889307
0.9999746032534174
0.9999776074973517
0.9999803108594478
0.9999824401940398
0.9999837214543298
0.9999840794593448
0.9999835070121005
0.9999820511531708
0.9999798894020717
0.9999772449442446
0.9999743649087074
0.9999715244797563
0.9999689294842917
0.999966763213817
0.9999652214943808
0.9999644424024559
0.9999645614544047
0.9999656042506976
0.9999674511696455
0.9999699273510875
0.9999728111820362
0.9999757513832881
0.9999784246793267
0.9999804980657809
0.9999817837789743
0.9999821133857562
0.9999815381194795
0.9999800652599202
0.9999779480834311
0.9999753601484062
0.999972565269809
0.9999697444360239
0.999967142650784
0.9999650208541524
0.9999635038168664
0.9999627976553753
0.9999629538128854
0.999963955255855
0.9999658021276534
0.9999682691179126
0.9999710985141012
0.9999739917266933
0.999976572509098
0.9999785961101822
0.9999797544638035
0.9999800369015461
0.999979450844016
0.99997808602907
0.9999760775183634
0.9999736710285427
0.9999710413028461
0.999968403124388
0.9999659253348399
0.9999638338374446
0.9999622655892775
0.9999614579145838
0.9999615102734932
0.9999624012211952
0.9999641084902924
0.9999664573797948
0.9999692201648603
0.9999719871989982
0.9999745070987086
0.9999764938173863
0.9999776318183425
0.9999778899234838
0.999977313001387
0.9999759627417157
0.9999740281168906
0.9999716897491377
0.9999691574673751
0.9999666021673492
0.9999642454920595
0.9999623117683765
0.9999608150728502
0.9999600401163673
0.9999600798611387
0.999960894386153
0.9999625471267685
0.9999647877054257
0.999967428097683
0.9999701412343608
0.9999726430245096
0.9999746121242478
0.9999757655830982
0.9999760801342659
0.9999755201677563
0.999974201824528
0.9999722381203164
0.9999699292665267
0.9999674401304576
0.9999649443721045
0.999962645659943
0.9999607077961984
0.9999593053425968
0.999958578253072
0.9999586491198226
0.9999594969147853
0.9999611067660521
0.9999632960627549
0.9999658382880191
0.9999684593591882
0.9999707941936165
0.999972541007938
0.9999736519633918
0.9999738842393155
0.9999732279631164
0.9999718972770244
0.9999699249133835
0.9999676621715018
0.9999652616445475
0.9999628839106356
0.9999607423686695
0.9999589943622129
0.9999577336108096
0.9999571874863772
0.9999572615916227
0.9999580812964153
0.9999595957931112
0.9999616619123978
0.9999640636130509
0.9999665769211298
0.9999688240903274
0.9999705627873606
0.9999715283379591
0.9999717237752469
0.9999711389185619
0.9999698448486569
0.9999679229510431
0.9999657195531969
0.9999634173066974
0.9999611913046261
0.9999591276147373
0.9999574426672927
0.9999562904362097
0.9999557757826637
0.9999559323053359
0.9999567568977948
0.9999581794824738
0.9999601230200009
0.9999623674259933
0.9999646579864423
0.9999666490425235
0.9999681471024155
0.9999690894186213
0.9999692893069528
0.9999687047433001
0.9999675032573007
0.9999657568777628
0.9999636669243683
0.9999614166588232
0.9999592262583021
0.9999572990528328
0.999955659203602
0.9999545477253401
0.9999539809496714
0.9999541305196259
0.9999549235424415
0.9999562817027684
0.999958188078692
0.9999604196605244
0.9999626991489555
0.9999646808728334
0.9999661584159574
0.9999669807073046
0.9999670780679601
0.9999664523374336
0.9999652280509977
0.9999635618436357
0.9999615782891734
0.9999594671387506
0.999957410671639
0.9999555863793049
0.9999540683239646
0.9999529749433488
0.9999524701200411
0.9999525372846626
0.9999532673658109
0.9999545608562294
0.999956372744497
0.9999584707100423
0.9999605818413332
0.9999625032833905
0.9999639956292663
0.999964905222907
0.9999650951026187
0.9999644783154312
0.9999632582949233
0.9999616302545539
0.9999596806543116
0.9999575805399886
0.9999555975009793
0.9999538485139395
0.9999523466669897
0.9999513129939843
0.9999507885064948
0.9999509228625475
0.9999515808151453
0.9999528034617111
0.9999545616256059
0.9999565388358987
0.9999585925325511
0.9999604184023192
0.9999618766047904
0.9999628018203528
0.9999629861804531
0.9999624992028566
0.9999613579440391
0.9999597678456464
0.9999578515330224
0.9999558290917762
0.9999539139756654
0.9999522064307055
0.9999508854821637
0.9999498953165196
0.9999494488647366
0.9999494559763462
0.9999500248046065
0.9999510767387898
0.9999526260509269
0.999954500673465
0.9999565125337155
0.9999584552898669
0.9999599711211722
0.9999609963889908
0.9999613025954869
0.9999609283326684
0.9999598652368367
0.9999582707526303
0.999956382629534
0.9999544306718602
0.9999524961293907
0.9999508513810482
0.999949450161093
0.9999484208713635
0.9999478613979518
0.999947754749716
0.9999481110998075
0.9999490223511306
0.9999504206288335
0.9999522665781075
0.9999542320974025
0.999956209546088
0.9999578365702652
0.9999589162475945
0.9999593071563994
0.9999588303684069
0.9999577335548023
0.9999561078343556
0.9999542149069341
0.9999522483970029
0.9999503276849064
0.9999486288809131
0.9999473260416071
0.9999464099448133
0.9999458833590021
0.9999457103864099
0.9999460629948839
0.999946983164502
0.9999483969053738
0.999950158964765
0.9999521426319832
0.9999541503221322
0.9999557207260384
0.999956843162285
0.9999572101291235
0.999956828410249
0.999955756446552
0.9999541829346759
0.9999523549697508
0.9999504302393114
0.999948550525772
0.9999468838069935
0.9999455468186034
0.9999446083830226
0.9999440291062824
0.9999438839208206
0.9999442313924843
0.9999450883373755
0.9999464833478804
0.9999482867594285
0.9999502735249104
0.9999521530536924
0.9999537227772545
0.9999547140621446
0.9999550337290212
0.9999545895637956
0.9999534869957244
0.9999519134799837
0.99995020089663
0.9999483582376607
0.9999466715654377
0.9999452333614248
0.9999440286741978
0.9999432084101806
0.999942761751409
0.9999426638010372
0.9999430537326737
0.9999439449008178
0.9999452431269359
0.9999469223034733
0.9999487647906454
0.9999506177491451
0.9999521008807531
0.999953094968114
0.9999533385135668
0.9999529358033055
0.9999518149890749
0.9999502373739331
0.9999485378239573
0.9999467240282768
0.9999451632158922
0.9999437712032824
0.9999426319570754
0.999941824562628
0.9999412397999119
0.9999410780326453
0.9999413486806698
0.9999420579614129
0.9999432236473698
0.999944901998972
0.9999468456131831
0.9999486673154447
0.9999501994927069
0.9999511132017467
0.9999513739789547
0.9999509369894144
0.9999498879569069
0.9999484037908221
0.9999467121063625
0.9999450154349209
0.9999434514570806
0.9999421197440866
0.9999409895289282
0.9999401942936049
0.9999396874577844
0.9999394799299179
0.9999397340636845
0.9999403956955139
0.9999415960677044
0.9999431647181182
0.9999449664857772
0.9999467774743728
0.9999482101827432
0.9999492066732468
0.9999494235128523
0.9999490749325648
0.9999480627130412
0.9999466446261055
0.9999449329340546
0.9999432358431752
0.9999416317582576
0.9999403302584658
0.9999392723190704
0.9999384539860732
0.999937936046872
0.9999378097880515
0.9999379797501707
0.999938626745216
0.9999397189596736
0.9999412594721505
0.9999429766692495
0.9999447195659763
0.9999461222818438
0.9999470309889994
0.9999472055381349
0.9999467672809103
0.9999455982947999
0.9999440936709464
0.999942368655816
0.9999406832954639
0.9999391019760486
0.9999377868213606
0.9999367642062353
0.9999359376891984
0.9999355340759086
0.9999353649528525
0.9999356714447895
0.9999363670353345
0.9999374862037951
0.9999390376882599
0.9999408056220666
0.9999424972429355
0.9999439342915317
0.999944779031118
0.9999450301111039
0.9999446138206041
0.9999436211284559
0.9999422206850571
0.9999406179796194
0.9999389420373882
0.9999374172803067
0.9999361203436865
0.9999350892732942
0.9999343242768787
0.9999337800665811
0.9999335254765175
0.999933666355709
0.999934369696161
0.9999354689287866
0.9999369483269179
0.99993860384047
0.9999402535078866
0.9999416750976201
0.9999426789952242
