0.9999996957370464
0.9999991733356406
0.999998464571832
0.9999985298337889
0.9999992002510046
0.9999994113774616
0.9999987365096239
0.9999981675896772
0.9999984498182196
0.9999991121945392
0.9999990942331126
0.9999983307213135
0.9999979356313702
0.9999983733605524
0.999998953772986
0.9999986922259053
0.9999979159791863
0.9999977269943253
0.9999982914403931
0.9999987332882866
0.9999982594302187
0.9999975530695017
0.9999975669347556
0.999998198974919
0.9999984391123544
0.9999978079702871
0.9999972286174681
0.9999974428914286
0.9999980688113826
0.9999980975343455
0.9999973823517342
0.9999969642430925
0.9999973392579363
0.99999793633225
0.9999977247597351
0.9999969703843128
0.9999967474880704
0.9999972662329325
0.9999976966718314
0.9999972646304546
0.9999965530658869
0.99999653516153
0.9999971295568335
0.9999973981174423
0.999996823724994
0.9999962289434967
0.9999964000993287
0.9999970043992841
0.99999707051608
0.9999963888670877
0.9999959788487299
0.9999963335745866
0.9999969289598977
0.9999967729980976
0.9999960440464102
0.9999958055949305
0.9999963076778441
0.9999967638152993
0.9999964040329233
0.9999957085092898
0.9999956719769062
0.9999962765604972
0.9999965549002641
0.9999960345017891
0.9999954403327648
0.9999955790782006
0.999996200602162
0.9999962795586396
0.9999956230327763
0.9999951657139855
0.999995436892219
0.9999960093275083
0.9999958762446919
0.9999951835945938
0.9999948861805398
0.9999953422655177
0.9999958314214993
0.999995512587632
0.9999948383392118
0.9999947249128783
0.999995295362772
0.9999956094729101
0.9999951123106555
0.9999945043143756
0.9999945841132537
0.9999951533075714
0.9999952944576979
0.999994707750288
0.9999942423311676
0.9999944831181284
0.9999950811544039
0.9999950201218575
0.999994381629592
0.9999940460347745
0.9999944501155646
0.9999949468092828
0.9999946563487638
0.9999940038169265
0.9999938516557728
0.9999943713987064
0.9999947025273399
0.9999942554642121
0.9999936497401013
0.9999936627524287
0.9999942319365167
0.9999944007101473
0.9999938480677081
0.9999933418764818
0.9999935431268929
0.9999940907910613
0.999994085376218
0.9999934323183131
0.9999930605879187
0.9999934276670978
0.9999938966329261
0.9999936945493529
0.9999930273366022
0.9999928333297101
0.9999932968841649
0.9999936831101498
0.9999932664195651
0.9999926201684418
0.9999925957639385
0.9999931542676405
0.9999933394291873
0.999992790708461
0.9999922624727834
0.9999924222568417
0.9999929599434757
0.9999929817535216
0.9999923539442932
0.9999919816475731
0.9999923187841823
0.9999928127065449
0.9999926458319771
0.9999920153831493
0.9999918205618532
0.9999922646253285
0.9999926199821246
0.9999922480781668
0.9999916060575222
0.9999915977076925
0.999992101712248
0.9999923177291988
0.9999917912599399
0.9999912479744271
0.9999914485047187
0.9999919611649832
0.9999920255577726
0.9999914255123704
0.9999910423001059
0.9999913941239472
0.9999919003498126
0.9999917644978645
0.999991149794455
0.9999908924141032
0.9999912648731999
0.9999916610397345
0.9999913536568366
0.9999907492937274
0.999990711096582
0.9999911727571507
0.9999914386901797
0.9999909752685475
0.9999904076913403
0.999990506915482
0.9999909960469766
0.9999910535644798
0.9999905052195864
0.999990110014789
0.9999903858582931
0.9999908894428289
0.9999907606430232
0.9999901884891129
0.9999899147357243
0.9999903269753402
0.9999906823956215
0.9999903932866998
0.9999897976375763
0.9999897279189098
0.9999901998119664
0.9999904796706613
0.9999900366838627
0.999989501122584
0.9999895958794269
0.999990087407623
0.9999902004471201
0.9999896461355272
0.999989215145322
0.9999894066124302
0.9999898651002863
0.9999898311647137
0.9999892496434502
0.9999889648707587
0.9999892971992156
0.9999896955691286
0.9999894981637757
0.9999889141173003
0.9999887943758294
0.9999891874733549
0.9999894583492582
0.999989060713156
0.999988545013205
0.9999885620868098
0.9999890658372365
0.9999892051652072
0.9999887140314974
0.9999882942521794
0.9999884573619002
0.9999889339197259
0.9999889418268338
0.999988404493786
0.9999880942090339
0.9999883689260352
0.9999887516645083
0.9999885260965576
0.9999880011191683
0.9999878213848467
0.9999882480665516
0.9999885406937185
0.9999882012107574
0.9999877194075669
0.9999876983816154
0.999988115173094
0.9999882365594409
0.9999877712850453
0.9999873005776726
0.9999874746256456
0.9999879269078912
0.9999879110692305
0.9999873937313846
0.9999870727920878
0.9999873716249404
0.9999878032490376
0.9999876402507369
0.9999871215399158
0.9999869282305196
0.9999873114982184
0.9999876311714677
0.9999872982037927
0.9999867828149182
0.9999867542634764
0.9999871968983073
0.9999873308515035
0.9999868844410538
0.9999864680449125
0.9999865802398167
0.9999870226142668
0.9999870327015146
0.999986521516939
0.9999862368741469
0.9999864652094143
0.9999868403315777
0.9999866465482542
0.9999861489759642
0.9999860157773786
0.9999863513639415
0.9999866447624861
0.9999863406932297
0.9999858783910812
0.9999858041786611
0.9999861828407697
0.9999863471523662
0.9999859023628215
0.9999854595871497
0.9999855577723821
0.9999860155238315
0.9999860493230606
0.9999855867091398
0.999985233786019
0.9999854904773438
0.9999858446838426
0.9999857407772987
0.9999852220106609
0.999985025597005
0.9999853230004528
0.9999856098832903
0.9999854231572302
0.9999849364986375
0.9999848645829681
0.9999852552404059
0.9999853591616034
0.9999849584704479
0.9999844859379678
0.9999845523258645
0.9999849241188989
0.9999849298135438
0.9999844823211411
0.9999841203237005
0.9999842746324645
0.9999846856761518
0.9999845761043927
0.9999841508512234
0.9999839152046346
0.9999842400172375
0.9999845224883177
0.9999842724185685
0.9999837989559712
0.9999836638620001
0.9999839641508006
0.9999841438381551
0.9999838205251556
0.999983416142179
0.9999834208099101
0.9999837831101636
0.9999838407324415
0.999983442226455
0.9999831010132627
0.999983249176766
0.9999836301072141
0.999983580309133
0.9999831306684865
0.9999828942510233
0.9999831813978446
0.9999834720380033
0.9999832997742486
0.9999828722170815
0.9999827117510778
0.9999830696947283
0.9999832451899974
0.9999829177109213
0.9999824535254482
0.9999824354541984
0.9999828488898375
0.9999829149471637
0.9999825457840269
0.9999821065845877
0.9999822439227478
0.9999826113827092
0.9999825892999743
0.9999821428721202
0.9999818286262263
0.99998210459142
0.9999824797635214
0.9999822980824123
0.999981864468821
0.9999817849700865
0.9999821365551733
0.9999823872263782
0.9999820989762161
0.9999816544358187
0.9999816008031829
0.999981952084279
0.9999820531842605
0.9999817234027557
0.9999813284127945
0.9999814043562932
0.99998180445727
0.9999817921611426
0.9999813865795465
0.9999811514679862
0.9999813286506852
0.9999816313131805
0.9999814375199685
0.9999810221781542
0.9999808561843917
0.9999811060699207
0.9999813296997502
0.9999811126247145
0.9999807199110171
0.9999807241237707
0.9999810563708355
0.9999811464870235
0.9999807957469133
0.9999804454450489
0.9999805005123169
0.9999808174982499
0.9999808284208273
0.9999804717736109
0.9999801849583548
0.9999803284217006
0.9999807009582686
0.9999806135847851
0.9999801754048486
0.9999799885040351
0.9999802333207686
0.999980520447146
0.9999802773904012
0.9999798865540528
0.9999797990943414
0.9999801298987235
0.9999802535841363
0.9999799365475132
0.9999795689374315
0.999979566200995
0.9999798843725302
0.9999798727599685
0.9999794928089948
0.9999791396993841
0.999979287560327
0.9999796086548938
0.9999795955160552
0.9999791840890419
0.9999790123297749
0.9999792559309734
0.9999795671278865
0.9999793934862276
0.9999789472852318
0.9999788638623165
0.9999791797653901
0.9999794002353122
0.9999791090934871
0.9999787621152081
0.9999787461903263
0.9999790893897568
0.9999791723248966
0.9999788295800571
0.9999785242076343
0.9999786033840211
0.9999789315174883
0.9999789320651657
0.9999785240438929
0.9999783101335915
0.9999785318919961
0.99997876223738
0.9999785673000684
0.9999781295614235
0.9999779029040511
0.9999781459187628
0.9999783549673459
0.9999780989906608
0.9999776478787137
0.9999776153556694
0.9999779285543359
0.999978010398139
0.9999777074796046
0.9999773536152408
0.9999774464634201
0.99997771093723
0.999977661453959
0.9999772773001867
0.9999769901855914
0.9999771757130979
0.999977430553378
0.9999772709250839
0.9999768916783671
0.9999766704600491
0.9999769527014172
0.9999771493087871
0.9999769219150976
0.9999765361854465
0.9999765260452551
0.9999768387099692
0.9999769317366456
0.9999766499361484
0.9999763642042532
0.9999764148115133
0.9999767256806614
0.999976681003225
0.999976261154261
0.9999759967896644
0.9999761509729174
0.9999763788642224
0.9999762614532406
0.9999758794178385
0.9999756947035953
0.9999758881956876
0.9999760786201365
0.9999759022731725
0.9999755601340675
0.9999754610719174
0.9999757961978174
0.9999758668952946
0.99997562871696
0.9999752754517753
0.9999753077461756
0.9999756183244636
0.99997554661404
0.9999752292045716
0.999974925573155
0.9999750950769993
0.9999754055863186
0.9999752158721515
0.9999748129781209
0.9999746357157956
0.9999748636364781
0.9999749711350177
0.9999747926830869
0.999974409807081
0.9999743156067721
0.9999745829588673
0.9999746699847876
0.9999744097141495
0.9999740474570146
0.9999740690885824
0.9999743552310807
0.9999743297531573
0.9999740147093311
0.9999737892830127
0.999973895924791
0.9999741166629966
0.999974067829595
0.999973719009301
0.9999735223450352
0.9999737513688455
0.9999739123710439
0.9999737453709305
0.9999734080538449
0.9999733439715469
0.9999735653276565
