0.9999998491679731
0.9999993933050166
0.9999992042656608
0.9999996228333201
0.9999994224491003
0.999998995600751
0.9999993270345146
0.9999994281662095
0.9999988934419871
0.9999989947374751
0.9999993324920979
0.9999988964095173
0.9999987075856553
0.9999991125886314
0.9999989123369094
0.999998488592291
0.99999879751437
0.9999988897535419
0.999998359954445
0.9999984366454211
0.9999987598332329
0.9999983222215459
0.9999981342309451
0.9999985276745873
0.99999834102539
0.9999979290060937
0.999998248890413
0.9999983519941739
0.9999978428708537
0.9999979358411397
0.9999982413003689
0.9999978206612823
0.9999976485651236
0.9999980338076555
0.9999978523131587
0.9999974515412466
0.9999977601016958
0.9999978381047644
0.9999973307522093
0.9999974643960947
0.9999977782000143
0.9999973557420238
0.9999972094582645
0.9999975814358418
0.9999973938620088
0.9999969893888736
0.9999972836913122
0.9999973828498627
0.9999968782386396
0.99999696541346
0.999997256113792
0.9999968278539717
0.9999966527139676
0.9999970167511931
0.9999968452165571
0.9999964544218667
0.9999967467713569
0.9999968373465392
0.9999963412673172
0.9999964414781906
0.999996718476246
0.9999963432310714
0.9999961887727086
0.9999965511652241
0.9999963812433149
0.9999959809006513
0.9999962594256275
0.9999963584335861
0.9999958929838022
0.9999959785282511
0.9999962597407624
0.9999958424626779
0.9999956741416685
0.9999960337319131
0.9999958700791685
0.9999954940384473
0.9999957314418476
0.9999958079591414
0.9999953415440411
0.9999954568092344
0.9999957378593344
0.9999953459298595
0.9999951955844529
0.9999955133014743
0.9999953662279056
0.9999949846391732
0.9999952510699124
0.9999953201246004
0.9999948485626827
0.9999949454559591
0.999995194519079
0.9999948002836195
0.9999946325911855
0.9999949902593898
0.9999948123835151
0.9999944268527027
0.999994700017834
0.9999947731493504
0.999994313686705
0.999994441057552
0.9999947021654999
0.9999943150449747
0.9999941852949275
0.9999945118953503
0.9999943451060141
0.999993937827026
0.9999941797563027
0.9999942316159727
0.9999937708099245
0.9999938698141354
0.9999941233979581
0.9999937365269915
0.9999935799302757
0.9999938888433689
0.9999937375126102
0.9999933468894238
0.9999936155954328
0.9999936672614032
0.9999932122216839
0.9999933032149103
0.9999935330796741
0.9999931715955483
0.9999930265838366
0.9999933411971569
0.9999931987236098
0.999992846373601
0.9999931306381425
0.9999931884286797
0.9999927504416204
0.9999928038264013
0.9999930705012925
0.9999927251807607
0.9999925869179325
0.9999928749808199
0.9999926926778819
0.9999922956882812
0.9999925164991437
0.9999925603939834
0.9999921119045998
0.9999921690357624
0.9999924361051729
0.9999920762619888
0.9999919534453885
0.9999922817330599
0.9999921241039389
0.9999917431764247
0.9999920110012964
0.9999920839419952
0.9999916619733507
0.9999917554701315
0.9999919929241953
0.9999916562724166
0.9999914766051955
0.9999917755138794
0.9999916360678194
0.9999912531292702
0.999991487709131
0.9999915754842634
0.9999911372337393
0.9999912248553449
0.9999914463983967
0.9999910790804365
0.9999909194777282
0.9999912400546727
0.9999910702313725
0.9999907187584192
0.9999909724553386
0.9999910066416938
0.9999905756718537
0.9999906442266009
0.9999908778744383
0.9999905469182366
0.9999904179094252
0.9999907279125281
0.999990551240404
0.9999901738377893
0.9999904186825078
0.9999905037273936
0.9999901130174312
0.9999901904168912
0.9999904153753089
0.9999900587484829
0.9999898947781561
0.9999902034740732
0.9999900444265934
0.9999896875610869
0.9999899109163565
0.9999899625990513
0.9999895321170251
0.9999895674905438
0.9999898004755965
0.9999894484232297
0.9999893090127078
0.9999896162960279
0.9999895312172753
0.9999891801692573
0.9999894167853309
0.9999894896158457
0.9999890851895644
0.9999891682258977
0.9999893777411782
0.9999890464901512
0.9999888819944626
0.9999892121102798
0.9999890267016913
0.9999887208698285
0.9999889435099047
0.999989000722216
0.9999885520449755
0.999988618549825
0.9999888322828254
0.9999885191822844
0.9999883728635467
0.9999886401810592
0.9999885185280033
0.9999881989360193
0.99998840423906
0.9999885032953906
0.9999881177495513
0.9999881836385622
0.9999883609722846
0.9999881120207448
0.9999879857796485
0.9999882750281615
0.9999881612318637
0.9999878639109601
0.9999880936850154
0.999988142874121
0.9999877639938655
0.9999878306814769
0.9999880221317858
0.9999877007347387
0.9999875722721676
0.9999878257089025
0.9999876655179069
0.9999873501337739
0.9999875814366112
0.9999876473848465
0.999987236389231
0.9999873102447566
0.999987510962023
0.9999872184492311
0.9999871047066209
0.9999873646199774
0.9999872327983313
0.9999869159504959
0.9999871594006368
0.9999872182709955
0.999986803914946
0.9999868691348953
0.9999870638456121
0.9999867805457651
0.9999866286539849
0.9999868700898208
0.9999867816516695
0.9999864634666568
0.999986665547211
0.9999867037230369
0.9999863522017908
0.9999864380615332
0.9999866476684546
0.999986338042389
0.9999861555277207
0.9999864251195131
0.9999862704371942
0.9999859543308344
0.9999861947355869
0.9999862208922078
0.9999858817660888
0.9999859314798438
0.9999860970303858
0.999985834774642
0.9999856622329729
0.9999859571710881
0.9999858519734239
0.9999855356463934
0.9999857484638605
0.9999857737189319
0.9999853819675604
0.9999854681270801
0.9999856301546471
0.9999853658463724
0.9999852404335138
0.9999854924563695
0.999985338787332
0.9999850333694714
0.999985264134359
0.9999853898750859
0.9999849764976751
0.9999850611521817
0.9999852101228345
0.9999849448856553
0.9999848370729825
0.9999850325517303
0.9999848931771255
0.9999845851399464
0.999984804565
0.9999848107675664
0.9999843895359496
0.9999844497775174
0.999984580615246
0.999984312494335
0.9999841096497403
0.9999843461936647
0.9999842278897629
0.9999838904366842
0.9999840424810461
0.9999840786434661
0.9999837389612889
0.9999838061666544
0.9999840474951478
0.9999837761908474
0.9999836273740575
0.9999838890645943
0.9999837364876234
0.9999834624526863
0.9999836473667154
0.999983704469583
0.9999833753248906
0.9999833914616492
0.9999836149674062
0.9999832953822567
0.9999831110846094
0.9999833107716636
0.9999832051232508
0.9999828904616604
0.9999831270088191
0.999983174153346
0.9999827985634208
0.9999828291757009
0.999983024066188
0.9999827372680107
0.9999826003278836
0.9999827871125906
0.9999826536229807
0.9999823474948472
0.9999825131253297
0.9999825589664618
0.9999821959382443
0.9999822295294631
0.9999823923269638
0.9999821679194482
0.9999820801837906
0.9999823113814023
0.9999821763275193
0.9999819034313187
0.9999821057247464
0.9999821726811825
0.9999818441268281
0.9999818493912817
0.9999820477667918
0.9999817096136354
0.9999815668243038
0.9999818144330858
0.9999817133890032
0.9999813814747482
0.9999815310750145
0.9999816042512439
0.9999812003221469
0.9999812013573587
0.9999813625150574
0.9999810845757853
0.9999809500106157
0.9999811246445817
0.9999810104885611
0.9999806917031975
0.9999809360979149
0.9999809548186168
0.9999805825537929
0.9999806392961321
0.9999808219429825
0.9999806068151333
0.9999804754373345
0.999980702470442
0.9999805797236792
0.9999802792271398
0.9999804333786174
0.9999804082587818
0.9999800614408009
0.999980102533561
0.9999802620009527
0.9999799896102135
0.9999798728708242
0.9999801466207249
0.9999799907264707
0.9999797199019589
0.9999798957343481
0.9999799750771119
0.999979619407577
0.9999796681185822
0.9999798111680333
0.999979540991956
0.9999794098770116
0.999979620683073
0.9999794843374834
0.9999791855975873
0.9999793635518047
0.9999793997124128
0.999979069827646
0.9999791044543694
0.9999792964801918
0.9999789420101505
0.9999788569487322
0.9999790991040743
0.9999790074692224
0.9999787445192143
0.9999788788702431
0.9999789367126541
0.9999786357527574
0.9999787108830575
0.9999788423386725
0.9999785664254398
0.9999784108019757
0.9999786499907111
0.9999785232971028
0.9999782619470343
0.9999784270030593
0.9999784648931586
0.9999781714042562
0.9999782173444289
0.9999783811852057
0.9999781259010917
0.9999779841316224
0.9999781522468687
0.9999780313441382
0.9999777850715609
0.9999779714686016
0.9999780237899059
0.9999776862599306
0.9999778220442603
0.9999780265137711
0.9999777698711182
0.9999775923971723
0.9999778070823625
0.9999776890303375
0.9999774142585697
0.9999775430437946
0.9999775830111756
0.9999772902321099
0.9999773611693286
0.9999774740168452
0.9999771777093199
0.9999770272874458
0.99997727157989
0.99997711580278
0.9999767985425411
0.9999769020235372
0.9999768946878356
0.999976586678181
0.9999766136965957
0.9999767333905002
0.9999764637217655
0.9999763222930285
0.9999765534120727
0.999976399408047
0.9999761542590715
0.9999763487606613
0.999976407765993
0.9999761326901982
0.9999760401153811
0.9999761512872688
0.9999758592643017
0.9999757534678221
0.9999759439547329
0.9999758417056821
0.9999756121299563
0.9999757569054302
0.9999757933770896
0.9999754773552714
0.9999754658902246
0.9999756530350562
0.9999754006680092
0.9999752266608112
0.9999754119797417
0.9999753134788549
0.9999751010111233
0.9999752334387607
0.9999752020028295
0.9999748551766475
0.9999748563836904
0.9999749782009495
0.9999746986376127
0.9999745617693283
0.999974668330201
0.999974567398218
0.9999742978289846
0.9999744293496824
0.9999745092548313
0.9999742363522766
0.9999742459198679
0.9999743738042903
0.999974104200689
0.9999739772000178
0.9999741404563623
0.999974079117775
0.9999739631287659
0.9999741641790114
0.9999742080780668
0.9999739641306524
0.9999739425815336
