0.9999917419537063
0.99997529153095
0.9999572096864879
0.9999381847816495
0.9999193009146332
0.9998987040541427
0.9998768183879853
0.9998548819020301
0.999834270064249
0.9998131242767462
0.9997923826118708
0.9997757986373966
0.9997589570277793
0.9997418103956619
0.9997275238018425
0.9997155320163972
0.9997027424957767
0.9996911344815292
0.9996770982723291
0.9996649815062316
0.9996546197380032
0.9996467546546469
0.9996309957743571
0.9996214125810261
0.9996008799252525
0.9995842649417755
0.9995666033615369
0.9995443262579681
0.9995253588357903
0.9995052838582419
0.9994842422195738
0.9994632320548622
0.9994411062434699
0.9994160899836767
0.9993968152958553
0.9993743824326093
0.9993612921132429
0.9993455454663832
0.9993279902314054
0.9993175333675761
0.9992994689417701
0.9992777451367739
0.9992658922342285
0.999254898316195
0.9992427777190134
0.9992299601087979
0.9992189251281578
0.9992024558209762
0.9991913647878942
0.9991768856894269
0.9991572925422187
0.9991441965033491
0.9991214307078529
0.9991046950937338
0.9990949326084138
0.9990778610378817
0.999058758325227
0.9990370316781804
0.9990162963659692
0.9989968275116266
0.9989804119463114
0.9989602926474599
0.9989410519471866
0.9989184036946125
0.9988987467518619
0.9988804241995557
0.9988628623763929
0.9988544744683784
0.998845433385241
0.9988345545248968
0.9988218460249373
0.9988030528069152
0.998787077416503
0.9987693922062689
0.9987585097029136
0.998736519896745
0.998718383233777
0.9987029464692436
0.9986783641172658
0.9986583290329694
0.9986431856123977
0.9986260256784976
0.9986149685049146
0.9985865836412001
0.9985640961969542
0.9985509811312865
0.9985332413328202
0.9985208223965909
0.9985081560538213
0.9984986696718682
0.9984816094935992
0.9984778089873096
0.9984659947278984
0.9984507740570056
0.9984430667674791
0.9984298493155536
0.9984154256718888
0.998405918216812
0.9983847429682837
0.9983754731786754
0.9983593494546185
0.9983337532510396
0.9983075806717899
0.9982889825247379
0.9982811973618381
0.9982639527032049
0.9982447169586519
0.9982283726730294
0.9982177600625267
0.9981959841857923
0.9981797901002398
0.9981552427045434
0.9981343000350905
0.9981213443335335
0.9980964036732677
0.9980764703783589
0.9980697432133334
0.9980592661020123
0.9980547857684426
0.9980395123335958
0.9980296616011682
0.9980089050039598
0.9979905017732322
0.997990961977539
0.997981423831996
0.9979651439837376
0.9979384145928324
0.9979236518241418
0.9979138675324338
0.9978856053284362
0.9978718570791585
0.9978604736829435
0.9978505529778369
0.9978261870388457
0.9978044622302942
0.9977934796376599
0.9977752348297286
0.9977572794456551
0.9977410264787187
0.9977196952632579
0.9977036269217603
0.9976887698688204
0.99767331946423
0.9976597526131847
0.9976457430570453
0.9976296593166143
0.9976093365932865
0.997591999721497
0.9975676019228941
0.997559004951285
0.9975440993229218
0.9975304535337534
0.9975223339333567
0.9974951534619243
0.9974803768258549
0.9974556410151699
0.9974309865671263
0.9974071705199721
0.9973796731170937
0.9973691383295181
0.997352487839988
0.997323676588858
0.9973012185837627
0.9972837381313184
0.9972662319380121
0.9972428947375827
0.9972222112714577
0.9972066471345872
0.9971975750984894
0.9971794569122961
0.997169286841344
0.9971519364783293
0.9971567124585704
0.9971411652084087
0.9971222556231862
0.9971059223391867
0.9970858110838254
0.9970722880826797
0.9970562235940615
0.9970456086387471
0.997029257197425
0.9970141149840174
0.996996673569702
0.9969843428500367
0.9969556327983453
0.9969519851045485
0.9969380983086238
0.9969196784654213
0.9969088147391156
0.9968943766441931
0.9968746704790332
0.9968636198024302
0.9968597740699723
0.9968492599816827
0.9968432510803016
0.9968352512533818
0.9968141702495764
0.9967999875707652
0.9967903739322457
0.9967816008258066
0.9967635235497281
0.9967516112930548
0.9967215440186261
0.9967106822909543
0.9966824696870821
0.9966694946995949
0.9966475138407335
0.9966239719480685
0.9966029022609987
0.9965918995423535
0.9965735712400711
0.9965542402945669
0.996528949445979
0.9965084018326016
0.9965013029963449
0.9964853420567578
0.9964718961250336
0.9964476982178417
0.9964337006333552
0.9964170179842419
0.9964075254904481
0.9963926698385038
0.9963698179427483
0.9963585578004305
0.9963415670222571
0.996334850023914
0.996305529272857
0.9962818025898588
0.9962785223046146
0.9962658722392833
0.9962379085826183
0.9962220871894356
0.9962094894286428
0.9961892602903991
0.9961750830884611
0.9961611724072054
0.996139986370835
0.996131219297952
0.9961164715632942
0.996098814867242
0.9960878015345882
0.9960547792209625
0.9960380640482362
0.9960098827725041
0.9959905144595441
0.9959870390268796
0.9959607672129712
0.9959441775631467
0.9959212323370707
0.9959042667219611
0.9958880199009199
0.9958772646345052
0.9958717343631285
0.9958646805560838
0.9958522010706355
0.9958332938843175
0.995816707115425
0.9957924750824905
0.9957633086446152
0.9957429197645943
0.9957211045333606
0.9956971095009032
0.9956881056368234
0.9956716490651413
0.9956556606275413
0.9956469618231008
0.9956340526189685
0.9956250019837795
0.9956205378741916
0.9956049367849642
0.995597084412453
0.9955953149633203
0.9955878042825924
0.9955737440049665
0.9955665914197183
0.9955583076070026
0.9955378646291102
0.995521709032313
0.9954975915589552
0.995478340102504
0.9954481246521083
0.995440091388653
0.9954298143574247
0.9954073867371516
0.9953950598801414
0.995374700583058
0.9953587914876154
0.9953461767551112
0.9953388617476545
0.995325684111853
0.9953137664899888
0.9952979538971435
0.9952755113694947
0.9952763949600266
0.995267678134428
0.9952638438996297
0.995239535987139
0.9952295285071232
0.9952187712766253
0.9952074351521205
0.9951817005828192
0.9951607183484059
0.9951334930488949
0.9951089711394366
0.995093330154388
0.9950726724182585
0.9950578571002756
0.9950311077045548
0.9949924376026553
0.9949816969229526
0.9949628972011584
0.9949413969827192
0.9949115632687144
0.994912578259226
0.9948956242866324
0.9948756288768732
0.99485129922407
0.9948394587480427
0.9948204322937502
0.9947985708615118
0.9947792214738616
0.9947599355221448
0.9947535568123277
0.9947430821022396
0.9947308283219078
0.9947234782873569
0.9947051672347836
0.9946883307717943
0.9946596539928182
0.9946412457196339
0.9946278047681676
0.9945993940852692
0.9945580767507685
0.9945278080946852
0.994518203705609
0.9945034221338909
0.9944703455109163
0.9944598761793634
0.9944278324862205
0.9944142821031444
0.9943992102718194
0.9943787423783648
0.9943719618952139
0.9943613880293946
0.9943456763355596
0.9943354512350331
0.994329002478006
0.9943208972527684
0.9942829185108387
0.994262832421906
0.9942543902984877
0.9942238136745731
0.9941985794290537
0.9941857647135144
0.9941632583505873
0.9941571346641651
0.9941476472879349
0.9941483323811988
0.9941165444808838
0.9940843833589345
0.994071607184302
0.9940739745444408
0.9940481498033259
0.9940250002529479
0.994004194216809
0.9939833117541329
0.9939684526211819
0.9939502357312621
0.9939481296872804
0.9939288421732355
0.9939334152082439
0.9939241174495735
0.9939097962088339
0.993907586576413
0.9939087373623045
0.993887584255885
0.9938784038033802
0.9938536889358858
0.9938397222572476
0.993835411155718
0.9938039107901058
0.9937785384714156
0.9937430974983863
0.9937267756986082
0.9937294133282577
0.9936919108115022
0.9936755422911787
0.9936707634409334
0.9936757502772057
0.9936460088025387
0.9936392956935982
0.993612527794184
0.9936025701357682
0.9935865451538272
0.9935846476188827
0.9935767325165342
0.9935565775734913
0.9935456521663975
0.993522132137931
0.9935077773346463
0.9935025069699237
0.9934856326339816
0.9934591170538377
0.9934447969056845
0.9934013615097262
0.9933988145548668
0.9933825088743342
0.9933845169990742
0.993368986462167
0.9933492783055493
0.9933321912790949
0.9933148740257813
0.9932882017488117
0.9932599303130155
0.9932435266055799
0.9932384416125272
0.9932196423807335
0.9932191323228917
0.9931998876619579
0.9931767200063824
0.9931596573768585
0.9931434767705661
0.9931400972553235
0.9931231348241778
0.9930919122588033
0.9930795372319023
0.9930716977153055
0.9930673606722241
0.9930369343907903
0.9930209129901794
0.9930183510064289
0.9930102075461652
0.992987289502762
0.9929702274173382
0.9929543532358132
0.9929402159656897
0.9929365127603885
0.9929220435843705
0.9929056565480753
0.9928885013524853
0.992869681562134
0.9928346460405549
0.9928083721038545
0.9927912579130656
0.9927532161576166
0.992708372762834
0.9927070358308093
0.9927095630485152
0.9926987427644067
0.9926804182334947
0.9926766674179281
0.9926480186378702
0.9926236993491495
0.9926099722970217
0.9926132549721741
0.992592703523232
0.992554476417092
0.9925300535740956
0.9925150416255228
0.9924720009383525
0.9924618539093869
0.9924367818188078
0.9924068404931088
0.9923869262580861
0.9923698032266468
0.9923537293057723
0.9923289625555032
0.9923389387415877
0.9923290031024621
0.9923099049942845
0.9923169056403215
0.9922800961661293
0.992257176247789
0.99224238494962
0.9922073167091603
0.9921951615538606
0.9921812438783612
0.9921756548833934
0.9921639828872
0.9921400186396262
0.9921263341321507
0.9921110557358781
0.9921071412624839
0.9920953321701682
0.9920593855537819
0.9920388692593319
0.9920101260498112
0.9919719822183396
0.9919502425872533
0.9919226890941312
0.9919051594580447
0.9918990162733761
0.9918741616934273
0.9918700100586922
0.991842499280305
0.9918161912300673
0.9917879705404574
0.9917515936962716
0.9917357833939174
0.9917103431020903
