0.9999999436447027
0.9999827463428059
0.9999659554453773
0.9999504952086855
0.9999340188790885
0.9999173322261983
0.9999009944974023
0.999884946969564
0.999866419978351
0.9998518436698177
0.9998364014050874
0.9998226669876689
0.9998038350554912
0.9997872567138965
0.9997755240179013
0.9997587751179025
0.9997442685377872
0.9997273574314735
0.9997097169923869
0.9996893227271075
0.9996695063690516
0.9996530839019432
0.9996358835045034
0.9996223935722397
0.9996020246574306
0.9995881837373531
0.9995720707613539
0.9995528417652256
0.9995336913936145
0.9995178967169419
0.9995006410989995
0.999484647995701
0.9994689188066472
0.9994513272113834
0.9994378105940949
0.999420344242471
0.9994048027190908
0.9993896404243289
0.9993755682985626
0.9993512547697316
0.9993319043868584
0.9993161438816379
0.9992932961936365
0.9992704482974488
0.9992559916991758
0.9992413776396534
0.9992213207561483
0.9992068053686969
0.9991928258785877
0.9991705249165878
0.9991498763101927
0.9991317164745412
0.9991170880153721
0.9991054955763476
0.9990883373808742
0.9990737559714669
0.9990537082084457
0.9990370882567787
0.9990219938251982
0.9990017823617878
0.9989798447609325
0.9989641602383986
0.9989505869625133
0.9989316025973429
0.9989144828374374
0.9988952218798842
0.998885241209124
0.9988702711566766
0.9988573249478356
0.9988385865647157
0.9988209463714366
0.9988079094942782
0.9987864010294157
0.9987649437953933
0.998754615719511
0.9987368438225243
0.9987235460288658
0.99870478154535
0.9986921442401765
0.9986760738619309
0.9986600297182155
0.9986458383550862
0.9986337183679941
0.9986129770031864
0.9985912064708765
0.9985764850040146
0.9985661778144668
0.9985503384204835
0.9985305460488587
0.9985079375169158
0.9984912324608812
0.9984780599963609
0.9984602769466938
0.9984512337851289
0.9984429942222346
0.9984274921308441
0.9984028083189207
0.9983939137469368
0.9983694787298034
0.9983472308180155
0.9983323641127838
0.9983189491621489
0.9983061563278078
0.9982900573807226
0.9982732272481457
0.9982530305164531
0.998234551553724
0.9982212125078563
0.9982020024613131
0.9981890559402787
0.9981838791419472
0.9981718905302255
0.9981517050048164
0.9981313965747864
0.9981117716778294
0.9981008744029274
0.9980813657582324
0.9980676230526856
0.9980579820711815
0.9980293640254015
0.998009210582874
0.9979850781930831
0.9979729491382684
0.9979671863453973
0.99796093799561
0.9979408169507413
0.9979256502821441
0.99791019242657
0.9978923547698567
0.9978786540286598
0.9978542601319937
0.9978340770217244
0.9978047142780081
0.9977952872884143
0.9977799017618121
0.9977759585824948
0.9977599619231194
0.9977351575167482
0.9977209969833215
0.9977055469446057
0.9976954094386705
0.9976741328753858
0.9976513133016948
0.9976367324358382
0.9976196732132437
0.9976089868024165
0.9975865614674708
0.9975705681716398
0.9975539450458368
0.9975401459123613
0.9975253323301712
0.9975005150937223
0.9974867192216766
0.9974689381026961
0.9974413687913414
0.9974316619563485
0.9974249342887281
0.9974041049513567
0.9973817838237371
0.997379733158078
0.9973624691205535
0.9973428849008796
0.9973248586470932
0.99730978308362
0.9972958110251646
0.9972855431462356
0.9972708734164368
0.9972571689626039
0.997236094047843
0.9972244619064689
0.9972071212826458
0.9971912860224201
0.9971628851042067
0.9971432332689435
0.9971222964275048
0.9971040522126103
0.9970848500950228
0.9970723429609527
0.997052009509061
0.9970417117679055
0.9970228884343352
0.9970062459467333
0.9970024976395636
0.9969870962186861
0.9969760727771686
0.996980057727228
0.9969648279254277
0.9969393552074681
0.996915181080416
0.996882952461648
0.9968613400753797
0.9968515978669058
0.9968301050887302
0.9968118068703616
0.9967947975088142
0.9967761721313931
0.9967590300775558
0.9967321171550793
0.9967131552255378
0.9966974146444401
0.9966873126042326
0.9966796790350302
0.9966635139853574
0.9966512144867776
0.9966456624077148
0.9966302601189657
0.9966127216725258
0.9965990394308001
0.9965800773625696
0.9965692628325427
0.9965679021784466
0.9965550736315938
0.9965304050187219
0.996512700040153
0.9965062128543517
0.9964951795614628
0.9964798970171899
0.9964613522744941
0.996433512915657
0.9964072106684421
0.9963969827096222
0.9963964117580354
0.9963757497004696
0.9963577553311986
0.9963446179399552
0.9963396095537631
0.996324922874179
0.996320099681295
0.9963100142175871
0.9962853472137332
0.9962692677181645
0.9962609034053148
0.9962452131274485
0.9962328769302952
0.9962164332118288
0.9962139453953905
0.9961960454745671
0.9961715534744908
0.9961505149758717
0.9961344935763656
0.9961134141977065
0.9961037198110236
0.9960920514273399
0.9960608080763582
0.9960427109893165
0.996032801149431
0.9960138124523766
0.9959922675000378
0.9959568212258134
0.995939634066071
0.99592858334177
0.9959184308481996
0.9959064958525868
0.9958788111646791
0.9958596969999035
0.9958319345373885
0.9958057691400637
0.995792701848517
0.9957858080664544
0.9957836721988219
0.9957790590496984
0.9957610239516437
0.9957369252113256
0.995720503186657
0.9957148074644749
0.9957038800886362
0.9956847913674826
0.9956752631872082
0.995654348806704
0.9956406781971189
0.9956160387989824
0.9955934932887938
0.9955651225547264
0.9955410928811418
0.9955226221185867
0.9955027723202872
0.9954968814839352
0.9954728543992121
0.9954571290686927
0.9954398294157465
0.995406380769548
0.995388868080867
0.9953680064471168
0.9953407340849718
0.995335908116731
0.9953224476882837
0.9952994922821399
0.9952902611117652
0.9952729867582338
0.9952425661555542
0.9952267054378936
0.9952065204303546
0.9951858000168511
0.995171437215087
0.995154744665317
0.9951344611323818
0.9951314986444242
0.9951214989947922
0.9951153654479465
0.9951039376347096
0.99509942584264
0.9950930699220392
0.9950723823011318
0.9950666306957108
0.9950518137081795
0.9950190465491997
0.995002695814404
0.9949727173680434
0.9949496177006719
0.9949300112789676
0.9949108451372984
0.9949048909295153
0.994873185010415
0.9948649997117781
0.994842923073872
0.9948242309256564
0.9948069982670725
0.9947907562038278
0.9947807819997936
0.9947614706745296
0.9947364842027315
0.9947293576690294
0.9947190424207498
0.9946976127047203
0.9946897644557552
0.9946692904926335
0.994650563310142
0.994641497054679
0.994613012138603
0.9946061660585747
0.9945839992718205
0.9945739559789072
0.994572510612307
0.9945438044782938
0.9945282654139457
0.994514208799748
0.9944960585043421
0.9944511129057028
0.9944328230760529
0.9944043961791235
0.9943878278422942
0.9943791415014064
0.9943579460170179
0.9943379991038818
0.9943139924969936
0.9942910673199397
0.9942701388715351
0.9942486286140357
0.9942283221253317
0.9942167765618576
0.9942026490764265
0.9941790181347201
0.9941767379970228
0.9941563376570136
0.9941436657861067
0.9941276150668193
0.9941097693577287
0.9940963865572048
0.9940751660028728
0.9940540105386416
0.9940259097653001
0.9940065610483427
0.9939977207372754
0.9939795472157708
0.9939588731367588
0.9939414792533726
0.993917626672366
0.9939100742873198
0.9939144205687952
0.9939013583371341
0.9938746351293065
0.9938511219930435
0.9938326156250068
0.9938089021260335
0.9937890792406564
0.9937717560227338
0.993754151910718
0.9937294651312445
0.9937134500443862
0.9936929962304153
0.9936892716231351
0.9936799397478444
0.993664593045483
0.993643624550466
0.993618894974203
0.9936040818865401
0.9935954044268186
0.9935637433442451
0.9935348029986307
0.993508119595805
0.9935007121304988
0.993481590772052
0.993455323240209
0.9934382726121235
0.9934138825791711
0.9933862265189927
0.9933755904305868
0.9933567000888872
0.9933390112704598
0.9933213135464253
0.9933040647332994
0.9933010627980707
0.9932804473724505
0.9932701030749874
0.9932687651748063
0.9932401265053914
0.993232077795177
0.9932212837391814
0.9931973109936378
0.9931856908345089
0.9931520875789056
0.9931385353879709
0.9931358068116325
0.9931315604323634
0.9931020185018926
0.9930758938083298
0.993065817495843
0.9930399310080275
0.9930309922092326
0.9930291434521101
0.9930112600256182
0.9930115549881456
0.9929705629221078
0.9929588219683353
0.9929649640906694
0.9929358557113195
0.992918598156173
0.9928792864903405
0.9928610229515241
0.9928505387444096
0.9928392748167658
0.9928082522218719
0.9927952452378177
0.9927847175946088
0.9927800157287247
0.992764511523262
0.9927390187658559
0.9927149501541189
0.9926884629029749
0.992677994590265
0.992670696536281
0.9926470008936121
0.9926432131830486
0.9926453895534989
0.9926249508926945
0.9926024363344487
0.9925898092139848
0.9925582605625204
0.9925112926602112
0.992493651657667
0.9924755836589757
0.9924553262945583
0.9924522469711853
0.9924329866146836
0.9924029972278909
0.9923797545706736
0.9923883703466919
0.9923739339008532
0.9923648006989173
0.9923440406898617
0.9923236445638495
0.9922869561536953
0.9922746022855137
0.9922630796768505
0.9922495341525875
0.9922301559823401
0.9922064190574726
0.9921989710590426
0.9921959667837448
0.9921593828365898
0.992130229310604
0.9921201780058277
0.9921028707129798
0.9921033640123404
0.992088850131811
0.9920724620420072
0.9920467658856421
0.9920400721065391
0.9920330174163347
0.992035464748469
0.9920101544660141
0.9920025892383304
0.9919847022822047
0.9919797529701134
0.9919579369126504
0.9919520839517055
0.9919358538114089
0.9919286494963467
0.9919054774858795
0.9918890188010301
0.9918679444264172
0.9918491266147219
0.991819098323516
0.9918086416969778
0.9917902480916082
0.9917780467171727
0.9917367737093599
0.9916970517974634
0.9916681416683142
0.9916497957841561
