0.9999999259691487
0.9999993334206957
0.999999231780959
0.9999987983060288
0.9999984598558648
0.9999982793141058
0.9999977841540175
0.9999977605351236
0.9999971294348033
0.9999970813085518
0.9999965979421563
0.9999962884185498
0.9999961578316104
0.999995651964917
0.9999956116363513
0.9999950065703715
0.9999949043068699
0.9999944197190124
0.9999940744939202
0.9999939016658806
0.9999933718612917
0.9999933201807241
0.9999927984054978
0.9999926920981199
0.9999922664756401
0.9999920838210472
0.9999918158424067
0.9999913396821172
0.9999912587048043
0.9999906499497707
0.9999905480946314
0.9999900127875975
0.9999897830079425
0.9999894605466053
0.999989006462057
0.9999888737434333
0.9999883688755764
0.9999883630285193
0.9999877967073902
0.9999875258718789
0.9999872761822187
0.9999868338855261
0.9999866904298786
0.9999860331956213
0.9999860064777644
0.9999854018131218
0.9999851788760167
0.9999847318970014
0.9999842854647
0.9999842349642745
0.9999837044671941
0.9999835907092577
0.9999830521559727
0.9999828394988378
0.9999825113508606
0.9999820869646155
0.9999820253362552
0.9999814612086585
0.9999813028814935
0.9999808934451824
0.999980742116059
0.9999805279665481
0.9999800167216771
0.9999797887613897
0.9999792872941041
0.9999792180537416
0.9999786228047365
0.9999785091289702
0.9999781181758991
0.9999778001100104
0.9999778280732479
0.9999771140395436
0.9999771084156934
0.9999766311614798
0.9999765189083601
0.9999762217847918
0.9999758208311016
0.9999758282368654
0.9999753276072375
0.9999753914944324
0.9999749067761776
0.999974784270964
0.999974304196848
0.9999739932877163
0.9999737124990639
0.99997317046716
0.9999729144916287
0.9999722198753902
0.9999719973766985
0.9999716659042701
0.999971289627694
0.9999709268257347
0.9999704505078756
0.9999703265802983
0.9999696606946074
0.9999695854551023
0.9999690536995371
0.9999687127416641
0.9999685761176997
0.9999680959164263
0.9999680899145645
0.9999674944747846
0.9999676155790416
0.9999671410624905
0.9999667770442643
0.9999666190799998
0.999965994438543
0.9999657764247009
0.9999652480987977
0.9999653560109115
0.9999648772058711
0.9999646335600333
0.9999643174483396
0.9999638968895432
0.9999637770189104
0.9999632795858042
0.999963316770069
0.9999627795105537
0.9999623902226642
0.9999623278409899
0.9999617860031416
0.9999615123051796
0.9999609406270856
0.9999607982135101
0.9999602128535142
0.9999598373843064
0.9999595317980768
0.9999589681717546
0.9999587262484693
0.9999581427266087
0.9999582135818837
0.9999576934019326
0.9999574712198893
0.9999571856693372
0.999956653209952
0.9999563192841877
0.9999558503194085
0.9999557596170904
0.9999553729213879
0.9999552158380568
0.9999548166865203
0.9999544616106408
0.9999543729687822
0.9999539048305014
0.9999536777062737
0.9999533387160727
0.9999532737313627
0.9999531885605029
0.9999528646272099
0.9999527928497225
0.9999520854548289
0.9999521113080978
0.9999515210163543
0.999951273892888
0.9999509883546039
0.9999505989632899
0.9999503269516763
0.9999495641627841
0.9999494868182802
0.9999487683342666
0.9999483730997402
0.9999478358071131
0.9999474264238967
0.9999473171900995
0.9999471538643896
0.9999469803797911
0.9999466084024159
0.9999465257708345
0.999946000335607
0.9999457239197213
0.9999455696540587
0.9999453140065172
0.9999449976778743
0.9999443854940734
0.9999441142999381
0.9999435156560341
0.9999430814106606
0.9999431244308207
0.9999427514966943
0.99994230164577
0.9999417803204297
0.9999417398875756
0.9999414533601186
0.9999410501577332
0.9999407099387213
0.9999401629940183
0.9999400789415757
0.9999397763358177
0.9999395827988776
0.9999389633503021
0.9999388455487814
0.9999385621087012
0.9999381083967877
0.9999375696251128
0.9999371522394704
0.9999370013980792
0.9999366113475647
0.999936261724239
0.999936042622423
0.9999355038630569
0.9999353852452129
0.9999349683873319
0.999934811095658
0.9999343834156631
0.9999344087649541
0.9999342894344326
0.9999336972694212
0.9999336932872169
0.9999331488204446
0.9999330217279788
0.9999326866693767
0.9999323299762033
0.9999320209400543
0.999931670572733
0.9999314668076643
0.9999308220421754
0.9999307014617898
0.999930054356651
0.9999298603054412
0.9999293522532038
0.9999292001881557
0.9999290623214814
0.9999285112278342
0.9999283003425538
0.9999276809940902
0.9999274795333238
0.999927209362173
0.9999268825725858
0.9999268346452782
0.9999263521215381
0.9999261385858678
0.9999258697774328
0.999925659807974
0.9999254683214165
0.9999250170741566
0.9999251025667808
0.9999246599787094
0.999924403429975
0.9999239627960768
0.9999234624534576
0.9999230398964631
0.9999227373282933
0.9999224326755211
0.9999219160242412
0.9999217292047928
0.9999215697088096
0.9999211529699951
0.9999209003710375
0.9999206028531124
0.9999205354194106
0.9999198958215405
0.9999197419158529
0.9999194398017917
0.9999192153369317
0.9999185023073464
0.9999181627898702
0.9999178683754939
0.9999172326883627
0.9999171267470915
0.9999166532376434
0.9999162605108005
0.999915731882505
0.9999153000645934
0.9999148700121033
0.9999144983216132
0.9999144191911192
0.9999138144234816
0.9999134451923725
0.999912982959895
0.9999127971031831
0.9999126223000949
0.9999120548529967
0.9999120716569073
0.9999117538643174
0.9999114383565848
0.9999111063987784
0.9999109421888132
0.9999107015348233
0.9999100341768494
0.9999101528155004
0.9999094597162536
0.9999093366534668
0.9999085973891403
0.9999084244737216
0.9999083592140791
0.9999078210787161
0.9999078589313717
0.9999075887892599
0.9999076904019709
0.9999074051044534
0.9999068757663884
0.9999063758750127
0.9999057975937392
0.9999056485574536
0.9999049147498665
0.999904756897369
0.9999044353180407
0.9999040563566257
0.9999036435733021
0.9999031543512674
0.9999028813075304
0.9999023920228944
0.9999021920184212
0.9999014472088247
0.9999011857295592
0.9999009547233375
0.9999006730460956
0.9999004729516511
0.9999002416613763
0.9999000680503606
0.9998995040038292
0.9998989430653031
0.9998988664912504
0.9998982542400104
0.9998977788829576
0.9998974723141425
0.999897356162004
0.9998968034011991
0.9998964985201545
0.9998963993960436
0.9998959487233929
0.9998958428363459
0.9998955724592269
0.9998955505664872
0.9998953852298972
0.9998948616574982
0.9998947178058271
0.9998942071757588
0.9998940268433699
0.9998935500523907
0.9998934073940304
0.9998930987030156
0.9998925174732408
0.9998924737647228
0.9998918437229793
0.9998916193264544
0.999891130887364
0.9998909700289882
0.9998905563152002
0.9998900903426077
0.9998893929516598
0.9998885982743388
0.9998886084707064
0.9998882888881128
0.9998882947522884
0.999887891272889
0.9998876035683517
0.9998875966574502
0.9998869902634705
0.9998870062596976
0.9998867155490674
0.9998866801249453
0.9998861834896061
0.9998860016727787
0.9998858320604722
0.9998856174500569
0.9998851357225784
0.9998845861357862
0.9998843492728425
0.9998839812447511
0.999883518933163
0.9998835589309065
0.9998830849690914
0.9998826780783938
0.9998822914543654
0.9998820259342939
0.9998815862713903
0.999881222314691
0.999880693910118
0.9998802275504841
0.9998800241787482
0.9998797156870233
0.9998796018932286
0.9998791055119756
0.9998790083565511
0.9998786283699257
0.9998782557844393
0.9998779140488252
0.9998777151411367
0.9998776507462435
0.9998771893377113
0.9998768120005228
0.9998763648198544
0.9998762565081245
0.9998759825390283
0.9998756476458973
0.9998757398901943
0.9998753303591611
0.9998751679160963
0.9998747815405323
0.9998745547903352
0.9998744416006277
0.9998738464613179
0.9998741209423979
0.9998736105098938
0.9998732587696872
0.9998727741200881
0.9998726459656196
0.9998723911961297
0.9998721569662045
0.9998718587175393
0.9998716247255086
0.9998712723445426
0.9998708267306897
0.9998704571567614
0.999869937629904
0.9998697405668107
0.9998696483014453
0.9998692159478407
0.9998689286529747
0.9998686738819845
0.9998680203990105
0.9998677226177823
0.9998674092898988
0.9998669184574455
0.999866458365268
0.9998664499059321
0.9998656357088019
0.9998652802927976
0.9998653026237322
0.9998649011379
0.999864495844184
0.9998641943531664
0.9998645615307117
0.9998642049965265
0.9998640454208292
0.999863678988306
0.9998632320869772
0.9998629152595335
0.9998624267201062
0.9998621704354171
0.9998619791753095
0.999861646785363
0.9998613782200684
0.9998608335142058
0.9998607611969592
0.999860392904711
0.9998602322343147
0.9998597856231496
0.9998596621476693
0.9998594799445522
0.9998589718928926
0.9998588418772366
0.9998583461694929
0.9998581797938514
0.9998581095119518
0.9998578450912995
0.999857705051255
0.9998576789797703
0.9998573580802098
0.9998574057316527
0.999857459597796
0.9998570259329487
0.9998569099049703
0.999856671718418
0.9998560469661321
0.9998555791970638
0.9998550550857349
0.9998546505291076
0.9998536398522442
0.999853595256031
0.9998536060361163
0.9998529805450878
0.999852999547574
0.9998528149989929
0.999852810182001
0.9998526775564912
0.9998525914418752
0.9998524190274134
0.9998517622423927
0.9998513954036796
0.9998508135728663
0.9998510276245072
0.9998506366645471
0.999850424510078
0.9998500247117779
0.9998493234816997
0.9998493654243524
0.9998486652022098
0.9998481926295041
0.9998478072000838
0.9998475382520478
0.9998469187567083
0.999846747889928
0.9998465026607644
0.9998462530772806
0.9998458728831136
0.9998452630956911
0.9998449995660399
0.9998448516687833
0.9998447987501246
0.9998445183802672
0.9998436098539167
0.9998433936630312
0.999843227547952
0.9998428707763631
0.9998423927451718
0.999841940464882
0.9998414735557648
0.999840997815587
