0.9999660336536976
0.9999492154633425
0.9999328066874007
0.999913768803513
0.9998961038771358
0.9998737233032533
0.9998510563838986
0.9998274184227467
0.9998019480339073
0.999778125010051
0.9997555496242518
0.9997297785265902
0.999706565378403
0.9996815079420863
0.9996572214701668
0.9996321258794988
0.9996082812574564
0.9995844197628755
0.9995610225602783
0.9995398418242177
0.9995146571926967
0.9994966138810327
0.9994773944554138
0.9994631133761014
0.999443096828358
0.9994298318539568
0.9994146160217648
0.9994009038571906
0.9993869685279068
0.9993734850864913
0.9993603893939904
0.9993544071178256
0.999342204327696
0.9993333274887084
0.9993252311326549
0.9993096017896181
0.9993011836809766
0.9992919912916318
0.9992799739141847
0.9992711278398556
0.9992586819772359
0.9992499958302193
0.9992427414507539
0.9992270220155482
0.9992151177694221
0.9992022171480872
0.9991883201908112
0.999178551171203
0.9991651103797079
0.999146737021479
0.9991351800236161
0.9991114603371521
0.999092206274916
0.9990803455331136
0.9990605697825707
0.9990379563185512
0.9990068937343101
0.9989896213873223
0.998966688679292
0.9989450351268933
0.9989262474154348
0.9989038590901682
0.9988753686197687
0.9988485049297431
0.9988311298106013
0.9988066227031399
0.9987856339312422
0.9987623490355725
0.9987431336845112
0.9987154454806839
0.9986946859062916
0.9986711332956466
0.9986530008024057
0.9986303049649109
0.998611436802897
0.9985943073725518
0.9985706507537778
0.9985566084577299
0.9985475408411654
0.9985303414921475
0.998519338030167
0.9985124769690124
0.9984983276878313
0.998483042583386
0.9984624796762163
0.9984590175187011
0.9984400715482896
0.9984270974902425
0.9984272224351257
0.9984223639058958
0.998412539765647
0.9984042666904582
0.9983938053599479
0.998386313725848
0.9983733557443335
0.9983622443435951
0.9983498704342331
0.9983352126598937
0.9983229799364649
0.9983142765833032
0.9982992051284947
0.9982832147379433
0.998273124808213
0.9982611779269639
0.9982388335391827
0.9982203629019786
0.9982127923394296
0.9981855209709847
0.9981638497213324
0.9981402068236672
0.9981244515049541
0.9980998850421329
0.9980797566596807
0.9980668157165026
0.9980499851506832
0.9980254630329495
0.9980124030404951
0.9979944913101896
0.9979667825119125
0.9979339503889332
0.9979194548785988
0.9978953516868874
0.9978813067262754
0.9978583069370086
0.9978505481280919
0.9978354061367053
0.9978177224588225
0.9977956473927598
0.9977860952266161
0.9977688552967784
0.9977549227984959
0.9977517086505768
0.997740177482466
0.9977391348820487
0.9977408331796569
0.9977247477194099
0.9977098212948217
0.9976925765553074
0.9976785200571452
0.9976709607313919
0.9976607124583645
0.9976481183669786
0.9976339734825418
0.9976138543724095
0.9975995144275861
0.9975998625919924
0.9975780700133025
0.9975641617184331
0.9975512663125239
0.9975382398518359
0.9975212095886367
0.9975129394695402
0.9974938730167586
0.9974833857918007
0.9974671647180082
0.9974409490491113
0.9974091523010333
0.9973831326177763
0.9973696926051204
0.997346244272109
0.9973146749008553
0.9972795819528492
0.9972657042531856
0.9972477542599678
0.9972281802219446
0.997200820374412
0.9971793477668235
0.9971549183945072
0.9971388974743612
0.9971147740575965
0.9970870962660369
0.9970718140087352
0.9970432085573835
0.9970364933664568
0.9970082221305936
0.9969858099478174
0.9969769203212566
0.9969610650118451
0.9969470126134844
0.996936565581178
0.9969259879045782
0.9969237622154802
0.9969158005483647
0.9969105064451439
0.9968923823321019
0.9968896377380375
0.996881400897999
0.9968600541066182
0.996848124430785
0.9968416835108067
0.9968339134311098
0.9968264924358897
0.9968137338514478
0.9968074275850421
0.9967966972168392
0.9967823539459134
0.996770579654566
0.9967535564226236
0.9967341937807694
0.9967260015082714
0.9967092329748503
0.996686232701713
0.9966718203358639
0.9966517405555293
0.9966196503419413
0.9965985861313642
0.9965815442825575
0.9965686711827477
0.996551887936682
0.9965290778360788
0.9965034860546712
0.9964780807455283
0.9964734534943542
0.9964526510643851
0.9964328707413594
0.9964193194042416
0.9964021158210092
0.9963801080180701
0.9963615347614728
0.9963410857291849
0.9963303621654299
0.9963041507181029
0.9962798522691124
0.9962635457955326
0.9962435282116593
0.9962237384160827
0.9961968470958789
0.9961863429994962
0.9961637345533944
0.9961621217460163
0.9961702960607416
0.9961525081572438
0.9961382175349508
0.9961227841522599
0.9960934915632749
0.996083153782246
0.9960912494117377
0.9960811075719559
0.996068159567725
0.9960589970103725
0.9960363496862275
0.9960251467198294
0.9960111450456849
0.9959919778401445
0.9959868730344434
0.9959599845731488
0.9959478220378399
0.9959388018944464
0.9959438364007821
0.995918401236039
0.9958968551749037
0.9958751796108832
0.9958671842667457
0.9958435536344423
0.9958283160191844
0.9958134816821809
0.9957982019039442
0.9957592856306784
0.9957291042030608
0.9956900238954622
0.995673190826611
0.9956445963919653
0.9956162812656161
0.995582962506322
0.9955802821261153
0.995550133353806
0.9955172244285271
0.9954949106179831
0.9954718333136834
0.9954424090285587
0.9954082992800612
0.9953850408982136
0.9953798836131688
0.9953515947301985
0.9953571648870011
0.9953376878466937
0.995325613544339
0.9953017562632391
0.9952831864512262
0.9952622855165779
0.9952631944607327
0.9952429878691604
0.9952210662127338
0.9952218743749776
0.9952070894570122
0.9951995790769097
0.9951857622318354
0.9951598963017819
0.995164172305957
0.9951639209411592
0.9951575565717055
0.995133695855225
0.9951111498366115
0.9950998327936194
0.9951025845098133
0.9950852736818229
0.995069468910986
0.9950485716335464
0.9950225473420349
0.9950048440431289
0.9949837802811945
0.994964381507774
0.9949460330792415
0.9949339389089419
0.9949132292328184
0.9949046420536072
0.9948849198994492
0.9948478990456711
0.9948283274146368
0.9948199067639297
0.9948001925199694
0.9947665814080958
0.9947389611408318
0.9947295360698307
0.9947209127667157
0.9946870857988077
0.9946569672207188
0.9946466372863672
0.9946418567671309
0.9946155239050208
0.9945835370029066
0.9945757539982049
0.9945574339870796
0.9945401740807658
0.9945345731972145
0.9945208811899371
0.994493368566923
0.9944826515669246
0.9944638398884122
0.9944385374104803
0.9944176933211241
0.9944073490121171
0.9944041066405789
0.9943793968834088
0.9943717251613371
0.9943684300518476
0.994349037107701
0.994326913750029
0.9943147163683669
0.9943131775530136
0.9943038634029188
0.9942856019182268
0.9942658069386737
0.9942537862524473
0.9942568576474817
0.9942371796757155
0.9942107322779269
0.9941889004003898
0.9941760827149969
0.9941403186506546
0.994140869183564
0.9941276277830369
0.9941150485121355
0.9940952136517373
0.9940726647579566
0.9940550755452663
0.9940321604279536
0.9939952008749772
0.9939714861575806
0.9939468566883785
0.9939101168464979
0.9938795110165471
0.9938473760785845
0.9938178630988171
0.9938003163540005
0.9937605848682516
0.9937457708176598
0.9937276270733473
0.9937267486841193
0.9937150646654679
0.9937094788650607
0.9937073757136679
0.9936907297183253
0.9936771258769266
0.9936804427030514
0.9936649209619285
0.9936682415752328
0.9936585924094699
0.9936400674063663
0.9936167779395724
0.9936036060974119
0.9935857407369519
0.9935755375796607
0.9935626747633196
0.993546465603294
0.9935456665139659
0.9935251144692564
0.9935130096667156
0.9935041841893345
0.9935110059090072
0.9935007547740486
0.9934835148270887
0.993481805913355
0.9934500450849679
0.9934177905779773
0.9934021707474385
0.9933884317523308
0.9933834744414175
0.9933714118479863
0.9933541607349089
0.9933320637910206
0.9933199482632727
0.9932998754362501
0.9932647593079782
0.9932573285369387
0.9932395550893055
0.9932331722010944
0.9932130722448662
0.9931975488613806
0.9931876686841841
0.993160862830141
0.9931491554873104
0.9931487063682
0.9931089228019093
0.993091123470428
0.9930675567441478
0.9930367251975202
0.9930214966085552
0.9930114728042032
0.9930027120380568
0.9929842416642004
0.9929559825107922
0.9929262487699071
0.9928889748396212
0.9928814462507409
0.9928599447643263
0.9928729631265585
0.9928488971858693
0.9928288880113039
0.9928034525686645
0.9927592548201312
0.9927526337461443
0.9927374948949296
0.992717248164325
0.9927047238864563
0.9926873436008706
0.9926678619256628
0.9926343013289947
0.9926313541028363
0.9926119073489086
0.99260070969956
0.9925976592866599
0.9925828482469731
0.9925773139341861
0.9925781944686491
0.9925575886882239
0.9925334727659505
0.9925282066350893
0.9925221518110986
0.9925074268041073
0.992490022362049
0.9924677572894259
0.9924517854268419
0.9924278509014501
0.9924206499206414
0.9923894316864023
0.9923395432720598
0.9923172831175917
0.992286901535639
0.9922490410371989
0.9922266984825878
0.9922147435140384
0.9921970156505832
0.992163318106732
0.9921274196541559
0.9920894104375034
0.9920814425833228
0.9920537713854052
0.9920549741496337
0.992046187383327
0.9920472868900332
0.9920154649722328
0.991996360176212
0.9919841472359354
0.9919669040195739
0.9919308985899488
0.9919161969865641
0.9919173233011874
0.9918978764519124
0.9918665712818914
0.9918665207178774
0.9918608044964529
0.9918534724131266
0.9918299610504197
0.9918080199324066
0.991786590151389
0.9917912528343921
0.9917857894168616
0.9917819113788872
0.99176836194013
0.9917407179273502
0.9917273725882714
0.9917238326647897
0.9917111471418721
0.9916726448672922
0.9916694133257571
0.9916628183609785
0.9916567745530247
0.991644027448116
0.9916287846457275
