0.9999998889130405
0.9999832370996489
0.9999666860879816
0.9999495322393357
0.9999323534534216
0.9999160607097479
0.9998995823426514
0.9998823123328773
0.9998652647300015
0.9998479516237521
0.9998333883471615
0.9998201522852663
0.999805896652098
0.999789621258716
0.9997698359338979
0.9997515131641842
0.9997357939604054
0.9997238058907715
0.9997062428803328
0.9996900392117375
0.9996776228157918
0.9996633833867498
0.9996457906943842
0.99962778478411
0.9996118156715453
0.9995941937322725
0.99958081083623
0.9995651568057197
0.9995463824691427
0.9995294368041113
0.9995144742061252
0.9995025126877078
0.9994899937570095
0.9994710453912777
0.9994468415698768
0.9994281235512199
0.9994122227602211
0.999393910008707
0.9993728052378394
0.9993572986319867
0.9993392220621978
0.9993265913250525
0.9993123157378309
0.9992951786291999
0.9992809347173751
0.9992728317524103
0.9992543799393507
0.9992330062345025
0.9992176091517091
0.9992032403615949
0.9991806807105763
0.9991621676253207
0.999147652632764
0.999128842733968
0.9991064157780424
0.9990862226396339
0.9990691031960338
0.9990586697315015
0.9990334621439214
0.9990179368438955
0.9989983591846283
0.9989821819362897
0.9989593059941382
0.9989467018294456
0.9989354204235482
0.9989185820739317
0.9989030353214768
0.9988973772645604
0.9988824479039495
0.998863464370989
0.9988505738381499
0.998832806102024
0.9988217802285062
0.9988062101843794
0.9987968103308045
0.9987764414955697
0.9987624543281529
0.9987506294253677
0.998727880469212
0.9987080693115693
0.9986903186946734
0.9986727519295467
0.9986556429562916
0.9986355261930369
0.9986221051352289
0.9985978517699927
0.998585642520638
0.9985798676547918
0.9985639323164116
0.998548896092223
0.998526019095439
0.9985032885676303
0.9984835677335502
0.9984600226053718
0.9984494807991742
0.9984337799410711
0.9984173995424348
0.9983970258200451
0.9983760750415689
0.9983625041451138
0.9983504738173614
0.9983234504162267
0.998294540275917
0.9982792596633759
0.9982656082050531
0.9982516491529783
0.9982330086466394
0.9982071701833943
0.9981915024343118
0.9981702341515064
0.9981546548262449
0.9981316681447633
0.9981250922748223
0.9981079252717112
0.9980856375487761
0.9980708759833014
0.9980523787917387
0.9980411602170717
0.9980198381349205
0.99800961216021
0.9979880832018666
0.9979656950595566
0.9979448220945726
0.9979368102070282
0.9979136874725033
0.9978964366313087
0.997886157431003
0.9978712762447597
0.9978614828505276
0.997843214278101
0.9978318551391563
0.9978188870652217
0.9978048447610212
0.9977860106020185
0.9977685769889595
0.99775421825441
0.9977488365324764
0.997737323418069
0.9977151284423804
0.9976966430226174
0.9976720723743084
0.9976514888741685
0.9976351950148782
0.9976233821829599
0.9976039462393224
0.9975831675067617
0.9975657676524621
0.9975447531286773
0.9975313708738939
0.997512614373828
0.9974961848396475
0.9974750051129887
0.9974613387292508
0.9974394687878411
0.9974319089645497
0.9974221312719479
0.997397787607802
0.9973800495548819
0.9973662097295714
0.9973481042216878
0.9973324548131217
0.9973129943445288
0.9973011724712171
0.9972785613490266
0.9972646002507917
0.9972490186040658
0.9972346128920614
0.9972183418750042
0.9972061588789831
0.9971780480127332
0.9971599032069758
0.9971375659274968
0.9971097376868867
0.9970948457817271
0.9970727932513894
0.9970668162367543
0.9970474296777647
0.9970218089123044
0.9970023674223526
0.9969958989254005
0.9969766554238872
0.9969574582704744
0.9969488955484356
0.9969431739684798
0.9969280572847442
0.9969131357503489
0.9968976638460574
0.9968845810721699
0.996870552044438
0.9968621977544615
0.9968469534737
0.9968420922661985
0.9968248185222185
0.9968118510999396
0.996801706967967
0.9967816027466484
0.9967700740934023
0.9967616345688335
0.9967516137122916
0.9967485750605707
0.9967228280874768
0.9966985937727719
0.9966865904560889
0.9966704564930894
0.9966568024128434
0.9966314916697272
0.9966326369582021
0.9966096156922294
0.9965841226632399
0.9965847890662405
0.9965611570224288
0.9965431973101189
0.996523929155015
0.9965132217106518
0.9964977670373819
0.9964803047564228
0.996445850307997
0.9964405854019983
0.9964303410610132
0.9964127183920729
0.9963906125460422
0.9963783293992045
0.9963705122642876
0.9963500350922974
0.9963386177804393
0.9963413751299836
0.9963242641417839
0.9963018965139724
0.9962882572772134
0.9962641611890387
0.996248398989057
0.9962356545030006
0.9962190205189462
0.9962078880215708
0.9961942216387695
0.9961790192823573
0.9961650351431818
0.9961623975211247
0.996143266541725
0.9961406168613166
0.9961130297016111
0.9961038477252858
0.9960868412434016
0.9960735064438108
0.9960612030878956
0.9960550067656891
0.9960380112310724
0.9960162522890541
0.9959882057232787
0.995967340866937
0.9959392162423549
0.9959323620224814
0.9959117886816725
0.9958832358546142
0.9958576577545053
0.9958410563170801
0.9958253374618716
0.9958078217805075
0.9957851701581343
0.9957677484128828
0.9957535049095917
0.9957269196394924
0.9957083898257189
0.9956947380103766
0.9956797246354225
0.9956582466368141
0.9956472665078334
0.9956139606507282
0.9955886479226038
0.9955638385829323
0.9955422047566286
0.9955276841437612
0.995513862613733
0.9955035327439263
0.9955067266022678
0.9954693452510821
0.9954437252850645
0.9954291665639804
0.9954068344370525
0.9953874990185932
0.9953765156365697
0.9953607139153193
0.9953429865224184
0.995330291012519
0.9953208377743993
0.995300595274874
0.9952835802110968
0.9952614486472351
0.9952504880609935
0.9952385416991554
0.9952234212030959
0.9952151036059715
0.9951777950721264
0.9951526074862529
0.9951453622359395
0.9951277329493325
0.9951210986755664
0.9951072257040701
0.9950940518552449
0.9950802560125223
0.9950776943136269
0.9950560105733056
0.9950465102230613
0.9950281597540027
0.99502561446626
0.9950099474130346
0.9950171312184126
0.9950019480855828
0.9949781630084111
0.9949386501961657
0.9949132522733197
0.9948816003417577
0.9948629824640847
0.9948428654403502
0.9948211224333973
0.994811793373316
0.9947985918805909
0.9947884306097226
0.9947741278832393
0.9947603049364341
0.9947620561461379
0.9947612136634485
0.9947230353876463
0.9947163462751851
0.9946858068318634
0.9946786580813076
0.9946527841929035
0.9946237627869982
0.9946051593266649
0.9945974506351074
0.9945798209213819
0.9945676357633688
0.9945431414770308
0.9945251556010779
0.9945112163904474
0.9945133067882629
0.9945006903081207
0.9944885573579744
0.994476146364094
0.9944664841505553
0.9944440441657072
0.9944216867508366
0.9943889934295975
0.9943633402853111
0.9943511804811851
0.9943470877363716
0.9943239502442913
0.9943021736735603
0.9943004165810674
0.9942787887581611
0.9942562964799057
0.9942404718016314
0.9942235889662375
0.9942017197371279
0.9941956351043781
0.994168893113996
0.9941591095681573
0.9941376598092053
0.9941189266193446
0.9941229860679356
0.9941026842520111
0.9940725614912853
0.994056883396416
0.9940264019322899
0.9940108017426194
0.9940103511383113
0.9940114436886313
0.9939860145493078
0.9939737459865434
0.9939570224147377
0.9939329513621258
0.9938993623740471
0.9938776470876434
0.9938589516646423
0.9938419348767402
0.9938341298736043
0.9938224584122483
0.993826364740182
0.9938044995254239
0.9938016363352892
0.9937968152847054
0.9937730165324749
0.9937468548708543
0.9937124081936941
0.9937032934727928
0.993683500631965
0.9936605594732585
0.9936412980773673
0.9936224799032009
0.9936167863437436
0.993611982063414
0.9935842127054921
0.9935656318903434
0.9935409174256558
0.9935293995297233
0.9935229000730671
0.9935044514741064
0.9935099747810705
0.993489003880396
0.9934879491296957
0.9934613234556648
0.9934337655779621
0.9934152189921187
0.9934242554493177
0.9934133799784923
0.9933971824786418
0.9933847997284107
0.993374315444308
0.9933505736947361
0.9933451149585217
0.9933233785048972
0.9933143640425753
0.9932969031993213
0.9932938377572962
0.9932833034111695
0.9932640700358916
0.9932386064130263
0.9932148633850815
0.9931779195209782
0.9931790638721416
0.993172898149341
0.9931598629665812
0.9931620900468348
0.9931519961983851
0.9931470446940216
0.9931351142746441
0.9931242993047269
0.9930965282960772
0.9930723436732567
0.9930352254736806
0.9930325076242759
0.9929974545050342
0.9929805233453881
0.9929718446279441
0.9929468188353701
0.9929453875089318
0.9929433164001475
0.9929344218740207
0.992910275240124
0.9929134541914569
0.9928951623280019
0.992884428810919
0.9928677130485053
0.9928665592789907
0.9928557980286565
0.9928477442743676
0.9928113529568741
0.9928064148377737
0.9927918922801992
0.9927875746906248
0.9927764259258488
0.9927685706735092
0.9927372223116736
0.992694702157615
0.9926723633260613
0.9926551901834387
0.9926368260811199
0.992618847751883
0.992604044277725
0.992591647147468
0.9925695390944214
0.9925540532738969
0.9925315971548866
0.9925188998725685
0.9925050458101343
0.9924990374486555
0.9924643971381621
0.9924494576070128
0.9924537712687809
0.9924323128697361
0.9924224146576079
0.9924055443240013
0.99237723376782
0.9923757502517311
0.9923673244108503
0.9923613098138225
0.992329160361067
0.9922945842585166
0.9922777343582632
0.9922681096824063
0.9922676745436574
0.9922545032592401
0.9922380357625508
0.992225075738974
0.9921763021798613
0.9921557539766654
0.9921547325377014
0.9921467101397937
0.9921342699709196
0.9921066600609861
0.9920716563614017
0.9920718347579434
0.9920608717991288
0.992035932499325
0.9920293618246825
0.9920536973073902
0.992018832893873
0.9920051078801231
0.991993739762299
0.9919683444524596
