0.9999962562158303
0.9999954454118042
0.9999935978784864
0.999991048337937
0.9999879577985904
0.9999848420787519
0.9999820606454776
0.9999799969250738
0.9999788214513378
0.9999787747178281
0.9999797086126876
0.9999814456959136
0.9999835968301514
0.9999859116950157
0.9999880631268006
0.9999896468695867
0.9999905393109261
0.9999903855621243
0.9999892536397309
0.9999871518655397
0.9999843888202253
0.9999812413923979
0.9999782057198003
0.9999756778872702
0.9999739221938905
0.9999731655393996
0.9999734648816826
0.9999746756474428
0.9999765524629001
0.999978851531464
0.9999812013459567
0.9999831555094634
0.9999845889260468
0.9999850461322518
0.9999845963011287
0.9999831650841461
0.9999809008004936
0.9999781731521546
0.9999751057255498
0.9999722172543782
0.9999698871422968
0.9999683499045607
0.9999679118328269
0.9999684959156242
0.9999697544353561
0.999971849649762
0.9999741086934903
0.9999762462926528
0.9999780327805783
0.9999791394110734
0.9999794062601942
0.9999786222852554
0.9999768818285968
0.9999744514523132
0.9999715938069773
0.9999687015102621
0.9999659438754462
0.9999639354732128
0.9999627799735025
0.9999625518944134
0.9999632912697672
0.9999647238445151
0.9999667038698695
0.9999689462788909
0.9999709534371843
0.9999726508699083
0.9999734859572371
0.9999734540540812
0.9999723582353933
0.999970353867563
0.9999678704761472
0.9999648988236886
0.999962149758219
0.9999597749862866
0.9999582937546196
0.9999576451591679
0.9999578391391524
0.9999589233108974
0.9999606266100592
0.9999626187616703
0.9999647436260111
0.9999665798446531
0.9999679046624587
0.9999683987194459
0.9999678412119467
0.9999663913473734
0.9999642328806233
0.9999615571803374
0.9999587765655398
0.9999559539713804
0.999953934096745
0.999952489082204
0.9999519884628723
0.9999524166671715
0.9999536556960305
0.9999553415891912
0.9999571360923498
0.9999590905200374
0.9999607125952931
0.9999616940952831
0.9999616657327512
0.9999609394931452
0.9999593570042293
0.9999570737806688
0.9999542674603881
0.9999515957049394
0.9999493083342909
0.9999475586174388
0.9999465206315757
0.999946271871178
0.9999470723725834
0.9999484759028683
0.9999502999507459
0.9999523254243905
0.9999540346419115
0.9999553447503928
0.9999560949173855
0.9999560337808443
0.9999550045682157
0.9999532128185633
0.9999509350331639
0.9999482674666892
0.9999456204007091
0.9999433041196141
0.9999418141194386
0.9999408648520303
0.9999408420412148
0.9999415699129183
0.999943139537257
0.9999452032495534
0.9999473709061276
0.999949070598994
0.9999500062593635
0.9999503186038491
0.9999496844399085
0.9999485223372132
0.9999464274193286
0.9999439393413693
0.9999414433650867
0.9999390527413485
0.9999369177542463
0.9999354445192808
0.9999351795267316
0.9999356096384128
0.9999365215123667
0.9999379852265133
0.9999398565268738
0.9999416964734889
0.9999431543809959
0.9999439226984463
0.9999438880102348
0.9999432489948973
0.9999415527917563
0.9999393172860958
0.9999369481824628
0.9999346075321047
0.9999322649066834
0.9999304660337811
0.9999297330690416
0.9999294945542591
0.9999301698204216
0.9999314354385087
0.9999331283471191
0.999934995855042
0.9999367673650242
0.9999379974305924
0.9999386223324488
0.999938501451014
0.9999373540066497
0.999935442497736
0.9999331747194957
0.9999306334663769
0.9999279083654181
0.9999259649533768
0.9999245381779486
0.9999238886193712
0.9999240188928802
0.999924797903122
0.9999260258707771
0.999927616056157
0.9999293796972311
0.9999308850143991
0.9999320613935312
0.9999322226275291
0.9999314865958511
0.9999302899856363
0.9999283081377648
0.9999258370971043
0.9999235178271787
0.9999211627056608
0.9999193765596469
0.9999181460832305
0.9999178735266278
0.9999181068432282
0.9999188163183909
0.9999203284336006
0.9999219610321333
0.9999235397317892
0.9999248676967919
0.9999256076064192
0.9999254977242499
0.9999245745850287
0.9999229395233188
0.9999208920070563
0.9999183517204102
0.9999160290977319
0.9999141290918132
0.9999126168392226
0.9999117761134697
0.999911771674403
0.9999123660237305
0.9999133856449129
0.9999148806853824
0.999916649187591
0.9999181866955787
0.9999192796788055
0.9999198808085248
0.9999197165461512
0.9999186791729935
0.9999168694742984
0.999914577941885
0.9999121775721739
0.9999099401429729
0.999908027481808
0.9999066993195145
0.9999062263248014
0.9999063482856148
0.9999073173986932
0.9999087769198773
0.9999103329006903
0.999911834089485
0.9999131417230998
0.9999138467412308
0.9999139864321815
0.999913392792122
0.9999121046618428
0.999910306591287
0.9999082220560659
0.9999062451118659
0.999904132051775
0.9999022680111068
0.9999011573456816
0.9999008321577347
0.9999012491818409
0.9999023613628393
0.9999039509814115
0.9999054722991142
0.9999073302142265
0.9999083633415111
0.9999087721434811
0.9999087425793278
0.999908061737985
0.999906533293621
0.9999046954418299
0.9999025750447952
0.9999001920614118
0.9998980069411321
0.9998964756452227
0.9998957522319399
0.9998954932683705
0.9998964433039486
0.9998976920705472
0.9998994339244573
0.9999009544034687
0.9999020514153851
0.9999028208085116
0.9999031941607504
0.9999027356536421
0.9999018167542556
0.9999002184417272
0.999898248345569
0.9998961533245322
0.9998939598753059
0.9998922334947948
0.9998907029194618
0.9998903564147776
0.9998905954022103
0.9998915337096632
0.999892772389995
0.9998944779526447
0.9998959881345448
0.9998971461633686
0.9998980287963318
0.9998983564729521
0.9998977122461569
0.9998966269271207
0.9998946919280307
0.9998925925647073
0.9998905234267595
0.999888534194777
0.9998868654616649
0.9998859705516931
0.9998856187829865
0.9998859765071546
0.999887071438694
0.9998886084720514
0.9998900742823957
0.9998910672970637
0.9998920699941638
0.9998923997046973
0.9998926474056904
0.9998920546360497
0.9998904917188925
0.999888455068334
0.9998864268401029
0.999884599396013
0.9998831666378643
0.9998819480520981
0.9998814772994036
0.9998816972721352
0.9998823092679734
0.9998834099181483
0.999884729865794
0.9998863626793534
0.9998875556886629
0.9998885618952712
0.9998886465175821
0.9998884035791794
0.999887804956794
0.999886533004582
0.9998847899157488
0.999882697466936
0.9998808094855376
0.9998791399939755
0.9998780416809774
0.9998777460946029
0.999878057437391
0.9998790960563755
0.9998804137305071
0.9998819529009247
0.9998831325477141
0.9998839823831974
0.9998843838571095
0.9998843296477594
0.9998836890684811
0.999882725201433
0.9998809329713085
0.9998789484270713
0.9998766843305198
0.9998749102292224
0.9998735958267767
0.9998728379171197
0.9998730333434684
0.9998737142664139
0.9998745411746611
0.999875692490554
0.9998772017751621
0.9998783494375403
0.9998790232707492
0.9998790531167734
0.9998789655194972
0.9998784200372597
0.9998770586129421
0.9998752127075055
0.9998731690593701
0.9998712423411238
0.9998692555100626
0.9998682288224435
0.9998676062092625
0.9998677089880186
0.9998684404344825
0.9998695637007519
0.9998708493782593
0.9998721805117374
0.9998734136897973
0.9998740974016054
0.9998739579846256
0.9998734970074491
0.9998724187210917
0.9998709503860131
0.9998690580366661
0.9998671481665474
0.9998651785947343
0.9998634725738632
0.9998623278452864
0.9998620940886573
0.9998621843463869
0.9998631930306306
0.9998643484876397
0.9998656117812466
0.9998667186444447
0.9998674619337259
0.9998676673754027
0.9998674797128768
0.9998666596990045
0.999865467114078
0.999863749475496
0.9998615958143982
0.9998596316477775
0.9998580479521743
0.9998569394613842
0.9998558605447804
0.9998553778418698
0.9998552593339346
0.9998564392860455
0.9998573744171831
0.9998589779252134
0.9998602290954307
0.999861025346347
0.999861058566231
0.9998607585308085
0.9998603785569116
0.9998592987781503
0.999857682154852
0.9998558279079408
0.9998541363329538
0.9998529734584318
0.9998518870850983
0.9998509471298719
0.999850593306528
0.9998510520196922
0.999851765896853
0.9998530350572751
0.9998544229402776
0.9998556832020496
0.9998563852709069
0.9998561232518768
0.9998558903701728
0.999855075272229
0.9998537801748216
0.9998523844937452
0.9998504409716956
0.9998484578859945
0.9998473454150502
0.9998462880945499
0.9998456303443047
0.9998458038062171
0.999846371572889
0.999847465704399
0.9998485636335226
0.999849481488706
0.9998507023265908
0.9998510538392141
0.9998510402438432
0.9998505597698489
0.9998492657626952
0.9998478718785361
0.9998465497034905
0.9998447121586994
0.9998430142980507
0.9998417004917641
0.9998407564728519
0.9998407485587464
0.9998411740650809
0.9998418952160746
0.9998427279078629
0.9998435989828747
0.9998440681868582
0.9998448040725897
0.999844857185874
0.9998445056756552
0.9998432421224074
0.9998418282174163
0.9998406061286831
0.9998390565330614
0.9998371990713469
0.9998359209767917
0.9998345568257202
0.9998339499743313
0.9998339251610718
0.9998342306511264
0.9998351561954247
0.9998359388954791
0.9998371424440606
0.9998381028493719
0.9998386913885213
0.9998388138776042
0.9998386000466041
0.9998374501132709
0.9998357432955641
0.9998340526615592
0.9998324035239391
0.9998307441158069
0.9998291582529213
0.9998282500665957
0.9998277137817733
0.9998272803565741
0.9998277434506482
0.999828149771834
0.9998290863342069
0.9998299235583666
0.9998305284300082
0.999830718127502
0.9998302646007692
0.9998296421845349
0.9998282977832867
0.9998274094185883
0.9998260144006123
0.9998243161334951
0.999822742093144
0.999821640144641
0.9998206980576941
0.9998205289735888
0.9998206163601918
0.9998211854723835
0.9998223179463273
0.9998229674255028
0.9998239461263339
0.9998243159567848
0.9998243557836669
