0.9999993968403027
0.9999988760049675
0.9999976692051284
0.9999968137089175
0.999997055632698
0.9999979897346806
0.9999988339140364
0.9999989802441587
0.9999981585918368
0.9999969240667402
0.9999964208793582
0.9999969807437636
0.9999979378372998
0.9999985958606324
0.9999984293807229
0.9999973629860189
0.9999962822950946
0.9999961736857255
0.9999969462401239
0.999997875528371
0.9999983202782432
0.9999977980953901
0.9999965868630598
0.9999957668933497
0.9999960229667854
0.9999969262972773
0.9999977361601562
0.9999978710907527
0.999997063200343
0.9999958691165624
0.9999954032345214
0.9999959211091285
0.9999968509141356
0.9999974870939244
0.9999973188040842
0.9999962699665047
0.9999952386289649
0.9999951220021769
0.9999958564680146
0.9999967502201952
0.9999971616376696
0.999996662020258
0.9999954971857089
0.9999947070681712
0.9999949223079844
0.999995768362714
0.99999657577822
0.999996706687046
0.9999958988580249
0.9999947818899273
0.9999943451346869
0.9999948478060263
0.9999957278050872
0.9999963510558083
0.9999961572268885
0.9999951219569605
0.9999941229033497
0.9999940255550677
0.9999947461760568
0.9999956151518834
0.9999960394913154
0.9999955391795561
0.9999944352371672
0.9999937146511139
0.9999939666049302
0.9999947654394359
0.999995547505369
0.9999956779260238
0.9999948546602235
0.9999937484238026
0.9999933387593576
0.9999938283637595
0.9999947110217344
0.9999953273834139
0.9999951651126477
0.9999940963665278
0.9999931374476296
0.9999930591924857
0.9999937032343376
0.9999945330099256
0.9999949512821328
0.9999944135272085
0.9999932990261714
0.9999926230288015
0.9999928577571283
0.9999936345392245
0.9999944096657958
0.9999945357510635
0.9999937369610863
0.9999926548894033
0.9999922929496552
0.9999927856014079
0.9999936014356936
0.9999941902056104
0.9999940225543104
0.9999930177207648
0.9999921150321917
0.9999920595385814
0.9999927129833096
0.9999935075366662
0.999993911728141
0.999993407003466
0.999992298108271
0.9999916223192988
0.9999918449110206
0.9999926030422598
0.999993353452413
0.9999934797765812
0.9999926910096361
0.9999916298953659
0.9999912520656862
0.9999916874134721
0.9999924920402634
0.999993127475709
0.9999929674723023
0.9999920160769116
0.9999911112548854
0.9999910446128798
0.9999916727389948
0.9999924763386112
0.9999928886537247
0.9999923901163366
0.9999912738193741
0.9999906043297359
0.9999907936868127
0.9999914771720564
0.9999922252103618
0.9999923762238866
0.9999916411978926
0.9999906092035441
0.9999902402981241
0.9999906195766456
0.9999913763945837
0.9999919989513942
0.9999918628008594
0.999990928625383
0.999990040307613
0.9999899485399865
0.9999905089500739
0.9999912794882158
0.9999917150580829
0.999991293563047
0.9999902612267508
0.9999896162614805
0.9999897500135023
0.9999903889195794
0.9999911146133675
0.9999912607083072
0.9999905888092473
0.9999895709906796
0.9999892400524032
0.9999897064540151
0.9999904087232621
0.9999909845017921
0.9999908488093967
0.9999899543015088
0.9999891106872677
0.9999890070256077
0.9999895510067465
0.9999902786152642
0.9999906276469729
0.9999902426274511
0.9999892140437602
0.999988581972893
0.9999887199010699
0.9999894136777208
0.9999900975434749
0.9999902353987824
0.9999895777513264
0.9999886158949837
0.9999882394725926
0.9999886203771182
0.9999893687049096
0.9999898742845226
0.9999896934505358
0.999988822811987
0.9999879815262906
0.999987876272098
0.9999884291697001
0.9999891486616751
0.9999895024334727
0.9999891249498334
0.9999881558651634
0.9999875520636003
0.9999877478948141
0.9999883986414486
0.9999889870449111
0.9999890981265314
0.99998843231087
0.9999874951197889
0.9999872279520852
0.9999875988662857
0.9999882528685057
0.9999887369118408
0.9999885881164637
0.9999877659047838
0.9999869254542486
0.9999868021902482
0.9999873241232524
0.9999879589016546
0.9999883282867095
0.9999879380511814
0.9999870449271167
0.9999864425357405
0.9999865742124013
0.9999872044911992
0.99998779834796
0.9999879244159032
0.9999873076455268
0.9999864272625426
0.9999860684831935
0.9999864703618344
0.999987106248469
0.9999876033193098
0.9999874626171024
0.9999866434935151
0.9999858306787628
0.9999857759728444
0.9999863067371845
0.9999869819745151
0.9999872977453036
0.9999869411582191
0.999986017111725
0.999985454816226
0.9999855859759874
0.9999862055332571
0.9999868204658716
0.9999869064947754
0.9999862768321757
0.9999854174362184
0.9999850845625723
0.9999854130304988
0.9999860556293222
0.9999865404890731
0.9999863733628972
0.9999855398937987
0.9999847935952855
0.9999846823579062
0.9999851122074015
0.9999857193550192
0.9999860454423166
0.9999856773160104
0.999984820730521
0.999984291409756
0.9999844196181304
0.9999850164107871
0.9999855866032682
0.999985698588067
0.9999850986845378
0.9999842099368372
0.9999838397555091
0.9999841559059316
0.9999847101001966
0.9999852276351467
0.9999850940074714
0.9999842971337175
0.9999835992992299
0.9999835016668733
0.99998394474513
0.9999845231474142
0.999984852645805
0.999984427498313
0.9999835665555589
0.9999830668205252
0.9999831906016866
0.9999837118705696
0.9999842914946497
0.9999844143064919
0.9999837794072267
0.999982939108416
0.9999826343637833
0.9999828974095359
0.9999835023316644
0.999984014222922
0.9999838786396472
0.9999830847448038
0.9999823586217004
0.9999823011491917
0.9999826737051933
0.9999832726374068
0.9999835834110202
0.9999831903660578
0.9999823770302282
0.9999819141092294
0.9999820139816348
0.9999825252574053
0.9999830906825382
0.9999832140658108
0.999982623511359
0.9999818144647666
0.9999815493736965
0.9999818158423505
0.9999823896950795
0.9999828450670663
0.9999826916378349
0.9999819202970367
0.9999811879840025
0.9999810976530433
0.999981452016809
0.9999820669758605
0.9999823992522141
0.9999820672021473
0.99998127031856
0.9999807150099118
0.9999808009741267
0.9999813512808097
0.9999819083186249
0.9999820290400678
0.9999814777967658
0.9999806518997671
0.9999803538627284
0.99998063147008
0.9999812237093496
0.9999816618608586
0.9999815977718597
0.9999808877682272
0.9999801711650027
0.9999800534964335
0.9999804845896704
0.9999810457750933
0.999981325108806
0.9999809538992013
0.999980146288132
0.9999796113622076
0.9999797333530898
0.9999802385194927
0.9999807599723894
0.9999808692057963
0.99998028173297
0.9999794885084076
0.9999791456411681
0.9999794329555671
0.9999799196225089
0.9999803558810657
0.9999802004823092
0.9999794736766331
0.9999788027219879
0.9999786977173349
0.99997907639087
0.9999796374768254
0.9999799858991798
0.9999796059094094
0.9999788320872932
0.999978336940902
0.9999784239202824
0.9999789142876669
0.9999794647272383
0.9999795558744071
0.9999790145469812
0.9999782337025576
0.9999779154005141
0.9999781647003165
0.999978759235519
0.9999791165560228
0.9999790382490381
0.9999783237301804
0.9999776349519801
0.9999775078301663
0.9999779161055955
0.9999784416703235
0.9999787136846126
0.9999784151022781
0.9999776544807393
0.9999771641244655
0.999977245387303
0.9999777578531717
0.9999782513877014
0.9999783225922914
0.999977798717546
0.9999770298100573
0.9999767215217236
0.9999770071226014
0.999977556635579
0.9999779389461206
0.9999778269906375
0.9999771260103539
0.9999764806439855
0.9999763818071151
0.9999768029246515
0.9999773566688195
0.9999775821404765
0.9999772688634204
0.9999765511296548
0.999976020452813
0.9999760673979655
0.9999765719535842
0.9999770626685113
0.9999771035962427
0.9999766899414991
0.9999760031935687
0.999975747288599
0.9999759560556235
0.999976520872423
0.9999769022684881
0.9999767803790853
0.9999761747397193
0.9999755792517112
0.9999753925702147
0.9999757384706158
0.9999762652572641
0.9999765154469901
0.9999762125947852
0.9999755398698068
0.9999749959409984
0.9999750671433366
0.9999754956787169
0.999975970103308
0.9999760543959239
0.9999755102763725
0.9999748530967806
0.9999746256001333
0.9999747998740345
0.9999752720784679
0.9999756931961354
0.9999755795037775
0.9999749471554291
0.9999742981648746
0.9999741199843025
0.9999744969195101
0.9999749940420888
0.9999752877720655
0.9999750418690425
0.9999743908751855
0.9999739154007257
0.9999739947231596
0.9999744333033432
0.9999748884463951
0.9999749909117055
0.9999744691257589
0.9999737961531844
0.9999735088476337
0.9999737269053401
0.9999742141602798
0.9999745853503454
0.9999744656606655
0.9999738719475552
0.999973338163881
0.9999732455164654
0.9999735838177245
0.9999740924711795
0.9999743164751281
0.9999740660218014
0.9999734234892796
0.9999730061489165
0.9999729943872712
0.9999733774241383
0.9999738706848017
0.9999739496983792
0.9999735242612393
0.9999729300013736
0.9999726346368348
0.999972788598865
0.9999732561694571
0.9999736475741384
0.9999735132445002
0.9999729242279063
0.9999724043777799
0.9999722552659828
0.9999726362807254
0.9999731344516335
0.9999733676630632
0.9999730541404807
0.9999724264987594
0.9999719154887926
0.999971926937078
0.9999723110501185
0.999972801397598
0.9999729138962883
0.9999724981198373
0.9999719307892702
0.9999715826637552
0.9999717355956913
0.9999722268894496
0.9999726047771426
0.9999725130460122
0.9999719530807594
0.9999712858989457
0.9999710931731347
0.9999714570702888
0.9999718903467263
0.9999720951328488
0.9999718973270769
0.9999713083395575
0.9999708895943803
0.9999708765244438
0.9999713160723939
0.9999717861094799
0.9999718267063579
0.9999714673738845
0.9999708672409969
0.999970556628146
0.9999707648687683
0.9999712104143267
0.9999714958297006
0.9999714046776981
0.9999708143626235
0.9999702790585285
0.9999701477116621
0.9999704272177028
0.9999708795525697
