0.9999999138348273
0.9999995638624842
0.9999997097572574
0.999999671524304
0.9999994481920667
0.999999715360092
0.9999993681975816
0.9999995121176678
0.9999994800679248
0.9999992578649229
0.9999995265605813
0.9999991828814748
0.9999993280462246
0.9999992816424765
0.9999990671145144
0.9999993317465198
0.9999989915170326
0.9999991363480406
0.9999990923639025
0.9999988688105212
0.9999991174683825
0.999998776567727
0.9999989281477184
0.9999988881501838
0.9999986750836416
0.9999989261259049
0.9999985951794259
0.9999987411853544
0.999998701831872
0.9999984850857235
0.9999987255631911
0.9999983978876619
0.9999985437374239
0.9999985078034247
0.9999982920234133
0.9999985277257564
0.999998199568997
0.9999983302750943
0.999998292622612
0.9999980887099096
0.9999983285764997
0.9999979918405045
0.9999981291640427
0.9999980828008511
0.9999978831941806
0.99999812515811
0.999997803727318
0.9999979209392251
0.9999978826353793
0.9999976972862465
0.9999979295539662
0.999997597616566
0.9999977409473174
0.9999976987664613
0.9999975151016617
0.9999977353834157
0.9999973989578639
0.9999975154376103
0.9999974764005064
0.9999973016777461
0.9999975367450108
0.999997225009794
0.9999973632256993
0.9999973040854071
0.9999971237319095
0.9999973318738185
0.9999970054203488
0.9999971336899524
0.9999970955102926
0.9999969083666075
0.9999971186719743
0.9999968031320421
0.9999969054309911
0.9999968778061273
0.9999966941925098
0.9999969195768786
0.9999965960615264
0.999996724291609
0.9999966853629924
0.9999964955756484
0.9999967088556613
0.9999963853216126
0.9999965089540512
0.9999964891183288
0.9999963009840834
0.9999965139174043
0.9999962007811602
0.9999963132703286
0.9999962912655831
0.9999960936265664
0.999996315466432
0.9999960180233322
0.9999961413253667
0.9999960987201196
0.9999958938334892
0.9999961383741567
0.9999958306942369
0.9999959336700859
0.9999959127319178
0.9999956924855996
0.9999959098660337
0.9999956075599934
0.9999956940882783
0.9999956490591978
0.9999954361827436
0.9999956397014587
0.9999953512154802
0.9999954565626293
0.9999954337642195
0.9999952383850476
0.9999954693092747
0.9999951820397385
0.9999952746432117
0.9999952219491655
0.999995038536453
0.9999952761230602
0.9999949920750592
0.9999950961401443
0.999995070804858
0.9999948936287797
0.9999950954003286
0.9999948018607993
0.999994917907621
0.9999948915238209
0.999994684038366
0.9999948787876928
0.999994581210925
0.9999947039925516
0.9999946589850234
0.9999944634070697
0.9999946685602461
0.9999943902391383
0.9999944817605972
0.999994451736244
0.9999942553570355
0.9999944520290851
0.9999941570087287
0.9999942547573888
0.9999942248128473
0.9999940446322335
0.9999942387662942
0.9999939615742524
0.999994045774393
0.9999940228784479
0.9999938542734635
0.9999940339934165
0.9999937522935425
0.9999938488953979
0.9999938047821425
0.9999936447526049
0.9999938196494897
0.9999935277548331
0.9999936334303079
0.9999935987777319
0.9999934166391369
0.9999936187814762
0.9999933597593124
0.9999934761995438
0.999993438419248
0.9999932671166173
0.9999934456946762
0.9999931622522107
0.999993243633887
0.9999932309151469
0.9999930421806842
0.9999932231617722
0.9999929691924013
0.9999930730968172
0.9999930364039552
0.9999928605535949
0.999993052756151
0.9999927647130434
0.9999928966114994
0.9999928921300325
0.9999927431897297
0.9999929149995919
0.9999926658010193
0.9999927466103025
0.9999927003554333
0.9999925250230298
0.999992695198283
0.9999924505845446
0.9999925430357994
0.9999924989693803
0.9999923460408027
0.9999924881068408
0.9999922160559352
0.9999923006506816
0.9999922749194478
0.9999920848578153
0.9999922317789085
0.9999919703136767
0.9999920585681705
0.9999920141651846
0.9999918528113064
0.9999920149818913
0.9999917672280408
0.9999918481970559
0.999991804951812
0.9999916386197489
0.9999918425660789
0.9999915679310422
0.9999916237816856
0.9999915911476457
0.9999914283063468
0.9999915908846473
0.9999913206837346
0.9999914097586129
0.9999913799281184
0.999991213645196
0.999991385587929
0.9999911338811139
0.9999912201454312
0.9999911685183624
0.999991004422168
0.9999911730444432
0.9999908983729757
0.9999909843496745
0.99999093276205
0.9999907429181121
0.999990889679668
0.9999906373677961
0.9999907607736658
0.9999907306466729
0.9999905575410686
0.9999907026047812
0.9999904572343398
0.9999905529372495
0.9999905159074273
0.9999903454419687
0.999990513219989
0.9999902644225044
0.9999903744987895
0.9999903526430667
0.9999902149865803
0.9999903898954879
0.9999901164496674
0.9999902034706041
0.999990176306005
0.9999900322521134
0.9999902173363004
0.9999899685385825
0.9999900920576975
0.9999900730131603
0.9999899346895227
0.9999900718406259
0.9999898284740705
0.9999899142271587
0.9999898891571063
0.99998971154653
0.9999899084770316
0.9999896357397765
0.9999897461303219
0.9999897321048715
0.9999895618538812
0.9999897145582138
0.9999894639054426
0.9999895164185358
0.9999894761022815
0.9999893274835961
0.9999895233851592
0.9999892443612879
0.9999893216973035
0.9999892457839906
0.9999890604540832
0.9999892170448627
0.9999889727021567
0.9999890438163419
0.9999889734853532
0.9999888535305592
0.9999890427612969
0.9999887832596934
0.9999888576977944
0.9999888388544992
0.999988700548486
0.9999888813191168
0.9999886290245444
0.9999886987349471
0.9999886322910048
0.9999884557012991
0.9999886517712426
0.9999883934765295
0.9999885186612449
0.9999884436558784
0.9999882829785107
0.9999884005332844
0.9999881699013412
0.9999882390893032
0.9999882093722142
0.9999880682363779
0.9999882453679743
0.9999880001111875
0.9999880982038293
0.9999880398441094
0.9999879057738653
0.9999880891268659
0.9999878690617824
0.9999879717528755
0.9999879553204024
0.9999877891570021
0.9999879422359929
0.9999877080672276
0.9999878201080041
0.9999877502993362
0.9999875746624501
0.9999877373652075
0.9999874704900347
0.9999875452615198
0.9999874872316072
0.9999873867850695
0.9999874951534818
0.9999872652801507
0.9999873638200072
0.9999873171125844
0.9999871998115488
0.9999873384580927
0.9999870530125753
0.9999871562755068
0.999987089134346
0.9999869305852012
0.9999870526229694
0.9999867851769977
0.9999868665366397
0.999986827211902
0.9999866822144141
0.9999868154585667
0.9999866021902711
0.999986681237381
0.9999866176894485
0.9999865119261286
0.9999866390398852
0.9999864017322561
0.9999864847476911
0.9999864187948595
0.9999863343067124
0.9999864956647849
0.999986284341765
0.9999864033152502
0.999986391783326
0.9999862837686615
0.9999864333126288
0.9999861965631112
0.9999862921701631
0.9999862222549214
0.9999861114372464
0.9999862237850067
0.9999860334822328
0.9999861242710834
0.9999860841054768
0.9999859314470787
0.9999860550691155
0.9999858069635797
0.9999858551320252
0.9999858149139843
0.9999856554578744
0.9999857911295302
0.9999855651879002
0.9999856370763167
0.9999856149976732
0.9999854604097184
0.9999855571941582
0.9999853332135045
0.9999854483787404
0.999985407891475
0.9999852779788745
0.9999853649463301
0.9999851102414525
0.9999851624632005
0.9999850797769322
0.9999849040174956
0.9999849828446755
0.9999848112109461
0.9999848801586423
0.9999848721333545
0.9999847110641399
0.999984853832368
0.9999846913880074
0.9999848115638968
0.9999847652374051
0.9999846124244018
0.9999847397896553
0.9999845164486773
0.9999846072671432
0.9999845089336075
0.9999843594619062
0.9999844772415569
0.9999842437896312
0.9999843118201172
0.999984231990148
0.9999840710703969
0.9999842081606682
0.9999839825293164
0.9999840130214814
0.9999839694910897
0.9999838450568069
0.9999840119518639
0.9999838130755104
0.999983872041047
0.9999838288635882
0.9999836940906781
0.9999838225829616
0.9999836372207355
0.9999837015279717
0.9999836726581975
0.9999835438434836
0.9999836843172972
0.9999835276828501
0.9999835801609968
0.9999835316454903
0.9999834209545329
0.9999835276844773
0.9999833125879127
0.9999833917725036
0.9999833304556806
0.999983226404591
0.9999833505659724
0.9999831666366571
0.9999832611444789
0.9999832042203128
0.9999830680189529
0.9999831838380113
0.9999830215626612
0.9999830847831903
0.9999830480202824
0.9999829686358781
0.9999831068278857
0.9999829126479745
0.9999829908006564
0.9999829183857193
0.9999827759606955
0.9999829032174872
0.9999826714067912
0.9999827226243677
0.9999827173409983
0.9999825694682606
0.9999826541810304
0.9999824190174718
0.9999825055865214
0.9999824366135739
0.9999822861446
0.9999823662525484
0.9999821381632334
0.9999822010279753
0.9999821813582443
0.999982045518903
0.9999821073171623
0.9999819331874463
0.9999820079320845
0.9999819995308641
0.9999818595120502
0.9999819525542601
0.9999817764087306
0.9999818670968689
0.9999818106109686
0.9999816656703621
0.9999817407222383
0.9999815366099414
0.9999816389115691
0.9999816020341749
0.9999814815921851
0.9999815814841584
0.9999814175444756
0.999981502569101
0.9999814690738429
0.9999813777240837
0.9999815040746759
0.9999813725584686
0.9999814467616717
0.9999814028931303
0.9999812656079451
0.9999813755399315
0.999981168073917
0.9999811987659296
0.9999811557569876
0.9999810404504865
0.9999811760910267
0.999980948989118
0.999981026882173
0.9999809651991245
0.9999808548872602
0.9999809430130056
0.9999807882016694
0.9999808687445508
0.9999807996199522
0.999980637840638
0.9999807333653425
0.9999805639154021
0.9999806085734991
0.9999805157535514
0.9999804088710643
0.9999805648222148
0.9999803793288377
0.9999803813646841
0.9999803630765214
0.9999802676946911
0.999980398778035
0.9999801639616506
0.9999801733485408
0.9999801130701692
0.9999800322077004
