0.9999673721199681
0.9999666880952026
0.9999651325475734
0.9999624907527319
0.9999588133057755
0.9999541594011764
0.9999485999363773
0.9999421667714257
0.9999348342595272
0.999926910531827
0.9999185230609595
0.9999097597762616
0.9999006717191219
0.9998915486900711
0.9998826671048705
0.9998738219433589
0.9998654142600488
0.9998575158746236
0.9998501805191093
0.9998434693998978
0.9998376339813447
0.9998327150713967
0.9998287626879668
0.9998260745075309
0.999824537763357
0.9998236990962085
0.9998240145393368
0.9998253108754889
0.9998275237412034
0.9998305121857257
0.9998342811841552
0.9998387461563324
0.9998438956195819
0.9998494828663109
0.9998555220574779
0.9998618726860672
0.9998684945360796
0.9998752785120494
0.9998820901118225
0.9998889702245156
0.9998957885428844
0.9999023176155931
0.9999084110409913
0.9999142571098846
0.9999195459483305
0.9999242834833729
0.9999281450644821
0.9999313875572228
0.9999337995170164
0.9999352619420969
0.9999357233333536
0.9999350424621464
0.9999335291464908
0.9999309583455026
0.9999273605754294
0.9999227332458812
0.999917170111102
0.9999108477966826
0.9999037454462582
0.9998962737434542
0.9998879578496023
0.9998796528481771
0.9998709942993138
0.9998622558136996
0.9998535876042784
0.9998453693751234
0.9998376974713861
0.99983027788637
0.999823664315893
0.9998176919313062
0.9998126735503046
0.9998087035624921
0.9998055592195387
0.9998034187571221
0.9998017631827132
0.9998012567550945
0.9998016784278616
0.9998030671523935
0.999805291291946
0.9998080496799898
0.999811698278491
0.9998158819161973
0.9998204710334404
0.9998254331952198
0.9998309680705989
0.9998367593901043
0.9998427102237164
0.9998483692233182
0.999854358071116
0.9998604741570153
0.9998663392274517
0.9998720226902759
0.9998775993593549
0.9998827048177563
0.9998874688422078
0.9998916423421541
0.9998951426842053
0.9998979325928856
0.9999002462358153
0.9999015647391031
0.9999021086419996
0.9999018355738551
0.9999008456603409
0.9998986993335158
0.9998953484758891
0.9998912902599464
0.9998867137456413
0.9998810983958206
0.9998747407297143
0.9998676835011308
0.999860490329535
0.9998527187108022
0.9998447278386902
0.9998365710768358
0.9998281810895329
0.999820399729375
0.9998131435975104
0.9998060135052924
0.999799712040619
0.999793683795019
0.9997886060977541
0.9997843187654936
0.9997811115016483
0.9997786540500533
0.9997770306701868
0.9997762358707254
0.9997763986863002
0.9997774750256326
0.9997793090612455
0.9997820499780571
0.9997852348522182
0.9997889579000612
0.9997933817673549
0.9997979179758635
0.9998027087122767
0.9998080513774722
0.9998131061294983
0.9998186135862334
0.9998240611595252
0.9998294062553473
0.9998348994074191
0.9998399947128159
0.9998448295662703
0.9998493350448149
0.9998534419459363
0.9998573037894218
0.9998605360067654
0.9998634158383549
0.9998653380008045
0.9998665720495064
0.9998670811190696
0.999867045035278
0.9998658528928486
0.9998638670465593
0.9998611269172523
0.9998576199011915
0.9998532449627126
0.9998482499844829
0.9998424770124062
0.9998360125914455
0.9998292433133903
0.9998223213555398
0.9998146525952958
0.9998075620334312
0.9998001761725832
0.9997927928851276
0.9997857748399491
0.9997791596036617
0.9997730549454066
0.9997673775032792
0.9997625748376422
0.9997585074844793
0.9997550304299091
0.9997525737121198
0.9997510247281786
0.9997502009251723
0.9997501713951988
0.999750689690425
0.9997522983346315
0.999754524106101
0.9997573726665505
0.9997607896229843
0.9997645090380687
0.9997688164280782
0.999773757476321
0.9997788023201558
0.9997838655684222
0.9997891098909935
0.9997943005336051
0.9997996552937579
0.9998046890691339
0.9998095872024043
0.9998141575177201
0.9998186104997581
0.9998226674615446
0.9998263311748329
0.9998295042121766
0.9998320780883798
0.9998341196136843
0.9998355092698126
0.9998360620318198
0.999835734330993
0.9998346104230337
0.9998325138281188
0.9998293355499747
0.9998258480399569
0.9998213846976406
0.999816528005861
0.9998107811628169
0.9998042850066117
0.9997975544272258
0.999790632197943
0.9997831318068905
0.9997759953634574
0.9997689753449086
0.9997619463948371
0.9997553586593076
0.9997487909375081
0.9997427945312939
0.9997377345071433
0.9997330971378673
0.9997295045783581
0.9997267765553559
0.9997244259165273
0.9997229685919601
0.9997223546070183
0.999722377819992
0.9997234139858457
0.9997248811288533
0.9997272813628258
0.999730425391122
0.9997335828723196
0.9997374327533276
0.9997417702774193
0.9997461131900127
0.9997511291294155
0.9997560703804336
0.9997613431979164
0.9997662282898439
0.999771233350313
0.9997761059104887
0.9997806942585878
0.9997849218198355
0.9997887048069234
0.9997923153370986
0.9997955529372691
0.9997982913718088
0.9998005144216222
0.9998022472802574
0.999803064990976
0.999803358129894
0.999802474589462
0.999801061468381
0.9997990078281135
0.9997963011179628
0.9997929787446169
0.9997885977620535
0.9997838976668951
0.9997789035917402
0.9997731077730734
0.9997671452613502
0.9997605118594759
0.9997544955363807
0.9997478985548425
0.999741443810521
0.9997348795086787
0.9997286777264099
0.9997234509274062
0.9997180750050715
0.9997136621164546
0.9997098647606775
0.9997061096494838
0.9997032000240214
0.9997010678317608
0.9996992075621512
0.9996985626485175
0.9996987991267265
0.9996996452515573
0.9997010401226846
0.9997030742940953
0.9997056663393026
0.9997085123643098
0.99971231264012
0.9997161875445596
0.9997205986065074
0.9997251361662036
0.9997298338503853
0.9997343797722054
0.9997390949321937
0.9997436809481645
0.9997482307452081
0.999752883750981
0.9997567323381022
0.9997605298225185
0.9997636286305919
0.9997663125911017
0.9997684217367373
0.9997701171943321
0.9997709320527272
0.999771649521971
0.9997714609462119
0.9997707900209353
0.9997691920489346
0.9997672120954988
0.999764557778688
0.9997615097182576
0.9997577809230619
0.9997536901057809
0.9997490303435956
0.9997436831403425
0.9997379839182726
0.9997324222884548
0.9997261057698654
0.9997201719499164
0.9997142537030588
0.999708631105425
0.9997029224849294
0.9996969855662539
0.9996918572412662
0.9996868887899991
0.999682431842433
0.9996787911907752
0.999675498565967
0.9996733027179235
0.9996718639877674
0.9996708713121253
0.9996705208562298
0.9996710287453208
0.9996724236638984
0.9996743091411056
0.99967678241771
0.9996795176296892
0.9996827681581751
0.9996867762663129
0.9996907564255284
0.9996950277828844
0.9996992277668677
0.9997035746862288
0.9997082222552407
0.999712551143213
0.9997170493666937
0.9997209226728624
0.9997248834990976
0.9997281967702037
0.9997310135352625
0.9997337802141905
0.9997360263808936
0.9997378669736836
0.9997392505132237
0.999739954918305
0.9997399368117972
0.9997391734471164
0.9997377879945177
0.9997357821603231
0.9997334062014986
0.9997304056311668
0.9997271458763362
0.9997228722493358
0.9997183518273816
0.9997133310644143
0.999708187231321
0.9997024539603063
0.9996968392118393
0.9996909234131883
0.9996852516969683
0.9996796658218209
0.9996741957573317
0.9996692231908457
0.9996647968567586
0.9996608125770357
0.9996573630450528
0.999654271902774
0.9996515580844468
0.9996492621018321
0.9996479805322587
0.9996466891436823
0.9996466198444679
0.9996469322442667
0.9996475801068194
0.9996491780805895
0.9996512802705211
0.9996537018867868
0.9996564580606045
0.9996595718894328
0.9996631805269689
0.9996669228905747
0.9996706709941126
0.9996744068522131
0.9996782537865672
0.999682048765834
0.9996860397240909
0.9996899079448867
0.9996932888193808
0.9996967157456358
0.9996995426373847
0.999702424188432
0.9997044484124337
0.9997062565580939
0.9997076774163631
0.9997082250680961
0.9997083378751235
0.99970804318245
0.9997069734586438
0.9997056539754822
0.9997030721644266
0.9997002249205049
0.9996972519321258
0.9996933286943911
0.9996888117831813
0.9996843865843273
0.9996793530002416
0.9996743622764507
0.9996695763588046
0.9996645263389765
0.9996591807374592
0.9996538046849328
0.9996488252922504
0.9996433118010741
0.9996387517301121
0.9996339171266713
0.9996302915151138
0.9996266531666812
0.9996234503477667
0.9996214370503809
0.9996198763056557
0.9996187790603532
0.9996187314102505
0.9996186000216651
0.9996193346796729
0.9996206080911936
0.999622396366808
0.999624661514161
0.9996273831255774
0.9996304216110402
0.999633621485242
0.9996373915898881
0.9996415264834777
0.9996453476889858
0.9996495625609626
0.9996533161720202
0.9996568083627799
0.999660374334283
0.9996633674640845
0.9996663396880642
0.9996685866727969
0.9996708853683625
0.9996726992951277
0.9996739535740299
0.9996751206103902
0.9996755620899523
0.9996759283991143
0.9996747787805219
0.9996735262298181
0.9996722132868029
0.9996704262254043
0.9996677544065969
0.9996648753907112
0.9996612649613081
0.9996575823464056
0.9996535931672624
0.9996493042555353
0.9996447674524782
0.9996400327317133
0.9996346432266839
0.9996298367307516
0.9996250955209861
0.9996207605664371
0.9996163755728147
0.9996122132468593
0.9996082796977507
0.999604863744998
0.999601869728477
0.9995995019970755
0.9995975850597459
0.9995960904215087
0.9995950234390959
0.9995948829988607
0.9995949344810565
0.999595481315249
0.9995967994204927
0.9995981325605064
0.999600042728206
0.9996023007749094
0.999605163018827
0.9996076609279703
0.9996107182114963
0.9996136676984475
0.9996170320470534
0.9996203252612901
0.9996236157541284
0.9996265911470462
0.9996295223831675
0.9996327839340503
0.9996352161081239
0.9996372647015948
0.9996392159974865
0.9996402033998188
0.9996416630630703
0.9996424890455572
0.9996427735933383
