0.999991675073928
0.9999910390258205
0.9999893978529276
0.9999868708577717
0.9999836331619772
0.9999798654373232
0.9999758228096868
0.9999717017654574
0.9999677714468471
0.9999642739764759
0.9999614100708552
0.9999593349602717
0.9999581780979808
0.9999579459176199
0.999958696434491
0.9999604211213046
0.999962918778484
0.9999660782891538
0.9999697454015315
0.999973603289717
0.9999774778585603
0.9999810916292351
0.999984141322872
0.9999864649041444
0.9999879018007699
0.9999883298340739
0.9999877095687467
0.999986152013678
0.9999836914618173
0.9999805020507726
0.9999768327795107
0.9999728687371299
0.9999689049087
0.9999651806171995
0.999961895803547
0.9999592494776118
0.9999573655870967
0.999956369290749
0.999956255807571
0.9999570825139406
0.9999587662724942
0.9999612219868246
0.9999643014793825
0.999967786507864
0.999971455712832
0.9999750600198742
0.9999783924511919
0.9999811887741579
0.9999832649265737
0.9999845087388749
0.9999848468202533
0.9999842971351879
0.9999828492784364
0.9999805748772287
0.9999776593116028
0.9999742127084075
0.9999705040242849
0.9999667405430344
0.999963162511411
0.9999598893347642
0.9999572052049531
0.999955255513989
0.9999542060154272
0.9999540212139002
0.9999547695217161
0.9999564292931951
0.999958826586488
0.999961834504721
0.9999652055971946
0.9999687261130132
0.999972192822599
0.9999753735332857
0.9999780248993989
0.9999800118658708
0.9999811919112799
0.9999814822325765
0.9999808873521878
0.9999794375781539
0.9999772436396228
0.9999744199858775
0.9999711617907632
0.9999676154513654
0.9999640223283787
0.9999605979039159
0.9999575561224252
0.9999550305120504
0.999953250987426
0.9999522810346686
0.9999521535233027
0.9999529211191905
0.9999545298643554
0.9999568413764456
0.9999596540450237
0.9999628201432662
0.9999660994466034
0.9999693174817891
0.9999722253736707
0.9999746793450381
0.9999765344261432
0.9999776589527956
0.9999779342079185
0.9999774007988688
0.999976044051528
0.9999739316772166
0.9999712085071482
0.9999680461678626
0.9999646494102272
0.999961181989598
0.9999578690027743
0.9999549525434814
0.999952603418306
0.9999509075212969
0.9999499287168825
0.9999498030316358
0.9999505390243063
0.999952009161294
0.9999541785498792
0.9999568964123763
0.9999599562163742
0.9999631723943463
0.9999663735721148
0.9999693114767814
0.999971744162819
0.9999735847294723
0.9999746606538016
0.9999749371393737
0.999974391527542
0.9999730669787004
0.9999710122268701
0.9999683690557688
0.999965326044466
0.9999620388655618
0.9999586871738106
0.9999555399709347
0.9999526481336297
0.9999502609518843
0.9999485258421142
0.9999475683540848
0.9999473896083043
0.9999480265680329
0.9999494737914035
0.9999515690052221
0.9999542354241524
0.9999571601597076
0.9999601742466353
0.9999632067265055
0.9999660008400506
0.9999683470889735
0.9999701464354724
0.9999713255939383
0.9999717830923515
0.9999714257802095
0.9999703084941696
0.9999684528212316
0.9999659561123728
0.999962940424328
0.9999596583870856
0.9999563086020223
0.9999530101818822
0.999950058993261
0.9999476291931962
0.9999458564408
0.999944889291646
0.9999447434915268
0.9999454475329824
0.9999469331889306
0.999949022853785
0.9999516199405494
0.9999545500155358
0.999957608220767
0.9999606017059398
0.9999633453501241
0.999965670080336
0.9999674074371963
0.999968505236551
0.9999688370068043
0.9999684291669334
0.9999672951141727
0.9999654290527711
0.9999629783613737
0.999960064688518
0.999956824788984
0.999953484274665
0.9999503290595474
0.9999475059342944
0.9999451662911025
0.9999435448843402
0.9999426715946912
0.9999425314935415
0.9999431810654315
0.9999445861609676
0.999946546819945
0.999948954394869
0.9999516311211138
0.9999545694144577
0.9999573702116241
0.9999600396499885
0.9999623063736346
0.9999640258210736
0.9999651003682924
0.9999654676927088
0.9999651028764969
0.9999639993937226
0.999962235051402
0.9999598479827007
0.9999570053686075
0.9999539230163847
0.999950714648171
0.9999476106605205
0.9999448628890245
0.99994260772196
0.9999409414517652
0.9999399815437774
0.9999397820886234
0.9999403550060892
0.9999416267943046
0.9999434761284355
0.9999457957121006
0.9999484101310725
0.9999512308217019
0.9999540315736886
0.9999565758446733
0.9999588569716167
0.9999605398714845
0.999961604285459
0.9999619410105312
0.9999615148158338
0.999960376715829
0.999958553559664
0.9999560892537924
0.9999532657855704
0.9999502759455721
0.9999472075580615
0.9999443209294321
0.9999417720186067
0.9999397456547321
0.9999383257045414
0.9999375485208313
0.9999374040095326
0.9999380047627723
0.99993923122162
0.9999409596850027
0.9999431002104329
0.9999455871394906
0.9999481804948755
0.9999507834170066
0.9999532288418803
0.9999553524523485
0.9999570588523139
0.9999581191211693
0.9999585640098877
0.9999582285670889
0.9999571421800614
0.9999553719275512
0.9999530039458635
0.9999502563694642
0.9999472517508529
0.9999441977829499
0.999941392806421
0.9999389734490497
0.9999370547079897
0.9999357013685886
0.9999349847436774
0.9999349514681102
0.9999355109949918
0.9999366245813076
0.9999381819992439
0.9999401417062292
0.9999424010256104
0.99994481496942
0.9999473067459035
0.9999496791117038
0.9999517419789957
0.999953402879267
0.9999545172491261
0.9999549779973594
0.999954739777123
0.9999537056954472
0.9999519992851155
0.9999496482888881
0.999946867302911
0.999943945124277
0.9999409609659506
0.999938257512607
0.999935854098117
0.9999340349360121
0.9999327407470734
0.9999321572754388
0.9999321659804764
0.9999327179951673
0.9999338297628685
0.9999354400166627
0.999937364362801
0.999939549610073
0.9999419309815581
0.9999443236298688
0.9999465500620247
0.999948517022701
0.9999500317766331
0.9999509605303095
0.9999512829328653
0.9999508769962837
0.999949834572508
0.9999481436862244
0.9999459780982725
0.9999434093005339
0.9999406557766795
0.9999379232688305
0.9999353553390161
0.999933166403923
0.9999313838990249
0.9999301861758105
0.9999295685211763
0.9999295158989793
0.9999300074527381
0.9999310520052052
0.9999324987920295
0.999934290933192
0.9999364477612668
0.999938666848139
0.9999409889218024
0.9999431209071497
0.9999449802493511
0.9999463898702889
0.9999472358571505
0.9999475251839266
0.9999472511039719
0.9999463438265713
0.9999447595278081
0.999942830306933
0.9999404677759466
0.9999378638530635
0.9999352740809792
0.9999327675283742
0.9999306305400419
0.9999289856674562
0.9999277890720754
0.9999271746754781
0.9999270778946923
0.999927574272046
0.9999285496034601
0.9999299639228935
0.9999316777664435
0.9999336410860358
0.9999357262728116
0.9999378263598607
0.9999398363469026
0.999941530737142
0.9999429185884265
0.9999437992130751
0.999943990186921
0.9999436601382629
0.9999427397563925
0.999941220417481
0.9999392175592915
0.9999369592611539
0.9999345114346437
0.9999320728082985
0.9999298826696912
0.9999279166560242
0.9999263877015463
0.9999253805466958
0.9999248987657755
0.9999249668733324
0.9999255682272173
0.9999265974825468
0.9999280547117708
0.9999297855887226
0.999931692686169
0.9999336660207859
0.9999356189591267
0.9999374690113288
0.9999390289700116
0.9999403248561896
0.9999411037754972
0.9999414003983037
0.9999411095178314
0.9999401316993787
0.9999387164609241
0.9999367938437241
0.9999345190838276
0.9999320813227065
0.999929660083264
0.9999273393220878
0.9999253658466531
0.9999238203730171
0.999922770292601
0.9999222592238781
0.9999223109018011
0.99992275706462
0.9999237040826418
0.9999250096311578
0.9999266936201785
0.9999285412989227
0.9999305277140497
0.9999325422356555
0.9999344652327479
0.9999361705795924
0.9999374321672554
0.9999382946401293
0.9999384491781377
0.9999381118320004
0.9999371840339877
0.9999356835757107
0.9999337397588667
0.9999315409864039
0.9999291664616561
0.9999267676419161
0.9999245892329001
0.9999226842888134
0.9999211700770777
0.9999201271798346
0.9999196911925038
0.9999196568843209
0.9999201854981388
0.9999210725368805
0.9999223782502485
0.9999239981795558
0.9999258174088241
0.9999277243559196
0.9999296307066363
0.9999314676782158
0.9999330813543632
0.9999342769154588
0.9999349769402297
0.9999352921146287
0.9999349847691407
0.9999341622341581
0.9999327960509635
0.9999309838610955
0.9999289213577252
0.9999267359087926
0.9999245186367188
0.9999223909219048
0.9999205173742123
0.9999190009010585
0.999917990880165
0.9999174026078146
0.9999172729793459
0.9999176226495556
0.9999184823160524
0.9999196845942556
0.99992121537898
0.9999229112315106
0.9999247149666896
0.9999265666436349
0.9999282191055423
0.9999296340362557
0.9999307806699856
0.9999315036186581
0.9999317251821052
0.999931429123825
0.999930610732586
0.9999293479386246
0.9999276518852162
0.9999257407529815
0.9999236310986348
0.9999215784023502
0.9999195640221207
0.9999177934600667
0.9999163559063484
0.9999153307902968
0.9999148606833645
0.9999147643573093
0.9999151573903873
0.9999159674502663
0.999917120358415
0.9999185081949384
0.9999201175544472
0.999921843885212
0.9999234792224916
0.999925006653789
0.9999263461723629
0.9999273372049701
0.999927917210252
0.9999281257249875
0.9999277335113703
0.99992691051834
0.9999256590938677
0.9999238584170236
0.999921919074437
0.9999198452230634
0.9999176954148807
0.9999159047523583
0.999914332271906
0.9999131471138297
0.9999123794308692
0.9999120778800538
0.999912205699594
0.9999126472685661
0.9999134559019904
0.9999144603121034
0.9999157650412146
0.9999172223063432
0.999918815853835
0.999920411313813
0.9999219217805184
0.9999231494649644
0.9999241312893195
0.9999247251541389
