0.9999991786761168
0.9999986620933269
0.9999973731901938
0.9999960809333523
0.9999956749878433
0.9999963909436899
0.9999976337308104
0.9999985954045085
0.9999987592292211
0.9999979567261315
0.9999965637640575
0.9999954687346638
0.9999954272779181
0.9999963972552852
0.999997631024066
0.9999983777775889
0.999998232884225
0.9999971952568191
0.9999958099164539
0.9999949963881337
0.9999953272673793
0.9999964892437485
0.9999976192152502
0.9999980878065441
0.9999976339878508
0.9999964255690051
0.9999951582728006
0.9999946903859577
0.9999953060698397
0.9999965089610213
0.9999974743744642
0.9999976444642551
0.9999969312028096
0.9999956469307854
0.9999945496638769
0.9999944249686715
0.9999953151224543
0.9999965273324901
0.9999972685671652
0.9999971404463672
0.9999961991335432
0.999994890075775
0.9999940504744752
0.9999942954212234
0.9999954000735012
0.9999964934340375
0.9999969860963708
0.9999965677457759
0.9999954626463775
0.9999942387472777
0.9999937023866508
0.999994245393761
0.9999953930063186
0.9999963508117367
0.9999965685243023
0.9999959250918398
0.9999947065550585
0.9999936212646553
0.9999934274093337
0.9999942414761922
0.9999954040084198
0.9999961554412932
0.9999960948770502
0.9999952512020222
0.999994005141442
0.9999931543478243
0.9999932835465072
0.9999942482259276
0.9999953378587776
0.9999958845997684
0.999995548268141
0.9999945058941014
0.999993286355065
0.9999927408279237
0.9999932030190931
0.9999942854334565
0.9999952214732016
0.9999955071118288
0.999994924396856
0.9999937567552035
0.9999926553496248
0.9999924164103821
0.9999931605192811
0.9999942783262044
0.999995016484313
0.9999950419755536
0.9999942353956316
0.9999929699117891
0.9999920762086002
0.999992193692528
0.9999931344760861
0.9999942114053545
0.9999947708907906
0.9999945285540404
0.999993533136457
0.9999923122106951
0.9999917057489403
0.9999920978345643
0.9999931238731428
0.9999940815940191
0.9999944004717352
0.9999939134580746
0.9999927799835074
0.9999916696291555
0.9999913792496706
0.9999920394224829
0.9999931257433697
0.9999939197518516
0.9999940076831889
0.9999932555356443
0.9999920410306835
0.999991160355065
0.9999911846448692
0.999992048636395
0.9999930942752083
0.9999936934943784
0.9999935304458042
0.9999926051842314
0.9999914157588797
0.9999907303286014
0.9999910303400695
0.9999920176938997
0.999993015753802
0.9999934225563232
0.9999930004898795
0.9999918670138195
0.9999907601237467
0.9999903617226498
0.9999909111867585
0.9999919578013623
0.9999927884079612
0.9999929285466942
0.9999922703226259
0.9999911107919337
0.9999901983451108
0.9999901242255579
0.9999908848757116
0.9999919407897896
0.9999926094125231
0.9999924813110602
0.9999916299936127
0.9999904876344596
0.9999897706716558
0.9999899827354397
0.9999908998677669
0.9999918726029321
0.9999923032114754
0.9999919450516169
0.9999909385564266
0.9999898622334366
0.9999894553377404
0.9999899171206712
0.9999908707996583
0.9999916873730835
0.9999919151005445
0.9999913196050333
0.9999902057048848
0.999989239103774
0.9999891122623934
0.9999897914028436
0.9999907692666719
0.9999913953887021
0.9999913375817642
0.9999905719301464
0.999989454434892
0.999988726037889
0.9999888775473853
0.9999897283887628
0.9999906408910585
0.9999910684033378
0.9999907737826781
0.9999898387543217
0.9999887842180223
0.9999883027439181
0.9999887438113394
0.9999897026324458
0.9999905414872874
0.9999907444468281
0.9999902410890048
0.999989177154466
0.9999882318002321
0.9999880043640238
0.9999885991383225
0.9999896130045259
0.9999902717828647
0.9999902696243211
0.9999895902590076
0.999988517350178
0.9999877369069577
0.9999877960796807
0.9999886107866209
0.9999895348498714
0.9999899781164243
0.9999897222345318
0.9999888887784075
0.9999878334475912
0.9999872968368986
0.9999876280309582
0.9999885630441883
0.9999893797927956
0.9999896150580969
0.999989153092205
0.9999881885932844
0.9999872248022393
0.9999869297936068
0.9999874934707612
0.9999884300770628
0.9999891109262866
0.9999891605454165
0.9999885683983519
0.999987533224005
0.9999867420918931
0.9999867222080282
0.9999874555881413
0.9999883624777686
0.9999888623709269
0.9999887009505588
0.9999879222990552
0.9999868839209898
0.9999862790590469
0.9999865364558591
0.9999873857949683
0.999988205592155
0.9999885079501238
0.9999881381884713
0.9999872560856494
0.9999863310147169
0.9999859846771734
0.9999865051027915
0.9999873818063909
0.9999880359894283
0.9999881625608666
0.9999876273312254
0.9999866475048236
0.9999858123366644
0.9999857415716461
0.9999864274547297
0.99998730190757
0.9999878032067308
0.9999877032606077
0.9999869753318829
0.9999859779416785
0.9999853882757649
0.999985608690961
0.9999864103982657
0.9999871321057161
0.9999874513672475
0.9999871312926897
0.9999862735597289
0.9999853040235617
0.9999849407822965
0.999985432910844
0.9999863245688748
0.9999869857943305
0.9999871201611898
0.9999866217241895
0.9999856608161296
0.9999848361274319
0.9999847443919021
0.9999854043836747
0.9999862362749578
0.9999867796457078
0.9999866983264681
0.9999860450883035
0.9999850111091405
0.9999843595804847
0.9999844991679387
0.9999852516785616
0.9999860220835058
0.9999863737959095
0.999986146820856
0.9999853335065102
0.9999843443103114
0.9999839071080726
0.9999842858186361
0.9999851098145678
0.9999857668893706
0.9999859292028118
0.9999855074227624
0.999984583503176
0.9999837070082409
0.9999835681648442
0.9999841855492176
0.9999849919434232
0.9999855070154435
0.9999854969033121
0.9999848473999939
0.9999838644935521
0.9999831768942586
0.9999832804985425
0.9999839938285916
0.9999847487512935
0.9999851566576757
0.999984970387987
0.9999841827884747
0.9999832442045903
0.9999828279638295
0.9999831910950469
0.999983955771399
0.9999846130562422
0.9999848217150034
0.9999844446816502
0.9999835904666038
0.9999827394630828
0.999982477561263
0.9999829916477877
0.9999837571727119
0.9999843397138585
0.9999843870244135
0.9999838506547816
0.9999829499653382
0.9999822824319223
0.9999822421075494
0.999982848960188
0.9999835609442107
0.9999840093572987
0.9999838624185048
0.9999831692397031
0.9999822931220891
0.9999817957353584
0.9999819790192342
0.9999826607172168
0.9999833400246854
0.9999836258255886
0.999983311678172
0.9999825103113967
0.9999817126856927
0.9999814081964166
0.9999817430620301
0.9999824549825793
0.9999830868174202
0.9999832225480898
0.9999827500824152
0.9999819047438896
0.9999811659017669
0.9999810942327847
0.9999815870864728
0.9999822532578408
0.999982766232324
0.9999826697743629
0.9999820438119017
0.9999811570305055
0.9999805902291523
0.9999806612533714
0.999981276269725
0.999981929498383
0.9999822334601626
0.9999820264837873
0.9999812905484516
0.9999805072667677
0.9999801705857025
0.9999804762589188
0.9999811028388884
0.999981718967869
0.9999819057485506
0.9999815487095205
0.9999807122179512
0.9999800102948969
0.9999798943456827
0.9999803376200763
0.9999809917715099
0.9999814853389714
0.9999815929572031
0.9999810038382368
0.999980158063124
0.9999795851324442
0.999979657874392
0.9999802163014627
0.9999808707719292
0.9999812573316565
0.9999811200171035
0.9999804404654433
0.9999796720187974
0.9999792643533887
0.9999795139932336
0.9999800986319893
0.9999807540594673
0.9999810371594997
0.9999806686173442
0.9999798357790203
0.9999791397428728
0.9999789713296026
0.9999792826364118
0.9999799606217414
0.9999804911319718
0.9999805448430978
0.999980053268236
0.9999792179825587
0.9999786200800168
0.9999785851473453
0.9999790995734429
0.9999797847364618
0.999980211026548
0.9999800748392271
0.9999793918660645
0.999978627771384
0.9999781729719358
0.9999783262141775
0.9999789007581505
0.9999795490728978
0.9999797852427548
0.9999794679934016
0.9999788113411366
0.9999781404208502
0.999977866576162
0.9999781224751729
0.9999787203244814
0.999979278411653
0.9999794135380475
0.9999789750451683
0.999978248016827
0.9999776924156476
0.9999776305868181
0.9999780634340406
0.9999786866829801
0.9999791123544753
0.9999790256168922
0.9999784119866431
0.9999776911808935
0.99997723553121
0.9999773496224765
0.9999779123604573
0.9999785100382794
0.9999788012271714
0.9999784609246161
0.9999777648839145
0.999977135201364
0.9999768790823725
0.9999771323532916
0.9999777312433834
0.9999782983095459
0.9999783665597519
0.9999779299500698
0.9999772460177552
0.9999767147725498
0.9999766329522269
0.9999769915780637
0.9999776363239015
0.999978031759708
0.9999779410932381
0.9999773940362283
0.999976757560233
0.9999763007759513
0.9999763730271806
0.9999768560380677
0.9999774189570219
0.9999777156006656
0.9999774735292049
0.9999768377828687
0.999976158112428
0.9999758656425465
0.9999761149068228
0.999976674057277
0.9999772449386027
0.9999773993943407
0.9999770474971622
0.999976353536322
0.9999757653846191
0.9999756658511973
0.9999760311040102
0.999976565646257
0.9999769578545223
0.9999769392381774
0.9999764652204373
0.999975807947839
0.9999753815806438
0.9999753734008682
0.9999758373339357
0.999976350544544
0.9999765777165174
0.9999764162762336
0.9999758606936869
0.9999752015551998
0.9999748712322678
0.9999749974932357
0.9999755035196944
0.9999759908510846
0.999976156573987
0.9999758575526227
0.9999751793884515
0.9999746180057546
0.9999744124196149
0.9999747429752927
0.9999753168433073
0.9999757483947267
0.9999757407799119
0.9999753090022966
0.9999747128825259
0.9999742085583008
0.999974124996743
0.9999744904659423
0.9999750591637058
0.9999753788535488
0.9999752303250855
0.999974758151519
0.9999741159650468
0.9999736970964317
0.9999737888821381
0.9999743025409792
0.9999747664041376
