0.9999999248601702
0.9999995997681055
0.9999997737134325
0.9999996385646612
0.9999995464995147
0.9999996876541254
0.9999993704561594
0.9999996231484308
0.9999993510709915
0.9999994450715938
0.9999994202730992
0.9999992160975363
0.999999428441274
0.999999096405709
0.999999323619268
0.9999991302010129
0.9999991165791114
0.9999992000089136
0.9999989257805391
0.9999991785986396
0.9999988729144076
0.9999990164941792
0.9999989060688181
0.9999987791935109
0.999998945787975
0.9999986295919627
0.9999988736567694
0.9999986216573787
0.9999986675758699
0.9999986789856365
0.9999984586930757
0.9999986823728544
0.9999983539264564
0.9999985320054123
0.9999983751775573
0.9999983105395929
0.9999984339581727
0.9999981358796091
0.9999983784167793
0.9999980811071568
0.9999981840889953
0.9999981312931314
0.9999979563074095
0.9999981496386289
0.9999978482740852
0.9999980709239327
0.9999978592181897
0.9999978800287112
0.9999979142283147
0.9999976639447136
0.9999978906561409
0.9999975917327409
0.9999977649531429
0.9999976367886849
0.9999975530772053
0.999997687550459
0.9999973793019785
0.9999976178404414
0.9999973482627955
0.9999974292769358
0.9999973965096648
0.9999971924810832
0.9999973798075174
0.9999970843525207
0.9999972855697603
0.9999971140731455
0.9999970821522298
0.9999971602750448
0.9999969126229608
0.9999971211821067
0.9999968348765026
0.9999969710120951
0.9999968696147973
0.9999967403268496
0.9999968922296268
0.999996598057109
0.9999968074870971
0.9999965930968336
0.9999966398458812
0.999996652273775
0.9999964418602049
0.999996661728079
0.999996365153931
0.9999965409902973
0.9999963983074731
0.9999963310861176
0.9999964309178575
0.999996143661359
0.9999963569275409
0.9999961070225861
0.9999962094748316
0.9999961566379165
0.9999960173538465
0.9999961918390513
0.9999959313401298
0.999996122564093
0.9999959208723574
0.9999959187654902
0.9999959708842017
0.9999957431090297
0.9999959572924078
0.9999956803313067
0.9999958171755915
0.9999957080518402
0.9999956167583344
0.9999957329143526
0.9999954408018866
0.9999956489916736
0.9999954211329264
0.9999954746755104
0.9999954378965181
0.9999952656547028
0.9999954503463548
0.9999951697902705
0.9999953544976633
0.9999951802797972
0.9999951550274905
0.9999952139240517
0.9999949880527742
0.9999951713293536
0.9999949158068074
0.9999950337848948
0.9999949490398659
0.9999948312811853
0.9999949806628098
0.9999947210292947
0.999994938320239
0.9999947064965862
0.999994756471113
0.9999947266754315
0.9999945415040523
0.9999947096040409
0.9999944425523739
0.9999945965203222
0.9999944848495211
0.9999944004125578
0.9999944958478986
0.9999942351839278
0.9999944055043807
0.999994153874247
0.9999942487943035
0.9999941804741539
0.9999940651759087
0.9999941928966561
0.9999939141120495
0.999994084165416
0.9999938910915841
0.9999938978397243
0.9999939385746708
0.9999937362975121
0.9999939224316196
0.9999936738830886
0.9999938139976815
0.9999937158755164
0.9999936454235434
0.999993729563857
0.9999934920808028
0.9999936879233979
0.9999934557080558
0.9999935039843888
0.9999934778333355
0.9999932961203194
0.9999934627357878
0.9999932083676465
0.9999933629212068
0.9999931788378095
0.999993132824856
0.9999931775565413
0.9999929370067356
0.9999931215221911
0.9999928741675363
0.9999929602588085
0.9999929097739482
0.9999928046282701
0.999992941571418
0.9999926686966947
0.9999928444762723
0.9999926619072044
0.9999926862669483
0.9999926783350649
0.9999924884056318
0.9999926548292695
0.9999923638965107
0.9999925163093251
0.9999923561488816
0.9999923016030897
0.9999923358677582
0.9999920923485744
0.9999922664906836
0.9999920259332948
0.9999921055060504
0.9999920535682844
0.9999919163507844
0.9999920568808838
0.99999181181449
0.9999919629886937
0.9999917759973791
0.9999917638084338
0.9999918050170794
0.9999915890874934
0.9999917724590232
0.9999915035423983
0.9999916174214005
0.9999915083393666
0.9999914145503238
0.9999914886870009
0.9999912380294881
0.9999914433180653
0.9999912205378946
0.9999913015142659
0.9999912703963845
0.9999911189794551
0.9999912709540448
0.9999910404570883
0.9999912085627978
0.9999910654238626
0.9999910676641348
0.9999911100659085
0.9999908799446853
0.9999910345842211
0.9999908068764153
0.9999908863536291
0.9999908207486461
0.9999907167265504
0.999990806369568
0.9999905740800294
0.9999907240546143
0.9999905696450279
0.9999906091377266
0.9999905901673748
0.9999903943590521
0.9999905522777873
0.9999902837259
0.9999904029504173
0.9999902992069413
0.9999902603209538
0.999990310878655
0.9999900908881045
0.9999902700338175
0.999990096293045
0.9999901315933732
0.999990075706134
0.9999899691578137
0.9999901061634521
0.9999898730483848
0.9999900319564696
0.9999898731357073
0.9999898672321701
0.9999899000831916
0.9999896958454815
0.9999898615149716
0.9999896188170507
0.9999896991679712
0.9999896264607995
0.9999895415165228
0.9999896100987639
0.999989382682736
0.9999895437536451
0.9999893652476947
0.9999894599760625
0.9999894472369373
0.9999893259894447
0.9999894381047321
0.9999891634305337
0.9999893198309691
0.9999891903581288
0.9999891504006564
0.9999891778582131
0.9999889462607108
0.9999890928063757
0.9999888980376479
0.9999889942634087
0.9999889028384366
0.9999887840007116
0.9999888750566145
0.9999886416751346
0.9999887645614458
0.9999885878424212
0.9999886348839337
0.999988632613217
0.9999884548113752
0.9999886047549044
0.9999883983568654
0.9999884983098252
0.9999883886687142
0.9999883350697499
0.9999884216780397
0.9999882043982569
0.9999883758198262
0.9999881867901443
0.9999882393417663
0.9999881479718344
0.9999880343202959
0.999988180266107
0.9999879501957084
0.9999881211213794
0.9999879616002406
0.9999879220975906
0.9999879483167147
0.9999877724669144
0.9999879049628473
0.9999877155335755
0.9999877976645551
0.9999876871507916
0.9999876087287956
0.9999877066144462
0.999987518273421
0.999987632754427
0.9999874218863316
0.9999874635271866
0.999987444689496
0.9999872918129089
0.9999874012373151
0.9999871903900592
0.9999872778276147
0.9999871614936607
0.9999871085471678
0.999987150263473
0.999986940248612
0.9999870771719243
0.9999868549639586
0.9999869451646332
0.9999868995864096
0.9999868234579752
0.9999869119177592
0.9999866739371057
0.9999868041710122
0.9999866550709182
0.9999866536306805
0.9999866893218179
0.9999865357437336
0.9999865950548018
0.999986446904585
0.9999865350788042
0.9999864537600297
0.9999863486389858
0.9999863976964448
0.9999862022605255
0.9999863564863717
0.9999861733980087
0.9999862017252052
0.9999861448827677
0.9999860382779964
0.9999861561811962
0.9999859394034569
0.999986049307522
0.9999859403923943
0.9999858995514755
0.9999859233220088
0.9999857094260091
0.9999858232272012
0.9999856020240342
0.9999856834863594
0.9999856094902098
0.99998547819385
0.9999855234047329
0.9999853844691882
0.999985527308606
0.9999853975207211
0.9999853989663127
0.9999853955473521
0.9999852196571636
0.9999853397411349
0.9999850853752354
0.9999851607483841
0.9999850572922561
0.9999850410538299
0.9999850446324235
0.9999848288187424
0.9999849821208017
0.9999848142417584
0.9999849000229715
0.9999848106837247
0.9999846567121852
0.9999847561776603
0.9999845612912135
0.9999846863239261
0.9999845327479279
0.9999845443446991
0.9999845087986176
0.9999843890121545
0.9999844479524899
0.9999842865813587
0.9999843749209327
0.9999843119986558
0.9999842831311736
0.9999842714072272
0.9999841040257834
0.9999842415204907
0.9999840679012961
0.9999841251969439
0.9999840546712113
0.9999839402028488
0.9999840405123656
0.9999838477269445
0.9999839604420255
0.9999838100433291
0.9999837974689109
0.9999837891793886
0.9999836725983275
0.9999837839486826
0.9999836286920181
0.9999837231904024
0.9999836285917111
0.9999835760125604
0.9999836354110209
0.9999834798562564
0.9999835334018987
0.9999833543686844
0.9999833504576983
0.9999832627285553
0.9999832045943268
0.999983269539937
0.9999830955721629
0.9999832180023309
0.9999831018002205
0.9999830820899321
0.9999830719934896
0.9999829328431002
0.9999830156525232
0.999982873343273
0.9999829448054606
0.9999828948950251
0.9999828225381655
0.9999829070315919
0.9999827430937023
0.999982874828489
0.9999827759885457
0.999982793605064
0.999982753807395
0.9999826281261962
0.9999827443267009
0.9999826412557662
0.9999826889187837
0.9999826290835974
0.9999825607158543
0.9999825865083659
0.9999824264876708
0.999982537323215
0.99998236723628
0.9999823903808726
0.9999823923868146
0.9999822793744626
0.9999823745183852
0.9999821968389089
0.99998234049758
0.9999822113024582
0.9999822287272789
0.9999822005882721
0.999982043489298
0.9999821426058334
0.9999819956750436
0.9999820769428908
0.9999819960867508
0.9999818829204665
0.9999819094875566
0.9999817697483194
0.999981863662937
0.9999817512512755
0.9999818177356108
0.9999817577438167
0.9999816477635146
0.9999817050750054
0.9999815417830215
0.9999816038885764
0.9999815439928539
0.9999814573176509
0.9999814895927439
0.9999813200314114
0.9999813921871965
0.9999812099838797
0.9999812726065374
0.9999812511389855
0.9999811682210767
0.9999812709508922
0.9999810781145143
0.9999812237753996
0.9999811317896218
0.9999811144016618
0.9999810830266037
0.9999809702651827
0.9999810665504485
0.9999809011018217
0.9999809344217162
0.9999808507602138
0.9999807813811659
0.9999807933277632
0.9999806345356831
0.9999807037556208
0.9999805766058372
0.9999806313239802
0.9999805917878329
0.9999804912175618
0.9999805354649282
0.9999803343439986
0.9999804207264438
0.9999802992375945
0.999980203273924
0.999980229906654
0.9999800680017153
