0.999999889617434
0.9999995415838463
0.9999995874349566
0.9999998662205469
0.9999994796795226
0.9999996500719195
0.9999998233176713
0.999999432026356
0.9999997075434097
0.9999997667016391
0.9999994072540277
0.9999997578091953
0.9999996974138003
0.9999994022511587
0.9999997940866344
0.9999996226997102
0.9999994231933694
0.9999998107263859
0.999999544939343
0.9999994623569782
0.9999998069251329
0.9999994715883975
0.999999515118154
0.9999997823295823
0.9999994104830486
0.9999995731338785
0.9999997412434274
0.9999993618921406
0.9999996302568265
0.9999996869466204
0.9999993377988062
0.9999996778965703
0.9999996174080047
0.9999993333901993
0.9999997112240138
0.9999995427024462
0.9999993519937648
0.9999997261219823
0.9999994660951089
0.9999993899436865
0.9999997222540027
0.9999993968858262
0.999999443543071
0.9999996996139522
0.9999993381327399
0.999999501654932
0.9999996607735034
0.9999992890247471
0.9999995553925723
0.9999996055136489
0.999999265045476
0.9999996000235859
0.9999995410058757
0.9999992617822507
0.9999996279878682
0.9999994702929456
0.9999992801084662
0.9999996421671926
0.9999994000511137
0.9999993177461706
0.9999996355298523
0.9999993278746844
0.9999993655808557
0.9999996120201315
0.9999992663003783
0.9999994204916677
0.9999995740107296
0.999999218073244
0.9999994735901778
0.9999995237940635
0.9999991943504812
0.9999995150182984
0.9999994636143914
0.9999991882231796
0.9999995427104211
0.999999392493403
0.9999992048908141
0.9999995566530668
0.9999993203627289
0.999999239785448
0.9999995515898344
0.9999992540733579
0.9999992889792786
0.9999995307113875
0.9999991953294413
0.9999993458359399
0.9999994918045156
0.9999991494429072
0.9999993938335128
0.9999994439579909
0.9999991241077405
0.9999994366645301
0.9999993837129406
0.999999118446271
0.9999994642107739
0.9999993172246163
0.9999991412137262
0.9999994797514401
0.9999992475396448
0.999999174856689
0.9999994696978824
0.9999991790156708
0.9999992209475408
0.9999994471786962
0.9999991213556
0.9999992705222583
0.9999994106210088
0.9999990744801924
0.99999931833654
0.9999993612583887
0.9999990476795392
0.9999993570012339
0.9999993050128637
0.999999047220182
0.9999993840611586
0.9999992428394685
0.9999990665034081
0.9999993971473289
0.9999991785545512
0.9999991027573318
0.9999993942124292
0.9999991141245386
0.9999991483966453
0.9999993759534357
0.999999060363548
0.9999991993137405
0.9999993408277275
0.9999990158691947
0.9999992456709786
0.9999992963769005
0.9999989920378888
0.9999992843621525
0.9999992430872162
0.9999989859313517
0.9999993123092554
0.9999991787421626
0.9999990007084986
0.9999993221733058
0.9999991095281415
0.9999990277033237
0.9999993140348146
0.9999990426358344
0.999999074583733
0.9999992960069477
0.999998987057423
0.9999991250829209
0.999999260852699
0.9999989442063927
0.9999991744697402
0.9999992193207713
0.9999989189361852
0.99999921276938
0.9999991627893606
0.999998913961275
0.9999992380051117
0.9999991012514066
0.9999989291112594
0.9999992474422772
0.9999990329831531
0.9999989600142095
0.9999992376634321
0.9999989704158029
0.9999990046261803
0.9999992161666529
0.9999989173621557
0.9999990528778467
0.9999991845250649
0.999998875973236
0.9999990978337077
0.9999991416440178
0.9999988514464895
0.9999991364635114
0.9999990891348981
0.9999988488747089
0.9999991604778544
0.9999990294594525
0.9999988658008482
0.999999169676658
0.9999989687010673
0.9999988987326918
0.9999991633024016
0.9999989059512524
0.9999989392213188
0.9999991403682824
0.9999988544004771
0.9999989840614691
0.999999107889864
0.9999988162303064
0.9999990240919642
0.9999990610225018
0.99999878394033
0.9999990533613927
0.9999990110381234
0.9999987774171034
0.9999990763397734
0.999998949284294
0.9999987844854639
0.9999990823043653
0.9999988907685519
0.9999988160711564
0.9999990780124673
0.9999988405338206
0.9999988553510571
0.9999990571956187
0.9999987866420881
0.9999989019133252
0.9999990273314106
0.9999987453170024
0.9999989402967847
0.9999989827250662
0.9999987177565833
0.9999989739814467
0.9999989345079875
0.9999987090085257
0.9999989923214765
0.9999988772124877
0.9999987183439892
0.9999990060027181
0.9999988213512641
0.9999987501440801
0.9999990001256983
0.999998764360645
0.9999987813859449
0.9999989754154236
0.9999987102921648
0.9999988225358136
0.9999989416473951
0.9999986669202605
0.9999988614650913
0.9999988998283732
0.9999986412599904
0.9999988931583499
0.9999988501243066
0.9999986336643788
0.9999989110364851
0.9999987950836092
0.9999986425919719
0.9999989164716787
0.999998739530627
0.9999986675286794
0.9999989094899092
0.9999986865333375
0.9999987026827755
0.9999988892025079
0.999998637585441
0.9999987458941751
0.9999988628474151
0.9999985980184879
0.9999987882782961
0.9999988213065492
0.9999985691417395
0.9999988144576019
0.9999987672632472
0.9999985648958076
0.9999988347322422
0.9999987143474313
0.9999985723316517
0.9999988381018855
0.9999986579341497
0.9999985991555175
0.9999988301008191
0.9999986047330016
0.9999986329896349
0.9999988116675818
0.9999985546792629
0.9999986713907473
0.9999987796892521
0.9999985162414254
0.9999987062454583
0.9999987409994743
0.9999984938333529
0.9999987374175874
0.9999986909744447
0.9999984864593476
0.9999987552644359
0.9999986345210029
0.9999984934831302
0.9999987578456855
0.9999985800743236
0.999998519996358
0.9999987545043253
0.999998523628421
0.9999985534475073
0.9999987342444108
0.9999984795463724
0.9999985894466544
0.999998699183905
0.9999984445432974
0.9999986294321825
0.9999986619129597
0.9999984232524606
0.9999986568033543
0.9999986098573712
0.9999984222467608
0.9999986738489645
0.9999985538621899
0.9999984259516993
0.9999986786510776
0.9999985024465976
0.999998448720253
0.9999986711406159
0.9999984477916123
0.9999984791588689
0.9999986478911009
0.999998400733167
0.9999985109269172
0.9999986104857201
0.9999983604727777
0.9999985444395862
0.9999985728219443
0.9999983458459839
0.9999985733870057
0.9999985228366006
0.9999983414024977
0.9999985904186985
0.9999984729691789
0.9999983533646633
0.999998596581355
0.9999984212469909
0.9999983754647311
0.9999985872354484
0.999998371540111
0.9999984046554824
0.9999985659301133
0.9999983311088728
0.9999984434607356
0.9999985385905128
0.9999983028735179
0.9999984784946674
0.9999984975320113
0.9999982776732868
0.9999985022777922
0.9999984490614171
0.9999982731817184
0.9999985242057458
0.9999984038767631
0.9999982869774489
0.9999985279645517
0.9999983532899547
0.9999983071979405
0.9999985218690545
0.9999983063662103
0.9999983372281954
0.9999984952739839
0.9999982616721421
0.9999983651249347
0.9999984618556539
0.9999982289125134
0.9999984014339618
0.9999984221151832
0.9999982036805237
0.9999984244407414
0.9999983738177527
0.9999981952021646
0.9999984415753163
0.9999983261166867
0.9999982015523141
0.999998439456599
0.9999982715231839
0.9999982235250883
0.9999984296452951
0.9999982200548511
0.99999824959152
0.9999984152120773
0.9999981790332664
0.9999982895803279
0.9999983830781268
0.9999981453943959
0.9999983250824254
0.9999983487501357
0.9999981258373525
0.9999983482720214
0.99999830211503
0.9999981182416874
0.9999983582138933
0.9999982490845233
0.9999981216786606
0.9999983553531169
0.9999981921626999
0.9999981422393363
0.9999983432148036
0.9999981426341751
0.9999981716105325
0.9999983224649232
0.9999981032036485
0.9999982021850092
0.999998291822699
0.9999980671296373
0.9999982318946263
0.9999982546734694
0.9999980474236997
0.9999982551582662
0.9999982072909038
0.9999980456929177
0.9999982694751419
0.9999981664636531
0.9999980542364952
0.999998268888661
0.9999981184100815
0.9999980725977677
0.9999982625220774
0.9999980777815712
0.9999980996992918
0.9999982449806892
0.999998033943592
0.9999981280687964
0.9999982136654011
0.9999979965266035
0.9999981537178961
0.9999981727089988
0.9999979746739804
0.9999981729843381
0.9999981318563805
0.999997971117004
0.99999818760765
0.9999980861951631
0.999997976782928
0.9999981873243803
0.9999980324470323
0.9999979911797682
0.9999981732914928
0.9999979825754276
0.9999980160117922
0.9999981472843902
0.9999979384049192
0.9999980426891567
0.9999981211505382
0.9999979105312055
0.9999980648747744
0.9999980793438596
0.9999978878490678
0.9999980878210291
0.999998032877015
0.9999978811809016
0.999998094541852
0.999997988901864
0.9999978912688186
0.9999980927421793
0.999997939788261
0.9999979041456344
0.9999980770609774
0.9999978977547327
0.9999979283753799
0.9999980600821456
0.9999978556711293
0.9999979485021615
0.9999980271235132
0.9999978217787285
0.9999979718350848
0.9999979924470358
0.9999978059978752
0.9999979889593704
0.9999979491826717
0.9999977980868568
0.9999979983399777
0.9999979086067576
0.9999978083274027
0.9999980019537349
0.999997868390991
0.999997820218631
0.9999979937402854
0.9999978210823611
0.9999978369268306
0.9999979668321238
0.9999977783212879
0.9999978580470616
0.999997940842549
0.9999977442949733
0.9999978812466239
0.9999979160444081
0.9999977322523709
0.9999978993596503
0.9999978759114906
0.9999977221539683
0.9999979022290612
0.9999978349905879
0.9999977266861936
0.9999979106126179
0.9999977888412639
0.9999977397493854
0.9999979052280263
0.9999977424925961
0.9999977512824555
0.9999978871851626
0.9999977039622665
0.9999977719567431
0.9999978673438128
0.9999976767166275
0.9999977939752797
0.9999978340175193
0.9999976563018549
0.9999978093303334
0.9999977994915936
0.9999976478136661
0.9999978293780671
0.9999977583218039
0.9999976532907839
0.9999978309106977
0.999997716434534
0.9999976671297544
