0.999998875954392
0.9999983337004191
0.999997001009517
0.999995448409434
0.9999943539918702
0.9999942398170908
0.9999951404170728
0.9999966012463201
0.9999979011838654
0.9999984341485175
0.9999979685831863
0.9999966908234048
0.9999951395065604
0.9999939994275202
0.9999937695354066
0.9999945551688209
0.9999959629915077
0.9999973003633913
0.999997917654062
0.9999975330648742
0.9999963347977109
0.9999948150405473
0.9999936255226687
0.9999932808988579
0.9999939529862278
0.9999953388083851
0.9999967424367764
0.9999974502855304
0.9999971503927348
0.9999959684154054
0.9999944767088813
0.9999932662310242
0.9999928565540599
0.9999934667886081
0.9999948084779238
0.9999961753032969
0.9999969201843185
0.9999967170398946
0.9999956350629927
0.9999941438426897
0.9999928567505013
0.9999923648568386
0.9999929241586953
0.9999942343465197
0.9999956086344028
0.9999963981019452
0.9999962770055691
0.9999952973363618
0.9999938469285741
0.9999925422643781
0.9999919721243116
0.9999924269761226
0.9999936804793211
0.9999950776834076
0.9999959269993706
0.9999958871249304
0.9999949753153285
0.9999935768634033
0.999992236667044
0.99999158625116
0.9999919510328753
0.9999931529669107
0.9999945549388102
0.9999954568962112
0.9999954692776843
0.9999946150756794
0.999993251439306
0.9999919149160255
0.9999911798023268
0.9999914314759063
0.9999925428050793
0.9999939532084757
0.999994914869817
0.9999950155616555
0.9999942671112418
0.999992909536003
0.9999915524062967
0.9999907576523235
0.9999909688772122
0.999992027825675
0.999993398490074
0.9999943893871295
0.9999945747551262
0.9999938657940942
0.9999925386819575
0.9999911522435231
0.9999903229438611
0.9999904407042333
0.9999914515524146
0.9999928281735124
0.9999939225595652
0.9999942039011295
0.9999936096471366
0.9999923553201163
0.9999909609725032
0.9999900310173598
0.9999900165722939
0.9999909896881171
0.999992355980947
0.9999934530707713
0.9999937526993357
0.9999931779855971
0.9999920162903313
0.9999906768699941
0.9999896998570247
0.9999895955821819
0.9999904546181653
0.9999917830328542
0.999992919601255
0.9999932968163637
0.9999928036950513
0.9999916790363012
0.9999903228350198
0.9999893065720279
0.9999891224629439
0.9999898897524705
0.9999911989850843
0.9999923761424502
0.9999928334314113
0.999992432479571
0.9999913479726422
0.9999899835117209
0.9999889189979164
0.9999886665120861
0.9999893427119292
0.9999906292562851
0.9999918557938394
0.9999924377809908
0.9999921249092493
0.9999910670605519
0.9999897162490478
0.9999886318309029
0.9999883293011791
0.9999889453326348
0.9999901589850612
0.9999913618649346
0.9999920031437766
0.999991768878229
0.9999907993449744
0.9999894495048067
0.9999883074275296
0.999987902247319
0.9999884407814266
0.9999895862798592
0.999990796238329
0.9999914691430771
0.9999913305415138
0.9999904292434878
0.9999890627104355
0.999987887158559
0.9999874739466471
0.9999879493963906
0.999989045236339
0.9999902286380393
0.9999909553446488
0.9999908733472188
0.9999899971958647
0.9999886550849708
0.9999874463857442
0.9999869277127323
0.9999873277820636
0.999988375081268
0.9999895788688921
0.9999903491268423
0.9999903766403322
0.9999895630186939
0.9999882572194427
0.9999870213935355
0.9999864867224072
0.9999868435568202
0.9999878832687897
0.9999890675210881
0.9999898686608657
0.9999899436939673
0.9999892165143603
0.9999879408510731
0.9999866843591386
0.9999860471416563
0.9999863221054575
0.999987343254904
0.9999885339502032
0.9999893856611237
0.9999895310569781
0.9999888700093298
0.9999876471208224
0.9999863619121269
0.9999856240420385
0.9999858238151874
0.9999868200266596
0.9999880499380972
0.9999889312520366
0.9999891314297252
0.999988595935949
0.9999874357238657
0.9999861716672497
0.9999853060989111
0.9999853561878617
0.9999862447439067
0.9999874193513242
0.9999883524137011
0.9999886365724423
0.9999881660077958
0.9999870690712274
0.9999857918424113
0.9999849372872158
0.9999849431461312
0.9999857813148639
0.99998695568418
0.9999879233420645
0.9999882644826487
0.9999878467450856
0.9999868078159412
0.9999855274869074
0.9999846149037555
0.9999845211209593
0.9999852471012187
0.9999863985294212
0.9999873450388376
0.9999877321357475
0.9999873859053626
0.9999864151314625
0.9999851168985997
0.9999841629656393
0.9999839993024779
0.999984679908877
0.9999858328523972
0.9999868580751823
0.9999872727295628
0.9999869576872831
0.9999860019453123
0.9999847516071394
0.9999837373787506
0.9999834648865966
0.9999840894815734
0.9999852013724361
0.9999862398802112
0.9999867637366765
0.9999865455735355
0.9999856906626104
0.9999844263730394
0.999983391050993
0.9999830731240873
0.9999835961759936
0.9999846348753798
0.9999856794390488
0.9999862704469284
0.9999861358907872
0.9999853519442117
0.9999841807997759
0.999983152359907
0.9999827170309143
0.9999831698610453
0.9999841907926477
0.9999852255291705
0.9999859001017798
0.9999858455410405
0.9999850797796883
0.9999838792142944
0.9999828291185506
0.999982389785872
0.9999827041964903
0.9999836021365909
0.9999846834146124
0.9999853856167992
0.9999853915985893
0.9999846948558616
0.9999835262956128
0.9999824587424747
0.9999819651342233
0.9999822040350771
0.9999830772519153
0.9999841054188602
0.9999849277113222
0.9999850227712691
0.9999843203825448
0.9999831961839958
0.9999821237396521
0.9999816265733619
0.999981811973685
0.999982621759175
0.999983640371845
0.9999844268586621
0.9999845730286699
0.9999839925808403
0.9999829466748966
0.99998182397767
0.9999812351285968
0.9999813319932064
0.9999820449143907
0.9999830485940617
0.999983887514046
0.9999840964412607
0.9999835594477646
0.9999825142278348
0.999981448828141
0.9999808362105179
0.9999808478258274
0.9999814838943218
0.9999824754866578
0.9999833328970408
0.9999836307250681
0.9999831889359235
0.9999821934479302
0.9999811143721071
0.9999804545816543
0.9999803924090727
0.9999810193204507
0.999981980116684
0.999982848897262
0.9999831865354413
0.9999828137588999
0.9999818278200118
0.9999807427015343
0.9999800213841322
0.9999799775627414
0.999980579581264
0.9999815261827181
0.9999823948224241
0.9999827448627233
0.9999824124700453
0.9999814674356841
0.9999803559760599
0.999979546583923
0.999979394501542
0.9999799519659639
0.9999808581203183
0.9999817189329396
0.9999821430472492
0.9999818912793483
0.9999810385610092
0.9999799043987778
0.999979061794904
0.9999788565738474
0.999979392222884
0.9999803033158372
0.9999811685945122
0.9999815829055075
0.9999813698563526
0.9999805463655094
0.9999794517439293
0.999978534336668
0.9999782927704095
0.9999787578355633
0.9999796417651186
0.9999804724405048
0.9999809299249607
0.9999807774461098
0.9999799624362592
0.9999789097400495
0.9999779830178005
0.9999776636328814
0.9999780414187511
0.9999789351512415
0.9999798743186596
0.9999803930715313
0.9999802931321428
0.9999795932477779
0.9999785583030002
0.9999776570577646
0.999977228312114
0.9999775246796567
0.9999783119342635
0.9999792222616455
0.9999798304987824
0.9999798417909432
0.9999791987180765
0.9999781768869389
0.9999772320310913
0.9999767933882182
0.9999770502046564
0.9999778093018639
0.9999787435756788
0.9999793659804386
0.9999793876469171
0.9999787890495357
0.9999777673154221
0.9999767946956994
0.9999763724561213
0.9999766560869348
0.9999774106442738
0.9999782841110039
0.9999788964961587
0.9999789849894916
0.9999784063449013
0.9999773685506345
0.9999763887867258
0.999975872672938
0.9999760601340983
0.9999767476655212
0.9999776190766199
0.9999783235929918
0.9999785000629944
0.9999779328797138
0.9999769675181007
0.9999759680982313
0.9999753634188091
0.9999754560145482
0.9999761084621426
0.9999769876467441
0.9999777327514126
0.9999779618360585
0.9999775461141204
0.9999765855085273
0.9999756370953812
0.999975029852185
0.9999750781180313
0.9999756594165485
0.9999765659080706
0.999977241150645
0.9999775061511406
0.9999771775254993
0.9999762826682116
0.9999752841783516
0.9999746704334208
0.9999746769991822
0.9999752214558875
0.9999760151951391
0.999976712523232
0.9999770554944679
0.9999767684123942
0.9999759459769111
0.9999748990714059
0.9999742327295997
0.9999742357557619
0.9999747871564286
0.9999755519754696
0.9999762324993395
0.9999765567634832
0.9999764270000183
0.9999756688487886
0.9999746383631792
0.9999738807523975
0.9999738082851141
0.9999743109965131
0.9999750146412855
0.999975664991504
0.9999760180803259
0.999975919009006
0.9999752363300194
0.9999743024041161
0.9999736003800318
0.9999734502322063
0.9999738957561485
0.9999745887326247
0.9999752628841414
0.9999756669311972
0.9999755618773746
0.9999749036236976
0.9999739166002222
0.9999731713413574
0.999972919697666
0.9999733203277617
0.9999740434592542
0.9999747233560172
0.9999751996291649
0.9999750985384744
0.9999745327167425
0.9999736442658662
0.9999728443932163
0.9999725776971155
0.9999729282337294
0.9999736193348089
0.999974309439425
0.9999747080634194
0.999974686659433
0.9999741780694379
0.9999733298000218
0.9999724788315183
0.9999721768497308
0.9999724498987205
0.9999731322528221
0.9999738446703185
0.9999742756455713
0.9999742865127569
0.9999737640690409
0.9999728795488877
0.9999720348505599
0.9999716937247523
0.9999719689504191
0.9999726148106711
0.9999733351274226
0.9999738014580988
0.9999737966774753
0.9999733456719861
0.9999725367944209
0.9999717094318283
0.9999712867540332
0.9999713808486776
0.9999720042618538
0.9999727245980523
0.9999732346112999
0.9999732889469499
0.9999728991553596
0.9999721503944191
0.999971349677566
0.9999708469744704
0.9999708734005248
0.9999714834150278
0.9999722216717695
0.9999727329274127
