0.9999994762968207
0.9999832303482015
0.999966298709322
0.9999499479447478
0.9999358825110095
0.9999219883933878
0.999907972735706
0.9998896460703691
0.9998728152734928
0.9998531211900992
0.9998404388237366
0.9998236083866637
0.9998074971535647
0.9997916549747351
0.9997750267890535
0.9997586620676776
0.9997443162958822
0.9997333593413342
0.9997176881840028
0.9996976779422071
0.9996825011024852
0.9996662792718745
0.9996472977525129
0.999630144652611
0.9996158123224317
0.9996003303066039
0.9995866287327563
0.9995639178023457
0.9995480029777777
0.9995318030367367
0.9995151062714609
0.9995000514322512
0.999482732167029
0.9994637460616069
0.9994436693718907
0.9994274072826277
0.9994127595489016
0.9993988307339929
0.9993800321139537
0.9993679666756248
0.9993545547924737
0.9993418145833993
0.9993274977025387
0.9993154419759377
0.9993048801858737
0.9992885215414266
0.9992664960003148
0.9992503019297451
0.9992396623869961
0.9992239828945318
0.9992106376021762
0.9991942984315096
0.9991738017951396
0.999154852707689
0.9991336840057213
0.9991162192400318
0.9991048678061656
0.9990867626764957
0.9990786607416444
0.9990632211182844
0.9990507344995245
0.9990312282598041
0.9990162604528486
0.9990063966881433
0.9989906895741222
0.9989670309273746
0.9989567678575723
0.9989428826753878
0.998931791145245
0.9989106068165616
0.9988964900304655
0.9988820401066025
0.9988713051580728
0.9988632371832271
0.9988438044719405
0.9988286491847495
0.9988101525055851
0.9988016731579129
0.9987767386742561
0.9987549503828497
0.9987348621544497
0.9987278312072039
0.9987095826668541
0.9986988065463451
0.9986762754636936
0.9986601064066087
0.9986448549394576
0.998630172012415
0.9986204553276057
0.9986083170592686
0.9985868670208903
0.9985670828929268
0.9985530455324283
0.9985323996343115
0.9985050504442777
0.9984823344164213
0.9984713461279915
0.9984580262831628
0.9984498420912182
0.9984399948700826
0.9984249549215405
0.998409097023413
0.9983817563036499
0.9983662899213567
0.9983542408606985
0.998343506311587
0.9983307864099309
0.9983095976042363
0.9982856435519067
0.9982796043346217
0.9982627912928319
0.998250439337568
0.9982293667309401
0.9982193497651338
0.9982088282839912
0.9981950066522763
0.9981814154443968
0.9981677750074415
0.9981418391887433
0.9981315567440832
0.9981122812886424
0.9980964096912536
0.9980730524697488
0.99806304606615
0.9980538737223293
0.9980555347820533
0.9980288495331011
0.9980090431772392
0.9979962095207066
0.9979768566087354
0.9979640431190693
0.9979552836064843
0.9979313026538353
0.997917368238778
0.9978994487514935
0.9978801407063299
0.9978628165230693
0.9978445930859345
0.9978209727166027
0.997801447312737
0.9977826520527535
0.9977635065638315
0.9977481161890199
0.9977369635047116
0.9977337483663791
0.9977183833039253
0.9976884088519188
0.9976804822713643
0.9976637791398837
0.9976493939433516
0.9976332310892463
0.997614524596775
0.9975949429941836
0.9975758385860513
0.9975655883959109
0.9975519562856741
0.9975406209479173
0.9975311440368679
0.99751179824308
0.9975059840535869
0.9974891997053604
0.9974768497633204
0.9974581094784811
0.9974333224530348
0.9974141793715794
0.9973938702087198
0.9973959333487795
0.9973859191155932
0.9973649384793916
0.9973591197743406
0.9973375257830585
0.9973200635769696
0.9972996442517434
0.997281298715422
0.9972638742918775
0.9972481713611437
0.9972372172567958
0.9972218843665529
0.9972074830453334
0.9972027618554435
0.9971889779100359
0.9971736388945547
0.9971627239320001
0.9971500425502839
0.9971228969752156
0.9971020925410777
0.9970818314208867
0.9970604360081834
0.9970447399994647
0.9970271556778577
0.9970118456341209
0.9969940516966341
0.9969890734198362
0.9969741229444864
0.9969508968960035
0.9969181621211682
0.9969043449675346
0.9968925471674104
0.9968815864710371
0.9968566945739108
0.9968352162029053
0.9968043871450399
0.9967936595434598
0.9967741183743193
0.9967594053740334
0.9967494368618116
0.9967382726884572
0.9967124991795981
0.9967040222131769
0.9966841785569076
0.9966594627765935
0.9966334374429083
0.9966236548779616
0.9966097019311819
0.996604501802087
0.9965939557339489
0.9965769607608612
0.9965561670184224
0.9965353801624219
0.9965125472599545
0.9964918052106723
0.9964786919360514
0.9964518792616895
0.9964357558726398
0.9964264051869408
0.9964037556129695
0.9963900896377673
0.9963694260741705
0.9963439301053745
0.9963188082896202
0.9962819734388483
0.9962627753919557
0.9962418225829786
0.996223913234745
0.9962070898699168
0.9961930503951422
0.9961830344384344
0.9961844707622994
0.9961842437820448
0.9961684962191185
0.996157452568963
0.9961479294563839
0.9961265233334455
0.9961026096225443
0.996084724107785
0.9960641992939289
0.996055949227131
0.9960467256896205
0.9960239079392564
0.9960190048114996
0.9960116235501328
0.9959980521320638
0.9959814311115844
0.9959780489035489
0.9959617847870192
0.9959500914011071
0.9959322783394208
0.9959234997427537
0.995900902635576
0.9958813346344572
0.9958593732719461
0.9958345716368747
0.9958186212008938
0.9957951322210652
0.9957829167133139
0.9957657309257332
0.9957585680798434
0.9957388900104726
0.9957197643673154
0.9957152500922618
0.9956859414372939
0.9956661475491169
0.9956568853730484
0.9956606849185943
0.9956369336579977
0.9956295483156579
0.9956077675311535
0.9955968302322241
0.9955770251408197
0.9955674108503337
0.9955543495190451
0.9955321210140904
0.9955027301744891
0.9954906649710323
0.9954782860320831
0.9954731627804615
0.995444976935329
0.995439739837256
0.9954168274067317
0.9954078472366975
0.9953751263713035
0.995361483303158
0.9953398400806256
0.995313921946283
0.995299698454277
0.9952925298182889
0.9952850407129018
0.9952746456760672
0.9952692826953652
0.995259938709547
0.9952463782970622
0.9952357036855523
0.9952096198803282
0.9951731135041401
0.9951436619705587
0.9951149297063512
0.9951000050856307
0.9950829321662247
0.9950694450732914
0.9950517554701597
0.995032890615345
0.9950091645817881
0.9950057477112618
0.9949897064946056
0.9949700993633341
0.994965411020815
0.9949512233080524
0.9949403139972224
0.9949323180071986
0.9949298252782046
0.9949114955496787
0.9948982044380249
0.9948814045002293
0.9948591911896982
0.9948328728778738
0.9948140465246696
0.9947916126332845
0.9947608369212753
0.9947432726323525
0.9947296131384816
0.9947045491852545
0.9946907158326146
0.9946700795526748
0.9946507061599259
0.9946194053601086
0.9946126123062583
0.9945959313192663
0.994587746284419
0.994570234221817
0.9945480618096786
0.9945166630642529
0.9944966187705874
0.9944858373565847
0.994448833905351
0.9944268737645351
0.9944016592691434
0.9943772273989449
0.9943653447574258
0.9943592081845775
0.9943460816342996
0.994347830952381
0.9943378908944482
0.9943191689847913
0.9943162987712112
0.9942914862041424
0.9942798984641146
0.9942718476903548
0.9942554665236649
0.9942560883753523
0.9942242564797574
0.9942012734713074
0.9941782869024196
0.9941534209541126
0.9941466556167617
0.9941304709904955
0.9941245065410427
0.9941093584248087
0.994096830217636
0.9940902600992376
0.99407654966177
0.9940512757629546
0.9940401482376459
0.994010310198101
0.9939976102520309
0.9939747711632423
0.9939451731825125
0.9939169919155041
0.9939006344781076
0.993882271919596
0.9938793658916549
0.9938712834245745
0.9938427896426675
0.9938204936208183
0.99380855266618
0.9938124198087532
0.9937881660847516
0.9937640626810433
0.9937365428934216
0.9937383890425048
0.9937099501105457
0.9936749029454357
0.9936698444479053
0.9936577454360052
0.9936578238620644
0.9936405552924834
0.993626259908833
0.993603599393201
0.9935978572924772
0.9935847299645508
0.9935817378144739
0.9935717358128496
0.9935376303129697
0.9935154184850431
0.9934879014823573
0.9934675509129216
0.9934702479468228
0.9934712807490247
0.9934474625565827
0.9934182750130096
0.993394121883123
0.9933680146222048
0.9933605362585781
0.993340672518648
0.993322990123317
0.9933190075361037
0.9933053407184201
0.9932917413404844
0.9932635966313523
0.9932487965283552
0.9932273312330474
0.9932156205220328
0.9932029701604318
0.9931914831709819
0.9931770010859113
0.993146936258069
0.9931305211496538
0.9931137356055358
0.993100980351026
0.9930970540734755
0.9930633431454023
0.9930432471950537
0.9930310762445645
0.9930263343778557
0.9930177773609612
0.9929978297679457
0.9929875235449275
0.9929608504905056
0.9929294637438655
0.9929086006835554
0.9928986537745541
0.9928955718813145
0.9928728981623334
0.9928382250440958
0.9928278283156826
0.992830798834173
0.9928249449696152
0.9928074307874251
0.9927727012473472
0.9927526329547653
0.9927603223883318
0.9927328290563087
0.9927127106975776
0.9926823763155013
0.9926551019879207
0.992643704065252
0.9926275594000376
0.9926153255060928
0.9925858934630037
0.9925605301036652
0.9925402475337652
0.9925387716332775
0.9925342208971131
0.9925361118430313
0.9925272607303459
0.992514169879178
0.9925027828853471
0.9924897695214152
0.9924665853840485
0.9924526933255305
0.9924328350540695
0.9924107549090656
0.9923692231055586
0.9923446313266416
0.9923355603180598
0.9923225968423498
0.9922977499667568
0.9922979430612007
0.9923046350406697
0.9922801154025855
0.9922748401854771
0.9922523104621209
0.9922439303258973
0.9922246737993584
0.9922169747675995
0.9921939547668835
0.9921866062424954
0.9921679578872081
0.9921613839880884
0.9921397255137016
0.9921292099118608
0.9921124714945726
0.9920974063103396
0.9920848746901836
0.9920786778118974
0.9920521948356259
0.9920451746009094
0.9920173942746704
0.9920001047769126
0.9919878861762276
0.9919699572045443
