0.9999999349000132
0.9999993734190931
0.9999992807525288
0.9999987632016005
0.9999986096460411
0.9999981884036065
0.9999979509372019
0.9999976870074717
0.9999972497655186
0.9999970756151011
0.9999966127059667
0.9999965121607585
0.9999959654043147
0.9999959571935559
0.9999953419098315
0.999995188142033
0.9999946822299206
0.9999945330280452
0.999994095682675
0.9999938978910653
0.999993641732759
0.9999932776726479
0.9999931938397961
0.9999926871653814
0.9999926518836344
0.9999920778893618
0.9999920167576373
0.9999915272217598
0.9999913744035004
0.9999908471801109
0.9999905618515164
0.9999901724306399
0.9999898923577504
0.9999896902549501
0.9999892308302626
0.9999891800778108
0.9999887361184
0.9999886038002418
0.9999879897170396
0.9999878518396749
0.9999873759997109
0.9999871945137913
0.9999866919675326
0.9999863331126568
0.9999860282741614
0.9999856854124919
0.9999854030204427
0.999984972233976
0.9999849392114651
0.9999844323824556
0.9999843590908687
0.9999838077942155
0.9999837298429269
0.9999832314013871
0.9999830175546952
0.9999826837325414
0.9999823955431989
0.999982169926143
0.9999818213171047
0.9999816889611758
0.9999812295581774
0.9999811394209711
0.9999806030483789
0.9999805621871563
0.9999799750082943
0.9999797832162135
0.9999792972678383
0.9999790064496592
0.9999785621789756
0.9999782121372334
0.9999779103027955
0.9999776152874333
0.9999774844506403
0.9999769756343143
0.9999767738062262
0.9999761115298398
0.999976016826084
0.9999754079848564
0.9999752990795324
0.9999749296592176
0.9999745059393624
0.9999741447080497
0.9999738804928084
0.9999735721828739
0.9999732298250051
0.9999729938378251
0.9999725399930557
0.9999724426602189
0.9999719507167354
0.9999718036533433
0.9999712462800465
0.9999711364675209
0.9999709062123764
0.9999707156576427
0.999970318444559
0.9999700237366282
0.9999697823781085
0.9999694008873931
0.9999691426857951
0.9999686174951605
0.9999684886382952
0.9999679433770039
0.9999677220622119
0.9999673926074328
0.9999674372601884
0.9999669017529663
0.9999665081527865
0.9999662933954393
0.99996570404491
0.999965488720386
0.9999649694825258
0.9999647185822639
0.999964186697192
0.9999640389704044
0.999963257696519
0.9999631426729865
0.9999624672852112
0.999962451381956
0.9999620640397839
0.9999618316142286
0.999961406990118
0.9999609706358532
0.9999607030579658
0.999960309164116
0.9999601066755874
0.9999596823642578
0.9999595821275029
0.9999592434126324
0.9999592180760218
0.9999587168147559
0.9999584567784544
0.9999581838350008
0.999957602479304
0.9999573719042049
0.9999568456541186
0.9999567602800414
0.999956321956384
0.9999558629940288
0.9999553791465575
0.9999553361960252
0.9999549904239079
0.9999547757527251
0.9999544397280784
0.9999541325852923
0.9999538419934653
0.9999535091006296
0.9999534464284042
0.9999529783282299
0.9999530480205499
0.9999524528591022
0.9999523792882502
0.9999516597621754
0.9999513946601957
0.9999508676823503
0.9999506236014083
0.9999502214916486
0.9999496652914089
0.9999492267745638
0.999948830860499
0.9999487021953313
0.9999481007366304
0.9999480407629747
0.9999476063545103
0.9999473695068632
0.999946947382813
0.9999468189096699
0.9999465118691766
0.9999462787158663
0.9999459949407852
0.99994589043251
0.999945489424434
0.999945265237078
0.9999450095414872
0.9999444383299556
0.9999444996666318
0.9999439811846595
0.9999440036966366
0.9999435584726923
0.9999434941993515
0.9999431191474246
0.9999428349251217
0.9999424477366118
0.9999420251988592
0.9999416991648641
0.9999414708259242
0.9999412784100201
0.9999409304075899
0.9999406787793463
0.99994023158566
0.9999402047680426
0.9999397139793186
0.9999394349074782
0.9999392368337602
0.9999386952459993
0.9999383864520558
0.9999379580636568
0.9999376952382483
0.999937153043143
0.999936896839477
0.999936537959156
0.9999365282390528
0.9999360869888422
0.9999357030905279
0.9999354768599928
0.9999350086240161
0.9999344622961636
0.9999341534766814
0.9999339467158197
0.9999336074155624
0.9999335436597451
0.9999330442900091
0.9999328087312666
0.999932411585728
0.9999324600437077
0.9999323004965606
0.99993218216963
0.9999315079507723
0.9999314436416589
0.9999310258840832
0.9999306015315802
0.9999304488986
0.9999299892362925
0.9999299137897484
0.9999294105855978
0.9999291945328832
0.9999288172623966
0.9999287733732384
0.999928265046144
0.9999279904155839
0.9999275448578824
0.9999272361656947
0.9999268011251574
0.9999263038794286
0.9999260929089562
0.9999257818146596
0.9999256811841473
0.9999252289850858
0.9999251676978574
0.9999245053230476
0.9999246190655593
0.9999239293741015
0.9999237344873947
0.9999230404064965
0.9999228484127468
0.9999227347286986
0.9999225273431607
0.9999222552626233
0.9999218467693999
0.9999216672553772
0.9999212518073635
0.9999212070240723
0.9999206274175052
0.9999208898995439
0.99992064144947
0.9999204116789572
0.9999198692311403
0.999919822168613
0.9999194459066945
0.9999189466934693
0.999918785787407
0.9999182458178367
0.9999180046415637
0.9999174890451314
0.9999171167088695
0.9999166591920636
0.9999162227371741
0.9999155542630235
0.9999152385492502
0.9999149240857362
0.9999145754071925
0.9999145021004429
0.9999142009670425
0.9999138575818735
0.9999134350396874
0.9999130736304621
0.9999127037725123
0.9999124353541594
0.9999118124563708
0.9999115371859926
0.9999109199554612
0.999910655508984
0.9999104408790918
0.9999100774515209
0.9999098921037497
0.9999094323035339
0.999909352768267
0.9999087022657255
0.9999086798535124
0.9999078791858385
0.9999076159448672
0.9999074161071705
0.999907499764897
0.999907376864615
0.9999071965582175
0.9999066908456818
0.9999063712408532
0.9999060099624757
0.9999055794063617
0.9999054359820442
0.9999050264843837
0.9999049275519565
0.9999046053630039
0.9999044903090333
0.9999037802839672
0.9999037078286798
0.9999033392801994
0.9999028890370251
0.9999025920807336
0.9999021144818708
0.9999016349916845
0.9999011499267175
0.99990095068024
0.9999003742213896
0.9999003939634735
0.999900074335961
0.9998997125412399
0.9998993929171871
0.9998995657122621
0.9998992431398612
0.9998990595814303
0.9998986841112872
0.9998982561382165
0.9998980641581748
0.9998977356762898
0.9998974494770836
0.9998970903480519
0.9998970981751013
0.9998964126247764
0.9998961535300285
0.9998956076182139
0.9998952887526363
0.9998952516934767
0.9998950590584508
0.999894550095893
0.9998939475579162
0.9998937981909332
0.9998931546632266
0.9998929376008602
0.9998924371645593
0.9998926222227883
0.999892216866557
0.9998922389502984
0.9998919517312707
0.9998918378565226
0.9998915764287298
0.999891484211781
0.9998912754538049
0.9998905967589596
0.9998904365640034
0.999890056716707
0.9998898310754518
0.9998897254216955
0.9998893835198152
0.9998891442091239
0.9998886942982084
0.9998882381502817
0.999888260557572
0.9998881267930526
0.9998875875815689
0.9998872070544991
0.9998866187015085
0.9998862740010689
0.9998858614173504
0.9998856240958791
0.9998852434407887
0.999885116367686
0.9998845570340266
0.9998842485760256
0.9998837724087969
0.9998828908011279
0.9998830426117021
0.9998829171106581
0.9998825826381021
0.9998820960172274
0.9998817874175993
0.9998813149615382
0.9998815083382284
0.999880862320236
0.9998807850852649
0.9998804723267262
0.9998798240181374
0.9998796294615594
0.9998792297340662
0.9998788850415811
0.9998785883205443
0.9998785823119394
0.9998783085320044
0.9998781388936546
0.9998775022143135
0.999877208402154
0.9998768914418159
0.9998761605426534
0.9998757140968215
0.9998758418555135
0.9998756788148467
0.9998754214098112
0.9998751770886999
0.9998748353197987
0.9998748192676276
0.9998744437005468
0.9998743460373961
0.999873979764866
0.9998740013425415
0.9998734542606164
0.9998732297786644
0.9998730625244496
0.9998727709184889
0.9998723489052651
0.9998719247748222
0.9998711201498088
0.9998705297679913
0.9998702669002792
0.9998698233610605
0.9998698308190022
0.9998692204213481
0.9998690077755995
0.9998685378275639
0.9998680956445796
0.9998679155527976
0.9998677187400647
0.9998673792551299
0.9998671730901424
0.9998670215012151
0.9998667083917339
0.9998664529051815
0.9998657076752375
0.9998655906560225
0.9998653696884457
0.999864731778921
0.9998641357735135
0.9998639252147521
0.9998635556984657
0.9998631134858778
0.9998626143249338
0.9998620703654436
0.9998621287862036
0.9998617875291081
0.9998614769683798
0.9998609121766211
0.9998605839886601
0.9998602751909095
0.9998599267802285
0.999859641461597
0.9998593729570127
0.9998591992385302
0.9998590482642625
0.9998588581953993
0.9998580938989605
0.9998580294053915
0.9998578157233389
0.999857683153888
0.9998573495130411
0.9998571700842197
0.9998564563893217
0.9998563884359021
0.9998561094668594
0.9998554042476168
0.9998551324897759
0.9998546002150948
0.9998544154028968
0.999853991151935
0.999853793575334
0.9998533947816058
0.9998532950723396
0.9998529931033261
0.999852836124976
0.9998525721173949
0.999852680260462
0.9998523104742387
0.9998521987344275
0.9998518542098311
0.9998514133007215
0.9998508638785975
0.9998506718078896
0.9998504723229542
0.9998504100201636
0.9998499107426742
0.9998495584979868
0.9998490864191416
0.9998489429115979
0.9998491602787695
0.9998489791403019
0.9998487003560105
0.999848486859658
0.9998481928012287
0.9998478403378466
0.9998473212088458
0.9998471698005973
0.9998468576330246
0.9998471898850062
0.9998466123122961
0.9998459740069736
0.9998459657481553
0.9998457297866788
0.9998456390558681
0.9998455522719214
0.9998457728229393
0.9998453244628283
0.9998449692040157
0.9998443947519027
