0.9999998811626299
0.9999994631798211
0.9999994482878135
0.9999997284877884
0.9999992875183685
0.9999993299662665
0.9999995739643718
0.9999991270257113
0.9999992182420483
0.9999994216297552
0.9999989534062345
0.9999990829928667
0.9999992405888153
0.9999987730042809
0.9999989534200826
0.9999990623884573
0.9999986020306528
0.9999988145736802
0.9999988887145271
0.9999984563698044
0.9999986961204863
0.9999987253375058
0.9999982824855413
0.9999985709290425
0.9999985396942931
0.9999981339293452
0.9999984530478564
0.9999983814986491
0.9999980073870336
0.9999983362890698
0.99999820242884
0.9999978635558647
0.9999982189959079
0.99999804544444
0.9999977292344364
0.9999980745186675
0.99999783980918
0.9999975738649043
0.9999979241943014
0.9999976666650188
0.9999974634237294
0.9999978176089414
0.999997490125695
0.9999973101628918
0.9999976360621583
0.9999972991031758
0.999997184722141
0.9999975109573888
0.9999971295625494
0.9999970823334045
0.9999973613752473
0.9999969748997833
0.9999969434306029
0.9999972101346938
0.999996783324841
0.999996810431287
0.9999970401575593
0.999996605317554
0.9999966942520028
0.9999968757722772
0.9999964177410693
0.9999965216567887
0.9999966507497553
0.9999962027445665
0.9999963835270146
0.9999965065862383
0.9999960467093992
0.9999962609943044
0.9999963253197048
0.999995906282432
0.9999961415517169
0.999996162749074
0.9999957409377611
0.9999959938354162
0.9999959597887493
0.9999955582574817
0.9999958451660819
0.999995765750765
0.9999954033958373
0.999995702752563
0.9999955738889392
0.9999952323608888
0.999995586223745
0.9999954349767461
0.9999951542604778
0.9999954434783135
0.9999952319166561
0.9999949786036105
0.9999953048719508
0.9999950548495289
0.9999948471103638
0.9999951291940642
0.9999948852776482
0.9999947238752481
0.999995036508666
0.999994710696129
0.9999945982654982
0.9999948968065361
0.9999945555040998
0.999994452741568
0.9999947155410229
0.9999943644372908
0.9999943696755023
0.9999945931973079
0.9999941927712106
0.9999941994576586
0.9999944114568484
0.999994008791293
0.9999940711174894
0.9999942547121269
0.9999938652447627
0.9999939787432633
0.9999941091507268
0.9999936990385043
0.9999938422782845
0.9999939582024416
0.9999935531761044
0.9999937479215908
0.9999938176828168
0.9999934237247974
0.999993630822811
0.9999936373989541
0.9999932700510888
0.9999935223357839
0.9999934986084831
0.9999931534216134
0.9999934051098995
0.9999933572364514
0.9999930099347344
0.9999933046598769
0.9999931670531879
0.999992860029509
0.9999931416458707
0.9999929712170356
0.9999926705642225
0.999992976402968
0.9999927889636502
0.999992565700147
0.9999928818656066
0.9999926531824488
0.9999924489352389
0.9999927110273509
0.9999924575667608
0.9999922912783104
0.999992580751744
0.9999923085376745
0.9999922026452193
0.9999925007327459
0.9999922073285673
0.9999921364560189
0.999992396032952
0.9999920408405586
0.9999919959446586
0.9999922295253569
0.9999918525183993
0.999991893792788
0.9999920988380925
0.9999917447664027
0.9999917921908688
0.9999919712794556
0.9999916018803422
0.9999917011221832
0.9999918377001586
0.9999914533000442
0.999991597289419
0.999991653348293
0.9999912654776117
0.9999914473850107
0.9999915241956802
0.9999911951347646
0.999991411411289
0.9999914063170489
0.9999910581571235
0.9999912609804584
0.999991201210796
0.9999908745419473
0.9999911135102962
0.9999910363934974
0.9999907079504472
0.9999909772508647
0.9999908273904914
0.9999905687179426
0.9999908295662502
0.9999906896612868
0.9999904258734198
0.999990681556111
0.9999904814044636
0.999990271550157
0.9999905206057432
0.9999902935393905
0.9999901074531935
0.9999903585187323
0.9999901263381581
0.9999899888388569
0.9999902612382026
0.9999899752243719
0.9999898584289918
0.9999900783594792
0.9999897494154493
0.999989668098154
0.9999898672838553
0.9999895448527217
0.9999895589012492
0.9999897925178681
0.9999894539925525
0.9999894331376915
0.9999896139912902
0.999989303393915
0.9999893802068072
0.9999895586523413
0.999989230321604
0.9999893205057194
0.9999894078157792
0.9999890921418702
0.9999891643598576
0.9999892382233996
0.9999889571161176
0.9999891228838187
0.9999891471658741
0.9999888015490417
0.9999889843634628
0.9999889888344764
0.9999886643184782
0.999988881442834
0.9999888285628341
0.9999884946189348
0.999988735528635
0.9999886597256312
0.9999884142785356
0.9999886227186026
0.9999885170059836
0.9999882236813844
0.9999884544365563
0.9999883037432101
0.9999880521692595
0.9999882903442322
0.9999881627703697
0.9999879502498958
0.9999882222389416
0.9999880120305834
0.9999878236281824
0.9999880582975735
0.9999877948516649
0.9999876622034796
0.9999878791773865
0.9999876083437678
0.9999874935406766
0.9999877125379042
0.9999874481241375
0.9999873598258091
0.9999875802882325
0.9999872820142541
0.9999872143175011
0.9999874014746495
0.9999870806441731
0.9999870630780168
0.9999872092617756
0.9999868721818954
0.9999868944867888
0.9999870297574817
0.999986682184827
0.9999867593447535
0.999986890197346
0.9999865743594833
0.9999866492927812
0.999986706075072
0.999986405853369
0.9999865719332056
0.9999865775791166
0.9999862365338443
0.999986382755624
0.9999863563744091
0.9999860263159184
0.9999861919053732
0.999986166350588
0.9999858569757103
0.9999860383325824
0.9999859331964764
0.9999856477391609
0.9999858486350466
0.9999857219016411
0.9999854913004048
0.999985713851471
0.9999855464923121
0.9999853290248402
0.9999855514720998
0.9999853972237799
0.9999852188923254
0.9999854403492233
0.9999852710736619
0.9999850998299847
0.9999853427056171
0.9999851000339726
0.9999849572320466
0.9999851719637646
0.9999849620488421
0.9999848531485565
0.999985074277201
0.9999848373243012
0.9999847776817249
0.9999850013411962
0.999984755697131
0.9999847331486181
0.9999848695164613
0.9999846235474767
0.9999846246325601
0.999984799518558
0.999984492785658
0.9999845432611159
0.9999847084652114
0.999984386386036
0.999984407984556
0.9999844664443354
0.9999841686625559
0.9999842278119944
0.9999842740369386
0.9999839823174865
0.99998412102841
0.9999841297252332
0.9999838289132243
0.9999840144077189
0.9999839972423346
0.9999837145513172
0.9999838669809453
0.9999838100014955
0.9999835630720973
0.9999837760097673
0.9999836489591638
0.9999833865962979
0.9999835535159096
0.99998345540766
0.9999832437105143
0.9999834302367748
0.999983278772927
0.9999830751179883
0.9999832665264549
0.9999830673788351
0.9999829136055576
0.9999831071089084
0.9999829293804106
0.9999827616158012
0.999982960819351
0.9999827465373954
0.9999826485968555
0.9999828460565867
0.9999826148001199
0.9999825146279203
0.9999826567892253
0.999982345241465
0.9999822767397019
0.9999824271673031
0.9999821762829065
0.9999821232356936
0.9999822918854472
0.9999820347441553
0.999982059802331
0.9999821715660039
0.9999818399861365
0.9999818570721445
0.9999819940223184
0.9999817179735624
0.9999817640220336
0.9999818101073623
0.9999815085911742
0.9999815973008015
0.9999816160573839
0.999981334765357
0.999981451215349
0.9999813973276637
0.9999810858987057
0.9999812251371947
0.9999811793777643
0.9999809138659818
0.9999810681390576
0.9999810250390279
0.9999808016794928
0.9999809303863522
0.999980834928197
0.9999805601839987
0.9999807533560959
0.9999806508374782
0.9999804732218744
0.999980681266934
0.9999805311477132
0.9999803820169559
0.9999805986701529
0.999980418306938
0.9999802657239735
0.9999804208298793
0.9999802379747907
0.9999801077626805
0.9999802846289397
0.9999801278113738
0.9999799336288092
0.999980104815898
0.9999798985305641
0.9999797408037003
0.9999798719152346
0.9999796174176111
0.9999795024346649
0.9999796809993111
0.9999794627480206
0.9999794655669069
0.9999796213884263
0.9999793287551967
0.9999793097434383
0.9999794292989641
0.9999791841798171
0.9999791656374689
0.9999792313189735
0.9999789535836153
0.999978989173936
0.9999790304372049
0.9999787479868695
0.9999788315990406
0.9999788624428831
0.999978614301359
0.9999787122158188
0.999978682846211
0.9999784710563363
0.999978575114619
0.9999785415527674
0.9999783309969572
0.9999784756900552
0.9999784645846631
0.9999781499288679
0.9999783052426982
0.9999782447868395
0.9999779786706495
0.9999781626961018
0.9999780428559903
0.9999778412692442
0.9999780724554418
0.9999779589652007
0.9999778173853766
0.9999779365731555
0.9999777705076847
0.9999775945092476
0.9999777369187807
0.9999775967764126
0.9999774588797727
0.9999776629387667
0.9999774917796661
0.9999774309080651
0.9999775568151325
0.9999773486351515
0.9999772295078467
0.9999773835340815
0.9999771818908286
0.9999771542840176
0.9999773070137835
0.9999770701358427
0.9999770082973498
0.9999770970263843
0.999976849666905
0.9999768346546098
0.9999769677778468
0.9999767278736494
0.9999767108911636
0.9999768631225129
0.99997663238507
0.9999766011969827
0.9999766712059437
0.9999763812668029
0.9999764458717993
0.999976469879614
0.9999762321890588
0.9999762446014028
0.9999762944614995
0.9999761041910504
0.9999761926181191
0.9999761957036999
0.9999759324117119
0.9999760467607429
0.9999759761151842
0.9999757742307502
0.9999759057559321
0.9999758027642692
0.999975531720152
0.9999756553322953
0.9999755706264828
0.9999753971809907
0.9999755410627253
0.9999753993634093
0.9999752815656219
0.9999755057954479
0.9999753510744193
0.999975171108792
0.9999752868812237
0.9999751056688021
0.9999749747782396
0.9999751589713404
0.9999750251270316
0.9999749014686307
0.9999750892806653
0.999974912141872
0.9999748360009114
0.9999750670280527
0.9999748733187017
0.9999748277914319
