0.9999998280984742
0.9999991222488851
0.9999985632993054
0.9999987509625304
0.9999985171579744
0.9999976843535439
0.9999974976993355
0.999997687505225
0.9999970870917881
0.9999964399262788
0.9999965528811681
0.999996396097677
0.9999956032174269
0.9999953451093888
0.9999955596566606
0.9999950966828597
0.9999943022382546
0.999994314181041
0.9999943346052317
0.9999936261073769
0.9999931865417592
0.9999933651225217
0.999993040819678
0.999992233014266
0.9999921433113216
0.9999922695395708
0.9999915581370341
0.9999909803515622
0.999991124126284
0.9999908877270477
0.9999902460739438
0.9999900473806583
0.9999901724679114
0.9999895621463615
0.9999889214286901
0.9999891131200849
0.9999890496512718
0.999988223284949
0.9999878575676115
0.999988114747038
0.9999876025302542
0.9999868820807857
0.9999869709318387
0.9999868576384271
0.9999860719081284
0.9999856187755596
0.9999857877558247
0.9999854106086177
0.9999848133073341
0.9999847496050531
0.9999849044718029
0.9999842923702693
0.9999837616473005
0.999983895365287
0.9999837539345755
0.9999830029534289
0.999982788079586
0.9999829043826602
0.99998226380473
0.9999816673401879
0.9999818166437987
0.9999816671325558
0.9999808690991917
0.9999806216101691
0.9999808123150394
0.9999802303945815
0.9999794889400906
0.9999794970563801
0.9999796057389766
0.9999788415325187
0.999978487501534
0.9999787773931671
0.9999785310370297
0.9999778225094906
0.9999777740506064
0.9999778003655869
0.9999770032182032
0.9999763797180403
0.9999765492174133
0.9999761981782536
0.9999753836342652
0.9999750414694537
0.9999750972329208
0.9999744597458622
0.9999738848224088
0.9999739966546747
0.9999739767651766
0.9999731490603803
0.9999729092835069
0.9999730230895475
0.9999725573981579
0.9999719966436765
0.9999717072667641
0.9999716113274958
0.9999710028628477
0.9999705259342649
0.9999706009120854
0.9999702365762086
0.9999695841713905
0.9999693127921587
0.9999694737751055
0.9999688118722655
0.999968493452743
0.999968614111225
0.9999683662541409
0.9999675647919471
0.9999674429566587
0.9999676184198255
0.9999669754375613
0.9999664467145194
0.999966401391215
0.9999662722766071
0.9999656027892554
0.9999654232425529
0.9999654734756513
0.9999649914052254
0.999964208435567
0.9999643648490758
0.9999641793193215
0.9999634105163915
0.9999630312654123
0.9999634025327632
0.999963083250563
0.9999623222084596
0.9999624715463595
0.9999625847188252
0.9999618203951697
0.9999612113083587
0.9999613109222069
0.9999611342223212
0.9999603746217524
0.99996035046645
0.999960434541961
0.9999599396225154
0.9999595224662216
0.9999594743965714
0.9999592833633509
0.9999584989752353
0.999958114617494
0.9999582416526791
0.9999576851916128
0.9999569600293744
0.9999568067932462
0.999956865085749
0.9999561848715961
0.9999558353061094
0.9999557446694911
0.9999555708616344
0.9999548378615669
0.999954937524377
0.9999547774443507
0.9999541996312202
0.9999532936458978
0.999953442531412
0.9999532239383413
0.9999525513770278
0.9999523228004511
0.9999523655778765
0.999951930247073
0.999951360977507
0.9999515147766624
0.9999512060532395
0.9999503318115686
0.9999499402621609
0.9999499048463187
0.9999495429425673
0.9999491200865905
0.999949148247657
0.999949110982592
0.9999485073587365
0.9999480892154098
0.999948204965313
0.9999476122400593
0.9999468094969044
0.9999467642032448
0.9999468531891302
0.9999460154607159
0.9999456114292629
0.9999455897024643
0.999945194941464
0.9999445764867727
0.9999444258737054
0.9999445163122198
0.999943992858866
0.9999433721957159
0.999943561783617
0.9999436089650054
0.9999430665936688
0.9999425041914517
0.9999425391120295
0.9999417157641154
0.9999412405902394
0.9999412160202825
0.9999411760543303
0.9999405036490869
0.9999399547531859
0.9999400743798788
0.9999400489700351
0.999939105987648
0.9999389118194472
0.9999387936077215
0.9999385023825282
0.9999378081322754
0.9999379887647889
0.9999376693732279
0.9999370572499954
0.9999365944364865
0.9999368719118591
0.9999362976695384
0.9999360219231271
0.999936172270801
0.9999358769831623
0.9999354780318013
0.9999352955845277
0.9999355007030729
0.9999349926150555
0.9999342928300561
0.9999342623967135
0.9999341415422015
0.9999335680941206
0.9999328912868344
0.999933091951341
0.9999327241739698
0.9999320045108885
0.9999318054309754
0.9999314903466502
0.9999309290852252
0.9999303706876103
0.999930532345728
0.9999304333842581
0.9999296028579138
0.9999293085854217
0.9999292783292387
0.999928791684229
0.9999282352520252
0.9999284325505624
0.9999284510547118
0.9999278545987083
0.9999277633426128
0.999928023715526
0.9999277038242201
0.9999271561110878
0.9999269539477657
0.9999269145916292
0.9999262174497225
0.9999258099002811
0.9999258234861957
0.9999255126109311
0.9999248990029307
0.9999249754728222
0.9999249295735486
0.9999243379111589
0.999923752225753
0.9999237150262253
0.9999235188494884
0.9999231440685612
0.9999227074601741
0.9999227775258631
0.9999222969787809
0.9999216715642196
0.999921651426908
0.9999213365590157
0.999920752155959
0.9999203251926597
0.9999203943558512
0.9999201289805594
0.9999193993487595
0.999919021975727
0.9999190308926591
0.9999185690819551
0.9999182242804693
0.9999185470037845
0.9999182770654047
0.9999178926537089
0.9999176615308464
0.9999174562186158
0.9999168190854927
0.9999164530051377
0.9999162968173609
0.9999159850746899
0.9999151969980247
0.9999152871662661
0.9999153970939818
0.9999147587481063
0.9999140309481572
0.9999137438494947
0.9999137097472223
0.9999132719888905
0.9999126826027454
0.9999129063653026
0.9999126884899964
0.9999121232408675
0.9999121103160684
0.9999121668151443
0.9999114223418193
0.9999112061127453
0.9999111637052691
0.9999108315566815
0.9999103742155242
0.999910054069577
0.9999104865354504
0.9999101323175213
0.9999094233626847
0.9999095416202238
0.9999092606927107
0.9999086229565911
0.9999084729243269
0.9999087338246968
0.9999082131492744
0.9999077718952171
0.9999076950066557
0.9999075900732401
0.9999068754716246
0.9999062781584782
0.9999065704738999
0.9999061126668738
0.9999054299729897
0.9999056206910778
0.9999055279316793
0.9999048637665822
0.9999046066294058
0.9999045630412646
0.9999043875121173
0.9999035227800585
0.9999031654743495
0.9999030696612957
0.999902770253045
0.9999022904323163
0.9999024305074509
0.9999020818086678
0.9999013962359383
0.9999008650663906
0.9999008517861636
0.9998999381852871
0.9998996149629538
0.9998997368307914
0.9998994391270019
0.9998989111389555
0.9998986834288983
0.999898572247501
0.999898294155345
0.9998977280981592
0.9998975344587534
0.999897559750933
0.9998968865914047
0.9998963149895129
0.9998961239377098
0.9998955747536084
0.999894944824798
0.9998948538467173
0.9998947208149351
0.9998943209452628
0.9998936992293431
0.9998936045432608
0.9998935265218355
0.9998927727748205
0.9998926678953113
0.9998925617865272
0.9998923775879378
0.9998918721313003
0.9998916584752665
0.9998912904085777
0.9998907566387101
0.9998904347151397
0.9998902058931308
0.9998898629439981
0.9998890908189886
0.999889295945629
0.9998892777018223
0.9998884693852952
0.9998881887369684
0.9998880476071178
0.9998879906413896
0.9998876438463026
0.9998874876209626
0.9998872747362273
0.9998866728796353
0.9998861121174017
0.9998858298209071
0.9998853138707356
0.9998844876918813
0.9998841804443236
0.9998843532308996
0.9998837094846107
0.99988323503981
0.9998833285669645
0.9998831713457655
0.9998825216407736
0.9998820424019289
0.9998819663965735
0.9998816980797097
0.99988108818103
0.9998809909347277
0.9998805748075622
0.9998801026391348
0.9998796192813824
0.9998794751785945
0.9998790652856725
0.9998783137210068
0.9998780939348415
0.9998780535051216
0.9998776024332889
0.9998771316770879
0.9998772421805312
0.9998772409738085
0.999876646332707
0.9998762203026537
0.9998763009467776
0.9998760817512083
0.9998753175776599
0.999875126302406
0.99987498657906
0.9998747005954152
0.9998745177205268
0.9998746340529816
0.9998740047486729
0.9998733009319537
0.9998732840961928
0.9998728657293208
0.9998721023934215
0.9998712640108571
0.9998713146783753
0.9998708640689196
0.9998701660257727
0.9998700898738144
0.9998699724074757
0.999869610062341
0.9998695928785769
0.9998697662578745
0.9998694802735751
0.9998687162189336
0.9998681369654872
0.999868126438946
0.999867989029122
0.9998670890836165
0.9998670835230128
0.9998673988117454
0.9998667597131495
0.9998667904022613
0.9998666428744668
0.9998659476287104
0.9998653049842214
0.9998652023912337
0.9998647773222752
0.9998642915237942
0.999863962767117
0.9998636748098874
0.9998632345166588
0.999862640582798
0.9998624859846815
0.9998623867207581
0.9998617257597293
0.9998616543156313
0.9998620561703636
0.9998621313988686
0.9998614692865527
0.9998609781053481
0.9998609794541482
0.9998604309826044
0.9998598403894771
0.9998595372324105
0.9998588989707705
0.9998584400123075
0.9998580100580026
0.9998577816532904
0.9998576235376596
0.9998573528535181
0.999857115325711
0.9998572678501559
0.9998567677986149
0.9998565063856018
0.9998565924251659
0.9998559862234504
0.9998556435263188
0.999855771753252
0.9998559207901464
0.9998555856927609
0.9998551073227131
0.9998546142499198
0.9998540263407879
0.9998532737908951
0.9998529583740614
0.9998530223579636
0.9998526008185449
0.999851577367857
0.9998518449592125
0.9998512805187834
0.99985046122426
0.9998502820189159
0.9998503586743585
0.9998500570271798
0.9998492238744752
0.9998486601368664
0.9998483960018492
0.9998478401304743
0.9998472423171962
0.9998474138775966
0.9998473559194224
0.9998469280415808
0.999846472632485
