0.9999998060779535
0.9999825144557082
0.999966003712619
0.9999505970603183
0.9999357440182981
0.9999193502109184
0.9999020032788667
0.9998862112974461
0.9998691325860146
0.999853974075216
0.9998359350780379
0.9998236769835692
0.9998064280176983
0.999789846729671
0.9997745575248701
0.999758501083047
0.9997436884591878
0.9997250636048735
0.9997114275039863
0.999695684350082
0.999678652292684
0.9996668126832016
0.9996454851916403
0.9996335714819061
0.9996213615301279
0.9996009207741329
0.9995851656360243
0.9995694471139687
0.9995572610105711
0.9995374781133872
0.9995207812430515
0.9995046172079672
0.9994891928477331
0.9994773330063066
0.9994617628104008
0.9994450710729257
0.9994255123560268
0.9994052677272007
0.9993918291653077
0.9993684391286266
0.9993474834738267
0.9993328155198786
0.9993172052294699
0.9993005065574921
0.999279509551471
0.9992637936285091
0.9992454031763026
0.9992318871490689
0.9992199911085419
0.9992026719470053
0.9991918897983013
0.9991731977582228
0.9991584619385142
0.999141955304452
0.9991263855409791
0.999110226099018
0.9990963895957407
0.9990795476416815
0.9990643660687774
0.9990457045074144
0.9990328007254178
0.9990152817831566
0.9990015273428516
0.9989849751587481
0.9989655542363132
0.9989578469292955
0.9989421408749836
0.9989190223205833
0.9989029423654993
0.9988875875552004
0.9988659019683119
0.9988507790512222
0.998839716867413
0.9988226135708573
0.9988066462260581
0.9987868767633351
0.998767139411328
0.9987594233894699
0.9987483081990368
0.9987307946606322
0.9987068586823091
0.9986863215055483
0.9986741367781617
0.9986647955366909
0.998652029776345
0.9986358571394346
0.9986143123759429
0.9985942599124593
0.9985760486117127
0.9985532541277325
0.9985390652355789
0.9985224173871643
0.9985053377307815
0.9984892258588367
0.998478270103624
0.9984700095705111
0.9984524190634252
0.9984388087979599
0.9984228205643862
0.9983965537604108
0.9983844915743191
0.9983775971631687
0.9983666764353889
0.9983465203545193
0.99832279442628
0.9983021467106525
0.998284691189453
0.9982652667150775
0.9982489628435719
0.9982373397371207
0.9982249866872656
0.9982033804154737
0.9981899237890614
0.9981709391525724
0.9981531637653228
0.9981366848446039
0.9981073479632154
0.9980962202948653
0.998083453336194
0.9980663616866201
0.9980516455011583
0.9980378042153307
0.9980323182922987
0.9980102968046461
0.9979897579391558
0.997971651546137
0.9979576672685474
0.997944648455934
0.9979284954520987
0.9979138492551521
0.9979011328309848
0.9978841015945336
0.9978733034814063
0.997864292506503
0.9978422884560532
0.9978367952612409
0.9978251561083258
0.9978143998597778
0.9977999906821353
0.9977803414487082
0.9977561034525076
0.9977336173497577
0.9977176777606984
0.9976918354552069
0.9976851485769972
0.9976675207385562
0.9976401251726513
0.997626544713463
0.997617223435896
0.9976093225336841
0.9976054242405532
0.9975778191291329
0.9975629700427795
0.9975362077773413
0.9975179528945204
0.9974995952155149
0.9974735166368571
0.9974620531185823
0.9974460575893421
0.9974339089580033
0.9974252140673452
0.9974191569428384
0.9973986136022912
0.9973828006311796
0.9973670132169877
0.9973519557961561
0.9973525598087444
0.997333189663094
0.9973051250321244
0.9972893225128255
0.99728002495829
0.9972573778887094
0.9972479263974938
0.9972349792336561
0.9972116082248723
0.9972070246261471
0.9971895434985143
0.9971857559383385
0.9971640933556503
0.997141972050018
0.9971204515443308
0.9971007848706982
0.99709036563991
0.9970817417482076
0.9970739054461238
0.9970498770907474
0.9970336811733614
0.9970215254278305
0.996992870667251
0.9969741293025105
0.9969560331108013
0.9969423433592778
0.9969291015047401
0.9969089857329798
0.99688908890144
0.9968760750377528
0.9968507528342139
0.9968317261059838
0.9968344852851193
0.9968276810640537
0.9968174034179951
0.9967917635819564
0.9967781897942461
0.9967655895707358
0.9967380648420944
0.9967096157672679
0.9966867906966728
0.9966640343332396
0.9966540232991147
0.9966384859796877
0.9966265469748526
0.9966074987570441
0.9966050371871414
0.99658073345198
0.9965628912952831
0.9965418461041671
0.9965212364804343
0.996507886932708
0.996492235937601
0.9964739411474444
0.9964498092311294
0.9964315740068446
0.9964119047649744
0.9964073321677639
0.9963802693202909
0.9963694911807667
0.996348682352833
0.9963267651782328
0.9963140828246487
0.9962996037189559
0.9962819856162171
0.9962633585919377
0.9962512082433483
0.9962356736779029
0.9962183312256055
0.9962019029122064
0.9961819131742482
0.9961651862093108
0.9961652261557506
0.9961613430508196
0.9961435923521531
0.996138043980446
0.9961161904881317
0.9961060940177766
0.9960881489159844
0.9960722987454345
0.9960576350789276
0.9960523348394297
0.9960217381085994
0.9960013503134956
0.9959755342370515
0.9959568299645462
0.995952162228309
0.9959396914244902
0.9959106092112893
0.9959084255992491
0.9958804479069394
0.9958529501852773
0.995845403081846
0.99583234753197
0.9958168133522672
0.9957952374605658
0.9957803343253631
0.9957761728868288
0.9957684905216069
0.9957622273598269
0.9957479145056786
0.9957218988062491
0.9957025942644442
0.9956795427221609
0.9956700153365627
0.9956494038052665
0.9956340423656586
0.9956185530384634
0.9956008165809264
0.9955821962569795
0.9955667139615433
0.9955560662610163
0.9955283471922033
0.9955220649923706
0.9955092183687474
0.9954916202168766
0.9954756707740086
0.995467589052678
0.9954521579339064
0.9954410336436343
0.9954125810609139
0.995405818290374
0.9954011087105232
0.9953956722400835
0.9953694601683624
0.9953465150750801
0.9953168938909078
0.9952985564035179
0.9953061143797093
0.9952766237104359
0.9952436945522171
0.9952204437208296
0.9951918220649539
0.9951740288162486
0.9951506136232827
0.995115560514591
0.9951087527891531
0.9950848684919285
0.9950729825960448
0.9950495157901652
0.9950220826828367
0.9950184435207838
0.9949873417930531
0.9949646676856165
0.9949611739935477
0.9949522333387251
0.9949371019064776
0.9949114011211917
0.9948873530267147
0.9948655725402624
0.9948522041885669
0.9948356219675586
0.9948206142996258
0.9948013538816924
0.9947855281114679
0.9947677219949733
0.9947479023153146
0.9947243235094047
0.994707063345483
0.9946886444291755
0.9946724417671732
0.994665453147776
0.9946427738028474
0.9946321614562883
0.9946334513628713
0.9946184983461891
0.9946160928549153
0.9946049751889429
0.9945905843917063
0.9945852337763834
0.9945738913020363
0.9945749233889778
0.9945580524239752
0.9945223127688361
0.9945125227857455
0.9944880597780239
0.9944838091349854
0.9944843733018994
0.9944620909186075
0.9944549257404068
0.994442884697141
0.9944252154897271
0.9944081385140929
0.9943990561739536
0.9943736328510945
0.9943385828639758
0.9943228357249255
0.9943211402274831
0.9943160502821006
0.994283579507112
0.9942736189572168
0.9942560120193275
0.9942337843815435
0.9942167349357481
0.9942023639798189
0.9941868956555433
0.9941875732822363
0.9941816492675408
0.9941561775966246
0.994141135862882
0.9941260343568734
0.9941040602755374
0.9940855622390334
0.9940621521586497
0.9940540137695894
0.9940269169273201
0.9940032399737694
0.9939848324197804
0.9939788986244628
0.9939630428014342
0.9939530992660243
0.9939396102683058
0.9939309308663747
0.9939340709187404
0.9939091725396906
0.9939021187047999
0.9938910541887521
0.9938839478123991
0.9938737159726677
0.9938566479665908
0.9938230943059371
0.9938213988494886
0.9938116039545289
0.9937988398018284
0.9937933901287442
0.9937813323976437
0.9937713244460574
0.9937568520974501
0.9937524887998704
0.9937293004172492
0.9937069583647007
0.9936902350912563
0.9936533839466267
0.9936277339376626
0.9936009500464801
0.9935883392953544
0.9935655620870233
0.9935480399409312
0.9935327238386974
0.9935265502298173
0.9935062666956218
0.993476828977678
0.9934623444412315
0.9934501718523002
0.993427680133089
0.9934085196270465
0.9933943291522432
0.9933882094566204
0.9933760279412461
0.993352527506793
0.9933355189917404
0.9933141583786657
0.9933154258148014
0.9933007134078993
0.9932788361206631
0.9932807071990483
0.9932674804679819
0.9932513840244465
0.9932384398297952
0.9932158755433363
0.9931773394687446
0.993172471573392
0.993157855410536
0.9931357885520744
0.9931216616067534
0.9931120701075237
0.9930937958167313
0.9930861693113002
0.9930859768095232
0.9930879696267816
0.9930641094865016
0.9930695995255115
0.9930617159013262
0.9930504006798173
0.9930478256946297
0.9930194332338399
0.9929874456101994
0.992979443720919
0.9929758815390314
0.9929394436363067
0.9929080980442656
0.9928920296159172
0.992882482315572
0.9928588996932525
0.9928386908056032
0.992799432762578
0.9927762961052536
0.9927772971648877
0.9927749606243662
0.9927427459233079
0.9927246520056082
0.9926984800371751
0.9926754214969606
0.992632204708125
0.9926205414627596
0.9926207839865403
0.992595676268158
0.9925801973415427
0.9925617660026999
0.9925553570840155
0.9925601464196672
0.9925293338662373
0.9925165343567055
0.9924999309567111
0.992469665311661
0.992477127493892
0.9924593920452612
0.9924534715898565
0.9924478518431522
0.992444466096671
0.9924306970494126
0.9924139277111588
0.9923879972015526
0.9923854925292888
0.9923621763225282
0.9923543853144313
0.9923470491408941
0.9923440316648576
0.9923361472030362
0.9923257430191761
0.9922983122448418
0.9923012556297515
0.9922707330000623
0.9922412728369568
0.992221116369242
0.9922088549427551
0.9921750381328327
0.9921646871632611
0.9921638911783268
0.99214250275427
0.9921255333015601
0.9921124809854971
0.9920995346342747
0.992091662514315
