0.9999995841556611
0.9999832664921
0.9999660312556251
0.9999493176235763
0.9999342413361629
0.9999185034769085
0.9999004233610419
0.9998813741248752
0.9998658302917611
0.9998511816110393
0.9998349865985257
0.999818815687331
0.9998053030910109
0.9997878094886339
0.9997695999012634
0.9997559040053663
0.9997416968737329
0.9997261352423743
0.9997082901953322
0.9996881841547351
0.9996708874279022
0.9996558006965833
0.9996404221923124
0.9996218457968408
0.9996086592248853
0.9995901282309607
0.9995771848535685
0.9995599712398644
0.9995437265284547
0.9995251220284536
0.9995077616988726
0.9994952786077859
0.9994823369203396
0.9994694078782014
0.9994484589604389
0.99943047797256
0.9994131954181036
0.9993987861667345
0.9993872318671251
0.9993674517145266
0.9993518920044008
0.9993329777591872
0.9993102943280832
0.9992930163293133
0.9992783766387614
0.9992655022798874
0.9992447381239853
0.9992301766753775
0.9992156861506755
0.999201790723303
0.9991815649896649
0.9991670067588941
0.9991478945509793
0.9991290912710802
0.9991176916970923
0.9991019002078003
0.9990845687280424
0.9990656744474589
0.999047185631598
0.9990310537325804
0.9990139390312213
0.9990021631198107
0.9989843619406343
0.99897930189651
0.9989634008035427
0.9989553687037551
0.9989348213535665
0.9989148178239216
0.9988961895570081
0.9988768590780986
0.9988540424417118
0.9988334142848155
0.9988182387231644
0.9988052750502219
0.9987949817324562
0.9987775560488832
0.9987660577817401
0.9987524417380396
0.9987352262142238
0.9987097758877544
0.9986845841821734
0.998667368622558
0.9986482172619351
0.998626222848688
0.9986131454185088
0.9985907245966188
0.9985746499883033
0.9985625749639863
0.9985473074609564
0.9985303758295907
0.9985060485562155
0.998484243864933
0.9984601758082763
0.9984426941490075
0.9984237299047504
0.9984082916474242
0.9983976885865544
0.998379028739635
0.9983618782510214
0.9983448769828007
0.9983259671895092
0.9983071015724005
0.9982860363146473
0.9982684902215526
0.9982486978289739
0.9982326023307895
0.998218768460574
0.9982021903830041
0.998183421161054
0.9981714497559717
0.9981672940059994
0.9981527563315692
0.9981378731224886
0.9981249477144103
0.9981118120782243
0.9980979976512674
0.9980804923001599
0.998061939272042
0.9980512840565345
0.99803217622346
0.9980172916766697
0.9980131018998496
0.9979908929959723
0.9979770121494415
0.9979594843268939
0.9979454693394909
0.9979293950890634
0.9979128005917425
0.9978904546793568
0.9978680643418673
0.9978547754802126
0.9978372334848399
0.9978147845377309
0.9978047248864963
0.9977899181099771
0.9977630961183546
0.997747974386366
0.9977245513979741
0.9977083603013608
0.997693818665841
0.9976796386150515
0.9976606519929464
0.9976455599252431
0.9976222340026243
0.9976101226389401
0.9975939691995539
0.9975832507679063
0.9975719693044189
0.9975569568564088
0.9975407361211299
0.9975212131759327
0.9975025147848023
0.9974845061919642
0.9974649019282122
0.9974564983182527
0.9974304284268851
0.9974103090236087
0.9974000720612056
0.9973830918717278
0.9973694639904694
0.997351743940046
0.9973375914959643
0.9973192528534297
0.997303111893694
0.9972783812253216
0.9972634921701243
0.997250854363236
0.9972320903690747
0.9972203186825824
0.9972033879006618
0.997184568104029
0.9971745729218733
0.9971682443890771
0.9971517693071595
0.9971287823811938
0.9971132502079859
0.9970902855998666
0.9970906442387137
0.9970707032250689
0.9970475240605882
0.9970326609039296
0.9970240960405192
0.9970091331833112
0.996997665196434
0.9969866578306389
0.9969658693011507
0.9969504669043816
0.9969452196733695
0.9969373879486214
0.9969243949365401
0.9969019953123756
0.9968898866122007
0.9968537702357723
0.9968413551108701
0.9968191683858998
0.9968009179790327
0.9967888513802318
0.9967727201741816
0.9967491695518693
0.9967433889098698
0.9967210089281311
0.9967191775679227
0.9967068894057293
0.9966947687899874
0.9966817951537102
0.9966800640895919
0.9966590103610499
0.9966391237069824
0.9966180569175737
0.9965954093461755
0.9965760823144296
0.996568694160299
0.9965450978439147
0.9965341995771382
0.9965171543918011
0.9965065043291594
0.9964992203782436
0.996486576870173
0.9964647285610287
0.996439776248607
0.996426749159357
0.996404827460939
0.9963748488380095
0.996357796844783
0.996340846172751
0.9963339839026626
0.9963109003685954
0.996286412797716
0.9962797963776759
0.9962670189576244
0.9962440621533611
0.996233117002372
0.9962127436535927
0.9962113353862058
0.9961989451407295
0.9961657285369769
0.9961509092288185
0.99613328677099
0.9961140971371408
0.9961056662772172
0.9960803925640935
0.9960672743805327
0.996045347248391
0.9960345874147786
0.9960146535383843
0.9959927778408267
0.9959813293477829
0.9959653985620107
0.995955852455174
0.9959536911711674
0.9959385968112847
0.9959192526275888
0.9959151013673788
0.9958977475366063
0.9958930302912994
0.9958665925813781
0.995859358962788
0.9958575996755435
0.99582458649842
0.9958046097461446
0.9957897853291843
0.9957735679302492
0.9957628916274002
0.9957445838110983
0.9957397735136692
0.995729608209461
0.995704754751556
0.9956988806702517
0.9956804798059671
0.9956645606623191
0.9956548651404722
0.9956372118526201
0.9956180668444428
0.9955945937685049
0.9955927313033607
0.9955760369612381
0.9955545126079505
0.9955217358885218
0.995498286814708
0.9954977269126966
0.9954857772716195
0.9954775612687999
0.9954557727569586
0.9954374494994392
0.9954253681733484
0.9954075671881957
0.995400845481901
0.995379927737311
0.9953568867619187
0.9953339897006348
0.9953217403677204
0.9953011170050284
0.9952764727955644
0.9952485052099348
0.9952280811236748
0.9952101582978871
0.9951949113124737
0.9951702127384339
0.9951412705872088
0.9951288419529523
0.9951003405221583
0.9950746393850239
0.9950519252977932
0.9950421819871136
0.9950167124764938
0.995000395259324
0.9949896361424528
0.9949767425633773
0.9949536246393872
0.9949511737804251
0.9949216760114955
0.9949027346349919
0.9948951212829853
0.9948721792930513
0.9948427852483218
0.9948304089873532
0.9948143415400896
0.9948072751749507
0.9947975602677064
0.9947893161871145
0.9947651488081376
0.994745263426503
0.9947287395794543
0.9947201320185778
0.9947201228771059
0.9947010078036513
0.994679410387697
0.9946437746468487
0.9946271728710313
0.9946134115991042
0.9945946318238499
0.9945589335333612
0.9945391228078533
0.994519334449058
0.9944882617769318
0.9944736158888244
0.9944477218426289
0.9944336140914382
0.9944143173917075
0.9943949665823587
0.9943897477429373
0.9943628138653541
0.9943443575748161
0.9943140375663406
0.9942920296484191
0.9942787637732544
0.9942700814042438
0.9942457739878215
0.994231078094773
0.9942174085047886
0.9941925591372704
0.9941633981850097
0.9941378679759931
0.9941301736163138
0.9941136501898028
0.9941050234729245
0.9940728287419668
0.9940639793654722
0.9940567336054932
0.9940337150450219
0.9939985766329221
0.9939939375902052
0.9939739867041987
0.9939557324335553
0.9939553044164052
0.9939184052434521
0.9938996464631523
0.9938937742111282
0.9938666884295578
0.9938483220814167
0.9938259840921863
0.9938095968353331
0.9937926281956135
0.9937742309660212
0.9937566601419362
0.9937515018593105
0.9937332363320003
0.9937091576108228
0.9936861331192759
0.9936756945856762
0.993670392268665
0.9936622871762125
0.9936451543597082
0.9936269798968703
0.9935928245347434
0.9935803438854839
0.9935617225802204
0.9935472388880151
0.993544006961738
0.9935243910167855
0.9935200945741135
0.9935119729848045
0.9934919755371642
0.9934744085836278
0.9934622456009423
0.9934358227000601
0.9934039211526552
0.9933935500630469
0.9933637848335526
0.9933515069459325
0.9933271012928669
0.9932870872866414
0.9932585877071906
0.9932512942407471
0.9932400936938927
0.9932271896633936
0.9932084759101998
0.9931835760831639
0.9931565168334227
0.9931288490373336
0.993105491516621
0.993077894442695
0.9930535179966532
0.9930145539809832
0.9930095360991541
0.9929886910443857
0.9929797085592603
0.9929583964876493
0.9929305968729719
0.9929170970652877
0.9929158505971168
0.9929047052667467
0.992903286980531
0.9928825205057943
0.9928698833318339
0.9928737937037453
0.9928516021966677
0.9928510780603911
0.9928252569746778
0.9928041626106043
0.992785113703262
0.9927667059353711
0.9927626036129198
0.9927543045571513
0.9927354895947912
0.9927024700698481
0.9926833220822568
0.9926526201113123
0.99264211129898
0.992618994128764
0.9926030016743942
0.9925988025160598
0.9925838416076408
0.9925665238956292
0.9925396267549813
0.9925400746140824
0.9925295627918752
0.9925123015339428
0.9924831384008309
0.9924703859872855
0.9924583331772994
0.9924456687112578
0.9924475781861892
0.9924333578200655
0.9924303848111532
0.9924305998331867
0.9923981857535552
0.9923734919388166
0.9923564607081129
0.9923487763656869
0.9923388781229664
0.9923169766153018
0.9923160833194368
0.992312682677241
0.992294834689996
0.9922865568312558
0.9922703309181133
0.9922700870530308
0.9922211013979181
0.9922037074513641
0.9921979493449647
0.9921996965341974
0.9922067899621527
0.9922091805488031
0.9921852970983773
0.9921780466047571
0.9921645415532361
0.9921380802505467
0.992124910584243
0.9921031971243434
0.9920817935468028
0.9920695559139686
0.9920638205206928
0.9920450487913478
0.9920387205635807
0.9920316214696336
0.9920094973590513
0.991985923922963
0.9919741395271999
0.9919657044455432
0.9919732492169914
0.9919632085455357
0.9919370843962926
0.9919102779511395
0.9919073807850586
0.9919062969354635
0.9918928515284495
0.9918749549409849
0.9918666075670697
0.9918559985339626
