0.9999993809929753
0.9999828170685545
0.9999649158548033
0.9999482799463727
0.9999328620638829
0.9999182486793798
0.9999025056778758
0.9998878206663788
0.9998693858043226
0.999851869121213
0.9998356430727907
0.9998199746044452
0.9998023626016561
0.9997885990094576
0.9997723698684134
0.9997551734701631
0.9997379615134647
0.9997239461710441
0.9997072677144632
0.9996963531782036
0.9996813870405342
0.9996631602114217
0.9996423651284543
0.9996208371207824
0.9996040339395242
0.9995899951127201
0.9995765828828594
0.999558626813982
0.99954092357562
0.9995189417748453
0.9995032459902458
0.9994903038759555
0.9994807824787101
0.9994638741892051
0.9994530320668412
0.9994291124479989
0.9994124819825574
0.9993961301914399
0.9993792869573089
0.999361105284692
0.9993456577492562
0.9993292115005895
0.999311383864515
0.9992978789841369
0.9992852895723283
0.9992671908536841
0.9992514351588159
0.9992309982262748
0.9992117616297798
0.9991921311682692
0.9991771144760124
0.9991605922133777
0.9991439556931557
0.9991275088756252
0.9991102081925658
0.9991045836684843
0.9990866151542455
0.9990712779277406
0.9990606633565368
0.9990425939903933
0.999026655654543
0.9990152388203635
0.9989922540269618
0.9989796607068862
0.9989593173073219
0.9989478272393243
0.9989294708642114
0.9989093775933163
0.9988897709388528
0.9988715698187217
0.9988496283018143
0.9988353707796952
0.9988240129706369
0.9988105560348927
0.9987951423144035
0.9987838553498887
0.9987641015814462
0.9987483708332601
0.9987375746088039
0.9987228388355256
0.9987072862608276
0.9987000085919593
0.9986935540016071
0.9986850396819174
0.9986667330217295
0.9986490518763956
0.9986358528409811
0.9986172357702464
0.9985995376111291
0.9985823016804339
0.9985786749351264
0.9985734152149762
0.9985605292641602
0.9985438539826978
0.9985371186586237
0.9985226475796785
0.9985056226329243
0.9984898963573636
0.9984796474620957
0.9984711682067674
0.9984555005359995
0.9984468106980225
0.9984272263394738
0.9984071355203785
0.9983924976073976
0.9983767812485421
0.9983684002011405
0.9983511351200963
0.9983333557330707
0.9983146792560136
0.9982907074690359
0.9982656004357938
0.9982402199132951
0.9982297607015364
0.9982094368920357
0.9981936965612264
0.9981765356785525
0.9981608668977163
0.9981500131832887
0.9981315914929798
0.9981167009380159
0.9981024308959235
0.9980752414990955
0.9980505850649846
0.9980325908205454
0.998013760295768
0.9979955479667926
0.9979789806629461
0.9979653906700556
0.9979473891472167
0.9979321431729435
0.9979042406999734
0.9978891515678843
0.9978820083929255
0.9978671144934537
0.9978520397716719
0.9978295301200478
0.9978188024490967
0.9977999633545611
0.9978004886932634
0.997782641853864
0.9977723520052724
0.9977376558233428
0.997714233404698
0.9976934805855736
0.9976839053357693
0.9976641753264043
0.9976511568396275
0.997641416122677
0.9976233358147205
0.9976014286605357
0.9975852067123089
0.9975806760365002
0.9975703618914589
0.9975460094542826
0.9975207133531604
0.9975001314570547
0.9974817201260658
0.9974788724622802
0.9974729514413894
0.9974561221739617
0.9974340606725536
0.9974239455643406
0.9974159371859329
0.9973895865996912
0.9973783546687793
0.9973679713640983
0.9973605114711519
0.9973458990865754
0.9973331649804266
0.9973084057180873
0.9972932044468233
0.9972734597278429
0.9972674637351877
0.9972563317735811
0.9972472248317004
0.9972349605116991
0.9972166451333239
0.9971927405608876
0.9971695337753405
0.9971559898219452
0.9971371916750377
0.9971117123983889
0.9970957579940704
0.9970921347944325
0.9970762080389871
0.9970598475502347
0.9970415827454616
0.9970217733487482
0.996998487318876
0.9969814006040344
0.9969562375981553
0.9969243613107701
0.9968998348873914
0.9968828054183961
0.9968753045274683
0.9968632083371779
0.9968506971566277
0.996835216720549
0.9968243172055224
0.9968059651334551
0.9967810229349847
0.9967646576655445
0.996760144505733
0.9967441672782646
0.9967298083401466
0.996719780267422
0.9967033258681807
0.9966751048540738
0.996661115393586
0.9966304867526833
0.9966224741224109
0.9966114966292281
0.9965885729331065
0.9965772501111814
0.9965761236569555
0.9965576299197972
0.9965420343246634
0.9965236060789486
0.996514089321369
0.9964995939032691
0.9964854279210292
0.9964757723035896
0.9964643934392672
0.9964410261262879
0.996437289586603
0.996426825079334
0.9964051949728654
0.9963969293824437
0.9963798209134286
0.9963633832269538
0.9963418656044161
0.996335403731366
0.9963318855263653
0.996315219394469
0.9962934954531276
0.9962816263608777
0.996277005334252
0.996257997780037
0.9962388920539857
0.9962207970203706
0.9962089060224432
0.9962002426539097
0.9961822976845687
0.9961636396888023
0.9961487803872301
0.9961355697115535
0.9961259848565459
0.9961072527879246
0.9960874177103156
0.9960796411813818
0.9960597467267627
0.9960447873002954
0.996025669760889
0.996014418444801
0.9960018913138534
0.9959830855496895
0.9959730146888272
0.9959632977061774
0.9959365872242958
0.9959190635252974
0.995901113914016
0.9958781150443964
0.9958602133193394
0.9958471601026228
0.995828602307731
0.9958315035294782
0.9958278571246969
0.9958082057908364
0.995793664402389
0.9957660079148567
0.9957500270054522
0.9957516241214002
0.9957303405002315
0.9957121575914626
0.9956849651864679
0.9956627627870065
0.995657800587471
0.9956292462777437
0.9956218922774055
0.9956117598268539
0.9955915473136887
0.9955723547977479
0.9955473597958046
0.9955302870660093
0.9955192262230056
0.9954926797036452
0.995469044669759
0.9954443985685596
0.9954219253753419
0.9954005333759495
0.9953836148327191
0.9953506590707222
0.9953310614998647
0.9953051415921564
0.9952738269671891
0.9952526686904533
0.9952486200705487
0.9952342033877786
0.995217272360849
0.9952006905622927
0.9951742628659327
0.9951435016644268
0.9951373164660625
0.9951260621541331
0.9951042625228641
0.9950898973562664
0.995070618898527
0.9950453757994588
0.9950217396865462
0.9949888656749198
0.9949839623512919
0.9949747680180996
0.994968809031467
0.9949614502660042
0.994952708696802
0.9949421793003798
0.9949240323357798
0.9949019395420419
0.9948820671765604
0.9948656305642346
0.9948436903986266
0.9948195912475007
0.9947937073945049
0.9947773991067109
0.9947575399527437
0.9947371047942827
0.9947274503617183
0.9947142089987429
0.9946936703645746
0.9946725733353676
0.9946331917606928
0.9946248791246725
0.994608650877849
0.9945997828385538
0.9945861885678108
0.994559663120752
0.9945509869477099
0.9945266030292602
0.9945089625827414
0.9944902177040068
0.9944737985157578
0.9944585164652828
0.9944376928647248
0.9944212931032335
0.9944067839296308
0.9943842315442529
0.9943774369297225
0.9943502211329892
0.9943390976727619
0.9943316242610731
0.9943100738129109
0.9942889473646969
0.9942737634330882
0.9942564683993242
0.9942337623178774
0.9942180858521877
0.9941873376817526
0.9941870950697893
0.9941508056750911
0.9941269347100046
0.9941077301832469
0.9940883224157304
0.994075478526996
0.9940584245190944
0.9940589976827374
0.9940581096234866
0.9940400721731872
0.9940113333964833
0.9939851207274716
0.9939967152219462
0.9939792104748086
0.9939766344459677
0.9939519138552586
0.9939603031647004
0.9939337805918046
0.9939105033075233
0.993892085987726
0.9938715700938252
0.9938690817688832
0.9938635580429193
0.9938583241893015
0.9938202942844795
0.9938104543361747
0.9937992488120846
0.9937871332110044
0.9937731298729374
0.9937472088873122
0.9937183613357309
0.9937029030071185
0.9936841959635293
0.9936708064041436
0.9936589919942382
0.993618492482376
0.9936063276700059
0.9936091013564636
0.9935912564325858
0.9935962666102816
0.9936048768391184
0.9935915092659657
0.9935848880119591
0.9935666721756702
0.993560123762181
0.9935264779026557
0.9934947858666783
0.9934784978064147
0.9934770773030684
0.9934688615002145
0.993439991999337
0.9934317207875587
0.9934345247871642
0.993428803609475
0.9934292681611546
0.9934173797909694
0.9933941620551792
0.9933926239185199
0.9933904202587605
0.9933493976554008
0.99331736852727
0.9933108741416908
0.9932817377327392
0.9932634373023268
0.9932491269198681
0.9932215309850001
0.9932215453044155
0.9932018125313069
0.9931689214612657
0.9931523621603079
0.9931463031180878
0.9931301653469379
0.9931023287118809
0.9930742598834085
0.9930617101251477
0.9930648377279638
0.9930480650154474
0.9930304551824707
0.9930069283088808
0.9929908522670878
0.9929784615749054
0.9929632325754042
0.9929400970604991
0.9929084007907771
0.9928924883926055
0.9928911841473226
0.9928803125396459
0.9928550490795408
0.9928496438350658
0.9928538102475314
0.9928498296585515
0.9928274754851997
0.992803953028237
0.9927836226356106
0.9927688280865961
0.9927603880430126
0.9927606798816833
0.9927645278070143
0.9927373691927661
0.9927270640017898
0.9927109091774493
0.9926778299265678
0.9926713613854289
0.9926643643384683
0.9926532452201001
0.9926339111391409
0.9926226155446012
0.9926024968205962
0.9925921884952906
0.9925712870852212
0.9925573158414794
0.9925507542064858
0.9925336775982296
0.9925254541227472
0.9925220726109767
0.9925231782879861
0.9924997192563617
0.9924632049397528
0.9924201451391
0.9924004239996407
0.9923995236049431
0.992388806834993
0.9923717986829457
0.9923700213478611
0.9923647965975214
0.9923582715250979
0.9923368882635397
0.992319580046614
0.9923096120259258
0.9922761281113287
0.9922599553746895
0.9922240252010297
0.992196637663328
0.9921864982372813
0.9921780870518176
0.9921587692761091
0.9921390733571599
0.9921212071312476
0.9921046264777255
0.9920860122540308
0.9920679420481686
0.9920468924308419
