0.9999999334028127
0.9999993772629999
0.9999992832573144
0.9999987817121234
0.9999985774987291
0.9999982632143457
0.9999979102121449
0.9999977245152785
0.9999971996856906
0.9999971377456945
0.9999965824052159
0.9999965623211335
0.9999960304778366
0.9999959254498104
0.9999954951256466
0.9999951980201371
0.9999948965610154
0.9999945292903158
0.9999943782001566
0.9999939132337156
0.9999939234320715
0.9999933763870195
0.9999931889215845
0.9999926367858605
0.9999924522659475
0.999992162120325
0.9999918039610953
0.9999916395153601
0.9999911876558776
0.9999911402143666
0.9999905391264977
0.9999905213640723
0.9999899921891042
0.9999899348242711
0.9999895465048106
0.9999892220919641
0.9999889325273998
0.9999884355797438
0.9999883306739743
0.9999878166811396
0.9999876664930081
0.9999869816640294
0.99998687112283
0.999986504624598
0.9999864393725243
0.9999860873729627
0.999985667220617
0.9999854497234877
0.999984944646081
0.999984760820031
0.9999841725632738
0.9999839268324434
0.9999834127268277
0.9999832795083538
0.9999827738693098
0.9999825507441668
0.9999823152712799
0.999981912805314
0.9999817766348119
0.9999811892741861
0.9999811738391732
0.999980496228052
0.9999803786614359
0.999979691805244
0.9999793683882525
0.9999790336462446
0.9999786909614963
0.9999785499121295
0.9999780236564493
0.9999778656922373
0.9999774187725805
0.9999772652473672
0.9999767901041646
0.9999768015794989
0.9999764636824993
0.9999762322929613
0.999975949904804
0.999975533804572
0.999975398010978
0.9999749579425936
0.9999748198329133
0.9999742713527539
0.9999741799552739
0.9999738466734078
0.9999735497592797
0.9999733118323075
0.9999729971599667
0.9999727689667993
0.9999723178964955
0.9999720472648306
0.9999715908793048
0.9999713993778134
0.9999708606978882
0.9999708063884167
0.9999704851327407
0.9999702277853202
0.9999700075795637
0.9999696866435863
0.9999696388745736
0.9999693077601399
0.9999692885537041
0.9999688627418372
0.9999687183913986
0.999968395138354
0.9999682676196248
0.9999678459830135
0.9999674305365197
0.9999673687437823
0.9999669188543068
0.9999668211705496
0.9999662830027577
0.9999662555476116
0.9999656022168604
0.9999653962198569
0.9999649897974705
0.999964618920468
0.9999644735448928
0.9999640801527746
0.999963967453566
0.9999636026590831
0.9999635644600627
0.9999631572126687
0.9999631567380071
0.9999626612731125
0.9999622547281471
0.9999618933533604
0.9999616295085618
0.9999612474578942
0.9999609044942823
0.9999606881148881
0.9999600941304462
0.9999599300815086
0.9999593532198086
0.9999591160070586
0.9999588368364719
0.9999585598274727
0.9999584117261455
0.9999579279348023
0.999957635200275
0.9999570673194433
0.9999570642222149
0.9999563924214905
0.9999562289003333
0.9999555186966538
0.9999555771808771
0.9999552560633244
0.9999547239909161
0.9999545094336564
0.9999541899087813
0.9999538940446403
0.9999533422388815
0.9999532870024167
0.999952882011416
0.9999525549878152
0.9999524077332463
0.9999523013306552
0.9999519484138513
0.9999516179532737
0.9999514738036483
0.999951067384477
0.9999510736372632
0.9999504793966077
0.9999504226585503
0.9999499814845365
0.999949714755451
0.9999492520042289
0.999948846711224
0.9999486636199942
0.9999479923523269
0.9999480654102144
0.9999473704479285
0.9999471362744824
0.9999464266724367
0.9999463370284812
0.999945819718675
0.999945199074389
0.9999450716346868
0.9999445529331038
0.9999443743321846
0.9999438367211352
0.999943705891764
0.9999433466471335
0.999943272136852
0.9999426894695995
0.9999423570745803
0.9999416433748315
0.9999412622971338
0.9999408243886159
0.9999406072584819
0.999940644149646
0.9999400527578522
0.9999398519145108
0.9999393819947769
0.9999390301643775
0.9999385271341263
0.999938126357765
0.9999377966919999
0.99993723055544
0.9999372560093827
0.9999369451234018
0.9999366827408239
0.9999361644467536
0.9999362725465114
0.9999359010985628
0.9999356646775597
0.9999352479219626
0.9999346182448849
0.9999344578620336
0.9999336010204278
0.9999335415507663
0.9999330180501574
0.9999329323923106
0.9999323034837658
0.9999320190055356
0.9999316190015771
0.9999311498300284
0.9999310361576188
0.9999304840917291
0.9999301383296557
0.9999296644514929
0.9999294128913255
0.9999288124578177
0.9999283377589936
0.9999278905632967
0.9999278720815037
0.9999274048206369
0.9999274526934879
0.9999269665921856
0.9999267084458748
0.9999262923694587
0.9999258824622493
0.9999254063948966
0.9999248112430025
0.9999248429059264
0.9999242870403616
0.9999241254125202
0.9999237167729415
0.9999233271684312
0.9999233593884252
0.9999231597931653
0.999923114694695
0.9999225827812661
0.9999226475051634
0.9999224925219352
0.9999225445587518
0.9999222004967829
0.9999222942443962
0.9999219615510002
0.9999216068802079
0.9999213042209297
0.9999207924385151
0.9999206567409364
0.9999200491703045
0.9999198762038966
0.9999190759375725
0.99991872863773
0.999918439167826
0.9999181450467857
0.9999180219763151
0.9999174428170349
0.999917215010815
0.9999167307045033
0.9999162351614953
0.9999159156103467
0.999915700705161
0.9999153163856492
0.999915042943045
0.9999149494348881
0.9999143179203045
0.9999143523639723
0.9999136393061331
0.9999136178282971
0.999912889996419
0.9999129111312028
0.9999124502752477
0.9999118639489449
0.9999119608659294
0.9999117967711809
0.9999115012336841
0.9999112153381409
0.999910775030119
0.9999103111046261
0.9999102054550848
0.9999094927985336
0.9999093399806214
0.9999086872350152
0.9999087338811692
0.999908402516192
0.9999080798552131
0.9999078516700424
0.9999077462526885
0.9999073181776231
0.9999066908193499
0.9999066654938504
0.9999059571731257
0.9999058736496139
0.9999055026584766
0.9999052169673673
0.9999049446046924
0.9999047244235385
0.9999045147686749
0.999904187351788
0.9999040115318881
0.9999035941138938
0.9999031883067052
0.9999027808916027
0.9999027687655342
0.9999027556487763
0.9999022819733872
0.999902237834551
0.9999017924519438
0.9999014738667675
0.9999011330962536
0.999900956800108
0.9999004945003703
0.9999001770037382
0.999899767893358
0.9998991337805629
0.9998990674905135
0.999898552903509
0.9998985786452155
0.9998979096726219
0.9998977971280935
0.9998974912570643
0.9998974043515398
0.9998971331557628
0.9998968343306606
0.9998966966604068
0.9998962443210032
0.999895984779483
0.9998954469195694
0.9998952683504377
0.9998950282647109
0.9998947881222822
0.9998940216239246
0.9998935729727444
0.9998929540159441
0.999892934922689
0.9998930659707655
0.9998925721981167
0.9998922915521685
0.9998918669028435
0.9998917921033486
0.9998913596943416
0.999891009047799
0.9998907782283726
0.9998903796829306
0.9998900638581003
0.9998893343081533
0.9998891052322053
0.9998882199825313
0.9998881410413419
0.9998873974501662
0.9998872835573622
0.9998868698757425
0.9998865803521204
0.9998862007429836
0.999885520541541
0.9998851976885575
0.9998847958708132
0.999884853164034
0.9998842499596615
0.9998841579164542
0.9998837769892496
0.9998834406114611
0.9998831215924328
0.9998824442966634
0.9998823274790524
0.9998819510392655
0.9998816633719483
0.9998808214887073
0.9998807914051908
0.9998801894631085
0.9998796873730532
0.9998794813018169
0.9998789907353288
0.9998781590479418
0.9998776864645127
0.9998777708699093
0.9998774457638855
0.9998770153733619
0.9998763215539789
0.9998762358541197
0.999875805099626
0.9998760984421612
0.9998756567195638
0.9998752854609897
0.9998750524586276
0.999874531733803
0.9998740875937822
0.9998738369356445
0.99987336232304
0.9998727894491607
0.9998724664870738
0.9998720180464487
0.9998718069112066
0.9998717892401275
0.9998712710999819
0.999870775497431
0.999870517925705
0.9998700783006935
0.99986996166337
0.9998697275231182
0.999869445989624
0.9998690267684072
0.9998686605306034
0.9998682278041582
0.9998681580651179
0.9998678345479606
0.9998679426459598
0.9998674571922659
0.9998673836808429
0.9998668951669714
0.9998668003247646
0.9998665217050724
0.9998662442867816
0.9998655261970252
0.99986507280304
0.9998647252460794
0.9998643128720528
0.999864189242179
0.9998636931497231
0.9998633121261188
0.999862995219514
0.9998627305567741
0.9998624267561264
0.9998621889515582
0.9998618701460205
0.9998611337896306
0.9998610766150833
0.9998603955062175
0.9998598558888664
0.9998593430015521
0.9998591462022065
0.9998585523823712
0.9998580720284242
0.9998577262612414
0.9998578449713685
0.9998577104114805
0.9998574599300741
0.9998570627213489
0.9998569183952952
0.9998568975870192
0.9998562557634818
0.9998556088929269
0.9998552125951912
0.9998553264985299
0.9998549915414
0.9998546911683416
0.9998545272332062
0.9998537042961544
0.9998534217365269
0.9998526304402415
0.9998523392320651
0.9998518792699174
0.9998512963877206
0.9998509320582547
0.9998504800046489
0.9998502524929302
0.9998498330982032
0.9998499913455817
0.9998494926578922
0.9998493132778157
0.9998491404541964
0.9998486966002328
0.9998485038612499
0.9998479803382022
0.9998475667905886
0.9998468077275323
0.9998467254376406
0.9998462411695507
0.9998461789069325
0.9998454938575789
0.9998453098185367
0.9998446646905675
0.9998444224193359
0.9998440142168268
0.9998432560990733
0.9998428048831676
0.999842700421301
0.9998426113980624
0.9998425536317893
0.999841977529784
0.9998414490278839
0.9998410065774004
0.9998405859698184
0.9998404639727282
0.9998402717840447
0.9998399940538358
0.9998396945842231
0.999839187547945
0.9998389418220565
0.9998378766250624
0.9998374480502618
0.9998371598993953
0.9998371180826192
0.9998368887837819
0.9998365077080558
0.9998361219922185
0.9998361039795317
