0.9999993910677464
0.9999989008698688
0.9999978055002677
0.9999969732756001
0.9999971252971025
0.9999981348254606
0.9999991134749378
0.9999992738369033
0.9999985125007773
0.9999974037997378
0.9999968617820102
0.9999973670774323
0.9999984596557416
0.9999992135592011
0.9999990492730516
0.9999980967358467
0.9999970951089678
0.9999968897275138
0.9999976617211661
0.9999987306633764
0.9999992138987632
0.9999987356954337
0.9999976766104871
0.9999968860858449
0.9999970208797795
0.9999979780748529
0.9999989420462584
0.9999991016545131
0.9999983437291005
0.9999972872295136
0.9999967763048747
0.9999972311075169
0.9999982878047935
0.9999990488013282
0.9999988681776019
0.9999979220039495
0.999996989021531
0.9999967932680255
0.9999975136535341
0.9999985741211258
0.9999990589722973
0.9999985555654007
0.9999975209839022
0.9999967872298184
0.999996909178192
0.9999978138214588
0.9999987713182505
0.9999989423422712
0.9999981859143832
0.9999971704982078
0.9999966894946037
0.99999710475321
0.9999981170434791
0.9999988768030819
0.9999986994987599
0.9999977757640591
0.9999968794028607
0.9999966859118075
0.9999973650790888
0.9999983917902836
0.9999988741368666
0.9999983841785236
0.9999973803045893
0.9999966795460419
0.9999967958516223
0.9999976738082746
0.9999986063048284
0.9999987568264156
0.9999980041477815
0.9999970331735231
0.999996592805856
0.9999970036699232
0.9999979796843869
0.9999987054433834
0.9999985273532509
0.9999976206252458
0.9999967600595059
0.9999965982038863
0.9999972587947648
0.9999982446336465
0.9999987047671006
0.999998215059028
0.9999972431064146
0.9999965782351216
0.9999966976673773
0.9999975388336501
0.9999984332935956
0.9999985830391527
0.9999978568533817
0.9999969016255633
0.9999964788217146
0.9999968892865794
0.9999978339939658
0.9999985386365484
0.9999983615824624
0.9999974785406575
0.9999966472912879
0.9999964843446476
0.9999971245030311
0.9999980931676421
0.9999985368817236
0.9999980504615841
0.9999971018761302
0.9999964468354673
0.999996553019095
0.9999973840519486
0.9999982803959063
0.9999984159570995
0.9999976963368614
0.9999967789531226
0.9999963526003333
0.9999967333622677
0.9999976716227886
0.9999983734925643
0.9999981889775924
0.9999973297722237
0.9999965279792672
0.9999963586797401
0.9999969683890643
0.9999979211686002
0.9999983624048892
0.9999978923005834
0.9999969796132098
0.9999963569474564
0.9999964446630114
0.9999972432982579
0.9999981181687021
0.9999982473544481
0.9999975535658753
0.9999966898696496
0.9999962775306243
0.9999966154436992
0.9999975224678423
0.9999982091190046
0.9999980216155168
0.9999971985254542
0.9999964379225134
0.9999962639823021
0.9999968434641633
0.9999977681651135
0.9999981878885652
0.9999977296879015
0.9999968629858826
0.9999962519388106
0.99999632196091
0.9999970881990143
0.9999979367176777
0.9999980665684411
0.9999974026861234
0.999996560157098
0.9999961429877268
0.9999964580851356
0.9999973423225051
0.9999980266676254
0.9999978541214312
0.9999970495783655
0.9999963010485818
0.9999961139212573
0.9999966732751313
0.9999975806875135
0.9999979913852005
0.9999975417568929
0.9999966935809113
0.9999960942939214
0.9999961554942632
0.9999969157211613
0.9999977534617233
0.9999978652160961
0.9999972114700808
0.9999963946524597
0.9999959733885724
0.9999962847147554
0.9999971797563533
0.9999978453085132
0.9999976469602172
0.9999968773938156
0.999996151546555
0.9999959376535279
0.9999965027006947
0.9999974373586569
0.9999978290694204
0.9999973786026123
0.9999965760787582
0.999995971732543
0.9999959924626165
0.9999967550671316
0.9999975950791363
0.9999976931923781
0.9999970780130025
0.9999963041842751
0.9999958524023858
0.999996128364842
0.9999970232318104
0.999997671011599
0.9999974854851622
0.9999967722336354
0.9999960649613899
0.9999958234575193
0.9999963623629734
0.9999972754813008
0.9999976466680668
0.9999972150234158
0.9999964615080708
0.9999958727696673
0.9999958777039459
0.9999966214293732
0.9999974273113764
0.9999975140539356
0.9999969347913216
0.9999961934831038
0.9999957415830929
0.9999960035610735
0.9999968657946842
0.999997484125719
0.9999973128393026
0.9999966297179369
0.9999959353274388
0.9999956920029515
0.9999962167172795
0.9999970967457816
0.9999974616499847
0.9999970719788523
0.9999963490043484
0.9999957520677331
0.9999957341370732
0.9999964512635849
0.9999972359859701
0.9999973323402562
0.9999967930082986
0.9999960754030359
0.999995608872495
0.9999958452077942
0.9999966870224654
0.999997285960051
0.9999971362126916
0.9999965127105019
0.9999958288234736
0.9999955450398192
0.9999960558212285
0.9999969173602903
0.9999972658016683
0.9999969228316578
0.9999962313792783
0.999995623016987
0.9999956109781789
0.9999963139372455
0.9999970563082182
0.9999971543368977
0.9999966629092871
0.9999959425706199
0.9999954586677183
0.9999957163058901
0.9999965365727868
0.9999971076799015
0.9999970015095748
0.9999963969511988
0.9999956900933391
0.9999954303213688
0.999995933244701
0.9999967400840469
0.9999970861529786
0.9999967731540083
0.9999960856433524
0.9999954647059158
0.9999954586892196
0.9999961590956326
0.9999968855649227
0.9999970005220191
0.99999652149266
0.9999957903816483
0.9999953100527326
0.9999955774195549
0.9999963823226354
0.9999969326477697
0.9999968241600008
0.9999962262663062
0.999995513902884
0.9999952577872148
0.9999957859552292
0.9999965884300414
0.9999969226847167
0.9999966254688837
0.999995944175406
0.9999953168280287
0.9999953214992405
0.9999960221718684
0.999996715732323
0.9999968363443631
0.999996388596601
0.9999956576082638
0.9999951798052189
0.9999954551224685
0.9999962461796068
0.9999967735660883
0.9999966832676532
0.9999961168175525
0.9999954037080543
0.9999951343353589
0.9999956427820479
0.9999964274489435
0.9999967654176724
0.9999964953942412
0.9999958236607099
0.999995178308957
0.9999951597516444
0.999995840093524
0.9999965307246185
0.9999966634668734
0.999996239834347
0.9999955208614945
0.9999950363897984
0.9999952854949719
0.9999960518778168
0.9999965707966643
0.9999964994704005
0.9999959489019392
0.9999952400621488
0.9999949564748064
0.9999954624520021
0.9999962422568708
0.9999965689645975
0.9999962945843225
0.9999956486390772
0.9999950101419413
0.9999949885288607
0.9999956671656174
0.9999963429699303
0.9999964625273852
0.9999960595715024
0.9999953707900793
0.9999948736134965
0.9999951240518328
0.9999958885525384
0.9999963971352501
0.999996329098185
0.9999957995542978
0.9999951094432481
0.9999948372139126
0.9999953256584823
0.9999960616134853
0.999996375461789
0.9999961240932459
0.9999954836436286
0.9999948753994765
0.9999948765505953
0.9999955258013442
0.9999961676846421
0.9999962812214986
0.9999958756251623
0.9999951952219093
0.9999947500199914
0.9999950053665204
0.999995721326233
0.9999962057267282
0.9999961303951759
0.9999956055459333
0.9999949438780013
0.9999947030057178
0.9999951816446543
0.9999958846084802
0.9999961764328904
0.9999959335686354
0.9999953243434714
0.9999947376257674
0.9999947325164584
0.9999953583649329
0.9999959673307166
0.9999960694633697
0.9999956766652488
0.9999950283114415
0.9999946034040189
0.9999948470166973
0.9999955254924187
0.9999959852536018
0.9999959099496519
0.9999953980627824
0.9999947821852879
0.9999945573852412
0.999994994271174
0.9999956716645789
0.9999959662797882
0.9999957183634866
0.9999951221796816
0.9999945676424454
0.9999945636148256
0.9999951689296716
0.9999957713181064
0.9999958784971575
0.9999954811824238
0.9999948280435638
0.9999944056083692
0.9999946493413837
0.9999953315192713
0.9999958153960505
0.9999957563317916
0.9999952349673039
0.9999946091602216
0.9999944066343711
0.9999948515146546
0.9999955200541342
0.9999958185315614
0.9999955637521822
0.9999949511092219
0.9999944050650857
0.9999944383203498
0.9999950333808723
0.9999956272087354
0.9999957399942162
0.9999953274219617
0.9999946529790315
0.9999942628568493
0.9999945315526829
0.9999952024768283
0.9999956628322648
0.9999955816553135
0.9999950271375796
0.9999944013375153
0.9999942331265805
0.9999946774185444
0.9999953295203878
0.9999956308649594
0.9999953772083942
0.9999947360449497
0.9999942070387716
0.9999942716320698
0.9999948512309078
0.9999954282462783
0.999995542873296
0.9999951159893709
0.9999944558033044
0.9999941075925939
0.999994370663033
0.9999950130778321
0.9999954766982725
0.9999953951091766
0.9999948348112906
0.9999942097945881
0.9999940511127355
0.9999945107837018
0.9999951523967219
0.9999954509691948
0.9999951868848045
0.9999945528435275
0.9999940438891783
0.9999941116813311
0.9999946842339169
0.999995233190012
0.9999953289785808
0.9999949040829659
0.999994269759942
0.9999939503262989
0.9999942254628604
0.9999948291578328
0.999995253848859
0.9999951869095975
0.9999946551481397
0.9999940543171189
0.9999939100474939
0.9999943389457668
0.9999949336027357
0.9999952131224917
0.9999949662097267
0.9999943492205305
0.9999938530490022
0.9999939205012637
0.9999944816997403
0.9999950286562241
0.9999951510417588
0.9999947433623227
0.9999940845576333
0.9999937259698013
0.9999939928514439
0.9999946197674648
0.9999950665083222
0.9999950154389019
0.9999944848822739
0.9999938655293789
0.9999936960385191
0.9999941084549634
0.9999947264976139
0.9999950371185148
0.9999948055968949
0.9999942036995073
0.9999937095114217
0.9999937548712446
0.9999942853738832
0.9999948376603004
0.9999949709760168
0.9999945704252938
0.9999939377221247
0.9999935945050671
0.9999938365232288
0.9999944416712043
0.999994883596251
0.9999948208187507
0.9999942973675925
0.9999937070875352
0.9999935501437673
0.9999939710677593
0.9999945949933414
