0.9999998486535426
0.9999834644865873
0.9999666726553983
0.9999496496824809
0.9999337950959746
0.9999153815545958
0.9998992038111717
0.9998818763159826
0.9998649896008075
0.9998484492047157
0.9998337929177106
0.999819059105473
0.9998045588692847
0.9997897240306893
0.9997710154961652
0.9997551687034092
0.9997419449216941
0.9997248629786306
0.9997088196349697
0.9996883088976344
0.9996737223433256
0.999657362668004
0.9996423984796837
0.9996232673510796
0.9996110080980528
0.9995968467374313
0.999578311725607
0.9995633127693586
0.9995445842976005
0.9995316089563817
0.999517237476559
0.9995056209045599
0.9994893918755754
0.9994727228743666
0.9994565747805191
0.9994415030654121
0.9994296031355043
0.9994145255036001
0.9994017432319305
0.9993887291188184
0.999372932394496
0.9993558314586771
0.9993428133731362
0.9993297280048361
0.9993135577273105
0.9992949221196411
0.9992838759060537
0.9992674978349628
0.9992541044290627
0.999240409864452
0.9992196267580379
0.9992041018746283
0.9991896318867718
0.9991745489097841
0.999159828927057
0.9991441913290824
0.9991380094920806
0.9991256484488582
0.9991063989951614
0.9990897602584712
0.9990642988055674
0.9990580359277689
0.9990416681298647
0.9990226393398659
0.99900894782333
0.9989925931153323
0.9989812344785308
0.9989647598359155
0.9989527537179597
0.9989414552094468
0.9989302074730274
0.9989120032817134
0.9988931006882829
0.9988751042799066
0.9988635865071461
0.998849497591516
0.9988453594744283
0.9988294656462553
0.9988141840258373
0.9988009216016784
0.9987816993302646
0.9987674822928327
0.9987470848628521
0.9987358279400147
0.9987161214057049
0.9987003069235875
0.998686976680043
0.9986680709987169
0.9986468179242369
0.9986357642325552
0.998616505736716
0.9986054076393406
0.9985966638907537
0.9985783323316929
0.9985554371720513
0.9985406666818417
0.9985208884007144
0.9985104323285411
0.9984946370197308
0.9984830834300994
0.9984754040665266
0.998463790516085
0.9984384563391204
0.9984195171336793
0.9984022636830377
0.9983845534844616
0.9983676862812447
0.9983569600814411
0.9983390455181252
0.9983230173711858
0.9983113541659233
0.9982961905072161
0.9982801471636132
0.9982545700182814
0.9982377078229554
0.9982216521534358
0.9982101233618462
0.9981925614095255
0.9981774336955314
0.9981675310613837
0.9981560751149576
0.9981411761718694
0.9981247568827668
0.9981170904878935
0.9981083149367308
0.9980896641682598
0.9980787736510087
0.9980725103417779
0.9980562505438031
0.9980376478044247
0.9980268078965476
0.9980056195572766
0.9979971452225386
0.9979780519720373
0.9979704907657784
0.9979533869349643
0.9979330409085937
0.9979141287877988
0.997894011624517
0.997882538717715
0.9978631190112494
0.9978452491039577
0.9978311065452307
0.9978194192184963
0.9978072181254126
0.9978002870023861
0.9977846652137645
0.9977714674623218
0.9977541927721776
0.9977395534398538
0.9977268453697039
0.9977097953397939
0.997692326317025
0.9976739479393505
0.9976576521953612
0.997646361677024
0.9976332218742209
0.9976149948622217
0.9976056317916068
0.9975986796494756
0.9975788320586542
0.9975563169163928
0.9975270674741256
0.9975083761110982
0.9974920423429707
0.997482525656974
0.997466945277486
0.9974512079639664
0.9974269440057458
0.9974071776144303
0.9973888523086883
0.9973742866818196
0.9973640590704987
0.9973381511820014
0.9973206844485061
0.9973000039583568
0.9972844453120029
0.9972639142264421
0.9972411506363305
0.9972314469150445
0.9972034237592604
0.99720383240842
0.9971805896299751
0.9971701459397656
0.9971461468830517
0.997128162423155
0.9971084566687772
0.9970917130366308
0.9970907208570569
0.9970738529627456
0.9970560442801116
0.9970303710005965
0.9970186243128157
0.9969981943959636
0.9969825414965011
0.9969715023611987
0.9969613066581858
0.9969458279532242
0.9969238526170212
0.9969189497909597
0.9969114478766555
0.9968971389443481
0.9968827769225543
0.996875839499845
0.9968565300957347
0.9968477361103724
0.9968334268225674
0.99682787286091
0.9968085464280543
0.9967961021391187
0.9967806502541614
0.996771015077507
0.9967571146731957
0.996755436932438
0.9967318243108979
0.9967062851924287
0.9966881414502852
0.996680255440679
0.9966589296118916
0.9966356487050606
0.9966182893020576
0.9965977590354584
0.9965737681175257
0.9965631523859833
0.9965450317333128
0.9965091133494582
0.9964952460984595
0.9964786120620563
0.9964652561160452
0.9964549976073743
0.9964449597850477
0.9964393820125156
0.9964199044166566
0.9964070518376832
0.9963839811873704
0.9963724714494626
0.996350229340922
0.9963255566081425
0.9963156389868397
0.9962922163123418
0.9962739106159786
0.9962565576580571
0.9962390243624244
0.9962186001809118
0.9961969446791008
0.996187211146277
0.9961838004855117
0.996161460018091
0.9961434481614
0.996126970962849
0.9961240478104187
0.996111758439191
0.9961023927317324
0.9960906276851469
0.9960767442793035
0.9960520079865408
0.996029504748204
0.9960256961546942
0.9960159379430035
0.9960110412596395
0.996007864573017
0.9959979363674573
0.995980618362387
0.9959590901231964
0.9959532535844515
0.9959383092405101
0.9959069197029583
0.9958844156056084
0.9958778395114437
0.9958652673776403
0.9958555013668298
0.9958351453153035
0.9958235748215223
0.9958086199282999
0.9957945726841575
0.9957853485924385
0.995762556793171
0.9957502342428532
0.9957267314745243
0.9957233495812899
0.9957190573790776
0.9957027456908388
0.9956978985921461
0.9956683429272724
0.9956497954080066
0.995642352774244
0.9956226612097484
0.9956081982915154
0.9955832396107915
0.9955708543121544
0.9955477652501653
0.9955439727678944
0.9955409836576808
0.9955154945887495
0.9954938184829155
0.9954728864520606
0.9954531465099928
0.9954372301010068
0.9954180507416928
0.9953977734570587
0.9953938118946307
0.9953767343483024
0.995374787330096
0.9953413058585323
0.9953470404114769
0.9953329041493214
0.9953237942541641
0.9953071749639448
0.9953018243133077
0.9952864364620242
0.9952633775425206
0.9952396297180974
0.9952176344400834
0.9951974194896605
0.9951805900698143
0.9951701171334809
0.9951668567674086
0.9951705651249189
0.9951474100067732
0.9951115359674223
0.9950893759603284
0.9950769787443625
0.995062182168221
0.9950418818854863
0.9950056870451742
0.9949869703945134
0.9949779221027202
0.9949611747164606
0.9949418265503033
0.9949168775500583
0.9948975217442239
0.9948839778486324
0.9948825265168003
0.9948640391973756
0.9948398735735619
0.9948255154647808
0.9948133522987895
0.9947870576032407
0.9947718827076563
0.9947507794178745
0.9947485576131547
0.9947209329052982
0.9947160629716895
0.9947084859839267
0.9946969233250004
0.9946880855627068
0.994672023451525
0.9946636575098982
0.9946396708541215
0.9946331757711533
0.9946091848801443
0.994603408847604
0.9945864846395446
0.9945622752910955
0.9945336648246188
0.9945203560414313
0.9945178431642602
0.9944892301409192
0.9944927646376788
0.9944737233276985
0.9944495645521602
0.9944260084370624
0.9943998347298972
0.9943930997845001
0.994378843631867
0.9943548490606918
0.9943311456405803
0.9943084120231611
0.994289875060957
0.9942713450979468
0.9942606368827197
0.9942410195483202
0.994234554584566
0.994206133579156
0.994206491458567
0.9942067214966344
0.9942133887964864
0.9942043165875071
0.9941931435649914
0.994173045638111
0.9941596242082018
0.9941458199579305
0.9941359936237026
0.9941276003334552
0.9941042604574474
0.9940854693038543
0.9940721329757417
0.9940557660676322
0.9940384435336845
0.9940300984196752
0.9940130571096361
0.9939937785099157
0.9939750952825557
0.993954365081283
0.9939267601013634
0.9939148149613961
0.9939021506791345
0.9938885063019636
0.9938731256831049
0.9938427261468197
0.9938488630507744
0.9938297585630425
0.9938109988148325
0.9938038011036754
0.993794386602903
0.9937740581850297
0.9937504346131
0.9937368819882578
0.9937243051387398
0.993700091268906
0.9936754533023229
0.9936494942404528
0.9936395828965735
0.993635407249302
0.9936083660923476
0.9936001067568607
0.9935786491207472
0.9935692081140591
0.9935524984633315
0.9935569531175099
0.9935299176353496
0.9935157147930841
0.9934899857831774
0.993478150373239
0.9934662549114868
0.9934449852940321
0.9934383020283499
0.9934417080549083
0.9934230991769002
0.9933970014876318
0.9933812810949064
0.9933671863317951
0.9933564858201474
0.9933456250169986
0.993331100378608
0.9933217235557782
0.9932989092652289
0.9932739235364185
0.993274704079821
0.993270024051793
0.9932602988969486
0.9932560048815483
0.9932364755828266
0.9932121604501203
0.9932084988338814
0.9931843105610318
0.9931652959060953
0.9931511732353125
0.9931393365968594
0.993125819557198
0.9930942067823104
0.9930578672351038
0.9930658412248583
0.9930560519309742
0.993041577644414
0.9930293231204412
0.9930148548340038
0.9929952530237277
0.9929783784210799
0.9929660790456003
0.9929453928689317
0.9929310483919817
0.9929006859057904
0.9928762965008969
0.992866474942152
0.992840226467973
0.9928255207157161
0.9928075017091537
0.9927935066996693
0.992758288546578
0.9927516167455591
0.9927533569635012
0.9927313717310476
0.9927271827773071
0.9927227743498025
0.9927003239161599
0.9926850889052882
0.992668711533518
0.9926670526648732
0.9926605808279659
0.9926473677743171
0.9926355547895688
0.9926089245790951
0.992590468743288
0.9925941364962487
0.9925675602199816
0.9925572977549473
0.9925365794456519
0.9925126070858511
0.9925040648257492
0.9924885084175541
0.9924724595532037
0.9924575602191613
0.9924438581612224
0.9924003172149485
0.9923824336028189
0.992380556655218
0.9923686284420052
0.9923644415273499
0.9923418913833442
