0.9999997854231489
0.9999993028166577
0.9999988520510805
0.9999992220219459
0.9999996022264567
0.9999991239715816
0.9999986741687488
0.9999990526163096
0.9999994411548849
0.9999989710581605
0.9999985168813328
0.9999988944136374
0.9999992657686156
0.9999987970463076
0.9999983414003528
0.9999987181825706
0.9999991009638601
0.9999986350462834
0.9999981913282677
0.9999985627579749
0.9999989425774793
0.9999984687680831
0.9999980152427239
0.9999983748104182
0.9999987411127075
0.9999982781029475
0.9999978278746551
0.9999981948813084
0.9999985622499469
0.999998110222144
0.999997656247742
0.9999980231547255
0.9999983862065371
0.999997950185782
0.9999975085841445
0.9999978728932721
0.9999982496583532
0.9999978073762696
0.9999973511539656
0.9999977106463465
0.9999980717767933
0.9999976140148913
0.9999971761079918
0.9999975386604205
0.9999978993823235
0.9999974590677756
0.999997021809616
0.9999973733449699
0.9999977505253905
0.9999973090604786
0.9999968759912186
0.9999972232646247
0.9999975825110924
0.9999971515315427
0.9999967468310215
0.9999970756226272
0.9999974305681517
0.9999969798846073
0.999996552665003
0.9999968940830912
0.9999972426416841
0.9999967815594547
0.9999963761175156
0.9999967312336266
0.9999970838318424
0.9999966466949445
0.9999962513641064
0.9999965928919837
0.9999969420982737
0.9999965290157959
0.9999961029247053
0.9999964227379012
0.9999967589371294
0.9999963364445478
0.9999959092241799
0.9999962620909325
0.9999965818302231
0.9999961344678407
0.9999957300691594
0.9999960777712776
0.9999964341665382
0.999996014265714
0.9999955935437103
0.9999959266818228
0.9999962564192456
0.9999958426526923
0.999995466050911
0.9999957863761045
0.9999961319609871
0.9999957084925796
0.9999953245356847
0.9999956379618566
0.9999959602591962
0.9999955343084518
0.9999951175259125
0.9999954316425653
0.9999957871447832
0.9999953546749103
0.9999949703510975
0.9999952865604748
0.9999956444337625
0.9999952222547362
0.999994826575312
0.9999951189647434
0.9999954427656502
0.9999950368429413
0.9999946097096255
0.9999949367979251
0.9999952511117098
0.9999948261165464
0.9999944151090521
0.9999947487030956
0.9999950812514787
0.9999946794630192
0.9999942685275369
0.9999945819432677
0.9999949057855297
0.9999945081110685
0.9999940988207514
0.9999944163469898
0.9999947363516881
0.9999943310345037
0.9999939263329207
0.9999942286100703
0.9999945258828367
0.9999941316688425
0.9999937306087205
0.999994026621404
0.9999943380826218
0.9999939343249401
0.99999356668281
0.9999938567638487
0.9999941492728618
0.9999937511244469
0.9999933629871074
0.9999936728083213
0.9999939618773356
0.9999936025095467
0.999993233251826
0.999993526331782
0.9999938413862552
0.9999934513749742
0.9999930764173892
0.9999933719497751
0.9999936774038244
0.9999932591844125
0.9999928834810946
0.9999931875188813
0.9999934802998733
0.9999930765442085
0.9999926926308216
0.9999929935572337
0.9999932729491987
0.99999286821307
0.999992517349988
0.9999928084561622
0.9999930829760509
0.9999927319843583
0.9999923883807849
0.9999926653195098
0.9999929418701231
0.9999925872814512
0.9999922049670302
0.9999924946204944
0.9999927852412972
0.9999924186960695
0.9999920394830667
0.9999923081493999
0.999992579381603
0.9999922239047065
0.9999918652500533
0.9999921471169425
0.999992417300151
0.9999920456122416
0.999991688594905
0.9999919560230038
0.9999922477266852
0.999991890364799
0.9999915372096378
0.9999918173344531
0.9999920919015595
0.9999917302969042
0.999991407769383
0.9999916686967459
0.9999919210759074
0.9999915619601913
0.9999912336124273
0.999991501417811
0.9999917583933794
0.9999913994658098
0.9999910660673105
0.9999912933593182
0.9999915418494665
0.9999911926230638
0.9999908822299014
0.9999911531388431
0.999991430293473
0.9999910733362023
0.9999907574623152
0.9999909825705072
0.9999912432534604
0.9999908979631569
0.9999905562045653
0.9999908085137781
0.9999911022771151
0.9999907527820162
0.9999903997306988
0.9999906388091306
0.99999088511831
0.9999905616017759
0.9999902168050786
0.9999904227594867
0.9999907097887102
0.9999903608258441
0.9999900109342005
0.9999902279813436
0.9999905077248299
0.999990136871829
0.9999897726287352
0.9999900323387894
0.9999902708474728
0.9999899318221684
0.9999896452098224
0.9999898774295379
0.9999901535237051
0.9999898129205049
0.9999894938987789
0.9999897268124092
0.9999900040798859
0.9999896399914653
0.9999893164987483
0.9999895693480233
0.9999898381397876
0.9999895182944685
0.9999892022628757
0.9999894079241398
0.9999896442308559
0.9999893018534282
0.9999889889122312
0.9999892316857779
0.9999894888730182
0.9999891505103864
0.9999888511575079
0.9999890794240593
0.9999893231990032
0.999988992059596
0.9999886877058897
0.9999889470859575
0.9999891598676356
0.9999887959343908
0.9999884942117208
0.9999887590948889
0.9999890009032067
0.9999886626509024
0.9999883454792822
0.9999885594621304
0.9999888199601097
0.9999885163098875
0.9999882030155145
0.9999884463419586
0.9999886811814169
0.9999883722580708
0.9999880767382241
0.9999883034595886
0.9999885632539639
0.999988223498652
0.9999878831126721
0.999988106102626
0.9999883550007089
0.9999880469537947
0.9999877599724128
0.9999880135318276
0.9999882623219386
0.999987929361971
0.9999876139333662
0.9999878932552213
0.9999881477941001
0.9999878576779604
0.9999875789820232
0.9999877981182855
0.9999880135410976
0.9999876688375667
0.9999873757875328
0.9999876103960568
0.9999878604836479
0.9999875629605356
0.9999872817448524
0.9999875031831015
0.9999877535552071
0.9999874281421974
0.9999871595227315
0.9999873715685388
0.9999875684697006
0.9999872535161222
0.9999869379308388
0.9999871212430339
0.9999873478753645
0.9999870662163659
0.9999868075075488
0.9999870408467613
0.9999872368179811
0.999986932934081
0.9999866037551339
0.999986777142043
0.9999870203157591
0.9999867423288749
0.9999864680651829
0.9999866346324643
0.9999868831950919
0.999986583995094
0.9999862973338814
0.9999864621831082
0.9999867039097209
0.9999864267283929
0.999986102474073
0.9999862901535815
0.9999865378969316
0.9999862687943941
0.9999860225374348
0.9999861769522117
0.9999864357146923
0.9999861662939836
0.9999858627909576
0.9999860856044902
0.9999863097332735
0.9999860128937506
0.9999856853216705
0.9999858602716404
0.9999860451428623
0.9999857177802612
0.9999854241209438
0.9999856094210232
0.9999858257996412
0.9999855430221923
0.9999853107423643
0.9999855092426722
0.9999857115726786
0.9999854674793646
0.9999851937516493
0.9999853688542372
0.999985553975749
0.9999853181767699
0.9999850061089671
0.9999851849758664
0.9999854190405447
0.9999851767788248
0.99998492926162
0.9999851352820723
0.9999853315522075
0.9999850768280605
0.9999848153568884
0.9999849614403796
0.999985149945482
0.9999848660977447
0.999984601221666
0.9999847672511137
0.9999849377714654
0.9999846425764951
0.9999843761292846
0.9999845746354397
0.9999848057386271
0.9999845289333407
0.9999842513915678
0.9999844464278006
0.9999846207813037
0.9999843041332328
0.9999840442413608
0.999984246837711
0.9999844512493264
0.9999841814985992
0.9999839320025856
0.9999840988979549
0.9999842722858715
0.9999840391359246
0.9999837813555738
0.9999839190721838
0.9999841174965192
0.9999838647496407
0.9999835896284869
0.9999837836696879
0.9999839584545335
0.9999836807759938
0.9999834151983177
0.9999835942324028
0.9999837603557059
0.9999835013352045
0.9999831998607759
0.999983375665858
0.9999836063864229
0.9999833352962557
0.9999830735889905
0.9999832175723568
0.9999833979394865
0.9999831584628451
0.9999829466638884
0.9999830754553826
0.9999832060839015
0.9999829459521032
0.9999827362703833
0.9999828656405261
0.9999830769913947
0.99998280823075
0.999982547877501
0.9999826903596754
0.9999828587881777
0.9999825965259385
0.999982318482782
0.9999824603154503
0.999982634879357
0.9999823812555406
0.9999820718243999
0.9999822086562251
0.9999824144927681
0.999982176566196
0.9999819369129299
0.9999821428097911
0.999982335703258
0.9999820638640932
0.9999818438191842
0.9999820044272338
0.9999822047673513
0.9999819599612287
0.9999816571297484
0.9999818132320357
0.9999820089019751
0.9999817852578251
0.9999815205600568
0.999981708677835
0.9999819021246
0.9999816829334914
0.9999814174938045
0.999981507540134
0.9999816634146204
0.9999813860797321
0.9999811373922505
0.9999813086066188
0.9999814907968322
0.9999812788261965
0.9999810578763931
0.9999812223009849
0.9999813714134808
0.9999811300946494
0.9999809421317778
0.9999811150391482
0.9999812592719372
0.9999810291926512
0.9999808015879667
0.9999809566070219
0.9999811145324815
0.9999808814093674
0.9999806511532127
0.9999808108621259
0.999980955422717
0.9999807285383957
0.9999804793762058
0.9999806475811279
0.9999808075154549
0.9999805115615001
0.9999802646282123
0.9999804195282936
0.999980581445589
0.9999803417365488
0.9999801111652835
0.9999802543452728
0.9999804407519256
0.9999801542029356
0.999979932243801
0.9999800533466251
0.9999802161886584
0.9999799902654265
0.999979773947269
0.9999798813242011
0.9999800439390014
0.9999798517680205
0.9999796042690456
0.9999797885773368
0.9999800082812967
0.9999797437546514
0.9999794920233925
0.9999796648525008
0.9999797870901911
0.9999795054616211
0.999979270352293
0.9999794472035544
0.999979625965583
0.9999794251724355
0.9999792240620651
0.9999793763002541
0.9999794810425928
0.9999791861174944
0.9999789469820383
0.9999790586904269
0.9999792741155358
0.9999790248414164
0.9999788340423916
0.9999789802468577
0.9999791993599876
0.9999789714338868
0.9999787354723313
0.9999788688211025
