0.9999996226462136
0.9999829529960667
0.9999661142282681
0.9999499081207838
0.9999343983478539
0.9999190556882951
0.999901737988084
0.9998846786525231
0.9998697515572025
0.9998535665628123
0.9998380248851887
0.9998232663441105
0.9998058547790757
0.9997895086266987
0.9997748882869065
0.9997583312067616
0.9997468162412295
0.9997331621793725
0.9997141347712633
0.9997027033595837
0.999690734899336
0.9996738199495792
0.999661073322048
0.9996458971615226
0.9996285994133739
0.99961009413464
0.9995930320239922
0.9995765677164642
0.9995618637172895
0.9995460231450369
0.9995297034283089
0.999515348983184
0.9994977933263016
0.9994813962793028
0.9994660124621142
0.9994509514845562
0.9994358041570895
0.9994211143782493
0.9994051709466144
0.9993820894915761
0.9993635899415182
0.9993505113918085
0.9993294437408193
0.9993143922564109
0.9992970865605589
0.9992840378698071
0.9992710455153252
0.9992592507440696
0.9992346656900624
0.9992194928629022
0.9992029836674045
0.9991846325206634
0.9991694045197254
0.9991501099718229
0.9991330300682032
0.9991173087787064
0.9990968833020217
0.9990865357687047
0.9990722403830368
0.9990562759066026
0.999039909075373
0.9990265318988002
0.9990082454609435
0.9989909308031723
0.9989756452322079
0.9989621146052117
0.9989460326770773
0.9989265848832484
0.9989138115113517
0.9988879468190116
0.9988768263200787
0.9988617023722624
0.9988441442132159
0.998822167276822
0.9988111513185446
0.9987806587767518
0.9987575965126855
0.9987400131784873
0.9987194944217438
0.9986958298311898
0.9986779952815611
0.9986637328121608
0.9986446874973642
0.9986271737297713
0.9986080691641216
0.9985903670997353
0.9985715009467482
0.9985553210885387
0.9985377236025482
0.9985250040178865
0.9985103020364035
0.9984909647924083
0.9984729749801812
0.9984504056412274
0.9984332630637878
0.998411848164137
0.9983959905723251
0.9983875259420244
0.9983701893929227
0.9983555216505453
0.9983366133647804
0.9983047656507466
0.9982871128947027
0.9982759904160036
0.9982547801962134
0.9982435945263737
0.9982382818106904
0.9982153680352444
0.9981991429051276
0.99818734926052
0.9981706219791777
0.9981506897020678
0.9981371790526296
0.9981214361560194
0.9981019491415364
0.998083207104186
0.9980679372397551
0.9980554327830061
0.9980446754561539
0.9980345598567307
0.9980156440235144
0.9979891136437458
0.9979722112388385
0.9979540098165156
0.9979355642960692
0.9979105826497898
0.9978994304734178
0.9978819918139717
0.9978648977008007
0.997858514074845
0.9978467094896243
0.9978341251309424
0.9978088995471838
0.9978009465449127
0.9977700863248843
0.9977549137033153
0.9977469940408134
0.9977297227494244
0.9977039118654694
0.9976925327025057
0.9976747362658014
0.9976691090713201
0.9976546099762796
0.9976404164145762
0.9976298416437039
0.9976190616733258
0.997604568759725
0.9975838518125243
0.9975776160713358
0.9975585806089502
0.9975343030623489
0.9975114922778711
0.9974917979497033
0.9974744155367871
0.9974621441568964
0.997446709027871
0.9974337843027079
0.9974323898272612
0.9974189701109474
0.9974062633766358
0.9973862275081938
0.9973786239351821
0.9973566411162309
0.9973463129987162
0.9973190493244894
0.9973072473789284
0.9972929395025376
0.9972741653945735
0.9972603675901691
0.9972485812886651
0.9972326713635549
0.9972098736295361
0.9971993364503738
0.9971903370753966
0.9971723489927158
0.9971599883291743
0.9971382709084804
0.9971231238033712
0.9971036382642001
0.997095634278365
0.9970726732666071
0.997038634263485
0.997025855187246
0.9970128127515918
0.9970040179697922
0.996985863258782
0.996978757488651
0.9969615657894867
0.9969387355742013
0.9969235867720486
0.9969069356629496
0.9968816320179338
0.9968596976362003
0.9968490152604194
0.9968293418974291
0.9968196095881379
0.9968058090102109
0.9967878737689647
0.99677674290792
0.9967611176587412
0.9967420671254755
0.9967242540212391
0.9967134622465365
0.9967039583583248
0.9966887175569124
0.9966717246112696
0.9966499178184904
0.9966389052410999
0.9966222027621896
0.9966144039325157
0.9966035692691855
0.9965801861283756
0.9965587108448226
0.9965414744279986
0.9965324295474327
0.9965242782635427
0.9965057560592072
0.9964820228092661
0.9964745479207044
0.9964420191144338
0.9964247819337452
0.996406297164064
0.9963783092937206
0.996369835354383
0.9963445664608275
0.9963245528483397
0.9963046327578479
0.9962896502722648
0.9962720824169768
0.9962460082947932
0.996242449173332
0.9962273058896526
0.9962185718527449
0.9962085724111518
0.9961894771890506
0.9961810469653115
0.9961467116783013
0.9961424792127404
0.9961274917828544
0.9961157474977459
0.9961028136003709
0.9960925449976177
0.9960767388748074
0.9960618926448156
0.9960574482592477
0.9960541905049038
0.9960329130405303
0.9960199677190491
0.9960025122494232
0.9959917443470803
0.9959786531642056
0.9959612831171128
0.9959365636618702
0.9959186196091622
0.9959152404459719
0.995916351359707
0.9959104401393802
0.9959113417287845
0.9958924778222851
0.9958742635547153
0.9958420249116519
0.9958194486218758
0.9958182551211525
0.9958060795527209
0.9957829098395277
0.9957698906760795
0.9957550950545513
0.9957332016421192
0.9957173256627923
0.9957121908281537
0.9956886527337014
0.9956723044560636
0.9956587654971586
0.9956357785625742
0.9956079947028937
0.9955877328796673
0.995582214878539
0.9955781066533727
0.9955558571129066
0.995539676629222
0.9955165882509647
0.9954987466811487
0.9954863728193705
0.9954682867279868
0.9954514861825767
0.9954378396013706
0.9954160765773074
0.9953979775786869
0.9953776729168934
0.995359864701009
0.9953439219069603
0.9953255674394519
0.9953120685403386
0.9952995261406851
0.9952906335152165
0.9952852209390642
0.99528710323138
0.9952725690330932
0.9952558678639991
0.9952390856606017
0.9952375911176131
0.9952249472449103
0.9952003453577384
0.9951879011144793
0.9951895443776156
0.9951662050193901
0.9951641473102223
0.9951523579099952
0.995137650072948
0.9951203335500013
0.9951098998527427
0.9950956700004452
0.9950887130345041
0.9950532889779273
0.9950415637898788
0.9950270818612847
0.995008301894438
0.9949892707195077
0.994969003373608
0.9949475776848373
0.9949213643088712
0.9949030196263392
0.9948913335039105
0.994868024671781
0.9948471907604206
0.9948296561368768
0.9948132374300116
0.9948028721484568
0.9947893800765625
0.9947635634363263
0.9947543351410907
0.9947465136208047
0.9947403310208087
0.9947173761549643
0.9946965577941379
0.9946814345570842
0.9946542998179502
0.9946167579750032
0.9946000130623821
0.9945660808480041
0.9945440945160844
0.9945393821909894
0.9945281674773111
0.9945140994158105
0.9945042385549439
0.9944916383371283
0.9944885743915611
0.9944747733852999
0.9944466702065067
0.9944366938275885
0.9944348157818127
0.9944134675034455
0.9943947061053788
0.9943733286818431
0.9943362199249539
0.9943106093799784
0.9942907005754105
0.994278541495538
0.9942649733600163
0.9942482438325848
0.9942375891843926
0.9942312102917046
0.9942135233403789
0.9941809285373853
0.9941571432820592
0.994143226383157
0.9941165396318467
0.9940906507168872
0.9940731583927079
0.994065366618289
0.9940617664005387
0.9940475926078242
0.9940467851904659
0.9940281117906911
0.9940028537598822
0.9939824718151854
0.9939663186884553
0.9939393482553984
0.9939355330695799
0.9939260840255446
0.9939171153512004
0.9939042935625821
0.9938836984561426
0.9938518012819222
0.9938243361936128
0.9938104158285295
0.9938121744705456
0.9937988537676444
0.9937774839740688
0.9937500861876685
0.9937396298906116
0.9937189892251127
0.9936914895642104
0.9936952015381946
0.9936873415714885
0.9936664051030305
0.9936315485655189
0.9936175703157524
0.993589046241983
0.993583907871518
0.9935699968401221
0.993559179672226
0.9935325480936134
0.9935196999650368
0.9935090234582797
0.993489243688475
0.9934575681130157
0.9934450320601073
0.9934322112524775
0.9934146538797011
0.9933867943243948
0.9933903416320735
0.9933835167523096
0.9933780640855248
0.9933557184125782
0.9933275625632983
0.993299860480382
0.9932709364214419
0.9932523236095356
0.9932417149043021
0.9932193983006222
0.993200288882588
0.9931765494265425
0.9931588374472852
0.9931269752766818
0.9931057013104628
0.9930890191922587
0.9930661524632219
0.9930477610474606
0.9930362390619228
0.9930141423582899
0.9930101864336952
0.9929951653083744
0.9929843207738571
0.9929707381725525
0.9929578023174386
0.9929320876392095
0.9929166575929302
0.9928982903161075
0.9928801226331773
0.992860481326855
0.9928594024880386
0.9928473168767312
0.9928525426850002
0.9928266515834357
0.9927958926743544
0.9927571566104143
0.9927399373795548
0.9927254021394626
0.9926955741944137
0.9926793234583241
0.9926515392256673
0.992636919214391
0.9926303097290782
0.9926529188386602
0.992646476838942
0.9925914928779338
0.9925798355232854
0.9925713313783415
0.9925538380479285
0.9925412232955092
0.9925284221815425
0.9925337823378321
0.9925189266502848
0.9925124883024995
0.9924791549059385
0.992452741067136
0.9924415811240188
0.9924301761150809
0.9924079917093963
0.9923828586959482
0.9923739112097059
0.9923848884540393
0.9923760634625214
0.9923754156032232
0.992361942068392
0.9923591459451292
0.9923321930394778
0.992322058034695
0.9922997178437217
0.992283814734288
0.9922693377735454
0.9922428022799695
0.9922350323320107
0.9922037890692815
0.9921905098906073
0.9921747467820893
0.9921553052309645
0.9921148980438662
0.9921071897084427
0.9920921123280972
0.9920778478045917
0.9920527230488857
0.9920428499062833
0.9920338035201411
0.9920166029721043
0.9920143369682118
0.9920078125130679
0.9919854130388517
0.9919563015684478
