0.9999998902705581
0.9999992314510248
0.9999989778836618
0.9999989285013665
0.999998174849188
0.9999980596421983
0.9999978872706803
0.9999971058907449
0.9999970959599539
0.9999969039114124
0.9999961975411481
0.9999962698710277
0.9999958401794807
0.9999952501827807
0.9999953377181542
0.9999949086891651
0.9999944667715219
0.9999944917097445
0.9999938601504563
0.9999935339523284
0.9999934921666696
0.999992839526973
0.9999926461625663
0.9999925639011333
0.999991853593082
0.9999916841146398
0.9999915142045719
0.9999907410723543
0.9999907020829704
0.999990454889283
0.9999897857487356
0.9999898659265912
0.9999894114782513
0.9999887934887416
0.9999888397219893
0.9999884077969653
0.9999878787875858
0.9999879200151325
0.9999873006801449
0.9999869758696148
0.9999869626782809
0.9999863825596415
0.9999861562941712
0.9999860584562138
0.9999853534269433
0.9999851526213117
0.9999849948481824
0.9999842981844693
0.9999842673682837
0.9999839755658382
0.9999833303681285
0.999983466066724
0.9999831692265824
0.9999825435211123
0.9999826287106555
0.9999821226472342
0.9999816337882012
0.9999815385083218
0.9999809203514131
0.9999806059356525
0.9999805971117957
0.9999798563134563
0.999979599456198
0.9999794903445556
0.9999788515625225
0.9999785991107712
0.9999784293875815
0.9999777279784794
0.9999776980594454
0.9999774228995784
0.999976757812252
0.9999767630885257
0.9999763081638504
0.9999758377315724
0.9999758679330094
0.9999754464486866
0.9999752014316095
0.9999753035712752
0.999974784676849
0.9999744486125549
0.9999743001743684
0.9999737498181004
0.999973404435798
0.999973312477082
0.9999726986806291
0.9999726639698678
0.9999725155691306
0.9999718967955211
0.9999718972698534
0.9999718158299387
0.9999711679928157
0.9999711577796666
0.9999707656076428
0.9999702599412981
0.9999703058036791
0.9999696877402153
0.9999691979590914
0.9999692369870203
0.9999687527685517
0.9999682372773694
0.9999682591593511
0.9999676497199343
0.9999672976629881
0.9999671996273578
0.9999664718147173
0.9999662744184283
0.9999660990817993
0.9999656598306503
0.9999655961988979
0.9999653066168934
0.9999646728583472
0.9999646090290827
0.999964072575151
0.9999635001435289
0.9999635490616618
0.9999631336124493
0.9999628504108814
0.9999628660327541
0.9999623300001477
0.9999618883490949
0.9999620524751098
0.9999614291926143
0.9999612204967129
0.9999610600337648
0.999960312063746
0.9999602586613097
0.9999601847093748
0.9999597694638171
0.9999598013647801
0.9999594242087135
0.9999587222776594
0.9999586929639104
0.9999583332537386
0.9999578996916658
0.9999579822474808
0.9999574264827945
0.9999568998039092
0.9999569491760857
0.9999563330085295
0.9999560738240434
0.9999561293709327
0.9999555813345403
0.9999553159281196
0.9999552048130297
0.9999545556688849
0.9999544530835691
0.999954281678414
0.9999536161640843
0.999953443612115
0.9999529672001032
0.9999522166358094
0.9999523543269323
0.9999521353678587
0.9999515892726846
0.999951514081215
0.9999510654548358
0.9999505966148806
0.9999504877934104
0.9999499135729388
0.9999495525679636
0.9999494766681782
0.9999488010915194
0.9999486234079037
0.9999484661443794
0.999947811635519
0.9999475855050011
0.9999476611013871
0.9999469922062127
0.999946916643609
0.999946682813766
0.9999461102363091
0.9999459978708548
0.9999453203893472
0.999944846784177
0.9999446485026987
0.9999440956939247
0.9999434389205197
0.9999434365016523
0.9999430645875572
0.9999426494942862
0.9999425909885685
0.9999420308235063
0.9999419130021588
0.9999417785763396
0.9999410215083048
0.9999406861496994
0.9999406007656083
0.9999401545043504
0.9999400703699854
0.9999396566893528
0.9999390910167483
0.9999389321034255
0.9999386916579474
0.9999382447381138
0.9999381564454731
0.9999374324807371
0.9999369112409694
0.9999367064892027
0.9999362555149106
0.9999359067337042
0.9999357497139217
0.9999350486119426
0.9999348878393105
0.9999348812743537
0.9999343674633121
0.9999341183898633
0.9999335700670773
0.9999330020464002
0.9999330241158709
0.9999329166461827
0.9999321960018875
0.9999321741603732
0.9999317109715533
0.9999314001649129
0.9999315613511292
0.9999309713863785
0.9999304986981491
0.99993050501992
0.9999300313140573
0.9999295843407544
0.9999295396639439
0.9999289921363891
0.9999287625804663
0.9999285730392948
0.9999278667871454
0.9999276005507418
0.9999274749182167
0.9999267786847641
0.9999269112508514
0.9999264243938967
0.9999257485123985
0.9999256040969139
0.999925334286782
0.9999247078713155
0.9999244570461228
0.9999241637363617
0.9999239250170678
0.9999238143506568
0.9999231848861103
0.9999227778899256
0.9999228264319898
0.9999222535007688
0.9999220436313178
0.9999218948429984
0.9999212956240491
0.9999213226518796
0.9999211345959664
0.9999204496781513
0.9999202505169061
0.9999200618201596
0.9999196983649161
0.9999196695982255
0.9999192134733383
0.9999186326917673
0.9999185294773956
0.9999180985942204
0.9999175698538899
0.9999176137583735
0.9999172977940508
0.9999170949455376
0.9999171694633714
0.9999166397515494
0.9999162229018844
0.9999161365644929
0.9999154744534036
0.9999150233984202
0.9999146547949398
0.9999141364096232
0.9999134719932122
0.9999131456996786
0.9999124698018708
0.9999121335144826
0.9999116164273321
0.9999112044567068
0.999911195421017
0.999910534631727
0.9999101256328334
0.9999100731253452
0.9999095368903301
0.9999089013275352
0.999908771338572
0.9999081178548248
0.9999078782745544
0.9999078419805632
0.9999072753249149
0.999907295857895
0.9999071531759235
0.9999067843188517
0.9999065472284522
0.9999063728041906
0.9999056989898434
0.9999058105898798
0.9999054339492656
0.999904711869838
0.9999049436701338
0.9999046925129416
0.9999040995516073
0.9999040143376452
0.9999035022394779
0.9999030967054405
0.9999029909015353
0.9999022811286455
0.9999020549315275
0.9999019118275195
0.999901357049462
0.9999011915576949
0.9999006855279231
0.9998998563528776
0.9998996405580484
0.9998995717802666
0.9998988214421111
0.9998985922386906
0.9998980595751255
0.9998973701655169
0.9998973966629882
0.9998970387749656
0.9998964224077882
0.9998965879468428
0.9998963101904988
0.9998961524171973
0.9998958848579184
0.9998951061713243
0.9998947281780239
0.9998944063823859
0.9998937611511913
0.9998935088832622
0.9998930620129319
0.9998925533635094
0.9998925581416634
0.9998922285820535
0.9998917908008749
0.9998916758103354
0.9998913266134913
0.9998906702069419
0.9998904799139101
0.9998900861154426
0.99988974223001
0.9998896559043796
0.9998889283413758
0.9998884192015262
0.9998882304635017
0.9998877561400005
0.9998878403338879
0.9998879154253777
0.9998871753102011
0.9998865600338624
0.9998863990343287
0.9998858195995908
0.9998856666124706
0.9998852188143463
0.9998846369430444
0.9998843876481738
0.9998841887184592
0.9998840037003089
0.999883936169063
0.999883605750324
0.9998832242023413
0.9998831367238615
0.9998829167870813
0.9998825317626263
0.9998823463076962
0.9998818964185625
0.9998817122775268
0.9998817054213975
0.9998810959615311
0.9998807012321747
0.9998804962850533
0.999880146966221
0.9998799087075798
0.9998799022560013
0.9998796533362392
0.9998795978491728
0.9998791251977004
0.999878345221869
0.9998783072684152
0.9998779909797839
0.9998778211081577
0.9998780546737852
0.9998773829486706
0.9998771234185332
0.9998769515420385
0.9998765569446884
0.9998757759200368
0.9998755539962774
0.9998750210569134
0.9998748070558169
0.9998745215074176
0.9998740577779088
0.999873761258725
0.9998733428053088
0.9998728382286324
0.9998732056683983
0.9998728526546451
0.9998718651297752
0.9998718765372212
0.9998713204532127
0.9998710774845141
0.9998707065363399
0.9998702472771214
0.999869877376891
0.9998695079621234
0.9998688583048785
0.9998688533549528
0.9998687148951219
0.9998681487121964
0.9998680052590946
0.9998678265405813
0.9998672666857312
0.9998672447051042
0.9998670574289426
0.9998664090313415
0.9998662683468118
0.9998660602162925
0.9998657327730308
0.9998655871119165
0.9998650137716885
0.999864404573371
0.999864656895289
0.9998641373389618
0.9998637118370347
0.9998637724760893
0.9998632030185322
0.9998631587603068
0.9998631424374491
0.9998626605635377
0.9998623379234247
0.9998622312773038
0.9998618767738153
0.9998620118794713
0.9998616911328895
0.9998611727636213
0.9998611810834018
0.9998607640929906
0.9998603099490102
0.9998603077670051
0.9998600748671153
0.9998599503696934
0.9998603178253768
0.9998598283570433
0.9998594747958256
0.9998592865954327
0.9998587031319602
0.9998584889575798
0.999858433868929
0.999857964686815
0.9998572569753992
0.9998569631181211
0.9998565515306654
0.999856502043873
0.9998563888145261
0.9998557108091612
0.9998554623129652
0.999855251561752
0.9998546900610779
0.9998547303842767
0.9998544268064332
0.9998537962458461
0.9998537279302893
0.9998533054370251
0.9998528229875866
0.999852708466414
0.9998524032979798
0.9998518928638819
0.9998516900734807
0.9998511461393629
0.9998508056278168
0.9998508279550475
0.9998504659729281
0.999850351545214
0.9998500021684982
0.9998496413848738
0.9998491603850139
0.9998486448606757
0.9998485108165953
0.99984814273167
0.9998478682213172
0.9998474787144545
0.9998474368097975
0.9998469872315772
0.9998465086744847
0.9998462296031054
0.9998454286587058
0.9998448344355184
0.9998446838133292
0.9998438675520579
0.9998434349839809
0.9998434620247294
0.9998433211007743
0.9998432627332409
0.9998425558108558
0.999842324652813
0.999842343001705
0.9998421260997781
0.9998413989840795
0.999841235120078
0.9998408944580954
0.9998403458774278
0.9998402522646616
0.9998398249483927
0.9998397520243002
