0.9999998582385815
0.999999445422812
0.9999993118296008
0.9999997465949662
0.9999994816001964
0.9999991627089183
0.9999995843952131
0.9999995142797087
0.9999990673172386
0.9999993937644298
0.9999995187785536
0.9999990301037602
0.9999991922108694
0.9999994834122727
0.999999039118916
0.9999989969577754
0.9999994021238313
0.9999990747647494
0.9999988322983079
0.9999992576181048
0.9999991091465735
0.9999987197128227
0.9999990873346256
0.9999991332787828
0.9999986615412578
0.9999988906603845
0.9999991093266672
0.9999986451731684
0.9999986810776683
0.9999990470379952
0.9999986706439697
0.999998515863558
0.9999989279700384
0.9999986985484645
0.9999983792145436
0.9999987777806975
0.9999987368948677
0.9999983088412034
0.9999986016571637
0.9999987327868873
0.9999982764369846
0.9999984032218615
0.9999987101379935
0.9999982953379184
0.9999982210183719
0.9999986189504008
0.9999983250557957
0.999998062485795
0.999998476636193
0.999998346259007
0.9999979452529674
0.9999982755721983
0.9999983448155843
0.999997890411211
0.9999980812425086
0.9999983210591747
0.9999978831861087
0.999997873967821
0.9999982391071285
0.9999978896874793
0.9999976999788489
0.9999981172121513
0.9999979205097397
0.9999975712408085
0.9999979410264759
0.999997934890683
0.9999975014071691
0.9999977568817545
0.9999979147480008
0.9999974654463543
0.9999975374137428
0.9999978586208041
0.9999974755806406
0.9999973728682119
0.9999977554428874
0.9999974935820909
0.9999972101217633
0.9999976098564962
0.9999975077816262
0.9999971115247305
0.9999974102117288
0.9999975053088987
0.9999970608760484
0.9999972248611867
0.9999974728085216
0.9999970635146903
0.9999970313025062
0.9999973775510131
0.9999970690676099
0.9999968662609409
0.999997253123616
0.9999971003679126
0.9999967730765769
0.9999971079105365
0.9999971230833493
0.9999966952392478
0.9999969080202626
0.9999970932613104
0.9999966764648192
0.9999967243437886
0.9999970373551943
0.9999966790662219
0.9999965673344223
0.9999969420060109
0.9999967196521405
0.9999964304132529
0.9999967790401846
0.9999967203396998
0.9999963332558061
0.9999965996910339
0.9999967031325121
0.9999962981271278
0.9999964090650398
0.9999966708051667
0.9999962865695583
0.9999962467298308
0.9999965796531985
0.9999962964564287
0.9999960876174038
0.9999964432379731
0.9999963132351801
0.9999959735690577
0.9999962689489456
0.9999963083785617
0.9999958998972966
0.9999960684233548
0.9999962606140157
0.9999958725022156
0.9999958738506929
0.999996195993203
0.9999958712010075
0.9999957344125153
0.9999960861809475
0.9999958942600422
0.9999955886495913
0.999995929855841
0.9999958848349277
0.9999955031487169
0.999995721628509
0.9999958789974682
0.9999954898393711
0.9999955477923093
0.99999582380945
0.9999954788475484
0.9999953868953602
0.999995755621603
0.9999955124348382
0.9999952582935809
0.9999956009726806
0.9999955132915914
0.9999951662863397
0.9999954119804687
0.9999954890431929
0.9999950817328853
0.9999952280984238
0.9999954450063923
0.9999950818046194
0.9999950500955536
0.999995378029995
0.9999950810399973
0.9999948918705933
0.9999952410491502
0.9999950745371053
0.9999947827962428
0.9999950865554398
0.999995089156635
0.999994719905656
0.9999949073636967
0.9999950714120391
0.9999946903956717
0.9999947465974387
0.9999950397399002
0.9999947041550774
0.9999945769335691
0.999994921576044
0.9999947096495768
0.9999944513228165
0.9999947604325781
0.9999946972907446
0.9999943641249764
0.999994620460641
0.9999947174601246
0.9999943462766112
0.9999944195425333
0.9999946549289422
0.9999942954807499
0.9999942393809761
0.9999945561613296
0.9999943062440377
0.999994092471247
0.99999442746548
0.9999942929706636
0.9999939633432037
0.9999942504239513
0.9999942725882506
0.9999938970864516
0.9999940764474657
0.9999942307145294
0.9999938664502829
0.9999938946617712
0.9999941588430517
0.9999938550603327
0.9999937567220912
0.9999940929055235
0.9999938842583237
0.9999936217170227
0.9999939198221637
0.9999938943862009
0.9999935316108384
0.9999937455400733
0.9999938491807765
0.9999934779245307
0.999993565854946
0.9999937939060206
0.9999934596379731
0.999993382351882
0.9999936784611612
0.9999934499910058
0.9999932442288108
0.9999935399821569
0.9999934422583822
0.9999931316088563
0.9999933849375479
0.9999934214366161
0.9999930634264266
0.9999932135374764
0.9999933982569877
0.999993056113908
0.9999930323786823
0.9999932912515287
0.9999930362895022
0.9999928747801125
0.9999931781384487
0.9999930337219641
0.9999927607227372
0.9999930181004064
0.9999929773213037
0.9999926510556856
0.999992844234433
0.9999929697419898
0.9999926447933256
0.9999926918296085
0.9999928897399778
0.9999926039427757
0.9999925136766362
0.9999928065336898
0.9999926307000665
0.9999924357224348
0.9999927360772474
0.9999926790793321
0.9999923798208977
0.9999926094805158
0.9999926719241163
0.9999923346846696
0.999992435874589
0.9999925987888066
0.9999922922783449
0.9999922517231412
0.9999925254838302
0.9999922864413917
0.9999921293325743
0.999992413175662
0.999992286604162
0.9999920262830599
0.9999922849034787
0.9999922551940001
0.9999919353555243
0.9999921001271835
0.9999922249784677
0.9999919145627565
0.9999919376154071
0.9999921480335507
0.9999918866157722
0.9999917740983538
0.9999920475637128
0.999991859746873
0.999991646553581
0.9999918859195656
0.9999918222574203
0.9999915240378913
0.9999917162100344
0.9999917743725042
0.9999914336516652
0.9999915248818481
0.9999916770040062
0.9999913748967789
0.999991329738328
0.9999915746813622
0.9999913806255875
0.9999911739477553
0.9999914405669051
0.9999913184955477
0.9999910452528386
0.9999912804312582
0.9999912876104701
0.9999910000436625
0.999991150590604
0.9999912705376035
0.999990971134719
0.999990964547066
0.9999911877572929
0.9999909495685573
0.99999083889795
0.999991111581567
0.9999909675036047
0.9999907680350723
0.9999910121653789
0.9999909661000844
0.999990691504309
0.9999908689038745
0.999990949954953
0.9999906639612279
0.9999907236810347
0.9999908910155382
0.9999906243053448
0.9999905397810372
0.9999908108871315
0.9999906274318092
0.9999904155872176
0.9999906746065694
0.9999905923910398
0.9999903528910035
0.9999905684396465
0.9999906124702099
0.9999903240272046
0.999990446659382
0.9999905873822295
0.9999903448934028
0.9999903085621896
0.9999905391851971
0.9999903447323265
0.999990190295833
0.9999904205970016
0.9999903208505857
0.9999901098338903
0.9999903148403709
0.9999902989088826
0.9999900245662292
0.9999901648451567
0.9999902271055566
0.9999899705409853
0.9999900018029771
0.9999901639744252
0.9999899212188482
0.9999898143525475
0.9999900430035388
0.9999898951653073
0.9999896968338932
0.9999899200650286
0.999989847751998
0.9999895652557058
0.9999897449553665
0.9999897740350173
0.9999895166345577
0.9999896010193092
0.9999897399761238
0.9999895061517351
0.9999894833966401
0.9999896622867459
0.9999895053982221
0.9999893447097062
0.9999895776191027
0.9999894723778588
0.999989246810009
0.9999894485026458
0.9999894428327392
0.999989137469705
0.9999892583669016
0.9999893396959373
0.9999890939470836
0.9999891090216266
0.9999892793511731
0.9999890696856698
0.9999889671182502
0.9999891960209055
0.9999890474195463
0.9999888519512141
0.9999890763632718
0.999989023114817
0.9999887837613745
0.9999889165038486
0.999988980537794
0.9999887219457667
0.9999887496880407
0.9999888845179585
0.9999886474994618
0.9999885768553132
0.9999887762797636
0.9999885694789112
0.9999883920513655
0.9999885906524987
0.9999885062769795
0.9999882944819235
0.9999884766087608
0.9999884718446247
0.99998819393549
0.9999882941440864
0.9999883814684326
0.9999881567536272
0.9999881696883403
0.9999883174463479
0.9999881250933284
0.9999880156856646
0.9999882088757103
0.9999880786868368
0.9999878982730411
0.9999881149676123
0.9999881307183631
0.9999879008047353
0.9999880445579736
0.9999881149108434
0.9999878454188115
0.9999878908564535
0.9999880120365351
0.9999878342046674
0.9999877594932235
0.999987969922578
0.9999878099009489
0.9999876392248165
0.9999878434826747
0.9999877802374669
0.9999875546464781
0.999987660720198
0.9999877108071051
0.9999874649397839
0.9999875552890005
0.9999876380300554
0.9999874245911428
0.9999873941977142
0.99998755833255
0.9999873914782861
0.9999872702010705
0.9999874460332204
0.9999873424783373
0.9999871677761618
0.9999873835974338
0.9999873613924937
0.9999871251755877
0.9999872295369436
0.9999872848667872
0.9999870426409333
0.9999870336078159
0.9999871394706409
0.9999869215017755
0.9999868349267617
0.9999870242023331
0.9999868794333628
0.9999867275202217
0.999986905431486
0.9999868278124008
0.9999866073022452
0.9999867277907135
0.9999867469993371
0.9999865217316819
0.9999865726234328
0.9999866776013349
0.9999864447657106
0.9999864005198342
0.9999865309589369
0.9999864032494641
0.9999862549322693
0.9999864313117217
0.9999863594953252
0.9999861908419626
0.9999863588393427
0.9999863246953128
0.9999861117757644
0.9999861938424672
0.9999862620300274
0.9999860251790516
0.9999860263253598
0.9999861965811514
0.999986014971982
0.9999859003447407
0.99998609713568
0.999985962167217
0.9999857783241723
0.9999859261166741
0.9999858671754331
0.9999856434175046
0.9999857585830835
0.9999858318040561
0.9999855825706212
0.9999855692428282
0.9999856798025608
0.9999854808665313
0.9999853998462533
0.9999855881526051
0.9999854364183385
0.9999853107799582
0.9999854804786317
0.9999853859498251
0.9999852101500902
0.9999853307875276
0.9999853169944407
0.9999851215008667
0.9999852149019995
0.9999853060073731
0.999985086513426
0.9999850412181469
