0.9999997483147226
0.9999990005206358
0.9999981627452434
0.9999981140055213
0.9999984576889439
0.9999980127218133
0.9999970659183535
0.9999967414514144
0.999997038040085
0.9999969638389845
0.9999960075737132
0.9999953921601438
0.9999955578034891
0.9999957586896402
0.9999950306766123
0.9999941577309946
0.999994074357246
0.999994380939126
0.9999939491510021
0.9999930028091611
0.9999926368354356
0.9999929242769486
0.9999928532993004
0.9999920107802925
0.999991293634404
0.9999913610325539
0.9999916256614546
0.9999909680005401
0.9999900922437482
0.9999899535244934
0.9999903074336693
0.9999900079459468
0.999989092139112
0.9999886729470093
0.9999888982849905
0.9999889816319233
0.9999881588476327
0.9999874579149656
0.999987502371961
0.9999878061742803
0.9999871606992713
0.9999863193039631
0.9999861238685458
0.9999863847123563
0.9999861190701511
0.9999852491650862
0.9999846626940189
0.9999849682311889
0.9999849316777932
0.9999841689939498
0.9999834694387841
0.9999834973529986
0.9999838405236257
0.9999833342085588
0.9999823043647622
0.9999820302425377
0.9999823072011533
0.9999820088744955
0.9999810980831777
0.9999807100521587
0.9999810138117324
0.99998111339344
0.999980404867346
0.9999797199003391
0.9999798291918786
0.9999800581293543
0.9999795891843007
0.9999788262689926
0.9999786040323347
0.9999789787299876
0.9999786833136017
0.9999777426724625
0.9999772741804975
0.9999775963220503
0.9999776249369345
0.9999769163663932
0.9999761533779318
0.9999761288445616
0.9999764076494216
0.9999759735039189
0.9999751385025846
0.9999747936967042
0.9999748822439867
0.9999748118510372
0.9999739611469589
0.9999734928340828
0.9999737619939335
0.9999739280301982
0.9999733292692606
0.9999725536365979
0.9999725703345445
0.9999727502003931
0.9999723047374229
0.9999715265168496
0.9999713095571846
0.9999714075571311
0.9999714224607983
0.9999705012562191
0.9999701657090495
0.9999704033012927
0.9999705314188416
0.9999698356755232
0.9999689101596976
0.9999688820380378
0.9999692801361372
0.9999688636090424
0.9999680907463453
0.9999677785248385
0.9999678966957443
0.9999677996473536
0.999966996326667
0.999966542608739
0.9999665281675927
0.9999665433302531
0.9999659028969877
0.9999650782054517
0.9999649667548353
0.9999651055112176
0.9999647035161482
0.999963776645315
0.9999634193238212
0.9999634352485935
0.9999633215862531
0.9999625887170484
0.9999619025886436
0.9999619434446952
0.9999618985727617
0.9999613768994187
0.9999604548437926
0.9999604713269883
0.9999606125935638
0.9999602944236173
0.9999595064833338
0.9999591550352699
0.9999594150064908
0.9999592351383783
0.9999584548731077
0.9999578687012866
0.9999577646994333
0.9999580288763571
0.9999574302283328
0.9999564971287094
0.9999565867952984
0.9999569207384331
0.9999565391214271
0.9999554575918926
0.9999551901120222
0.9999554520011431
0.9999553044941724
0.9999545996141652
0.9999538975552823
0.9999538701338259
0.9999541190029301
0.9999535473397123
0.9999529513432192
0.999952592785469
0.9999526212548704
0.9999524140204583
0.99995162775478
0.9999513800859133
0.9999515661311109
0.9999516762023385
0.999951131936088
0.9999506671277807
0.9999509006986355
0.9999510320778784
0.999950386540547
0.999949500664264
0.9999492495267185
0.9999493877435116
0.9999490645377329
0.9999482458619526
0.9999477919863851
0.9999478070965813
0.9999478777393487
0.999947304600704
0.9999468343741812
0.9999467268010016
0.999946707274099
0.9999462411315163
0.9999455887132809
0.9999454482398604
0.9999455269929336
0.9999454215856232
0.9999448176672594
0.9999443647003523
0.9999445458436687
0.9999443625064242
0.9999437023528588
0.9999430262246022
0.999943330191123
0.9999434098386909
0.9999427570293239
0.9999422013682624
0.9999418893724638
0.9999419044936164
0.9999417080347088
0.9999409047908601
0.9999402246594271
0.9999402636237426
0.9999402358773483
0.9999394600203299
0.999938663192502
0.9999387455233545
0.999938784758143
0.9999386623849021
0.9999380395916039
0.9999377990626093
0.999937701930861
0.9999376295662421
0.9999368716852994
0.9999362433430737
0.9999361912468905
0.9999362279552667
0.9999357072176006
0.9999352125225356
0.9999350686933048
0.9999350260038417
0.9999348067136311
0.9999340111681677
0.9999337593209288
0.9999337315344612
0.999933467430195
0.9999327852675691
0.9999322456100239
0.9999322990250066
0.9999324903000556
0.9999319214380161
0.9999312255374811
0.9999312422977752
0.9999312169249599
0.9999307405915893
0.9999298519873397
0.9999297089753106
0.9999298600318369
0.9999299403764313
0.9999290435372041
0.9999284223856398
0.9999283349899534
0.9999285513001238
0.9999278746470648
0.9999271762761087
0.9999268117350123
0.9999269165910697
0.9999265047379174
0.9999257409352712
0.9999252329883793
0.999925238001999
0.9999251229689259
0.9999244336764861
0.9999238815933114
0.9999240933639628
0.9999241569867487
0.9999234522904247
0.9999231411106045
0.9999229525947446
0.9999233207907865
0.9999229494950017
0.999922108734008
0.9999218469410449
0.9999217629531271
0.9999215758916343
0.9999209208516456
0.9999203581781543
0.9999203109842416
0.9999203843881045
0.9999198581942782
0.9999193553717525
0.999919183633501
0.9999190984142106
0.9999187368198578
0.9999180045532837
0.9999172049923187
0.9999173247327147
0.9999174576727861
0.9999168627262057
0.9999162129108933
0.9999161727033119
0.9999165302356402
0.9999160040185129
0.9999151466815516
0.9999150447628403
0.9999149278459852
0.9999147477002783
0.9999138200226775
0.9999132430424805
0.9999133026896403
0.9999133663095967
0.9999129312585449
0.9999118323100743
0.9999117558110681
0.9999116724346262
0.9999111162657083
0.9999104768240021
0.999910228707755
0.9999101576360129
0.9999099321879178
0.9999093831762704
0.9999088409370517
0.9999084897655612
0.9999083966537207
0.9999077249405026
0.9999070732739594
0.9999068706092455
0.9999070163355374
0.9999064628108899
0.9999057339218521
0.9999053912919145
0.9999054611723917
0.9999053949617941
0.9999047637124997
0.9999041544858366
0.9999040297438785
0.9999041966616747
0.9999036888953616
0.99990319779676
0.9999028826350709
0.9999024617678188
0.9999023502207314
0.9999017343145845
0.9999012536120149
0.999901278102975
0.999900937785556
0.9999000073789739
0.9998996709039832
0.9998996865956644
0.999899634939239
0.999899132901001
0.9998985695408578
0.9998984295375606
0.9998985480369891
0.9998985450402971
0.9998978881743917
0.9998975225270258
0.9998976171112797
0.9998973986634848
0.9998967483072553
0.9998960676053343
0.9998960507535491
0.9998963071285267
0.9998959127495438
0.9998952112624053
0.9998947982226942
0.9998946863511183
0.9998945094074868
0.9998937150861306
0.9998936508579582
0.9998932887995712
0.9998929699160376
0.999892367673993
0.9998918416993533
0.999891983943233
0.9998921543432954
0.9998917875651983
0.9998909784965823
0.9998906500304839
0.999890622736998
0.999890986992537
0.9998904661499621
0.9998899646994379
0.999890024426402
0.9998900287690307
0.9998894032395179
0.999888984283366
0.9998891942119559
0.9998890130661197
0.9998883480705706
0.9998873199306086
0.9998870754372434
0.9998871333517635
0.9998872235519426
0.9998865409281015
0.9998859647638675
0.9998857580844832
0.9998857851488204
0.9998851535123283
0.9998844350501033
0.9998839992649653
0.9998840854295789
0.9998838261619811
0.9998834091418137
0.9998832656102867
0.9998833808291986
0.9998831856045275
0.9998827819941877
0.9998823046008398
0.9998819509972442
0.9998820379011242
0.9998815600454509
0.9998811283816349
0.9998807886192195
0.9998806149754271
0.9998804684064457
0.9998799583072907
0.9998798115110239
0.9998799152623148
0.9998797247386719
0.9998790384099516
0.9998784705785582
0.999878097441375
0.9998778601066994
0.9998770955473196
0.9998767400620213
0.9998764429620156
0.9998765456241925
0.9998761787624368
0.999875507459896
0.9998751093809065
0.9998752847507159
0.9998747618487334
0.9998746541315281
0.9998743161605619
0.9998742477184348
0.9998739226452896
0.9998732324023544
0.9998726287415135
0.9998724824124373
0.9998724880326216
0.9998723624237256
0.9998718229698712
0.9998715190320796
0.9998715899282242
0.9998713264331834
0.9998708417795213
0.9998703880053275
0.9998700906181698
0.9998700669570558
0.999869654858413
0.999868857673045
0.9998687002519854
0.9998687043111987
0.9998685645914442
0.9998678143390969
0.9998677940453
0.9998675174181801
0.999867265772372
0.999866625864596
0.9998663244875156
0.9998662825701153
0.9998660986801309
0.9998658848237069
0.9998653328241971
0.9998649971993865
0.9998651916534287
0.999864735857561
0.9998646572068133
0.9998642482799472
0.9998641173937629
0.9998637587920725
0.9998631549865012
0.9998625014277247
0.9998625167139944
0.9998627824607935
0.9998624261106814
0.9998613791761854
0.9998610522835087
0.9998608942320552
0.9998606996952779
0.9998601649976658
0.9998595044183168
0.9998594962721541
0.9998598702082179
0.9998596695209115
0.9998589944340543
0.9998587140182034
0.9998586894832925
0.9998583238988985
0.9998579392636722
0.9998577137356
0.999857830331521
0.999857696651376
0.999857367978156
0.9998566889166238
0.9998565110556911
0.9998561875329866
0.9998556565971672
0.999855280544637
0.9998551470171477
0.9998544852048753
0.9998541483526262
0.9998534343959989
0.9998531217592451
0.9998527061687627
0.9998522928108181
0.9998516263401624
0.9998510249182557
0.9998508969748051
0.9998512682524383
0.9998505470667246
0.9998499653577169
0.9998499184721561
0.9998498422196194
0.9998496460999394
0.999848880536617
0.9998485772740112
0.999848219452771
0.9998477367252772
0.9998470491757674
0.9998470688184109
0.9998470846169177
