0.9999998787511808
0.9999994634524384
0.9999994554310917
0.9999997505586378
0.9999993202953403
0.9999993693811176
0.9999996363861947
0.9999991825275226
0.9999992852255188
0.9999995034825656
0.9999990394686561
0.9999991849325323
0.999999364964612
0.9999988909692245
0.9999990846891762
0.999999216083765
0.9999987581417448
0.9999989944905348
0.9999990809369054
0.999998641421508
0.9999989103385231
0.9999989455574614
0.9999985145992292
0.9999988073253228
0.9999987840941622
0.9999983910986141
0.9999987170203363
0.9999986603579274
0.9999982754198729
0.9999986139437996
0.9999985026854606
0.9999981573773712
0.9999985194743656
0.9999983564183039
0.9999980302141526
0.9999983995783219
0.9999981915377759
0.99999793769623
0.9999982951810503
0.9999980465354519
0.9999978428606968
0.9999981975705848
0.9999979075669491
0.9999977430303851
0.999998071776771
0.9999977452531997
0.9999976407764083
0.999997960886332
0.9999976099621909
0.9999975432784934
0.9999978508799647
0.9999974670246234
0.9999974647573483
0.9999977283592655
0.9999973210260363
0.999997357184107
0.999997595070614
0.999997182340324
0.9999972856064228
0.9999974806014653
0.9999970654723923
0.9999971928117202
0.9999973527866914
0.9999969139096224
0.9999970950481005
0.9999971974999642
0.9999968047422552
0.9999970313960197
0.9999970698093972
0.9999966790582389
0.9999969224178685
0.9999969390325489
0.9999965746740762
0.9999968630922953
0.999996830279878
0.9999964695517977
0.9999967642418037
0.9999966960846317
0.999996368810823
0.9999966826733327
0.9999965590325275
0.999996243505172
0.9999965506307406
0.9999963915521591
0.9999961185502243
0.9999964429136083
0.999996231397916
0.999995995646197
0.9999963132008399
0.9999960563316879
0.9999958658167374
0.9999961970820572
0.9999958996876442
0.999995737677362
0.9999960651046198
0.9999957727198436
0.9999956737569592
0.9999959589836585
0.9999956361975458
0.9999955739122921
0.9999958628269754
0.9999954824083069
0.9999954768531877
0.9999957438844015
0.9999953683279655
0.9999953732919079
0.9999955992816231
0.9999952335836081
0.9999953249382861
0.9999955033121481
0.9999951313153925
0.9999952329566505
0.9999953634053542
0.9999949931517523
0.9999951550282167
0.9999952639009339
0.999994883668042
0.9999950775420008
0.9999951454777458
0.9999947412310456
0.9999949689868837
0.999994979902826
0.9999946213947184
0.9999948650465427
0.9999948235164873
0.9999944706955322
0.999994750190541
0.9999946566417597
0.9999943528831371
0.9999946485803022
0.9999945292337593
0.9999942334861535
0.9999945585426205
0.9999943959136002
0.999994156219854
0.9999944748308062
0.9999942758613704
0.9999940569458808
0.999994377194215
0.9999941347670297
0.9999939417875185
0.9999942680025182
0.9999939783950343
0.9999938462656315
0.9999941642916477
0.9999938643711477
0.9999937640897096
0.9999940212526958
0.9999937047912094
0.9999936805515209
0.9999939524370588
0.9999935918243024
0.9999935988232518
0.9999938244088737
0.9999934801459437
0.9999935053725821
0.9999937018552921
0.9999933376117833
0.9999934162100655
0.9999935594721088
0.9999931909963224
0.999993307391303
0.9999934385046785
0.9999930762339897
0.999993241808973
0.9999933058326063
0.9999929694313177
0.9999931416507504
0.9999931872759168
0.9999928307547918
0.9999930466280943
0.9999930605036151
0.9999927353007894
0.999992957879455
0.9999929267844178
0.9999926127426725
0.9999928743233796
0.9999927970399177
0.9999925216982145
0.9999928083575234
0.9999926611167834
0.9999923958044635
0.9999926828044109
0.9999925233850828
0.9999923209929007
0.9999926302276763
0.9999924527977591
0.9999922311699392
0.9999925145449247
0.999992245954815
0.9999920838871499
0.9999923463401799
0.9999921156929502
0.9999920116098617
0.9999922594153595
0.999991952628226
0.9999918680359106
0.9999921081975648
0.9999918165327631
0.9999917775260647
0.9999920007140779
0.9999917062988151
0.9999917030790828
0.99999189115607
0.9999915816356322
0.9999916273089894
0.9999917827330063
0.9999914625710321
0.9999915290827713
0.9999916632548564
0.9999913019519382
0.9999913650853998
0.9999914410682557
0.9999910978713252
0.999991242247111
0.9999913135482269
0.999990947364365
0.9999911025637399
0.9999911261026937
0.999990812463869
0.9999910305140304
0.9999910312567499
0.9999907322714181
0.9999909183216487
0.9999908603537315
0.9999905623131157
0.9999907642118252
0.9999906552246298
0.9999903759871686
0.9999906159993551
0.9999905083899736
0.9999902822337527
0.9999905097680287
0.9999903465455704
0.9999901720212993
0.9999904421780165
0.999990290366703
0.9999901272585786
0.9999903833851425
0.9999901635606832
0.9999900389954133
0.9999902588202816
0.9999900409337532
0.9999898918369516
0.9999901135198864
0.9999898563378068
0.9999897681020038
0.9999899766807129
0.9999897119341368
0.9999896670298375
0.9999898604341555
0.9999895730301407
0.999989579902589
0.9999897458000524
0.9999894409793959
0.9999894846597568
0.9999896184626679
0.9999893124888625
0.9999893653588232
0.9999894969630184
0.9999892201998748
0.9999893122923406
0.9999894058723464
0.9999890795544699
0.9999891901694623
0.9999892840473789
0.9999889639011571
0.9999891033873122
0.9999891270762817
0.9999888208907155
0.9999890093879601
0.9999889815367047
0.9999887109392577
0.9999888901367026
0.9999888467071887
0.999988580927509
0.9999887563767503
0.9999886772551106
0.9999884405815084
0.9999886841546074
0.9999885687620319
0.9999883255127648
0.9999885658116385
0.9999884208882224
0.9999882597537563
0.999988484529282
0.9999882891423209
0.9999881035311812
0.9999883309577788
0.9999881512632933
0.9999880437714427
0.9999882798520846
0.9999880726013662
0.9999879684263241
0.9999881525313421
0.9999879149072025
0.9999878534657799
0.999988048558312
0.9999877981695119
0.9999877576667094
0.9999879479959469
0.9999876878719371
0.9999876532141402
0.9999877727565583
0.9999875072415316
0.9999875459782869
0.9999876942070753
0.9999874240146398
0.9999874951028913
0.9999875851007717
0.999987252883126
0.9999873398946808
0.9999874073119588
0.9999871428807077
0.9999872385465527
0.9999872891002816
0.9999870152414533
0.9999871228873448
0.9999871160961644
0.999986863827491
0.9999870364854614
0.9999870218222162
0.9999867784867096
0.9999869871403972
0.9999869447791513
0.9999866959813937
0.9999868606371299
0.9999867900299553
0.9999865760960163
0.9999867375533826
0.9999866315673047
0.9999864491080068
0.9999866594220153
0.9999865532222039
0.9999864008833484
0.9999866038855696
0.9999864366114618
0.9999862813482527
0.9999864707579991
0.9999862823755361
0.9999861676578463
0.9999863919531786
0.9999861975722122
0.9999860787242094
0.999986265711821
0.9999860508567181
0.9999859693944213
0.9999861727961644
0.9999859149933629
0.9999858804663191
0.9999860448710649
0.9999857963162408
0.9999857897049946
0.9999859195701809
0.9999857132210781
0.9999857459952848
0.9999858474128148
0.9999856216918183
0.9999856389677347
0.9999857061745838
0.9999854598608502
0.9999855298709116
0.9999855895059987
0.9999853218860131
0.9999853825740281
0.9999854442592337
0.9999851879595238
0.9999853057319984
0.9999852637560431
0.9999850464290849
0.9999851806812619
0.9999851426674333
0.9999849183836186
0.9999850883700102
0.9999850616095812
0.999984772080136
0.9999849270611271
0.9999848334855626
0.9999846709626763
0.9999848739557123
0.9999847789397184
0.9999845757390711
0.999984740038486
0.9999846039989615
0.9999844518975863
0.9999846652485493
0.9999845089557403
0.9999843367153128
0.9999845341224198
0.9999843386820644
0.9999842309707323
0.9999844111486035
0.9999841868754967
0.9999840738909704
0.9999842483896085
0.999983999447477
0.9999839665444753
0.9999841385806765
0.9999839024422471
0.999983844346931
0.9999840005618978
0.9999837314065895
0.9999837142632378
0.9999838575656452
0.9999835790184478
0.9999835997462423
0.999983704535711
0.9999834599786459
0.9999835389020998
0.999983614079193
0.9999833044415305
0.9999833881460382
0.9999834101060919
0.9999831765101396
0.999983297512133
0.9999833238286927
0.9999830444708755
0.9999831692440917
0.9999831075730111
0.9999828650959923
0.9999830350419904
0.9999830387730951
0.9999827935348422
0.9999829004561681
0.9999828664530714
0.9999826333779331
0.9999827458577867
0.9999826732257269
0.9999824486896809
0.9999826263523124
0.9999825407367978
0.9999823317151794
0.9999825595100221
0.9999824234244769
0.9999822247024247
0.999982416616114
0.9999822883409331
0.9999821138531403
0.99998233894989
0.9999821713545134
0.999982078985475
0.9999822876732947
0.9999820512264238
0.999981921320185
0.9999820970505233
0.9999819033497377
0.9999818342587354
0.999981967816612
0.9999817282968019
0.9999816960647299
0.9999818303057965
0.9999816022865523
0.999981620281715
0.9999817480528812
0.9999815142709595
0.9999814923530819
0.9999815655847705
0.9999813731712107
0.9999814303000241
0.999981551482245
0.9999813949928347
0.9999814349381912
0.9999814234778733
0.9999811677215893
0.9999812382496618
0.9999812587184315
0.9999810188572527
0.9999811614922369
0.9999811738443276
0.9999809565568297
0.9999810784104233
0.9999810167339558
0.9999808026123922
0.9999809100417731
0.9999808345693327
0.9999806466404066
0.9999808103080766
0.9999807671393669
0.9999805858095693
0.9999807102192643
0.9999805922946062
0.9999804067235617
0.9999805947648542
0.9999804896148058
0.9999802879606042
0.9999804034339139
0.9999802171861155
0.9999801271286374
0.9999802920425441
0.9999801558236916
0.9999800285410603
0.9999801719763546
0.9999800512653211
0.9999799882050239
0.9999801285989282
0.9999799503025952
0.9999798626694486
0.9999799939773012
0.9999797899617843
0.9999797773928959
