0.9999998154523122
0.9999830209525787
0.9999660730546086
0.9999507396495828
0.9999331699200779
0.9999158527946321
0.9998968811768429
0.9998804646035829
0.9998637582978996
0.9998495888777632
0.9998333788860049
0.9998198033641527
0.9998033683801305
0.9997885586363149
0.9997722196613857
0.9997555208331702
0.9997390384044995
0.9997210558023423
0.9997050105089718
0.9996859746484836
0.9996651260101214
0.9996475333271756
0.9996336172689053
0.9996186261202327
0.9996035678884083
0.9995905737478407
0.9995717388339933
0.9995566758774929
0.9995387717279824
0.9995204293838897
0.9995030323143835
0.999484328354821
0.9994718409268072
0.9994584608868198
0.999443322986456
0.9994202049985034
0.9994053942839727
0.9993889037787254
0.9993706035492161
0.999354430121402
0.999339939369517
0.9993286482917889
0.9993150529893193
0.9993012019676788
0.999286116142273
0.9992669102190305
0.9992530013787913
0.9992337707802497
0.9992178658678522
0.999198511384192
0.9991774384078324
0.999161563272608
0.9991484615403239
0.9991315109559643
0.9991124697389838
0.9990968718782544
0.9990812243212887
0.9990727839869781
0.99905463379816
0.9990390975272141
0.9990233829271542
0.9990042207090974
0.9989915965784409
0.9989718041368347
0.998951636825449
0.9989399637659983
0.9989225190499649
0.9989104290346045
0.9988972607574883
0.9988796312152907
0.9988645514873138
0.9988481496643775
0.9988352772869271
0.9988212478608732
0.9988071992545169
0.9987896695906561
0.9987715362418128
0.9987620408341037
0.9987476657820206
0.99873038678095
0.9987203367768749
0.9987070347916699
0.9986949981502604
0.9986750118517335
0.9986570944682786
0.9986401076723826
0.9986257261871989
0.9986123816622866
0.9985977443030869
0.9985912777147383
0.9985673900083657
0.9985481822748297
0.998528593063504
0.9985156530478262
0.9985004521709526
0.9984902508082815
0.9984635749915901
0.998449965141796
0.9984357158539362
0.99842127317737
0.9984120626666974
0.9984017185828017
0.9983821881354578
0.9983663352224843
0.9983498816800863
0.9983325017000841
0.9983158751267563
0.9982988992713059
0.9982955657538466
0.9982805760866011
0.9982640741039005
0.9982472349497661
0.9982306945822589
0.9982060710538831
0.9981953133244522
0.9981807911986285
0.9981715476102678
0.9981553774490521
0.998146602291589
0.9981270615631372
0.998110813848155
0.9980963467356556
0.9980793558609821
0.9980684917277998
0.9980505840906766
0.9980331672106092
0.9980146115845933
0.9980052808331132
0.9979849396186784
0.9979683809310035
0.997947269975529
0.9979339217013103
0.9979115003068539
0.9978929889043696
0.9978780329781869
0.9978710496818147
0.9978509725092904
0.9978391390105912
0.9978153878310269
0.9977961915112578
0.9977739835398383
0.997753398075091
0.9977400381083968
0.9977313691519976
0.9977158534587617
0.9976941122542015
0.997684388934497
0.9976713077763177
0.9976661988971913
0.997646830036444
0.9976241050439948
0.9976144425722467
0.9975999928630694
0.997573950176465
0.9975671706325868
0.9975491708420824
0.9975297431576481
0.9975189826005414
0.9975052288583964
0.9974881647442508
0.9974712739854907
0.9974567170564825
0.997444592795174
0.9974289127004998
0.997401677499329
0.9973801995348941
0.9973813400143492
0.9973617748500593
0.9973279291148578
0.9973197319255768
0.997301932412556
0.9972823251695224
0.9972613245837919
0.9972478515527874
0.9972331671012007
0.9972035718521749
0.9971859474312066
0.997161726983281
0.9971494350867541
0.9971361513307825
0.9971242987186572
0.9971059096273313
0.997089763003851
0.997072213872049
0.9970532870066691
0.9970333113960368
0.9970174754274437
0.9970071707720499
0.996995599265952
0.996982694834158
0.9969755489705878
0.9969554936965137
0.9969358539089646
0.9969193915178693
0.9969043317337751
0.9968919161840916
0.9968793805788619
0.9968586650882563
0.9968407650738907
0.9968249072458507
0.9968085346534107
0.9967832162810629
0.9967697746956087
0.9967652992977839
0.9967480913060747
0.9967276437846051
0.9967142367294953
0.9967006354233694
0.9966762963761069
0.9966613083822907
0.996649826851184
0.9966278191368151
0.9966153498228902
0.9966020125663877
0.9965798967380747
0.9965606422510956
0.9965410859541444
0.9965247903279579
0.9965031645235096
0.9964864586620554
0.9964674194791261
0.9964482653111486
0.9964295496304025
0.996411009693561
0.9963850642079678
0.9963719026109156
0.9963671056306976
0.9963635887288768
0.9963409772650725
0.9963357683513185
0.996317482751469
0.9962993558043267
0.9962730611693816
0.9962614392901504
0.9962461424634628
0.9962159942838086
0.9962090714762026
0.9961940849530069
0.9961724031437358
0.9961408766113088
0.9961261368220233
0.9961133704944498
0.9961037861406282
0.9960800420955601
0.9960619796207186
0.9960607462184314
0.9960416486489743
0.9960245257406954
0.9960105346282956
0.995982913717633
0.9959672849417222
0.9959453630222873
0.995927366893001
0.995912344013236
0.9959094255797107
0.9958867736494192
0.9958638230786755
0.9958574270891214
0.9958362658051689
0.995824205486359
0.9958058439661768
0.9957811858372542
0.9957669751706952
0.9957551047907849
0.9957236402251092
0.9957058634755531
0.9956828586305361
0.9956805550076405
0.9956472418702856
0.9956406859056628
0.9956114206578609
0.9955933792634595
0.9955856433796031
0.995564466849534
0.9955613606033488
0.9955452451877057
0.9955310611040951
0.9955088602786173
0.9954887865849449
0.9954706368098158
0.9954477272941412
0.9954301000165667
0.9954184650152178
0.9954094850947068
0.995390897566362
0.9953863503404946
0.9953772167842195
0.9953566810371661
0.9953295544015102
0.9953238920539252
0.9953130847965799
0.9953024200162243
0.9952753668373675
0.9952423503555218
0.9952198976172824
0.9951973094533599
0.9951765273399634
0.9951646154206938
0.9951499945308968
0.9951346064495097
0.9951242745360531
0.9951174295498987
0.9951063487142552
0.9950743407793443
0.9950598559618218
0.9950475233356659
0.9950318199578122
0.9950106790002011
0.9949864428293389
0.9949700963535711
0.9949639887519861
0.994944244618874
0.9949241231537075
0.9949186921376383
0.9949055960392303
0.9948870501528784
0.9948534939517387
0.9948333176974482
0.9948127427036962
0.9948026651795008
0.9947743608629516
0.994770341110952
0.9947489284015127
0.9947293783168979
0.9947305138155581
0.9947126657582462
0.9947114130701263
0.9946936334901085
0.9946619861588294
0.9946459702062186
0.9946458456427405
0.9946283682645336
0.9946257825983388
0.9946063892775178
0.9946077748038423
0.9946009733827377
0.9945815055374481
0.9945643376225662
0.9945506157759905
0.9945345821247268
0.9945059941524205
0.9944937552516934
0.9944695804348247
0.9944709530021189
0.994461562293509
0.9944614735161881
0.9944419876397239
0.9944226610682502
0.9944113415374463
0.9943975733103609
0.9944049973799026
0.9943727955622742
0.9943573175689416
0.9943501049349645
0.99431886206652
0.9943075663442882
0.9943051674805613
0.9942879546087787
0.9942599347792916
0.994251442081889
0.9942200408489746
0.9942163755379505
0.994197165194126
0.994167690135576
0.9941369020842281
0.994127255487013
0.9941251948862628
0.9941290631921854
0.9941235313114193
0.9941013558478468
0.9940712372247751
0.9940585201181527
0.99405632695744
0.9940487378014212
0.9940424069273038
0.9940250529180616
0.9939984773031354
0.9939854376750858
0.9939514221193815
0.993936006620335
0.9939215483444209
0.9939249926663452
0.9939023783762313
0.9938879701385702
0.9938720791665323
0.9938617772374112
0.9938312031156075
0.9938237982948629
0.993810592910148
0.9938088186179431
0.9938041975228924
0.9938127210658915
0.9938002058311782
0.993793996018239
0.9937774881263459
0.9937671691741133
0.9937356528459038
0.9937122819341998
0.9936989925247849
0.993683521774885
0.9936734404808745
0.9936546787790939
0.9936342153631434
0.9936225545540897
0.9936132362068856
0.9936031953879354
0.9936079906667852
0.9935939060766933
0.993565391413794
0.9935459358091205
0.9935281066719738
0.9935172325280244
0.9934889095705497
0.993473564252988
0.9934552028131957
0.9934399941879534
0.9934329181756054
0.9934227027193016
0.9934058178818765
0.993376092291251
0.9933606413606255
0.9933367466911398
0.9933338293761376
0.9932981803542212
0.9932945144031322
0.9932591501413146
0.9932467434329467
0.9932043005190188
0.9931991793132366
0.9931829021273918
0.9931782059972146
0.9931568140365312
0.9931274751541924
0.9930984252609506
0.9930730668108894
0.9930547872246946
0.9930465566578291
0.9930315463355652
0.9930208982999669
0.9930127109482417
0.9930062490434096
0.9929899286548732
0.9929732331149628
0.9929484820014657
0.9929180363134751
0.992908544053481
0.9929007443659408
0.9928874249369526
0.9928709358362102
0.9928606589026397
0.9928482557401558
0.992831998282892
0.9928049733417786
0.9927843625025595
0.9927538391130839
0.992746036906104
0.9927310345256571
0.9927172763534087
0.9926898857715314
0.9926655395739956
0.9926389763270227
0.9926385879871182
0.992595038009989
0.9925858160693358
0.9925781523317798
0.9925592896272443
0.9925435658128283
0.9925271436870913
0.9925004653936159
0.9924737626702598
0.9924615181251852
0.9924321397686596
0.9924159678064369
0.9923892408866032
0.9923763313731414
0.9923577810819866
0.9923383602766458
0.9923211204335577
0.9922943189169968
0.9922548735535656
0.9922570925202556
0.9922423683758491
0.9922335579841389
0.9922043816931341
0.9922052511120582
0.9922038643306368
0.9921942538126339
0.9921806240354661
0.9921638306606211
0.9921694027981081
0.9921582619121005
0.9921435634672626
0.9921277079252485
0.9921212338384487
0.9920930720532206
0.9920724401772495
0.992057596034698
0.9920476862237201
0.9920226842097404
0.9920075221430461
