0.9999999292996484
0.9999996407357602
0.9999998333787328
0.9999996506675465
0.9999996797305293
0.9999996924269189
0.9999995374126367
0.9999997208020864
0.9999994443388595
0.9999996827679135
0.9999994093043546
0.9999995574663975
0.9999994258664773
0.99999939139482
0.999999467555146
0.9999992537282583
0.9999994648136296
0.9999991767477815
0.999999400382926
0.9999991623834287
0.9999992578736676
0.9999992029155265
0.9999991061199092
0.9999992398662167
0.9999989875416667
0.9999992229336268
0.9999989301399635
0.9999991207025472
0.9999989390752347
0.9999989663457954
0.9999989788754584
0.9999988257601411
0.9999990026111147
0.9999987270188365
0.9999989516582389
0.9999986981281287
0.9999988351198482
0.9999987137095698
0.9999986850589062
0.9999987653894226
0.9999985681000569
0.9999987848239308
0.9999985045517692
0.9999987138922661
0.9999984935645354
0.9999985755019911
0.999998504279221
0.9999984102200862
0.9999985303638494
0.9999982926803698
0.9999985131270925
0.9999982475245197
0.999998430105213
0.9999982630136203
0.9999982794498683
0.9999982957394877
0.9999981349316728
0.9999983059920071
0.9999980443572094
0.9999982607356519
0.999998002068535
0.9999981268873505
0.9999980160072762
0.9999979783906541
0.9999980495638624
0.9999978515031366
0.9999980430915544
0.9999977750639669
0.9999979753612744
0.99999776869186
0.9999978534449043
0.9999978033758864
0.999997699875638
0.9999978033978215
0.9999975772035886
0.999997787572643
0.999997529480112
0.9999976927072299
0.999997529675833
0.999997551395687
0.9999975578527484
0.9999974041264088
0.9999975687835134
0.9999973350940375
0.9999975486527648
0.9999973203434779
0.9999974401680802
0.9999973254346592
0.9999972847742032
0.9999973441922415
0.9999971501499072
0.9999973430373608
0.9999970789315441
0.9999972788885794
0.9999970674036025
0.9999971487858519
0.9999971014380389
0.999997005375846
0.9999971272224131
0.9999968948999118
0.9999971037599631
0.9999968461887394
0.9999970018765011
0.999996840712254
0.9999968717972627
0.9999968711502425
0.9999967281862089
0.9999968773911583
0.999996632053359
0.9999968413431563
0.9999966142721746
0.9999967305280966
0.9999966143368241
0.9999965791494538
0.9999966295890904
0.9999964569118486
0.9999966171991582
0.9999963688414769
0.9999965564570683
0.9999963601712862
0.9999964202525582
0.9999963726661112
0.9999962842944294
0.9999964078933149
0.9999961911253604
0.9999963854661011
0.9999961381995366
0.9999962673815362
0.9999961122236951
0.9999961292162279
0.9999961293946812
0.9999959891120078
0.9999961333469284
0.9999958970280148
0.9999960817566972
0.9999958603462881
0.9999959737152908
0.9999958764177945
0.9999958328978287
0.9999958802356089
0.999995721321945
0.9999959134292878
0.9999956792357364
0.9999958490537968
0.9999956457722499
0.9999957042461489
0.9999956560001898
0.9999955682589892
0.9999956651574352
0.9999954557507146
0.9999956169784564
0.9999954003190434
0.9999955515130635
0.9999953844743443
0.9999953761298276
0.999995369222593
0.9999952440647993
0.9999954032465055
0.999995180446344
0.999995358105189
0.9999951360179474
0.9999952328511718
0.9999951352090639
0.9999950879916225
0.9999951538105001
0.9999949835137261
0.9999951411668067
0.9999949119981562
0.9999950872195839
0.9999949218881911
0.999994976881352
0.9999949325254436
0.9999948542916505
0.9999949391624819
0.9999947279541889
0.9999949243368419
0.9999946850714794
0.9999948319526664
0.9999946858997693
0.9999946920741949
0.9999946813663584
0.9999945558351386
0.9999946884155744
0.9999944756293813
0.999994635450993
0.9999944151177351
0.9999945191746373
0.9999944240951936
0.9999943790327777
0.9999944187247871
0.9999942606921142
0.9999944133792918
0.9999942074668209
0.9999943862313183
0.9999941955563887
0.9999942474898514
0.9999942063477092
0.9999941407814396
0.999994238303094
0.9999940497073562
0.9999942072956275
0.999994007535068
0.9999941517235634
0.9999939910277412
0.9999940063473763
0.9999940207443387
0.999993880235372
0.9999940119073685
0.999993796775155
0.9999939667870077
0.9999937652399795
0.9999938564762572
0.9999937575979021
0.9999937148860837
0.9999937572820911
0.9999936065960772
0.9999937636769749
0.9999935338636374
0.999993681897535
0.999993514038652
0.9999935654454662
0.9999935044016711
0.9999934299245805
0.9999935204578383
0.9999933253783663
0.9999934984802613
0.9999932905264507
0.9999934162599576
0.9999932816783229
0.9999932847698128
0.9999932911713351
0.9999931733189933
0.999993295504497
0.9999930715035219
0.9999932218293954
0.9999930256257106
0.9999931383807461
0.9999930584967441
0.999993007465572
0.9999930747130312
0.9999929139037816
0.9999930649646797
0.9999928450311653
0.9999929939643027
0.9999928258087089
0.9999928707317892
0.999992804682887
0.9999927165701404
0.9999928241989898
0.9999926531913371
0.9999928021381183
0.999992615483335
0.9999927173253147
0.9999925706860465
0.9999925553787933
0.9999925612379755
0.9999924199806517
0.9999925366653561
0.9999923315915146
0.9999924867300856
0.9999923337877491
0.9999924458515121
0.9999923370500139
0.9999923040817386
0.999992363106725
0.9999922070028363
0.9999923608999394
0.9999921692247488
0.9999923214649536
0.9999921762882272
0.9999922464793563
0.9999922042293067
0.999992132599157
0.9999922165398064
0.9999920290170369
0.9999921800047262
0.9999919774805633
0.9999920899496376
0.9999919542912716
0.9999919833565629
0.9999919899893219
0.9999918785486918
0.9999920011975758
0.9999918119733633
0.9999919653409348
0.9999917735660756
0.9999918828267865
0.999991820415049
0.9999918124857621
0.9999918447867001
0.9999916900337709
0.9999918040227835
0.9999916094724346
0.9999917605201338
0.9999916209426403
0.9999916663656588
0.999991606931591
0.9999915328729012
0.9999916070364805
0.9999914197197132
0.9999915890298245
0.9999913985256498
0.9999915054257595
0.9999913768354536
0.9999913635497334
0.9999913625310035
0.9999912302271533
0.9999913582026215
0.9999911745222452
0.9999913206417176
0.9999911505488384
0.999991222077795
0.9999911387372593
0.9999910893934887
0.9999911372739029
0.9999909779566674
0.9999911124804928
0.9999909023377412
0.9999910289138544
0.9999908665002614
0.9999909181254409
0.999990857542421
0.9999907810192039
0.9999908548396358
0.9999906676264985
0.9999907938743294
0.9999906020602355
0.9999907107291844
0.9999905872984678
0.9999905937527535
0.9999906140829262
0.9999904923011929
0.9999905990356319
0.9999904044337264
0.9999905459263044
0.9999903562078845
0.999990433352703
0.9999903481446647
0.9999903047624795
0.9999903581608202
0.9999901962802313
0.9999903359711844
0.9999901316071567
0.9999902435212226
0.9999901106891423
0.999990150821498
0.9999901240941933
0.9999900240273455
0.9999901019487651
0.999989948739573
0.9999900832153735
0.9999899167978882
0.9999900372416796
0.9999899568286627
0.9999899434105685
0.9999899487350141
0.9999898588369308
0.999989962803368
0.9999897771934599
0.9999898923459609
0.9999897190559506
0.999989782081348
0.9999897161312011
0.999989650154941
0.9999896855852749
0.9999895024635996
0.9999896261247457
0.9999893925120684
0.9999895119314263
0.9999893757562102
0.9999894075950011
0.9999893712030663
0.9999892922025466
0.9999893613045463
0.9999891897717853
0.9999893250800794
0.9999891544919853
0.9999892639050371
0.9999891896551821
0.9999891782575635
0.9999891610931023
0.9999890101691434
0.9999890998017524
0.9999889203840275
0.9999890669426558
0.9999888884449762
0.9999889581916658
0.999988887771077
0.9999888093479241
0.9999888326231393
0.9999886816374409
0.9999888070503985
0.9999886018350889
0.9999886976308235
0.9999885690771583
0.9999886111857212
0.999988572078553
0.9999884909292042
0.999988557420826
0.9999883895387838
0.999988514988563
0.9999883417549789
0.99998843277749
0.99998833223528
0.9999883139162791
0.9999883198570061
0.9999882415004798
0.9999883400668579
0.9999881575765943
0.9999882440203739
0.999988063552122
0.9999881259717432
0.9999880319075765
0.9999879812228967
0.9999880081758906
0.9999878577279099
0.9999879235778842
0.9999877621449027
0.9999878535266006
0.9999877470963872
0.9999878003913298
0.9999877695767836
0.9999877086104758
0.9999877516138158
0.9999876228123508
0.9999877462875362
0.9999875765516846
0.9999876557178409
0.9999875455848515
0.9999875559493391
0.9999875758889574
0.9999874548106567
0.9999875378360291
0.9999873592190685
0.9999874720098904
0.9999873144037895
0.9999874112841114
0.9999873452020231
0.9999873301927616
0.9999873540403158
0.9999871992984859
0.9999872662575093
0.9999871056097056
0.9999872272356379
0.9999870523430425
0.9999871362686871
0.9999870948363629
0.9999870290519727
0.9999870999245156
0.9999869405592449
0.999987066199858
0.9999869230098928
0.9999870373270896
0.9999869353506426
0.9999869544685084
0.9999869317661225
0.9999868565651308
0.9999868940545441
0.9999867186368807
0.9999868250401761
0.9999866744852542
0.9999867602646755
0.9999866967507818
0.9999866387436718
0.9999866912927902
0.9999865504787568
0.9999866660391854
0.9999865347670263
0.9999866360927926
0.9999865425596923
0.9999865740866233
0.9999865481234886
0.999986522220013
0.9999865711630901
0.9999864026330824
0.9999865221334054
0.9999863310024206
0.9999864444365724
0.9999863530420579
0.9999863766182067
0.9999863613451099
0.9999862503931771
0.9999863059951105
0.9999861641214421
0.9999863109789375
0.9999861671035611
0.9999862370556662
0.9999861599514357
0.999986135655981
0.9999861926321958
0.9999860649953471
0.9999861604932485
0.9999860056278872
0.9999860926466163
0.9999859627527615
0.9999860171906277
0.9999859591838413
0.9999858569893196
0.999985892545819
0.9999857602477608
