0.9999997799587865
0.9999993288631708
0.9999988333332519
0.9999992583685516
0.9999996671798174
0.9999992229322654
0.9999987275967941
0.9999991462942236
0.999999548830408
0.9999991067385331
0.9999986184773405
0.9999990291556158
0.9999994284859669
0.9999989926541707
0.9999985000607549
0.9999989082629092
0.999999312262653
0.9999988797349981
0.999998396299297
0.999998794537777
0.9999991859340059
0.9999987642175544
0.9999982858333912
0.9999986927156006
0.9999990921725097
0.9999986719093694
0.999998184438327
0.9999985864158968
0.9999989729602538
0.9999985509513577
0.9999980716626828
0.9999984767245415
0.9999988747223404
0.9999984359028747
0.9999979688109208
0.999998353097208
0.9999987544197424
0.999998325107341
0.9999978697931567
0.9999982528606405
0.9999986457873805
0.9999982128208953
0.9999977630042974
0.99999812951862
0.9999985295633194
0.9999981110258946
0.9999976748819878
0.9999980310477102
0.9999984212015407
0.9999979985307215
0.999997564058425
0.9999979164255234
0.9999982996329383
0.999997890020402
0.9999974542366429
0.9999978042972532
0.9999981937642232
0.9999977848550139
0.9999973425478206
0.9999976946107302
0.9999980653579578
0.9999976615112256
0.9999972413652437
0.9999975817462717
0.9999979480249325
0.9999975398299583
0.9999971287396866
0.9999974755145986
0.9999978488324168
0.9999974320777294
0.9999969987583456
0.9999973494161042
0.9999977233911879
0.999997309321277
0.9999969000240495
0.9999972461556482
0.9999976008180476
0.9999971918818689
0.9999967800867438
0.9999971123897671
0.9999974839677751
0.9999970798868837
0.9999966821576021
0.9999970254460675
0.9999973867765743
0.9999969914483448
0.9999965862212465
0.9999969054418282
0.9999972620761362
0.9999968759274888
0.9999964735231642
0.9999968168626431
0.9999971664712941
0.9999967673432856
0.9999963619909458
0.9999966954003927
0.9999970396719196
0.999996652540501
0.9999962367989199
0.9999965555550754
0.9999968887455842
0.9999964998173004
0.9999960980516536
0.9999964309071989
0.9999967752330408
0.9999963875967494
0.9999959886003925
0.9999963283722035
0.9999966638516293
0.9999962801901542
0.9999958664100529
0.9999961971943059
0.9999965272023296
0.9999961554289626
0.999995754384459
0.9999960717818274
0.9999964261449077
0.9999960455689423
0.9999956580116932
0.9999959706595699
0.9999963154249938
0.9999959446024047
0.9999955720526831
0.9999958732873167
0.9999962129123063
0.9999958537572777
0.9999954689262712
0.9999957673717208
0.9999960872180848
0.9999957309826075
0.9999953595168841
0.9999956472636669
0.9999959852817228
0.9999956130399538
0.999995257410404
0.9999955565768405
0.9999958715730461
0.9999954862622538
0.9999951259334464
0.99999541637387
0.9999957377367633
0.9999953875426847
0.9999950142739518
0.999995336959545
0.9999956483685736
0.999995292564376
0.9999949151601019
0.9999952205170406
0.9999955305380785
0.9999951817299664
0.9999948102019469
0.9999951128806538
0.9999954274578928
0.9999950919648556
0.9999947284807853
0.9999950237540474
0.9999953266606098
0.999994997346665
0.9999946284932877
0.9999949221998494
0.999995207492725
0.9999948835524158
0.9999945136123367
0.9999948058736527
0.9999951136558122
0.9999947843162733
0.9999944397248528
0.9999947262191866
0.9999950166862044
0.999994687254233
0.9999943348468006
0.9999945948344355
0.999994877726362
0.9999945723149508
0.999994228453585
0.9999944978190006
0.9999947885496732
0.9999944600865555
0.999994129336263
0.9999944026267621
0.9999947064789124
0.9999943857836185
0.9999940713751106
0.9999943482783412
0.9999946321268739
0.9999943441379023
0.999994004084465
0.9999942702384927
0.999994542876545
0.9999942284697378
0.9999938959893527
0.9999941545446843
0.9999944326503124
0.9999941181341283
0.9999937780264716
0.9999940364986203
0.999994296176776
0.9999939917554278
0.999993657450274
0.9999939129346219
0.9999942000891278
0.9999938793207063
0.9999935317417198
0.9999937738762762
0.9999940548996828
0.9999937552693712
0.9999934438242888
0.9999936795307481
0.9999939460507885
0.9999936632712308
0.9999933298522218
0.9999935660734679
0.9999938128664471
0.9999935160337817
0.9999931806792776
0.9999934091437177
0.9999936451327757
0.9999933674486747
0.9999930319562814
0.9999932815586271
0.9999935649186703
0.9999932748761065
0.9999929457301356
0.999993185428451
0.9999934507473255
0.9999931752303384
0.9999928404525333
0.9999930818780369
0.9999933507004826
0.9999930813445439
0.9999927509755174
0.999993017253921
0.9999932737115664
0.9999930276052135
0.9999927256371373
0.9999929542503235
0.999993210686416
0.999992931859559
0.9999925816307896
0.9999928165407556
0.9999930694425757
0.999992815394973
0.9999924813620379
0.9999926975525065
0.9999929708906639
0.9999927152906047
0.9999924042603914
0.9999926471671117
0.9999929122782837
0.9999926311611799
0.9999923037522027
0.999992516711231
0.9999927456375561
0.9999925025236788
0.9999921821666823
0.999992388996327
0.9999926569034834
0.9999924216583261
0.9999921030726348
0.9999923020490926
0.9999925752505653
0.9999923302875615
0.9999920286621174
0.9999922475591485
0.9999924924986162
0.9999922727261693
0.9999919383603757
0.9999921432427095
0.9999923698547076
0.9999921115432335
0.9999917947549218
0.9999919780966885
0.9999922226121908
0.9999919872634283
0.9999916752255089
0.9999918895762931
0.9999921216904997
0.9999918779037477
0.9999915655773393
0.9999917644589175
0.9999920281982976
0.9999917419432498
0.9999914024258304
0.9999916037005253
0.9999918340748188
0.9999916030891075
0.9999912985190582
0.9999914875410623
0.999991717828717
0.9999915010499121
0.9999911914329564
0.9999913755735841
0.9999915892578148
0.9999913758176024
0.9999910806370216
0.9999912774082942
0.9999915282632932
0.9999913208996515
0.9999910042241003
0.9999912167100606
0.9999914431803413
0.9999911990153165
0.9999908862620416
0.9999910694173216
0.9999912791484568
0.9999910593833555
0.999990747728097
0.9999909354448183
0.9999911394652473
0.9999909049351972
0.9999905876372416
0.9999907842035728
0.9999910246002642
0.999990796774163
0.9999905013763537
0.9999906762176015
0.9999908930741498
0.9999906569911406
0.9999903661545072
0.9999905435175289
0.9999907438598576
0.9999905436813608
0.999990245815639
0.999990399170833
0.9999906494239471
0.9999904273848085
0.9999901534980042
0.9999903403398313
0.9999905562173003
0.9999903657895127
0.9999900768189576
0.9999902150002462
0.9999904149096156
0.9999901887079573
0.9999898932373606
0.9999900795779573
0.9999902893605541
0.9999900759130091
0.9999897926355535
0.9999899440427796
0.9999901679436745
0.9999899359325565
0.9999896373511861
0.9999897925753668
0.9999900268998911
0.9999898203369577
0.999989547978088
0.9999897278268858
0.9999899458551907
0.9999897601424902
0.9999894521169154
0.9999896051229729
0.9999898279872803
0.9999896327481792
0.9999893347164601
0.9999895050799191
0.9999897072592828
0.9999895041957764
0.9999892308302012
0.9999893870084088
0.9999895938313194
0.9999893937156752
0.9999891109408886
0.9999892822650283
0.999989509363684
0.9999892905829879
0.9999890085587058
0.9999891698186063
0.9999893790200135
0.9999891756480318
0.9999889070559576
0.999989082687527
0.9999892955994002
0.9999890917941401
0.9999887957389287
0.9999889444247073
0.9999891490811523
0.999988937197557
0.9999886468687745
0.9999888198467535
0.9999890146715
0.9999888223311534
0.9999885172195925
0.9999886967885091
0.9999889159824364
0.999988696158785
0.9999884186808411
0.9999885751354106
0.9999887991275072
0.9999886048477147
0.999988338016051
0.9999885023990455
0.9999887051920362
0.9999885306200124
0.9999882333654486
0.9999883791575241
0.9999885728592356
0.999988353492939
0.9999881105406273
0.999988270305978
0.9999884448708458
0.9999882294171109
0.9999879750069577
0.9999881303937358
0.9999883122900448
0.9999881181738921
0.9999878522206188
0.9999880189266714
0.9999882169401296
0.9999880116791875
0.9999877594102506
0.9999878719562405
0.9999880720328925
0.9999878668089979
0.9999876030916544
0.9999877424106559
0.9999879341734007
0.9999877587496876
0.999987515718746
0.9999876645537152
0.9999878660439083
0.9999876635098135
0.9999873848202092
0.999987534551693
0.999987730418404
0.9999875939642814
0.9999873118883843
0.9999874561903364
0.9999876401040675
0.9999874695162573
0.9999872230326692
0.9999873610674411
0.9999875463731351
0.999987376519505
0.9999871086580833
0.9999872628313025
0.9999874778740753
0.9999872971918535
0.999987028831657
0.999987177317193
0.9999873335247887
0.9999871634501122
0.9999869114553794
0.9999870395223533
0.9999872157384324
0.9999870528500183
0.9999868190986742
0.9999869307860187
0.9999871143447924
0.9999869312128656
0.999986669569852
0.9999868328553414
0.999987007112671
0.9999867831964238
0.9999865144565365
0.9999866424278055
0.9999868428061944
0.9999866581783909
0.9999863909952139
0.9999865525503578
0.9999867513761096
0.9999865878900828
0.9999863295015329
0.9999864514909836
0.9999866159850783
0.999986443480246
0.9999861951479072
0.9999863200297249
0.999986507609937
0.9999863683760095
0.9999861087048864
0.9999862507485221
0.999986414882495
0.9999862242950919
0.9999859879110677
0.9999861243962492
0.9999862675127298
0.9999860911034745
0.9999858665177637
0.9999860107618608
0.9999861643494481
0.9999859938125527
0.9999857405418267
0.9999858706720043
0.9999860522151938
0.9999858567919652
0.9999856131030634
0.9999857443326644
0.9999859064442506
0.9999857257513799
0.9999854678002443
0.9999856300615274
0.9999858016946689
0.9999856399853231
0.999985420972929
0.9999855745357373
0.9999857509807404
0.9999855700342201
0.9999853503536841
0.9999854972958836
