0.9999996594562323
0.9999988957134531
0.9999978255760565
0.9999974978716634
0.9999979749583903
0.9999981348176858
0.9999973952524177
0.9999963080332931
0.9999959423168396
0.9999963940281976
0.9999965775569737
0.9999958444129792
0.9999947974563721
0.9999944977948306
0.9999949592923214
0.9999951381433909
0.9999943070730165
0.9999932449498641
0.9999929272306174
0.9999933113135238
0.999993493251996
0.9999927064759508
0.9999916314519974
0.999991188599181
0.9999916668732081
0.999991748220076
0.9999910227669564
0.9999899979533514
0.9999896272338207
0.9999899739911964
0.9999901636988399
0.9999894158098922
0.9999884009130648
0.9999880519488821
0.9999884447582674
0.9999885630631837
0.999987869071806
0.9999867876102998
0.9999865146230141
0.9999868397773998
0.9999870504848012
0.9999863671796511
0.999985304603122
0.9999849179733952
0.9999853236841774
0.9999854506445274
0.9999847289039053
0.9999837155743843
0.9999834785727044
0.999983816199563
0.999983963958626
0.9999832464890887
0.999982232680788
0.9999819737648564
0.9999823854631972
0.9999824546612335
0.9999817682227259
0.999980618507946
0.9999803733424236
0.9999807090104992
0.9999809004071812
0.9999801392589618
0.9999791978603325
0.9999788942306673
0.9999793385925353
0.9999795447742958
0.9999788385065326
0.999977973754487
0.9999776123022158
0.9999779492861698
0.999978105384318
0.9999774238390787
0.9999763045414358
0.9999758570791385
0.9999762093871493
0.9999764275221732
0.9999757164526983
0.9999747995187482
0.9999745483577794
0.999974994211275
0.9999750975573402
0.9999744365223091
0.9999735007265079
0.9999731863486045
0.9999735276001298
0.999973719405599
0.9999728895515245
0.999971929683403
0.9999716404712645
0.9999718481987113
0.9999718528060003
0.9999710009503417
0.9999700235356769
0.9999696642068021
0.999970113648466
0.9999702961785971
0.9999695378124616
0.9999685959290028
0.999968281340555
0.9999686094275052
0.9999687046523748
0.9999679857265928
0.9999669032875421
0.999966585178078
0.9999669079829022
0.9999668448574766
0.9999662650204943
0.9999653516375898
0.9999649186385358
0.9999652549211772
0.9999654741202838
0.9999649600839706
0.9999638278819508
0.9999636998571237
0.9999642163348733
0.9999644776042569
0.9999639786554512
0.9999631698521226
0.9999626586459103
0.999963280352412
0.9999633892182187
0.9999627564469222
0.9999619362529483
0.9999615088612094
0.9999620475132196
0.9999620017015819
0.9999612366783039
0.9999605005503756
0.9999602331536279
0.9999607014742733
0.9999607209986443
0.9999599632503249
0.9999589783541071
0.9999586919611758
0.9999588392331964
0.9999588316588265
0.9999582392290437
0.9999573865735117
0.9999572291307549
0.9999574545961569
0.9999574307787767
0.9999566697124822
0.9999555896134469
0.9999554421244319
0.9999557757659274
0.9999558546086753
0.9999552490688136
0.9999542136429436
0.9999541392822509
0.9999543877622534
0.9999545140889039
0.9999539985457165
0.9999530549425923
0.9999527243312112
0.9999532951431296
0.9999532503496797
0.999952734157903
0.9999518070237011
0.9999514717087521
0.9999517903906618
0.9999515993390815
0.9999508744467323
0.9999500557938682
0.9999497002084196
0.9999500341995171
0.9999501029776032
0.9999494700411935
0.9999485293094483
0.9999480471252766
0.9999483524374502
0.999948229874379
0.9999474658450529
0.9999465780669556
0.9999462541604432
0.9999467188367214
0.9999467086875471
0.9999460753527405
0.9999453147122359
0.999945064872023
0.9999452694654399
0.9999453301796444
0.9999444176594144
0.9999434619373642
0.9999433524453509
0.9999435678570538
0.9999435886432669
0.9999428618527244
0.9999419679322745
0.9999415129800749
0.9999417217610556
0.9999414929948668
0.9999407029358381
0.9999398424939157
0.9999396425585261
0.9999396990766191
0.9999395450736603
0.9999388177276342
0.9999381304025196
0.9999379786048562
0.9999382290441475
0.9999380959548826
0.999937210738864
0.9999363925264102
0.9999360450605258
0.999936575273813
0.9999366306674541
0.9999359368945899
0.9999351968248151
0.9999348678911892
0.9999350836393995
0.9999349951390253
0.999934241212986
0.9999333460147432
0.999932967734804
0.999933613199992
0.9999336282560021
0.9999329466755241
0.9999320864309652
0.9999317114480465
0.9999319134410145
0.9999319603086837
0.9999314301130474
0.9999306544974871
0.9999306411780153
0.9999310835724718
0.9999309574782439
0.9999303496241135
0.9999295215890109
0.9999290664068204
0.9999294114034151
0.9999294656552749
0.9999287393715403
0.9999277667968285
0.999927602795368
0.9999277932640819
0.9999277847849853
0.9999272759785676
0.9999263712292898
0.9999261612942619
0.9999264696192933
0.9999266152950085
0.9999258944168148
0.999924970139981
0.9999244260612998
0.9999243538292982
0.9999241834112028
0.9999233499012663
0.9999223844280284
0.9999220481736812
0.999922278904086
0.9999222845094023
0.9999217006560299
0.9999209233318158
0.9999206292936319
0.9999210437035472
0.9999210222182798
0.9999204530562616
0.9999198295641438
0.9999196614700409
0.999920127542398
0.9999200791973147
0.9999193735069146
0.999918500408718
0.9999182732612302
0.9999182740264086
0.9999181251016462
0.9999174767294762
0.9999165828825881
0.9999163404952931
0.9999164968906349
0.9999165699898118
0.9999160073606138
0.9999154497157856
0.9999152230286245
0.9999153597152245
0.9999153387974763
0.999914576750731
0.9999137628533574
0.9999133680340979
0.9999136603333305
0.9999136231683428
0.9999128569626851
0.9999121264538806
0.9999118264832961
0.9999117746578599
0.9999117242113523
0.9999111015682492
0.9999103352955324
0.9999101061459298
0.9999102568828879
0.9999101097596816
0.9999096725312646
0.9999087099523657
0.9999085422289883
0.9999090028323985
0.9999090606141523
0.9999085698893331
0.9999081733405768
0.9999079817665872
0.9999082290914725
0.999908133538304
0.9999076407830612
0.9999068228136093
0.9999066083223106
0.9999067296867469
0.9999064142632383
0.9999058412428931
0.9999049478009243
0.9999046920660882
0.9999048433072392
0.9999047712381901
0.9999041176498386
0.9999033956332908
0.9999033284629865
0.9999035911060321
0.9999034995833795
0.9999028964416686
0.9999019895198703
0.9999017256659093
0.9999019342419382
0.9999021006398771
0.9999012752310842
0.9999003810858014
0.9999000735090838
0.9999004145140122
0.9999005302864273
0.9999001022413102
0.999899231316178
0.9998986486841661
0.9998988968238156
0.9998987196521579
0.999898373438987
0.9998975837669224
0.9998974101499016
0.999897425397219
0.9998973868088314
0.9998969036210605
0.9998960318166622
0.9998955995735652
0.9998957609065752
0.9998956872035085
0.9998949312327946
0.9998942780166699
0.9998939254070641
0.9998939065689136
0.9998938678734461
0.9998931974078408
0.9998923580464727
0.9998921384260907
0.9998924434521971
0.9998919190427288
0.9998911306683735
0.999890425915767
0.9998901465075037
0.9998904456064394
0.9998903873732721
0.9998900063820989
0.9998894323518956
0.9998889719395792
0.9998887467931503
0.9998887087976296
0.9998882365947797
0.9998874066734241
0.9998872202933028
0.999887292665172
0.9998871639370223
0.9998864126520409
0.9998858845493105
0.9998854281640644
0.9998851794751586
0.999885132179473
0.9998844557294552
0.9998839078736421
0.9998836459083927
0.9998837315357434
0.999883643243797
0.9998830782352242
0.999882305209577
0.9998819447810662
0.9998820275626468
0.9998817413417082
0.9998809023114894
0.9998800193654048
0.9998798412346266
0.9998800258157602
0.9998800586686953
0.9998796021936017
0.9998788232326693
0.9998784417851911
0.9998786836350366
0.9998785767562014
0.999877822926822
0.9998771284278821
0.9998769101523727
0.999877186604229
0.9998771473219069
0.9998768018137678
0.9998760700110184
0.9998753244645038
0.999875547552984
0.999875452160266
0.9998751307679643
0.9998745503089694
0.9998742926717762
0.9998746186140747
0.9998743719039614
0.9998738164674958
0.9998733676204374
0.9998732532858386
0.9998735539135082
0.9998735354120543
0.9998730766168541
0.9998724797585027
0.9998724337143116
0.9998726132865098
0.9998725422011644
0.9998719962307896
0.9998709720194652
0.999870339549118
0.9998704871398759
0.9998705379631012
0.9998700419474564
0.9998695490180312
0.9998694625586644
0.9998696520194903
0.9998696994805135
0.9998694574800611
0.9998688617649744
0.9998685321424687
0.9998688450557032
0.9998687756505864
0.9998681545526301
0.9998676437635351
0.9998671871490453
0.9998670548283463
0.9998671013438875
0.9998667744891976
0.9998657957149558
0.9998654871748559
0.9998656265378066
0.9998653012003801
0.9998643710781646
0.9998635395641392
0.9998633779874153
0.9998634683699782
0.9998634686612725
0.9998632747991202
0.9998626478814623
0.9998624701579769
0.9998620661654436
0.9998621227605307
0.9998616540629722
0.999861019211231
0.9998608268195774
0.999860959929109
0.9998609524656995
0.9998601607524453
0.9998595317720059
0.9998596405283935
0.9998592515947414
0.9998590827678205
0.9998585351863024
0.9998577136934598
0.9998578282904589
0.9998577686802506
0.9998577715523675
0.9998570982760902
0.9998561503005616
0.9998560405688458
0.9998561042709154
0.9998557394136445
0.9998551130715692
0.9998545802097257
0.9998546802177396
0.9998543918487881
0.9998538971306512
0.9998537364217827
0.9998531020766187
0.9998527705360591
0.9998526467957982
0.9998525134107699
0.9998521150116396
0.99985113661299
0.9998508429725899
0.9998509876741063
0.999850767472305
0.999850005239397
0.9998497914349725
0.9998495707071905
0.9998494666381309
0.9998494874229606
0.999848971765108
0.9998485046845451
0.999847990235245
0.9998480795726021
0.999847922916933
0.9998468297276243
0.9998462656599243
0.9998460584067944
0.9998461502783967
