0.999999466536679
0.9999989508714637
0.9999978132006602
0.9999971846433464
0.9999976036012291
0.999998527708125
0.9999991645271646
0.9999988919755967
0.9999978187962253
0.9999969755582521
0.999997145001312
0.9999980130751372
0.9999987631166274
0.9999987465523169
0.9999978174573633
0.9999968246445041
0.9999967251577219
0.9999974788937842
0.999998330549645
0.9999985298338498
0.999997797136516
0.9999967283723801
0.9999963696817629
0.9999969496598337
0.9999978502270088
0.9999982993857244
0.9999977800611172
0.9999966616391005
0.9999960857234272
0.9999964773628709
0.9999973842435367
0.999997995086253
0.9999977266617037
0.9999966917482176
0.9999959075750864
0.9999960657867384
0.9999968948051028
0.9999976438338588
0.999997613790338
0.9999967060325179
0.9999957597704513
0.9999956753369156
0.9999963985243406
0.9999972349111226
0.9999974473122359
0.9999967092028599
0.9999956834013922
0.9999953575433114
0.9999959259104578
0.9999967859588067
0.9999972332945866
0.9999967098215649
0.9999956671366852
0.9999951172335687
0.999995485219796
0.9999963102000523
0.9999969134838284
0.9999966744486756
0.9999956734732486
0.9999949393402947
0.9999950888670032
0.9999958535916768
0.9999965670456991
0.9999965452682961
0.9999956566733769
0.9999947624751168
0.9999946924470802
0.999995340018809
0.9999961145020819
0.9999963311071595
0.9999956240457742
0.9999946491659213
0.9999943433759481
0.999994868801687
0.999995666391123
0.9999960842358022
0.9999955792003563
0.99999457436377
0.9999940744302261
0.9999944247175436
0.9999951914969143
0.9999957561569957
0.9999955032668812
0.9999945414543289
0.9999938360391675
0.9999939754752738
0.9999946917170028
0.9999953701987185
0.9999953626315415
0.9999945358119515
0.999993692661736
0.999993622718231
0.999994221245621
0.9999949657510946
0.9999951878650667
0.9999945106314433
0.9999935631849792
0.9999932836244909
0.9999937661205693
0.999994508302386
0.9999949185774625
0.9999944451582112
0.9999934796460755
0.9999929833828737
0.9999933176398871
0.9999940745342019
0.9999946237668811
0.9999943619922248
0.9999934347299458
0.9999927283063549
0.9999928445007733
0.9999935742044104
0.9999942190736415
0.9999941889346121
0.9999933752706636
0.9999925931874897
0.9999924954681711
0.9999930911564552
0.9999938177742803
0.9999939686514847
0.999993310632287
0.9999924197912041
0.9999921529970742
0.9999926371137692
0.9999933974880638
0.9999937440083884
0.9999932846748062
0.9999923726680321
0.9999919185954104
0.9999922220290925
0.9999929503912639
0.9999934497834004
0.9999931806112431
0.9999923200791344
0.9999917137784586
0.9999918194167283
0.9999924793329708
0.9999931168892889
0.9999930644636592
0.9999922949341898
0.999991522804749
0.9999914659397464
0.9999920511652942
0.9999927307750631
0.9999928916227147
0.9999922766109628
0.9999913775350956
0.9999911031358952
0.999991547849727
0.9999922612040901
0.9999926227068541
0.9999921795308723
0.9999912998088719
0.9999908382453884
0.9999911283745063
0.9999918278611787
0.9999923398755244
0.9999920750053902
0.9999912035766307
0.9999905585764677
0.9999906860969202
0.9999913553396302
0.9999919388981657
0.9999918849990171
0.9999911459050614
0.9999903971562623
0.9999903361564936
0.9999908696392245
0.9999915122897732
0.9999916562496145
0.9999910648041118
0.9999902621849421
0.9999900219297995
0.9999904615352976
0.9999911305347351
0.9999914306156528
0.9999910254614142
0.9999901946235328
0.9999897787478479
0.9999900436289428
0.9999906507912802
0.9999910821187934
0.9999908625107542
0.9999900509685922
0.9999894807831015
0.9999896018612133
0.999990144895349
0.9999907334468784
0.9999907054828782
0.9999899799359437
0.9999892992141753
0.9999892461265466
0.9999897317424342
0.9999903375944921
0.9999904989598362
0.9999898774670507
0.9999891171298112
0.9999889772078023
0.9999893937994894
0.9999900058546901
0.9999903215917015
0.9999898923198264
0.9999890614451811
0.9999887203046721
0.9999889723071576
0.9999895767839705
0.9999900214256968
0.9999897816857919
0.9999890189161436
0.999988509209402
0.9999886806679185
0.9999892081772369
0.9999897461152817
0.9999897021085253
0.9999889723544477
0.999988343161389
0.9999883636724631
0.9999888247908738
0.9999893781205295
0.9999895076077073
0.9999889045819311
0.9999881686486037
0.9999879896986178
0.9999883990414824
0.9999890001523205
0.999989287443198
0.9999888730994394
0.9999881384480939
0.9999878143681564
0.999988080880769
0.9999886289368515
0.9999890523264665
0.99998881594235
0.9999880776430699
0.9999875861387353
0.9999877138841806
0.9999881924284303
0.9999886972682474
0.9999886272161056
0.9999879262152178
0.9999873358486439
0.9999873109828172
0.9999877502295342
0.9999882848901406
0.9999884125623834
0.9999878548752968
0.9999871370271098
0.9999869963206025
0.9999873298367198
0.9999878660236745
0.999988165053975
0.999987759532587
0.9999870391760501
0.999986763808392
0.9999870591193496
0.9999875908151925
0.9999880006815123
0.9999877765267843
0.9999870708920591
0.999986601277346
0.9999867603299033
0.9999872579527389
0.9999876848813983
0.9999876639904866
0.9999870012337829
0.9999864032460669
0.9999864237742048
0.9999868339970172
0.9999873247910224
0.9999874321994028
0.9999868975126348
0.9999861905163159
0.9999860310771284
0.999986412474611
0.99998691351636
0.9999871330585969
0.9999867651829163
0.9999860016613463
0.9999856506083247
0.9999859128225592
0.9999863848660477
0.999986766571052
0.9999865330246238
0.9999858135657337
0.9999853821937633
0.999985507211625
0.9999859879995249
0.9999864295616456
0.9999864313557333
0.9999858131412773
0.9999852592007381
0.9999852147897803
0.9999855923499775
0.999986069313248
0.9999861955804477
0.9999857453582937
0.9999850950695064
0.9999848813115999
0.9999852166980531
0.999985710264035
0.9999859765423805
0.9999856240832894
0.9999849185899666
0.9999846377033079
0.9999848564572706
0.9999853269644606
0.9999856759013709
0.9999854492287036
0.9999848019087513
0.9999843925210019
0.9999844438095428
0.9999848163017548
0.9999852845397805
0.9999852854941292
0.999984709846568
0.999984139591218
0.9999841092106398
0.9999844693767018
0.9999849443799572
0.9999850587897325
0.999984572375745
0.9999839188291821
0.9999837357067072
0.9999839676540898
0.999984432280111
0.9999847199057612
0.999984335892826
0.999983678725192
0.9999834175389652
0.9999836017729645
0.9999839999105286
0.9999843777242465
0.9999842197632172
0.9999835152117461
0.9999830682133966
0.9999831694379816
0.9999834952440614
0.9999839349485116
0.9999839360113525
0.9999833444034946
0.999982813820726
0.9999828261804179
0.999983150501718
0.9999836322677741
0.9999837822221737
0.999983315256486
0.9999826954447998
0.9999825238027709
0.9999827277998733
0.9999831327151614
0.999983411219809
0.9999830580450382
0.9999824427743702
0.9999821591226794
0.9999823146675328
0.9999827080338448
0.9999830718816934
0.9999829005086183
0.9999822803252891
0.9999819265733171
0.9999820290937761
0.9999824198751119
0.9999828331220747
0.9999827882273814
0.9999821795921304
0.9999817047838823
0.9999816520778446
0.9999819573264537
0.9999824125136498
0.9999825720286131
0.9999821140312868
0.9999815890001857
0.9999814945224993
0.9999817442700696
0.9999822187250824
0.9999825239016968
0.9999821749824735
0.9999815895460432
0.9999813634381898
0.9999815459772964
0.9999819337934622
0.9999822556439474
0.9999820141575478
0.9999814015237922
0.9999810196147738
0.9999810477806177
0.9999814435723721
0.9999818880572197
0.9999818918067112
0.9999813955151716
0.9999809029991454
0.9999808393857252
0.9999810767754834
0.9999815609457271
0.9999816883175953
0.9999812304496757
0.9999807095346154
0.9999806161081667
0.9999807895619888
0.999981276109683
0.999981538324609
0.999981203448231
0.9999806424274823
0.9999804290712433
0.9999805419135395
0.9999809407649458
0.9999813269309276
0.9999811466992703
0.9999806100520542
0.9999802421038914
0.9999803267156848
0.999980673819686
0.9999810777530189
0.9999811037075536
0.9999805207878159
0.9999800689517909
0.9999800358221098
0.9999802499649625
0.9999806104691069
0.9999807946653781
0.9999803503868098
0.9999798809451563
0.9999797541613054
0.9999799176427064
0.9999803099529577
0.9999806094433933
0.9999802195522088
0.9999796438823704
0.9999794305568268
0.9999795577588662
0.9999798650126813
0.9999802135762206
0.9999800297475352
0.9999794634791753
0.9999791501429278
0.9999792210714745
0.9999795221264447
0.9999798953540291
0.9999799180678247
0.999979337986124
0.9999788840109141
0.999978860798883
0.9999790879727363
0.9999795064110809
0.9999796712964922
0.9999791655558777
0.9999786121805211
0.9999784922615954
0.9999786415467901
0.9999790461450193
0.9999792868247136
0.9999789437851663
0.9999783389471695
0.999978151956134
0.9999782889954416
0.9999786521710984
0.9999789986037857
0.9999788448869404
0.9999782892015304
0.9999779181720958
0.9999779832928155
0.9999782879249436
0.9999786705884872
0.9999786683847145
0.9999780950877121
0.9999776362064453
0.9999776269799838
0.9999778440693378
0.9999782268724446
0.999978364962283
0.9999779612968015
0.9999774591894222
0.9999773508734797
0.9999775562314985
0.9999779320558494
0.9999781334029118
0.9999777902384543
0.9999772987111374
0.9999770886593983
0.999977223820012
0.999977547136572
0.9999779188671833
0.99997776058418
0.9999772048933828
0.9999769193886597
0.9999769356306634
0.9999771477984791
0.9999774802484318
0.9999774643117937
0.9999769638617607
0.999976580253531
0.9999766054655898
0.9999767886095787
0.9999771331471327
0.999977209699311
0.9999768037325614
0.9999763531455215
0.9999762382512967
0.9999763897031826
0.9999767037871293
