0.9999999374606134
0.9999832124895577
0.999966206804242
0.9999496433902436
0.9999321075560326
0.9999173894279085
0.9999024601125631
0.9998875212000087
0.9998704333331362
0.9998541502855066
0.9998357424908676
0.9998183535380806
0.999804493415663
0.9997890935635781
0.9997715290714146
0.9997554698225265
0.9997410619970606
0.9997221237481377
0.9997031054725468
0.9996865130279284
0.9996698492972792
0.9996532756728597
0.999639821682388
0.9996261231530138
0.99961075116191
0.9995900659660231
0.9995778417858616
0.9995607673417244
0.9995478309817585
0.9995268305346506
0.9995078808962597
0.9994967495146087
0.9994801124953336
0.999456685376358
0.9994444947636462
0.9994305962163696
0.9994154374530771
0.9993996283325538
0.9993840931657482
0.9993682597429517
0.9993478793798383
0.9993284647515654
0.9993155832249474
0.9993044877314523
0.9992886108513794
0.9992735880522263
0.9992576223995264
0.999235068211843
0.9992187529785822
0.9992058678466258
0.9991835873520267
0.9991666507261531
0.9991578984790643
0.9991436392881119
0.9991264179161006
0.9991188179579753
0.9990983962877736
0.9990840846725084
0.9990726706581918
0.9990572799782602
0.9990434672305348
0.9990233109018825
0.999006677052479
0.9989901102787355
0.9989740088139047
0.9989616001811277
0.9989433424970358
0.9989219703220644
0.998903828440326
0.9988845765648087
0.9988588917305753
0.9988470983669098
0.9988336461962156
0.9988121092351
0.9987985921392776
0.9987820505567938
0.9987672101143802
0.9987541195311522
0.99874548044281
0.9987265196836617
0.998711931240714
0.9986944992644164
0.9986724537755632
0.9986546176080163
0.998637318096183
0.9986317906167743
0.9986107497998249
0.9985948132320949
0.9985780563761948
0.9985586061414303
0.9985370820821317
0.998526094495907
0.9985194002899938
0.9985011810485821
0.998493213581241
0.9984737960555927
0.998467620351412
0.9984430204058216
0.9984257923347588
0.9984101041742892
0.9983965607526487
0.9983762688492948
0.9983654951337018
0.998352159978501
0.9983380198298875
0.9983229424358936
0.9983075443619427
0.9982886950083776
0.9982728922512406
0.9982517882027947
0.9982325755014871
0.9982144067899635
0.9981973859736512
0.9981893856595611
0.9981736733956601
0.9981515359308037
0.9981379404175521
0.9981281523772382
0.9981244092892515
0.9981061434374717
0.9980910213853333
0.9980630103034391
0.998041411486341
0.9980263281043859
0.9980111087870285
0.9979965256403
0.9979756891581296
0.9979543996055159
0.9979398525222426
0.9979192321977814
0.9979064083378206
0.99788722945479
0.9978783545436197
0.9978582481779391
0.9978438320528725
0.9978197979715391
0.9978036533067789
0.997779778165399
0.9977540778272586
0.9977352663699948
0.9977171037446912
0.9977043390509525
0.9976878774203697
0.9976723518121076
0.9976557712495572
0.9976437838590353
0.9976331493935947
0.9976215694466377
0.9976091912457136
0.9975939007505795
0.997578162888466
0.9975700941076664
0.9975521797074534
0.9975372757264525
0.997519160052224
0.9975103328572799
0.997489053609877
0.9974720475386308
0.9974595946186315
0.9974378006837137
0.9974161020012111
0.9974067000180372
0.9973912672278321
0.997377465534527
0.9973704291638736
0.997359550191104
0.9973418483064934
0.9973249910432931
0.9973130909931729
0.9972958997433737
0.9972864614430426
0.9972681854109895
0.9972392943674118
0.9972188478885825
0.9971925254389812
0.9971723804627828
0.9971613704720094
0.9971514576777969
0.9971296770230117
0.9971092758037147
0.9970918531399509
0.9970730369953055
0.9970611616651547
0.9970460203634817
0.9970325320184825
0.997020332646163
0.9970119093029319
0.9970056380828206
0.9969944434558703
0.996986767376652
0.9969805987460363
0.9969734904176497
0.9969464436237043
0.9969148993947503
0.9968894338918791
0.9968841346267722
0.9968681537574929
0.9968503597818656
0.9968377951122797
0.9968186345025706
0.9968084528400829
0.9968027827193777
0.9967938508233216
0.9967722494314195
0.9967591392091982
0.9967322551830615
0.9967182260702295
0.9967031221061328
0.9966897679605051
0.9966687304774162
0.996639943585625
0.9966203163264367
0.9966010922794794
0.996579580043397
0.9965502841478501
0.9965365391839212
0.9965174394072617
0.9964882611540561
0.9964783961863324
0.996469255898314
0.9964503183720173
0.9964288893202877
0.9964165807223478
0.9964071531443595
0.9964035853474819
0.9963927977370133
0.99638441392847
0.9963613422439208
0.9963336758684928
0.9963154026189982
0.9962989448600288
0.9962796860220343
0.9962597283329792
0.996241194279478
0.9962329804506849
0.9962177439495623
0.996200906808805
0.99618690351451
0.996178918532516
0.9961582345773733
0.9961393390560398
0.9961276838135379
0.9961136553905372
0.9960911464359014
0.9960578856647869
0.9960362208906157
0.9960241599005136
0.9959944648678489
0.9959754717234149
0.9959513957528507
0.9959523638592009
0.995939811888247
0.9959176602377566
0.9959089906768563
0.9958804212028736
0.9958625975058861
0.9958552374378664
0.9958333672862587
0.9958115619594733
0.995783565918207
0.9957712488732574
0.9957601602566037
0.9957424069119887
0.9957356768983356
0.9957285326909922
0.9957248264681648
0.9957051872132479
0.9956829461539146
0.9956595210760656
0.9956306466225545
0.9956139166257971
0.9955991722553033
0.9955853810614084
0.9955724084393641
0.9955583171742263
0.9955358706489139
0.9955086159515975
0.9955088064537477
0.9954980541486551
0.9954695724714059
0.9954706043817306
0.9954555218188794
0.9954478233028607
0.9954388305635459
0.9954368703615135
0.9954251990740659
0.9954023452851888
0.9953751219110359
0.9953723336197952
0.9953637905077259
0.99533372002805
0.9952994409017536
0.9952775674906019
0.9952541249500803
0.9952304705483597
0.9952121712447415
0.9952045142166557
0.9951795342193388
0.9951692081153771
0.9951496038916731
0.9951381834849946
0.9951221294047552
0.9950982907663497
0.9950856535455743
0.9950771498432327
0.995074290490925
0.9950656809827041
0.9950490243307744
0.9950392102572274
0.9950168037385482
0.9950052992781164
0.9949863542691003
0.9949793678150834
0.9949729666003967
0.9949560471442106
0.994937678462196
0.9949293590888515
0.9949127870652082
0.9948982587456235
0.9948697303033278
0.9948637196954854
0.994854339670592
0.994834218296562
0.9948179410198872
0.9948160274854981
0.994798095492998
0.9947571269146219
0.9947480377035673
0.994744210603079
0.994721390537983
0.9947009161586421
0.9946976573042279
0.9946851437959859
0.9946607856930472
0.9946489238459204
0.9946377489657958
0.9946139530332961
0.9945793773678826
0.9945753345804859
0.9945642125528608
0.9945547824838114
0.994528677819838
0.9945133146140588
0.9945103138564289
0.994487096833582
0.994475286266774
0.9944625764195584
0.9944523751268732
0.9944377197680181
0.9944084625203797
0.9943892831125297
0.9943615050724119
0.9943273387194848
0.9943265345076978
0.994310068112691
0.9942969495179476
0.9942796579060647
0.9942602297101079
0.9942442808510655
0.9942395488548682
0.9942311800742574
0.9942172629001998
0.9942115787746211
0.9942216616941711
0.994214381540706
0.9941751042718291
0.9941347337728241
0.9941094292435169
0.9940761903563204
0.9940650711316643
0.994055719673432
0.9940363587011782
0.9940220148860613
0.993998932700947
0.9939799339856065
0.9939767668862715
0.9939763147305668
0.9939487554394828
0.9939345895281796
0.9939267003111381
0.9939045779929787
0.9938839739326821
0.9938625805972894
0.9938543922119353
0.9938448544775346
0.9938195458263388
0.9937980038326676
0.9937888130177969
0.9937694224915642
0.993756571326167
0.9937374360373735
0.9937230537974854
0.9937229690383531
0.9936980195043744
0.993682045079003
0.9936682452965452
0.993646683920992
0.9936063537729914
0.9935969222976183
0.9935794087913468
0.9935779605659639
0.9935791301123138
0.9935582142682339
0.9935335970790851
0.9935205556964607
0.9934985049752751
0.9934752745192217
0.9934655135404895
0.9934481748641087
0.9934364297697824
0.9934168327923723
0.9934019746087988
0.99337890873441
0.9933821002669336
0.9933714377896491
0.9933696102768902
0.9933605996230505
0.993326564480474
0.9933085071885267
0.9932990454762558
0.993291665169334
0.9932756400573084
0.9932629603917382
0.9932563615777288
0.9932604801093761
0.9932550715247632
0.9932597318497144
0.9932395081704138
0.9932235889292302
0.9932047269136517
0.9931849134190808
0.9931629696277888
0.993136959537313
0.9931066770549752
0.9930912869469138
0.9930758339087478
0.9930576001068236
0.9930145317494341
0.9929733331631475
0.9929675925430813
0.9929499513402898
0.9929321317937778
0.9928899695451625
0.9928524516882311
0.992830558003789
0.992810034214557
0.9928137629987192
0.992781951556054
0.9927732157426146
0.9927463908808812
0.9927341121428549
0.9927108634412166
0.9926903289287115
0.9926832429555225
0.9926584932432746
0.992644624515606
0.9926184876383375
0.9926138580662135
0.992579552664059
0.9925665204958227
0.9925491326779553
0.992528130605178
0.9925227537824785
0.9925104976693164
0.9924889781838512
0.9924674155661494
0.992444046868357
0.9924420467401914
0.9924200583360224
0.9923870221224076
0.9923777691612933
0.9923580027681461
0.992340263446259
0.9923190268121185
0.9922997134620727
0.9922791476241037
0.992257409742481
0.9922340572763407
0.9922251643629482
0.9921990558008537
0.992173310762855
0.9921525091249149
0.9921529628316164
0.9921352660879457
0.99212644913777
0.9921136619072513
0.9921062113653881
0.9920813559024003
0.9920706880239099
0.9920435061478724
0.9920026043864597
0.9919902204133375
0.9919709382173872
0.9919508623777521
0.9919266233147085
0.991907132502552
0.9918817126029917
0.9918651332854757
0.9918630905214003
0.9918630156271381
