0.9999998415482879
0.9999994041492825
0.9999991391555488
0.9999995904222235
0.9999994946762625
0.9999989634696601
0.9999991937244855
0.9999994702960365
0.9999989795084562
0.99999880674992
0.9999992707589781
0.9999990989615086
0.9999986064410857
0.9999989027189745
0.9999991083747334
0.9999986045215623
0.9999985207720536
0.9999989480526785
0.9999986879128899
0.9999982624020465
0.9999986116271163
0.9999987319308782
0.9999982092498872
0.9999982133489563
0.9999986019191658
0.9999982780175434
0.9999979084946906
0.9999983106672277
0.9999983610543256
0.9999978323463344
0.9999979274827373
0.9999982767971836
0.9999978789263886
0.9999975866235613
0.9999979963585828
0.9999979506532213
0.9999974468134398
0.9999976356530744
0.9999979284657815
0.9999975004894363
0.9999972901359448
0.99999769575829
0.9999975648807268
0.9999970725034454
0.9999973223184091
0.9999975525171999
0.999997087180977
0.9999969732360574
0.9999973609017344
0.999997135097714
0.9999966815326009
0.9999970153577311
0.9999971822470415
0.9999966846039855
0.9999966556264094
0.9999970422510318
0.9999967617220579
0.9999963778413598
0.9999967333696069
0.9999967789719193
0.9999962858279423
0.9999963414017676
0.9999966908944127
0.9999963291247742
0.9999960429910706
0.9999964240444005
0.9999964202928537
0.9999959416582956
0.9999960859553048
0.9999963996087157
0.9999959743515737
0.999995765192641
0.9999961557278273
0.9999960417891097
0.9999955716060783
0.9999957692729438
0.9999959702481336
0.9999955484707131
0.9999953616359372
0.9999957653093344
0.9999955710644183
0.9999951466487106
0.9999954000062262
0.9999955409615653
0.9999950810428954
0.9999950028252165
0.9999953423504122
0.9999950951230235
0.999994740192846
0.9999950938673076
0.9999951639724184
0.9999946879883109
0.9999947087824125
0.9999950519404248
0.9999947187902851
0.9999943757257257
0.9999947208799517
0.9999947462795433
0.9999942938182905
0.9999944121080236
0.9999947027388483
0.9999943335679423
0.9999941094464471
0.9999944845756564
0.9999944275535533
0.9999939912631869
0.9999941469201447
0.999994385322936
0.9999939677064639
0.999993806787647
0.9999941662660548
0.9999940209916388
0.9999935909959845
0.9999938342184238
0.9999939940264332
0.9999935411407432
0.9999934660471586
0.9999938256128266
0.9999935838574633
0.9999932127142489
0.9999934955179428
0.9999935775689002
0.9999931332534049
0.9999931634909965
0.9999934668738628
0.9999931540246525
0.9999928312738682
0.9999931749262526
0.9999932019671132
0.9999927300554247
0.999992818625334
0.999993104590984
0.9999927747038934
0.9999925335366469
0.9999928663190774
0.9999928531175666
0.999992400194663
0.9999925684863056
0.999992751365275
0.9999923671262492
0.9999921917412916
0.9999925185897617
0.9999923715636853
0.9999919970746105
0.9999921923886383
0.9999923924277409
0.9999919412164183
0.9999918512135086
0.9999921743969699
0.9999919827893091
0.9999916289688631
0.9999919003304448
0.9999919930744416
0.9999915917360789
0.9999915686172001
0.9999918628170784
0.9999916261132951
0.9999913312067374
0.9999915988934961
0.9999916519410071
0.9999912388384391
0.9999912643639954
0.999991534872061
0.999991243416184
0.9999909642855769
0.9999913005536658
0.9999912976567384
0.9999909052166502
0.9999910181233289
0.9999912742050856
0.9999909155636167
0.9999907204775491
0.9999910589026304
0.9999909876718288
0.9999906183545108
0.9999907807728632
0.9999909606852458
0.9999906082907718
0.9999904837970205
0.9999907636295083
0.999990606330165
0.9999902518958638
0.9999904614441321
0.9999905627060434
0.9999901729023597
0.9999900938659887
0.9999903832899144
0.9999901772314241
0.999989842978775
0.9999901376620559
0.9999901993743489
0.999989811584232
0.9999898405661353
0.9999900967814583
0.9999898555449194
0.9999895873190372
0.9999898496947541
0.9999898150175663
0.9999894245655749
0.9999894854428267
0.9999896692328691
0.999989374321579
0.9999891475526965
0.9999894379434559
0.9999893824653773
0.9999889837330005
0.9999891172503876
0.9999892977786388
0.9999889390157403
0.9999887163975619
0.9999890309858063
0.999988910567107
0.9999885252429582
0.9999887166431861
0.9999888583250116
0.999988463902843
0.9999883654746118
0.9999886321101469
0.9999884434478962
0.9999881195490514
0.9999883969003586
0.9999884618222007
0.999988104764937
0.9999880430066591
0.9999882762201912
0.9999880361760786
0.9999877584681076
0.9999880124585799
0.9999879800904269
0.999987584491304
0.9999876590442665
0.9999879266203449
0.9999876459779796
0.9999873956321008
0.9999877082003897
0.9999876644728919
0.9999872912063227
0.9999874153757793
0.9999876225363794
0.9999873467082072
0.9999871625743437
0.9999874585232387
0.9999873250574333
0.9999869447749667
0.9999870822278549
0.9999872301878209
0.9999868754170759
0.9999867761386901
0.9999870731352444
0.9999869111924532
0.9999865702975399
0.9999867708262185
0.9999868717898059
0.9999865341611769
0.9999865117048676
0.9999867447587577
0.9999865711062047
0.9999862674084566
0.9999864908359586
0.9999865299297213
0.9999861355496388
0.9999861855811781
0.9999863993854299
0.9999861380415281
0.999985907721616
0.9999861590960532
0.9999861911631296
0.999985805008777
0.999985937157254
0.9999861462578867
0.999985823620131
0.9999856475642906
0.9999858912831193
0.9999858291865247
0.9999854515605012
0.999985629587938
0.9999857686010005
0.9999854179314989
0.999985339589912
0.9999856095661632
0.9999854519452781
0.9999851330284255
0.9999853365081687
0.9999854263802612
0.9999850991802907
0.9999850572469
0.9999852679794501
0.9999851147089017
0.9999848107459355
0.9999850491507533
0.9999850459726837
0.9999846766998884
0.9999847026776015
0.9999848458169119
0.999984614981739
0.9999843177984108
0.9999845725601965
0.9999845518841969
0.9999842064617276
0.9999842857299129
0.9999844547036972
0.99998415660461
0.9999839806931208
0.9999842628707165
0.9999842242949781
0.9999838707034184
0.999983975948689
0.9999841965386764
0.9999838795799078
0.9999837608102922
0.9999840917864209
0.9999839564376104
0.9999836629752064
0.999983767403665
0.9999838450988753
0.9999835435008
0.9999835022392592
0.9999837307118317
0.9999835645617418
0.9999832625519278
0.9999834651017775
0.9999835481167535
0.999983238832254
0.9999832303482186
0.9999834691074246
0.9999832387626393
0.999982983944685
0.9999831819354327
0.9999831199806748
0.9999827850505
0.9999828560007392
0.9999830752428652
0.9999828024647184
0.9999826678208134
0.999982858618053
0.9999828297417536
0.9999824619084462
0.9999825536911109
0.999982690706206
0.9999823839689306
0.9999822488780151
0.9999825102925562
0.9999823840286808
0.9999820469971952
0.999982187104582
0.9999823630102571
0.9999820454385396
0.9999819538753378
0.9999821896113106
0.9999820459394002
0.999981770357163
0.9999819623232611
0.9999820332105814
0.9999816908201448
0.9999816649803938
0.9999819109498832
0.9999817401221808
0.9999815274116078
0.9999817102612969
0.9999817380091494
0.9999814544626426
0.9999814617245688
0.9999816016703428
0.9999813735478028
0.9999812317164086
0.99998145306486
0.9999814563485274
0.9999811588560441
0.9999812440991822
0.9999813831245824
0.999981114111853
0.9999809563076041
0.9999811776161772
0.9999810870317749
0.9999808003210277
0.9999808675768643
0.999980940159261
0.9999806320631001
0.9999805589524037
0.9999807716067568
0.9999806393751547
0.9999803174207517
0.9999804473872699
0.9999805617056273
0.9999802614435599
0.9999802729232788
0.9999804764448306
0.9999802964256234
0.9999800744638424
0.9999803167535984
0.9999803474563961
0.9999800014089951
0.999980027865751
0.9999802100522914
0.9999800302897534
0.9999797741237758
0.9999799694310886
0.9999799731375818
0.9999796926361122
0.9999797650401017
0.9999799662071718
0.9999797606706013
0.9999796151177227
0.9999798336434538
0.9999797259893567
0.9999793710405184
0.9999794557516183
0.9999795814737271
0.9999793305006779
0.9999792640271092
0.999979457564964
0.9999793039157836
0.9999790589953006
0.9999792346382824
0.9999793838376425
0.9999790562338221
0.9999789284743535
0.9999791024297263
0.9999789371225095
0.9999787270416882
0.9999789144428757
0.9999789377712762
0.9999786530656771
0.9999786653550731
0.9999788840484632
0.9999786488565516
0.9999783983400374
0.9999786010133371
0.9999786101551195
0.9999783150967163
0.9999783477115942
0.9999785560192993
0.9999783358588366
0.9999781139868852
0.9999782912595262
0.999978199152999
0.9999778503500817
0.9999779538153591
0.9999780265317766
0.9999777812629455
0.9999775865313656
0.9999778342599369
0.999977777337001
0.9999774402586298
0.9999775811805253
0.9999776712928954
0.999977401912835
0.999977330778812
0.9999775463809972
0.9999774648902487
0.9999771902786856
0.9999773309793416
0.9999773580439955
0.999977060328454
0.999977055821822
0.9999772822288339
0.9999771284042402
0.9999769265791411
0.9999770743290066
0.9999770924110724
0.9999767447250003
0.9999768279675416
0.9999769617707053
0.9999768050206229
0.9999766086818486
0.9999767558341847
0.9999767276650023
0.9999764659830599
0.9999765248308431
0.9999767007350735
0.9999764208936182
0.9999762822964807
0.9999764186796627
0.9999763393528791
0.9999760669367956
0.999976143205859
0.9999763257027566
0.9999760307863665
0.9999759220111487
0.9999760884962582
0.9999759488685945
0.9999757429743192
0.9999758649211359
0.9999759211242322
0.999975633109611
0.9999755758497076
0.9999757685501982
0.999975628092407
0.9999753723109965
0.9999755200646434
0.9999755131382572
0.99997523170443
0.99997516854753
0.9999753662215776
0.9999752649792473
0.9999750876706874
0.9999752036656064
0.9999751914426649
0.9999748767643951
0.9999749279005111
