0.9999996899021506
0.9999991856681364
0.9999983968764905
0.9999985031414835
0.9999992047160782
0.9999994067126754
0.9999987453609638
0.9999980847409227
0.9999984170348035
0.999999078565293
0.9999990620989581
0.999998283249109
0.9999978469647255
0.9999983605553718
0.9999989316708751
0.9999986908543703
0.9999978615248812
0.999997664178035
0.9999983093433729
0.999998722338115
0.9999982860732594
0.99999750133423
0.9999975812099208
0.9999982616413732
0.9999985026413105
0.9999978630467918
0.999997184139591
0.9999974643851129
0.9999981311927417
0.9999981603176856
0.9999974016333093
0.9999969158287154
0.9999973915681934
0.9999979780407762
0.9999977842527243
0.9999969564817266
0.9999967020821473
0.9999973080450503
0.9999977475844269
0.9999973616483587
0.9999965712489095
0.9999965935026913
0.9999972766781702
0.999997569211701
0.999996957645947
0.9999962553146224
0.9999965195859927
0.9999971603100756
0.9999972206428982
0.9999965100885717
0.9999959914705681
0.9999964468996589
0.9999970288918263
0.9999968659815953
0.9999960589629889
0.9999957620065194
0.9999963188466622
0.9999967915561075
0.9999964305141162
0.9999956461339932
0.9999956086569742
0.9999962696727305
0.999996573998039
0.9999960286610912
0.9999953078429022
0.9999954941691702
0.9999961682449713
0.9999962707249777
0.9999955995485499
0.9999950353548991
0.9999954333726861
0.9999960175755773
0.9999958984311296
0.9999950874730495
0.9999947483483373
0.9999953053756407
0.9999957806276036
0.999995452689934
0.9999946643553453
0.9999945648166548
0.9999952098929907
0.9999955202744375
0.9999950143798095
0.99999429028091
0.9999944385020229
0.9999951072001447
0.999995247561269
0.9999945957672399
0.9999940062731542
0.9999943436544648
0.9999949605788808
0.9999948773970777
0.9999941234516061
0.9999937153520971
0.9999942613840733
0.9999947617250678
0.999994488478057
0.9999936774984229
0.9999935289137349
0.9999941715904461
0.9999945048573478
0.999994051333073
0.9999933003093326
0.9999933979018615
0.9999940512554188
0.9999942167860105
0.9999936266071219
0.9999930081542067
0.9999933215890568
0.9999939356991692
0.9999938937160896
0.9999931621420539
0.9999927313255524
0.9999932268351167
0.9999937404230999
0.9999935313766315
0.9999927682532085
0.9999925724746559
0.9999931722536444
0.9999935056274268
0.9999930993399139
0.9999923971722867
0.9999924189199833
0.9999930729664581
0.9999932606292593
0.9999926995164633
0.9999920770966304
0.9999923218786708
0.9999929491658386
0.9999929639729349
0.9999922802061554
0.9999918067700927
0.9999922587458885
0.9999927924892635
0.9999925883730374
0.9999919003805772
0.9999916751314565
0.9999922081875264
0.9999925802264323
0.9999922287304998
0.9999915774885727
0.9999915185470399
0.9999921072191927
0.9999923282025465
0.999991810535934
0.9999912070400494
0.9999914099317211
0.9999919727939051
0.9999919838655099
0.9999913795708669
0.9999909303755827
0.9999912731692009
0.9999918151686931
0.9999916333622221
0.9999909572260192
0.9999906502520194
0.9999911763168914
0.9999916073789862
0.9999912101620173
0.9999905489494298
0.9999905057943212
0.9999911257365851
0.9999913770707558
0.9999908315266887
0.9999902573240874
0.9999903509827708
0.9999909481996679
0.9999910213214911
0.9999904285351654
0.9999899371767109
0.9999902766410818
0.9999908018932774
0.9999906908409465
0.9999900479804756
0.9999897251589964
0.9999901845960162
0.9999906465359204
0.9999903336643416
0.9999896258007802
0.9999895395368641
0.9999900760318585
0.9999903647730299
0.9999898924293562
0.9999892506627083
0.9999893384646819
0.9999898864326722
0.9999900133800762
0.9999894164631125
0.9999889531550498
0.9999892097106748
0.9999897516358396
0.99998968221546
0.9999889903434587
0.9999886695238187
0.999989085800021
0.999989505852934
0.9999892689435766
0.9999885825019738
0.9999884249445666
0.9999889352626974
0.9999891896712096
0.9999887732889684
0.9999881191503639
0.9999881799895896
0.9999887150466197
0.9999888724347521
0.9999883076619032
0.9999877888484481
0.9999879985251339
0.9999885358006482
0.9999884915606496
0.9999879070470683
0.9999876050598657
0.9999880430801911
0.999988485116611
0.999988207352373
0.9999875632815521
0.9999873902467574
0.9999878756265616
0.9999882290291386
0.9999878377336681
0.9999872187765977
0.9999872181474376
0.9999877532740574
0.9999879305610382
0.9999874067192339
0.9999868466801434
0.9999870710636369
0.9999876145555454
0.9999876128555606
0.9999870168361831
0.9999866324999002
0.9999869666212979
0.9999873932177672
0.9999872021255823
0.9999865942142209
0.9999863836813756
0.9999868801721339
0.9999872318058237
0.9999869432532894
0.9999862981639784
0.9999862773611564
0.9999868049524328
0.9999869954489535
0.9999865392785456
0.9999860259641838
0.9999861979398069
0.9999866843054676
0.9999867067570339
0.9999861446580097
0.999985790699278
0.9999861145810096
0.9999865283205698
0.9999864384785087
0.9999858338074326
0.999985574522198
0.9999859401428178
0.9999862754210034
0.9999859967328437
0.9999853812016422
0.9999853382784623
0.9999858061263429
0.9999859848890964
0.9999855587571552
0.9999850248071709
0.9999851436151365
0.9999856509279729
0.999985748458535
0.9999852620522273
0.9999848547282042
0.9999851009198567
0.9999855325721677
0.9999854554417115
0.9999849285247675
0.9999846716919876
0.9999849929581363
0.9999853459515256
0.9999851161597432
0.9999845572990473
0.9999844740241858
0.9999849006541118
0.9999851102379579
0.9999847036429427
0.9999841683885929
0.999984206827617
0.9999846642944384
0.9999847491510039
0.9999842742357483
0.9999838698479265
0.9999840547634858
0.9999844853637675
0.9999843698850703
0.9999837824730133
0.9999834978039799
0.9999838363832451
0.9999841898738733
0.9999840093202267
0.9999834941123661
0.9999833418604993
0.9999837464710435
0.9999839692021827
0.999983597797071
0.9999831152178048
0.9999831273536226
0.9999835626731725
0.9999837097674645
0.999983248755889
0.9999828515168732
0.9999830060530565
0.9999834656277707
0.9999833841623091
0.9999828510247754
0.9999825353674989
0.9999828174552193
0.9999832141971472
0.9999830528799121
0.9999825488592963
0.9999823160587801
0.9999826941920019
0.9999830033439299
0.9999826928242319
0.999982164459693
0.9999821453401689
0.9999825260440082
0.9999826698218549
0.9999822479922654
0.9999818142352052
0.9999819362901753
0.9999823852177491
0.9999824312151141
0.9999819282578972
0.9999815743082177
0.9999818312353811
0.999982212181929
0.9999820885382068
0.9999814916369928
0.9999813250667392
0.9999817253548478
0.9999820342000061
0.999981732692426
0.9999812255287092
0.9999811627250739
0.9999815176426047
0.9999817188037489
0.9999813473245023
0.9999808813661335
0.9999809818376211
0.9999814489151628
0.9999815459794751
0.999981183385062
0.9999808428631726
0.9999810603418545
0.9999814019469538
0.9999812393245981
0.9999808064621518
0.9999805714361348
0.9999808577903149
0.9999811508027753
0.9999809205643031
0.9999804056676697
0.9999803681456287
0.9999807244190595
0.999980887948269
0.9999805720963323
0.9999801311955856
0.9999802039474662
0.9999806290343484
0.9999806410558129
0.999980168746871
0.9999798299514764
0.9999800248813999
0.999980370444921
0.9999803187891408
0.9999798606153164
0.9999795845450389
0.9999799117714014
0.9999801554507672
0.9999799626285765
0.9999794869714408
0.9999793477481782
0.9999796870792337
0.9999799146981329
0.9999796140522307
0.9999791892997746
0.9999791999552955
0.9999795532534195
0.9999796962085494
0.9999792627937959
0.9999788821231189
0.9999790190499387
0.9999793745979514
0.9999793447151416
0.9999789401851737
0.9999786296142068
0.9999789180632673
0.9999792188793671
0.9999790720302774
0.9999786091270219
0.9999784828193293
0.9999789226192313
0.9999791180431024
0.999978796163687
0.99997833276618
0.9999783463711813
0.9999787755938108
0.9999788762077888
0.9999785223988565
0.999978159048636
0.9999782502988763
0.9999786491552187
0.9999785573045147
0.9999780974574719
0.9999778040729027
0.9999780398024964
0.9999783891179145
0.9999782376426214
0.9999777619006606
0.9999775610647259
0.9999778819386788
0.9999780805639661
0.9999778321345182
0.999977365484205
0.9999773180575476
0.9999776256436996
0.9999777216050808
0.999977426990386
0.9999770397296254
0.9999771143741427
0.9999774361255748
0.9999774633615942
0.999977070744115
0.9999767304315852
0.9999769133751053
0.9999772268172277
0.9999770709722655
0.9999766239104406
0.9999763941945686
0.9999766789909266
0.9999769438404266
0.9999768018040864
0.9999763237923108
0.9999762322623755
0.9999766132510267
0.9999767835337511
0.9999765010280737
0.9999761182193863
0.9999761051807798
0.9999764827988447
0.9999764748819735
0.9999761162250917
0.999975777650491
0.9999758863707277
0.999976221754727
0.9999761749196553
0.9999757531634335
0.9999755196083396
0.9999758320505324
0.9999761103554979
0.9999758989522671
0.9999754999210829
0.9999753816595109
0.9999757019945847
0.9999758678282283
0.9999755695959911
0.9999751507654852
0.9999751946958424
0.9999754640481796
0.9999755785466092
0.9999752545303889
0.9999748913186762
0.9999750524040457
0.9999753818400366
0.9999753212835129
0.9999748654193845
0.9999746234047592
0.9999748579989514
0.9999750988273245
0.999974941215525
0.9999745463858128
0.9999743772511186
0.9999746922336723
0.9999748809510435
0.9999746517958326
0.9999743031899855
0.9999742981958016
0.9999745869787757
0.9999746712058917
0.9999743252033059
0.9999739714385418
0.9999740864209562
0.9999744078279466
0.9999743711274414
0.9999740118628322
0.999973748702292
0.9999739143895218
0.9999741796871574
0.9999740250673362
0.9999736030745828
0.9999734875760864
0.9999737333021611
