0.9999998775012663
0.9999829781634841
0.9999666326779578
0.999950861176921
0.9999353922464012
0.9999183786626401
0.999902597599443
0.999884608231626
0.9998686509861118
0.9998562041475121
0.9998382979224927
0.9998201376827198
0.9998030363675869
0.9997850293074995
0.9997669216094365
0.9997513873079217
0.9997318014253286
0.9997119564439706
0.9996951309413242
0.9996781633375954
0.9996644293489241
0.9996478845518642
0.999630359831296
0.9996121469212894
0.999596084354481
0.9995779902907729
0.9995582269638695
0.9995457156551927
0.9995233217148703
0.999510793856551
0.9994928272501311
0.9994770323897854
0.9994601020996128
0.9994420749751118
0.9994248797486178
0.9994083682118199
0.9993922544371324
0.9993792153524622
0.9993641236135296
0.9993465055868637
0.9993324443030539
0.9993143193054742
0.9992953930799429
0.999280933184043
0.999269341353283
0.9992542962106006
0.9992376336678713
0.9992222285808376
0.9992107083125285
0.9991987640436574
0.9991767618716542
0.9991595005541557
0.9991379104107876
0.9991229641816242
0.9991066332595376
0.9990831942158361
0.9990605599635454
0.9990422017780093
0.9990288126737888
0.9990049579478502
0.998985676517698
0.9989659619678424
0.998938524079479
0.9989216148199074
0.9989112492648676
0.9988979001940497
0.9988828900645538
0.9988658700972387
0.9988501832682245
0.9988356007285953
0.9988151589938309
0.9988017488497102
0.9987846848443802
0.9987651403517902
0.9987543788667697
0.9987391186044372
0.9987237365532
0.998713546533553
0.9987010044102669
0.9986940116423434
0.9986772181461518
0.998664326894067
0.9986526946304924
0.9986405324724191
0.9986251874828831
0.9986064278621144
0.9985881631099053
0.998576304879172
0.9985586296016044
0.9985437366463655
0.9985338027414444
0.9985182551976842
0.9985074988491749
0.9984953282380568
0.9984825087763763
0.9984739760915342
0.9984601853453776
0.9984419256774268
0.9984263808611314
0.998408418272029
0.9983861621675015
0.9983768795966829
0.9983661899975701
0.9983515108022962
0.9983294494437648
0.99831456805496
0.9983004834486059
0.998293889874644
0.9982799714423003
0.9982628741751888
0.9982463075303676
0.9982277318101642
0.9982062939278068
0.9981860652325673
0.9981700045006443
0.9981534148858121
0.998128162506605
0.9981095461456104
0.9980861668319652
0.9980716480256742
0.9980617424592624
0.9980407152743263
0.9980284315341122
0.9980146158498684
0.9980049051617539
0.997996391040421
0.9979803432972638
0.9979621367960919
0.9979489672821745
0.9979329202575411
0.9979177671305204
0.9978998453285716
0.9978887413270795
0.9978714786300823
0.9978558966292042
0.9978441844775681
0.9978340650370306
0.9978189842705297
0.9978033680858175
0.9977816264697571
0.9977670735627117
0.9977539903687734
0.9977477186147818
0.9977242160052705
0.997707388001651
0.9976810116558429
0.9976696636515651
0.9976524001592727
0.9976324289037408
0.9976061282387272
0.9975982647557842
0.9975731079260607
0.9975577857240272
0.997542385075714
0.997524429213291
0.9975053092701183
0.9974932636001366
0.9974693378918847
0.9974479168766709
0.997442484961608
0.997423649018228
0.9974024952308717
0.9973808246342452
0.9973602544550044
0.9973361776646148
0.9973111769215527
0.9972905534083039
0.9972793618372607
0.9972618599905116
0.9972492567439748
0.9972404780348519
0.9972149288512733
0.9971948075281128
0.9971874891139925
0.9971749265980934
0.9971606308897976
0.9971451561172502
0.9971290417648713
0.9971200072378964
0.9971085454641943
0.9970995279320096
0.9970878095830711
0.9970790433672541
0.9970498009190827
0.9970382967033189
0.9970173656372363
0.9970044763156067
0.9969814790716784
0.9969706493270039
0.9969515574122484
0.9969419273235394
0.9969392138853089
0.9969190976476155
0.996908622697061
0.9968951324639134
0.9968843823201313
0.9968800592522427
0.9968654598280586
0.9968574430800261
0.9968472032782035
0.996822708060768
0.9968022373075772
0.9967827091351593
0.9967620503524124
0.9967491234402968
0.9967311090103236
0.9967061436961323
0.9966869590078211
0.9966785819821156
0.9966722829368073
0.9966565743089837
0.9966288467058408
0.9966310138138227
0.9966258720677242
0.9966148570681473
0.9965997294663882
0.9965905093867983
0.9965724887951763
0.996558918392842
0.9965231122768414
0.9965101351756063
0.9964865725359671
0.9964596138705697
0.9964505621890495
0.9964353177834482
0.9964153181612376
0.9963878786929214
0.9963696580801528
0.9963570662541302
0.9963473095213231
0.9963225612884045
0.9963039405043987
0.996285717710849
0.9962717862596637
0.9962579637566251
0.9962493896861911
0.9962427338450661
0.9962216103185618
0.9962176412261885
0.9962128966015094
0.9962067276978918
0.9961888478004417
0.9961770700417366
0.9961624092482146
0.9961406280951016
0.9961318441665834
0.996111090194823
0.9960885461377675
0.9960736539739848
0.9960517867290323
0.9960278997690807
0.9960063370179238
0.9959948345485065
0.995986525503623
0.9959658735134
0.9959576164608107
0.9959396044932286
0.9959219852625452
0.9959155615241296
0.9958897789030139
0.9958571385139693
0.9958470529714376
0.9958289953988402
0.9958084535154583
0.9957972613291377
0.9957652898268607
0.9957481964925833
0.9957369906415304
0.9957310388908082
0.9957137009262287
0.9957013800119032
0.9956912030248656
0.9956633175336196
0.9956363420261033
0.9956188092789902
0.9956047132911243
0.9955786835059611
0.9955629955887821
0.9955510183461659
0.9955407398990702
0.9955149660784202
0.9954794397202246
0.9954649100848225
0.995458500703477
0.9954328606606262
0.9954157352920365
0.9954052612920438
0.995394078472386
0.9953780603824262
0.9953571947566239
0.9953410029332572
0.9953121888116782
0.9953084846251458
0.9952942592578057
0.9952819247324646
0.9952625672296608
0.9952563104490277
0.995246200635795
0.9952386611226857
0.9952263194659767
0.995202986157431
0.9951915186903694
0.9951745137990201
0.9951547599983144
0.9951303975108199
0.9951076574517131
0.995094874121872
0.9950714874511677
0.9950678646160995
0.9950536078558904
0.9950294932723408
0.9950139399202483
0.9950071398697112
0.9950046611904495
0.9949815228531845
0.9949509943715957
0.994935804232194
0.9949278762547064
0.9949292921399399
0.9949050698674978
0.9948945017261929
0.9948792620027522
0.9948477861902287
0.9948049337490493
0.9947726803026712
0.9947468064534581
0.994734668511863
0.9947305841985016
0.9947167058275016
0.9946958642838055
0.9946720885472402
0.9946647189619673
0.9946543209205776
0.9946313437429789
0.9946126004673793
0.9945852719160626
0.9945816090505176
0.9945575141487061
0.9945354952641595
0.9945025023618299
0.9944996571424294
0.9944790939801216
0.9944616644160845
0.9944434365376672
0.9944208749889076
0.9944080304442406
0.9943851321824787
0.9943669633684104
0.9943614199377128
0.9943441705590017
0.9943176919463017
0.9943077579549024
0.9942981693720226
0.9942785809675907
0.9942748708145727
0.9942723816866096
0.9942379360775131
0.9942239916294628
0.9942228764242733
0.9942321848151775
0.9942181403508694
0.9942181854409077
0.9942098905936145
0.9941981158478367
0.994185673928244
0.9941703717188062
0.9941632870117206
0.9941429475989851
0.9941305068021014
0.9941023277046981
0.994080567395364
0.9940485485758673
0.9940328375667039
0.994023542750884
0.9940209163573327
0.9940021259507201
0.993987979068733
0.9939825779046075
0.993972220451185
0.9939400149173467
0.9939246718421643
0.9939183832167465
0.9938911332095975
0.9938797829292523
0.9938603098569343
0.9938464488863485
0.9938262156628906
0.9938125689649657
0.9937944173689455
0.9937799221244114
0.9937729354469632
0.9937609478994057
0.9937481765741275
0.9937267503882218
0.9937173062255055
0.9937044994942568
0.9936920637486059
0.9936919550494665
0.9936746908398147
0.9936736748515078
0.9936833286725145
0.9936886158002588
0.9936804075170602
0.9936460985329403
0.9936481333278807
0.9936403964061745
0.9936129692294613
0.9936047941966983
0.9935837580082562
0.993561967157617
0.9935295138039855
0.993505834830683
0.993487818053008
0.9934621103194609
0.9934433164991875
0.993413475122694
0.9933907141037919
0.9933784664152403
0.9933725840827026
0.9933457868042471
0.993340209785177
0.9933202049826266
0.9933140965695685
0.993309492509645
0.9932801541363756
0.993270406177874
0.9932495938088052
0.9932279953664086
0.993215885009741
0.9931967774621636
0.9931916808269029
0.993172940692357
0.9931621609777411
0.9931460180465769
0.9931151510343929
0.9930899885026561
0.9930641333714212
0.993042340255695
0.9930270871233989
0.9930227984519046
0.993004499642249
0.99297772826862
0.9929666142418861
0.9929479851510964
0.9929321605273752
0.9929294885526593
0.9929099759007833
0.9928920638923104
0.9928632986532522
0.9928545191679354
0.9928320946756135
0.9928176919697576
0.9927990974543398
0.992801483749986
0.992789884865656
0.9927655412134074
0.9927541841126145
0.9927364921925712
0.9927180828101081
0.9927123720267715
0.992709595263511
0.9926794500091242
0.9926485528843296
0.9926261205625464
0.9926133320270637
0.9925843748982155
0.992551898899158
0.9925458170861017
0.9925263096026025
0.9925043997387587
0.9924913231333936
0.9924704468232279
0.9924495200215155
0.9924396080755524
0.9924236325348191
0.9924197025588556
0.9924117166867448
0.9923866691981676
0.9923701363534609
0.9923717348512521
0.9923507589752627
0.9923296906419103
0.9923077822050252
0.9922938884250299
0.9922845269982523
0.9922923111752909
0.9922869143769215
0.9922693321776297
0.9922703967924619
0.9922608477707139
0.9922408427335074
0.9922355049014805
0.9922219674518621
0.99219180681359
0.9921662512929539
0.9921420352096586
0.992123097373005
0.9921150456277901
0.9920982755071112
0.9920880350933408
