0.9999998286615266
0.9999836437076868
0.9999664743452049
0.9999519991343568
0.9999366109344813
0.9999208050901833
0.999903739474365
0.9998886587329425
0.9998728822957806
0.9998571844874481
0.9998392575344853
0.9998240481469282
0.9998085220058319
0.9997935697212385
0.9997758647949644
0.9997612877647957
0.9997463133622018
0.9997359703333591
0.9997212367620465
0.9997040520799539
0.999687853043058
0.9996685002234966
0.9996503718577626
0.9996367375855862
0.9996236398512779
0.9996062338537476
0.9995888520261417
0.9995678959342075
0.999553750716154
0.9995400171547368
0.9995210096276437
0.9995032276043493
0.9994882905528097
0.9994713414203859
0.9994542120335622
0.9994378031010487
0.9994181815365449
0.9994072609091693
0.9993899166569287
0.9993726912120721
0.9993560677795015
0.9993295083680445
0.9993158968785963
0.9993052385547979
0.9992877438218108
0.9992687793442484
0.9992522105915738
0.9992377978000133
0.9992193840446345
0.9991985741939086
0.9991829249843062
0.9991709133796568
0.999152370069385
0.9991395793631508
0.9991128761053776
0.9990967287869155
0.9990845535556341
0.9990657641631078
0.9990439603190772
0.9990318011158908
0.9990251124636857
0.9990048526691493
0.9989878582096228
0.9989746171982545
0.9989575679461397
0.9989449673109874
0.9989236896255002
0.9989115564989971
0.998901093128567
0.9988913821907821
0.9988733943163436
0.9988586033636722
0.9988516821563787
0.9988339653080897
0.9988165461031561
0.9988044148320272
0.9987832723157998
0.9987664147736366
0.9987439736644768
0.9987276455575296
0.9987118234472558
0.9986934128105184
0.9986800568090026
0.9986653897403672
0.9986441770199668
0.9986304790683888
0.9986225097031952
0.9986071981684027
0.9985931470627157
0.9985725427447711
0.9985594498368989
0.9985447435638556
0.9985335990173172
0.9985102761273819
0.9984927370324348
0.9984756668464033
0.9984675797828235
0.9984490369532568
0.9984357126857422
0.9984169508877105
0.9984079018793791
0.9983994205219394
0.998384576991135
0.9983656158069693
0.9983502156436234
0.9983338481615979
0.99831258372556
0.9982988189814175
0.9982816356815292
0.9982439274181863
0.9982353234605542
0.9982215235637701
0.9982066071415607
0.9981752808286163
0.998164735886797
0.9981512232364926
0.9981327423506716
0.9981134953837311
0.9980923007976573
0.9980744204351261
0.9980469805668388
0.9980334431644226
0.9980206614223517
0.9980004748729618
0.9979830616323931
0.9979720331930186
0.9979598142512982
0.997936031656168
0.9979086989546173
0.9978982329460544
0.9978669377412664
0.9978550454735676
0.9978376534746797
0.997823538951733
0.9978084772505231
0.9977945039271005
0.9977688968565707
0.9977552329451622
0.9977343906112653
0.9977257551004589
0.9977033895050721
0.9976908586438227
0.9976664356608852
0.9976471957831349
0.9976351200120892
0.9976292676925169
0.9976127900976962
0.9975946143119078
0.9975897947258131
0.997585016642014
0.99757691581236
0.9975575500896081
0.9975451316277301
0.9975260110617822
0.9975108366765263
0.9974974956014898
0.9974889220022441
0.997485965516758
0.9974797150902003
0.9974563833015068
0.9974457059139153
0.9974196648800024
0.99739898183967
0.9973790889668691
0.997365689959157
0.9973424165184782
0.9973226936342944
0.9973096938094359
0.9972979953068234
0.9972822003859855
0.997251245928701
0.9972438848191272
0.9972250533305469
0.9972108329482462
0.9971776530995733
0.99715531490476
0.997145216859089
0.9971357358383686
0.9971137192436863
0.9970946698364802
0.99707396267178
0.9970511899660341
0.9970364905710808
0.9970179853971473
0.9970041394355785
0.9969896016980035
0.9969710178925022
0.9969480372984884
0.9969377530475884
0.9969235741099054
0.9968988371168161
0.9968848723421321
0.9968727359243532
0.9968666886962595
0.996858479846426
0.9968529712420696
0.9968279003978298
0.996820660361786
0.9968016178195486
0.9967917987589445
0.99677381891451
0.9967581248741979
0.9967472970269216
0.9967320723484653
0.996725924325473
0.9967079764890319
0.9967061299991803
0.9966946474142712
0.9966768276918513
0.9966644674077062
0.9966442158382047
0.9966123031037987
0.9966024624325589
0.9965875547578904
0.9965727465118445
0.9965592017097744
0.996538365398787
0.9965207655827049
0.996511005509062
0.9964844405077301
0.9964782430269798
0.9964588903064204
0.9964438588547372
0.9964124311536124
0.9963934081581707
0.9963634789421957
0.9963365647140433
0.9963334471672503
0.9963131848159557
0.9962955697550243
0.9962797021231968
0.9962605903767461
0.9962512806281985
0.9962291985281791
0.9962105865761602
0.9961941875896738
0.9961862282966848
0.9961833876716069
0.9961571465535597
0.9961518702813694
0.996142655306558
0.9961275466212819
0.9961014746108674
0.9960760243662681
0.9960592482123162
0.9960619839757824
0.9960585519652635
0.9960452988674514
0.9960356797058232
0.9960254098721709
0.9960078480368252
0.9959921785952855
0.9959834001367414
0.9959680678468261
0.9959568169845224
0.995940525423545
0.9959345144533627
0.9959062115691841
0.9958943324308068
0.9958859288497729
0.9958784291640421
0.9958804560891638
0.9958550913333993
0.9958317031787539
0.995815182578105
0.9958004045229683
0.9957906737142266
0.9957679913056019
0.9957491090043491
0.9957309253485063
0.9957233134273414
0.9957057258992659
0.9956955710079567
0.9956749617885571
0.995652567319938
0.9956357468735899
0.9956157064727899
0.9956102178023825
0.9955867515068454
0.9955838723358292
0.9955735960808179
0.9955421427014316
0.9955253757942384
0.9955039321029174
0.9954841926640452
0.9954700094011545
0.9954534444778856
0.9954468075455007
0.9954236855730062
0.9954128171376342
0.9953897886028487
0.995360897256688
0.9953414372211616
0.9953437045462991
0.9953239735473114
0.9953130582099061
0.9952830206273386
0.995278192190667
0.9952619304521103
0.995260069427091
0.99524615340132
0.9952334927527514
0.9952157205181014
0.9951957586382563
0.9951823917879835
0.9951633138256444
0.9951667325908614
0.9951495815728891
0.9951403668427388
0.9951302926265
0.99512212236656
0.995119481226785
0.9951157269793653
0.9951073656154397
0.9950892554779263
0.9950826782959068
0.9950652871469627
0.9950358183995065
0.9950210241695369
0.9949941386839319
0.9949797687146272
0.9949601458056297
0.9949537486487703
0.9949459346392158
0.9949433933671892
0.9949305566136972
0.9949296821154235
0.9949035303588006
0.9948777219767613
0.9948672294947719
0.9948493498032844
0.9948313585004531
0.9948033486747456
0.9947811001233533
0.99478225704587
0.9947562965352192
0.9947303693598465
0.994714925675166
0.9946949880775874
0.9946838661721289
0.9946808649972406
0.9946795118887032
0.9946608284841579
0.9946396831952939
0.9946207617337245
0.9946110419681187
0.9946043509669286
0.9945709418740343
0.994544981018909
0.9945259836678091
0.9945121869301619
0.99448845052581
0.9944756018796763
0.9944610759585499
0.9944331994051211
0.994406901918622
0.9943907514236966
0.9943716638162997
0.9943517327780649
0.9943294103004846
0.9943186116838775
0.9943139139484491
0.9942986655081696
0.9942907611700654
0.9942919853384218
0.9942850139731687
0.9942652060790479
0.9942441170374992
0.9942367687760583
0.9942102055231113
0.9941880627971488
0.994179603803064
0.9941591561993947
0.994135996652206
0.9941210949369326
0.9940988413868658
0.9940652539947725
0.9940535915116447
0.9940275109456262
0.9940185785438228
0.9940084002012571
0.9939774954654763
0.9939542802333996
0.9939436972366258
0.993933656006008
0.9939127983646202
0.9939013375448578
0.9938957235559492
0.9938804371997096
0.9938756192723346
0.993854125083298
0.9938236490376802
0.9938134600259645
0.9937937692716786
0.9937933839049251
0.993778021113152
0.9937587157747999
0.9937189245879484
0.9937204488732382
0.9937054997542061
0.9936736950793996
0.9936283407402217
0.9936144603458341
0.9935862172541171
0.993563335374137
0.9935580069331992
0.9935379925410556
0.9935209434964961
0.9935070629746947
0.9934868515867259
0.9934689359746176
0.9934486150487484
0.993436696385089
0.9934155757427748
0.9933892039454256
0.9933735612058016
0.9933515443464069
0.993316727604714
0.9933019412216093
0.9932870371830785
0.9932645483610392
0.9932518716954046
0.9932276443260254
0.9932188626029589
0.993217775123265
0.9931896290749648
0.9931835999046373
0.993157998085404
0.9931356368607498
0.9931435826038065
0.9931342376739909
0.9931423046338749
0.9931222393932911
0.9931126828566085
0.9931073719136151
0.9930932145700679
0.9930726352854872
0.9930520695469541
0.9930247742977315
0.9930055916908251
0.9930049118470866
0.9930000010667399
0.9930044920324433
0.9929912118043707
0.9929915569909349
0.9929775470376352
0.9929598679227817
0.9929430072312178
0.9929311597628124
0.9929182828739124
0.9928856317087904
0.9928692501630366
0.9928451307737589
0.9928271786599105
0.9928052822083502
0.9927883007302416
0.992752908147876
0.9927315796019229
0.9927304344643848
0.9927047806033575
0.9926872267359381
0.9926739979920017
0.9926402163189124
0.9926169362289241
0.9926165175586539
0.9926139762853229
0.9925992092401896
0.9925886301597623
0.992559096837867
0.9925440944637766
0.9925219020396846
0.9925074236616497
0.9924713005756512
0.9924599273072289
0.9924526247625627
0.9924348983844237
0.9924076585507248
0.9924127602585889
0.9923780527608694
0.992337692877883
0.9923141545841088
0.9923157482259253
0.9923100134292661
0.9922940008926212
0.9922719082339275
0.9922477522477812
0.9922327652142425
0.9922171105677237
0.9922096819509478
0.9921969172564233
0.9921714412344412
0.992121032976343
0.9921220639810154
0.9921101091408221
0.9920734565384407
0.992048229044791
0.9920265433451095
0.99201429761326
0.9919986026236323
0.9919768868190204
