0.9999986301094003
0.9999977993615222
0.9999960706262021
0.9999940169624848
0.9999923612144196
0.9999916100894871
0.999991884495713
0.9999929190453567
0.9999942435464221
0.9999952678256041
0.9999955164149593
0.9999947747966533
0.9999930849132836
0.9999910558619043
0.9999894197374984
0.9999886350751102
0.9999888952271239
0.9999898284300549
0.9999910845367015
0.9999920702938018
0.9999922218241345
0.9999914160992581
0.9999897234566196
0.9999877696652605
0.999986176437399
0.999985409304779
0.9999855539599406
0.9999864932010655
0.9999877757811289
0.9999888182724167
0.9999890789345454
0.9999882297107426
0.9999863958122516
0.9999844638198739
0.9999828922835596
0.9999822471402575
0.9999824214469639
0.9999833456508295
0.9999846292502713
0.9999855585377393
0.999985727683885
0.999984929086085
0.9999831457598742
0.9999811666429846
0.9999794848932065
0.999978740078806
0.9999789160373423
0.9999797870197008
0.9999810124433035
0.9999818381408897
0.9999820587089131
0.9999813128940727
0.9999797260144103
0.9999777424224235
0.9999761608255885
0.9999755547377909
0.9999757540010024
0.9999768189752466
0.999977956936871
0.9999788233133948
0.999979081256235
0.9999782478329542
0.9999766538119489
0.9999747843487264
0.9999733091382063
0.9999725615047245
0.9999727446054911
0.9999735423321978
0.9999748214021781
0.999975866329272
0.9999758508869271
0.9999749911287704
0.9999734275290134
0.9999717817335717
0.999970209529651
0.9999695688344857
0.999969801106346
0.9999705671522063
0.9999717180593927
0.9999725558411012
0.9999726225673556
0.999971956247077
0.9999704149113351
0.9999686526403325
0.999967116320204
0.9999664884564522
0.9999665790375002
0.9999674005682778
0.9999682950499656
0.9999691394733684
0.9999692378786154
0.99996839278636
0.9999669619106949
0.9999650729803307
0.9999635651884153
0.9999627172384276
0.9999628636350106
0.9999636113869015
0.9999647305220901
0.9999654740861538
0.9999656496080698
0.9999647928613178
0.999963327780278
0.9999616182147976
0.9999601117800276
0.9999592654197433
0.9999594108858145
0.9999602347817275
0.9999613411399749
0.999962136668477
0.9999624675338388
0.99996186098886
0.9999604758254473
0.9999586504237912
0.9999571373338688
0.9999564722942657
0.9999565918432758
0.999957513619026
0.9999586293875667
0.9999595367589726
0.999959474570828
0.9999586762459913
0.9999574239421902
0.9999558866373003
0.9999544718322113
0.9999536026829251
0.9999536528908236
0.9999543813959269
0.9999555413932484
0.9999564251453185
0.9999566867177548
0.999956035436209
0.9999545314497171
0.9999529063244997
0.9999516414192374
0.999950699507528
0.9999506324614106
0.9999514693974136
0.9999526046664734
0.9999533425206072
0.9999534218037763
0.9999528587558619
0.9999514931940819
0.9999496454563792
0.999948417839728
0.999947886340027
0.9999478502378841
0.9999482905768402
0.9999492664658465
0.9999500409356389
0.9999502546159876
0.9999496610803174
0.9999482304119944
0.9999468370928497
0.999945539637159
0.9999450386683618
0.9999449849793555
0.9999456575542852
0.999946598107917
0.9999472860307571
0.9999471912726655
0.9999464103838962
0.9999451995132581
0.9999436922013181
0.9999423689697203
0.9999417458928409
0.9999418156649005
0.9999425298689395
0.9999435495871917
0.9999442231863919
0.9999442084155759
0.9999436996640191
0.9999423192075567
0.9999407105180195
0.9999393946553786
0.9999386345383641
0.9999386781759072
0.9999396624537686
0.9999403286357339
0.9999410689945061
0.9999412626980673
0.9999406273992855
0.9999392711115168
0.9999375616412995
0.9999361562061552
0.9999355473975812
0.9999355043892078
0.9999361553023195
0.999936973780564
0.9999376437149743
0.9999377763765681
0.9999372945612848
0.9999359985883526
0.9999342858422223
0.9999330282192601
0.9999323100114282
0.999932298016071
0.9999328315976809
0.9999334837596834
0.9999340153480802
0.9999341803837232
0.9999334583111392
0.9999323271603017
0.9999308622998674
0.9999294554709174
0.9999288421226957
0.999929096063242
0.9999296846668659
0.9999306026429731
0.9999315218340807
0.9999318542930267
0.9999312834927315
0.9999300013744925
0.9999284560613566
0.9999271173935989
0.9999264890056819
0.9999265400264593
0.9999273044863031
0.9999283588038196
0.9999287280998114
0.9999288024102637
0.9999282432557013
0.9999267672246767
0.999925244081989
0.9999236604864495
0.9999229699638812
0.999923236052031
0.9999237312459264
0.9999240300313905
0.9999246881497673
0.9999247134102315
0.9999241909679087
0.9999230442772952
0.9999214034328325
0.9999201144911022
0.9999194648917304
0.9999197906966741
0.9999204971273786
0.9999211844098915
0.9999219222477613
0.9999218489349095
0.9999213299099543
0.9999202447535809
0.9999186369754017
0.9999173172797201
0.9999166904881116
0.9999168840546973
0.9999174054935988
0.9999183471157864
0.9999187616271253
0.9999186721074944
0.999917647385383
0.9999164555424509
0.9999147840271395
0.9999133164216661
0.9999128795177601
0.9999128688786589
0.9999134324734815
0.9999143994552706
0.9999148174498613
0.9999149602667032
0.9999145201591657
0.9999133795512817
0.9999118155046449
0.9999106303177419
0.9999098220936107
0.9999101130203113
0.9999105218833847
0.9999113703637594
0.9999119940775625
0.9999117989994796
0.9999112404817844
0.999910110024591
0.9999089156671712
0.9999076879900075
0.9999070881259196
0.9999070281283571
0.9999073648471254
0.9999080260899036
0.9999084694518973
0.999908482068446
0.9999076619293752
0.9999062335947668
0.9999048784996007
0.9999035586780682
0.9999027013277939
0.9999026019208375
0.9999028979989903
0.9999036115449715
0.9999039820912591
0.9999040465717717
0.9999034096211659
0.99990222986194
0.9999007719209246
0.9998991871482402
0.999898439346425
0.9998980005572937
0.9998987620274621
0.999899755929752
0.9999002823977309
0.9999006424836586
0.9998998733194634
0.999898590939211
0.999897179258649
0.9998958716847555
0.9998949209047755
0.9998948425810043
0.999895140932162
0.9998958634211673
0.9998963263547231
0.9998963263900593
0.9998957388933243
0.999894543427054
0.9998928741447569
0.9998913601952948
0.9998905254274958
0.999890716026511
0.9998912686871847
0.9998919331114356
0.9998925403745289
0.9998927300050114
0.9998919760591997
0.9998908265323411
0.9998895056586425
0.9998884476688992
0.9998878026880735
0.9998876705598788
0.9998883527293807
0.9998890221896147
0.9998892892773446
0.9998892607738954
0.9998888920126617
0.9998879829122617
0.9998867606648116
0.9998853604952477
0.9998844286294383
0.9998842241751879
0.9998846007376139
0.9998850418774942
0.9998857970509302
0.9998859497003669
0.9998853071636559
0.9998841832841086
0.9998824637923
0.9998814727879282
0.9998810685289221
0.9998810978412287
0.9998815180382434
0.999882088209117
0.9998822151791497
0.9998822121851794
0.999881580541321
0.999880704294371
0.9998792853195922
0.9998778673611239
0.9998774654339125
0.9998774530593039
0.9998780361557796
0.9998787502245968
0.9998792092056702
0.9998793640430624
0.9998789565327194
0.9998781176025551
0.9998764238667588
0.9998750688482002
0.9998739557623226
0.999873897615863
0.9998743728602406
0.9998747580539676
0.9998749874602044
0.9998749574132854
0.9998747303791005
0.9998735175963245
0.9998720706374228
0.9998710322424879
0.9998703326119532
0.9998705458812861
0.9998708166991396
0.9998715827027371
0.9998720672404535
0.9998719810084555
0.9998717680513383
0.9998708249257672
0.9998696509526679
0.9998686390973283
0.9998680544030818
0.9998683240238037
0.9998688547859338
0.9998696018538463
0.9998704122872945
0.9998701942528052
0.9998697396169182
0.999868933043919
0.9998677525430588
0.9998669072034793
0.9998663444374504
0.9998666236853038
0.9998670282576152
0.9998673140469947
0.999868043154548
0.9998679587606414
0.9998677099241063
0.999866616477629
0.9998653192385933
0.9998642734223679
0.99986348591972
0.9998636117094232
0.9998639367191478
0.9998642174839308
0.9998645649329482
0.9998648425302403
0.999864315385063
0.9998631137291928
0.9998616456577885
0.9998603959241216
0.9998597633411133
0.9998595643889835
0.9998601581539156
0.9998606872958403
0.9998609607097101
0.9998608382267892
0.9998603897790506
0.9998592681927154
0.9998579204962132
0.9998567829585263
0.9998562270015653
0.9998560666142982
0.9998567561459825
0.9998571193451191
0.9998575277582922
0.999857535516235
0.9998567248577224
0.9998559444195674
0.9998548682837124
0.999853863329079
0.9998529853178666
0.9998530147000994
0.9998537329374666
0.9998543453645816
0.9998546657098505
0.99985455634707
0.9998540233708764
0.9998535161411006
0.9998525638100393
0.9998515503799462
0.9998513678083096
0.9998514775177577
0.9998519997276186
0.9998528943777336
0.9998530622731016
0.9998527733880384
0.9998520963061797
0.9998513638639548
0.9998500394420429
0.9998485214029886
0.9998479910204828
0.9998481090811127
0.9998479594846144
0.9998483153444188
0.9998488148216427
0.9998492384713343
0.9998486466672899
0.9998476132156097
0.9998467515794159
0.9998457703852225
0.9998454514876971
0.9998454168170051
0.9998452048370362
0.9998455696751678
0.9998456992949839
0.9998455288951514
0.9998450811471451
0.999843902080111
0.9998423907402851
0.999841372296976
0.9998406684858335
0.9998408726907198
0.9998413689501251
0.9998420218105533
0.999842040060947
0.999842112225898
0.999841560711401
0.9998402990475709
0.9998392398823223
0.9998382265619987
0.9998377038362946
0.9998378718240559
0.9998383336499037
0.9998386831430931
0.9998390821918156
0.9998390969170875
0.999838661961692
0.9998378639954177
0.999836319339395
0.999834961307535
0.9998345280866046
0.9998347707912787
0.9998346100501818
0.9998345526518242
0.9998352557853968
