0.9999999167991429
0.9999993132609052
0.9999991834888522
0.9999988668715891
0.9999984008641368
0.999998428328159
0.9999978059889427
0.9999976775841384
0.9999973381476983
0.9999968539003687
0.9999968455004317
0.999996225315924
0.9999960537269702
0.9999957814285537
0.999995310791906
0.9999953374372467
0.999994696707316
0.9999945555829385
0.9999942014564706
0.9999937393827181
0.9999936509313713
0.9999930744597448
0.9999929285103207
0.9999926140386193
0.9999920811269577
0.99999208996821
0.9999913862257539
0.9999913062733452
0.9999908932893601
0.9999903417314379
0.9999903641165174
0.9999897521800546
0.9999896068332377
0.9999892561972166
0.9999887695807479
0.9999887955385213
0.9999880632036795
0.9999879501866257
0.9999876725671487
0.9999872105742362
0.9999872768441708
0.999986628499146
0.99998652399911
0.9999862030119818
0.9999855518026515
0.9999855711873581
0.9999850722535237
0.999984835296299
0.9999845776836358
0.9999841104817769
0.9999839926888844
0.9999834076290617
0.9999833460738641
0.9999829417281468
0.9999824706111188
0.9999824992409883
0.9999818868526534
0.9999818511506486
0.9999815104990475
0.9999809245558253
0.9999808826686393
0.9999802402732247
0.9999800444122857
0.9999796821460702
0.9999791630844704
0.9999790911143849
0.9999785575244017
0.9999782172306708
0.9999779903354478
0.9999775660858637
0.9999775256859211
0.9999768126162398
0.9999766931957977
0.999976259207192
0.9999759933580982
0.9999758083158252
0.9999752343921307
0.9999750134751251
0.999974783215359
0.9999743337423913
0.9999743442609549
0.9999736741399021
0.999973651179111
0.9999733066288683
0.9999728944903751
0.9999728783058763
0.9999724419286019
0.9999722740030524
0.9999720854581154
0.9999717282953615
0.9999718154752971
0.999971117564268
0.9999709404368722
0.9999706083315061
0.9999702649192683
0.9999701378589857
0.9999696017742197
0.9999693446424688
0.9999691070635248
0.9999687085121398
0.9999687513802763
0.9999683649679849
0.9999683258346558
0.999967840903609
0.999967354742173
0.9999672914958729
0.9999667048165306
0.9999666300025967
0.9999662135102055
0.9999656852579839
0.9999655107652602
0.9999649515601972
0.999964793093165
0.9999644481438328
0.9999640698097539
0.9999640762909918
0.9999634319853834
0.9999632412601835
0.9999628413922353
0.9999623322433241
0.9999623531758699
0.9999617109313842
0.9999616140832154
0.999961263987492
0.9999608370056536
0.9999607423602102
0.9999601673581293
0.999960008034865
0.9999594613319821
0.9999588634666213
0.999958764417396
0.9999582047923689
0.9999581325215746
0.9999577850238
0.9999574846688236
0.9999574801807527
0.9999570482612268
0.9999570232620382
0.9999566657855035
0.9999561427487764
0.9999559572212913
0.9999553299725998
0.9999549845106415
0.9999547230749486
0.9999544453851693
0.9999543204478782
0.9999537179437613
0.9999536987725536
0.9999534947867139
0.9999527691808199
0.9999527922937039
0.9999523953067283
0.9999522507304516
0.9999520319615792
0.9999515547833542
0.9999514157257435
0.9999510934508397
0.9999509527998612
0.9999506064384072
0.9999501763781212
0.9999501525143144
0.9999496244043071
0.9999494660622731
0.9999490883337518
0.9999487038638203
0.9999489038377297
0.9999483624458709
0.9999481584801155
0.9999479377152453
0.9999472727889095
0.9999472269445874
0.9999466979426302
0.9999466741234307
0.9999464372063587
0.9999459550556195
0.9999459540875887
0.9999453652755672
0.9999450890645871
0.9999447189225796
0.9999443460882175
0.9999444393889504
0.999943779044284
0.9999436094263541
0.9999433931236228
0.9999430437035318
0.9999431426474586
0.9999427419250364
0.9999425055266972
0.9999423559461679
0.9999417920379414
0.9999418525679271
0.9999412252568357
0.9999410900426935
0.9999407191461454
0.9999403155690297
0.9999400531702136
0.9999395674468637
0.999939121707856
0.9999385958609869
0.9999380595011033
0.9999380455941823
0.999937408528197
0.9999375798216886
0.9999374143614538
0.9999368501198573
0.9999368636190646
0.999936245878121
0.9999359621025782
0.9999356158653419
0.9999352700474998
0.9999353024577373
0.9999347110268508
0.999934647611743
0.9999342053566193
0.9999338953410605
0.9999339851168701
0.9999335053375707
0.9999332882469567
0.999933006410658
0.9999326597194546
0.9999324565303418
0.9999316948940746
0.999931694024848
0.9999314862135851
0.999930981028044
0.9999309152877323
0.9999304848087173
0.9999299691456099
0.9999294541458914
0.9999286944346758
0.9999286889861209
0.9999278904971358
0.9999277395472392
0.9999275542196683
0.9999273625556777
0.9999271968626805
0.9999266353513375
0.9999262983594553
0.9999258304839134
0.9999253554319975
0.9999252828137102
0.9999251553451698
0.9999251274684101
0.9999248352017502
0.9999242963269097
0.9999240941243969
0.9999237473710942
0.9999237394638631
0.9999232990564315
0.9999227337109539
0.9999228335745532
0.9999224216876339
0.9999222868328126
0.9999220901867464
0.9999215942818401
0.9999213734300023
0.999920784263127
0.9999206547636159
0.99992052007789
0.9999201882483302
0.9999200477434004
0.9999194660948171
0.9999192277627567
0.9999189771709649
0.9999185848975457
0.999918483440402
0.9999180004700159
0.999917786800732
0.9999174157662643
0.9999167621919351
0.9999163570133871
0.9999159021356477
0.9999158017625585
0.999915208295128
0.999915051611051
0.9999149292388667
0.9999141699049032
0.999914015606994
0.999913583510958
0.9999132126198236
0.9999129835708024
0.9999121554113839
0.9999120078192621
0.9999114306998887
0.9999112903922311
0.9999112174955569
0.9999105862177134
0.9999105188677727
0.9999103160047872
0.9999099744402348
0.9999097140952866
0.9999091555696127
0.9999091365634214
0.9999090906215672
0.9999086628524616
0.9999087146545459
0.9999084543736124
0.9999084817466324
0.9999082754164307
0.9999079055525202
0.9999079681325044
0.9999074262924909
0.9999069918051152
0.9999067893923647
0.9999063896364522
0.9999063315501115
0.9999055742126954
0.999905134749146
0.9999049332592477
0.9999043687868743
0.9999041352927708
0.9999034454225837
0.9999033378933054
0.999903077626716
0.9999027727348282
0.9999026094226524
0.9999024362969299
0.9999023704846334
0.9999023225830902
0.9999017048851975
0.999901679762815
0.999901179854588
0.9999009873304715
0.9999005157537862
0.9999001561988083
0.9998999954003758
0.9998994741403686
0.9998992828822245
0.9998993714677674
0.9998988279943855
0.9998990054321812
0.9998982785696462
0.9998981416727987
0.9998980242559596
0.9998978234994598
0.9998973710137238
0.9998971870898937
0.9998971680181375
0.9998966610435994
0.9998962233086637
0.9998960870844573
0.9998954708299274
0.9998951698530855
0.9998946549185374
0.9998944207066066
0.9998944374630581
0.9998941164348651
0.999893863807255
0.999893996945024
0.9998937465220519
0.9998935300529445
0.9998930415598947
0.999893122790356
0.9998927375137158
0.9998921631520044
0.9998921100064784
0.9998914655809841
0.9998911453568413
0.9998907112524262
0.9998903377220203
0.9998902289575315
0.999889367179031
0.9998894416759468
0.999889349058887
0.9998887328175428
0.9998884738506898
0.9998882682754882
0.999887646273026
0.9998872234875039
0.9998869130810218
0.999886884641346
0.9998864462209519
0.999886029152494
0.9998856558654905
0.9998853995449641
0.9998850319008066
0.9998845139298392
0.9998841783747192
0.9998840342222295
0.9998836311750945
0.9998834049323461
0.9998829126205229
0.9998826303428905
0.9998824794714631
0.9998820197906058
0.9998819811647351
0.9998813666466043
0.9998810365023011
0.9998806619620071
0.9998804054545883
0.9998803714859187
0.9998801031793981
0.9998796377651507
0.999879357962865
0.999878958220021
0.9998782792827139
0.9998776955141175
0.9998776321524535
0.9998775555437726
0.9998776530810014
0.9998777800431871
0.9998774273660644
0.9998773500035828
0.9998769768805521
0.9998761040958664
0.9998761148860739
0.9998757351006548
0.9998756400800526
0.9998753324703028
0.9998748272593976
0.999874589360181
0.9998740569597906
0.999874025528848
0.9998732709827528
0.9998729258838648
0.9998727906069973
0.9998722354374702
0.9998723461061456
0.9998720350485113
0.9998714511878938
0.9998709507462193
0.9998702143217126
0.9998700786131509
0.9998699537619289
0.9998699425469793
0.9998693854566797
0.9998689449636645
0.9998688285776878
0.9998685942057454
0.9998678105265905
0.9998677979417643
0.999867591433225
0.999867503889731
0.9998672794053004
0.9998668679569439
0.9998665234511017
0.9998662773508462
0.9998659851986135
0.9998656267152533
0.9998651210596975
0.9998651243990998
0.9998647659839068
0.9998647240560347
0.9998648106633394
0.9998641808732553
0.999864093540647
0.999863298346717
0.9998630562610923
0.9998626434695297
0.9998621914170076
0.9998619566211427
0.9998616458906979
0.9998616166451396
0.9998612629707567
0.999860855387466
0.9998607817090728
0.9998610146867777
0.9998607190009846
0.9998604413130275
0.9998598739615898
0.9998597435543388
0.9998594607885928
0.9998588105498436
0.9998585608443321
0.9998579170194353
0.9998574063393924
0.9998571402734359
0.9998569701829046
0.9998566864196531
0.9998561251605342
0.9998561737074765
0.999855934261821
0.9998554187962885
0.9998555220985444
0.9998549997690489
0.999854905929186
0.9998544271272328
0.9998544226737324
0.9998544948880241
0.9998540489429616
0.9998538670736845
0.9998532491502089
0.9998530767490761
0.999852906383793
0.9998525069052736
0.9998522836600474
0.9998517769468942
0.9998517964635494
0.9998512499985279
0.9998507668214172
0.9998506782357354
0.9998500365638963
0.9998503280610354
0.9998501551443113
0.9998500034288622
0.9998499376172811
0.9998496656156526
0.9998494697879767
0.9998493931056354
0.9998490693452545
