0.9999986126064176
0.999998085826813
0.999996611889899
0.9999947379570927
0.9999932382037546
0.9999927138358717
0.9999932936078596
0.9999946541969791
0.9999962491308358
0.9999975036686511
0.9999980018224786
0.9999975044529801
0.9999960672917082
0.9999942212174755
0.9999927431107882
0.9999922262719574
0.9999927925908482
0.9999941214395403
0.9999956772782415
0.9999969377433432
0.9999974417250778
0.9999969226427063
0.9999954697783212
0.9999936343125638
0.9999921713228517
0.9999916633247115
0.9999922201026129
0.999993520746597
0.9999950614203872
0.9999963077746268
0.9999968231293688
0.9999963159117022
0.9999948954177511
0.9999930930724681
0.9999916731938302
0.9999911857191458
0.9999917242901973
0.9999929725725375
0.9999944548230165
0.9999956709593881
0.999996196453128
0.9999957399206454
0.99999437478642
0.9999926014816873
0.9999911690963964
0.9999906523171936
0.9999911903115285
0.9999924465209533
0.999993906836167
0.9999950688322029
0.9999955569061104
0.9999950776940568
0.9999937350153204
0.99999198421563
0.9999905988316241
0.9999901380857883
0.9999906602645707
0.999991860954023
0.999993282668129
0.999994453131834
0.999994960139681
0.9999944950611553
0.9999931415481197
0.9999914185446104
0.9999900390951069
0.9999895236413234
0.9999900175674427
0.9999911994765549
0.9999926061036766
0.9999937982871553
0.9999942846855941
0.9999938419979335
0.9999925094472442
0.9999907791134736
0.9999894385060082
0.9999889740052982
0.9999894769350249
0.9999906632904306
0.9999920191934604
0.9999931594223854
0.9999937008196177
0.9999932769978384
0.9999919699570519
0.9999902360933087
0.9999888642462338
0.9999884251704279
0.9999889949895673
0.9999901415643845
0.9999914858917778
0.9999926049481487
0.9999931108046756
0.9999926847850971
0.9999913937203225
0.9999896860851959
0.9999883560421534
0.9999879220919402
0.9999884461288238
0.9999895815143954
0.999990916457696
0.9999920236447731
0.9999924994765327
0.9999920794990474
0.9999907814186779
0.9999891231626266
0.9999878450889006
0.9999873936958429
0.9999878958379256
0.9999889800025642
0.9999902697415282
0.9999913726933016
0.9999918737483564
0.9999914627682489
0.9999901877090804
0.9999885293592535
0.9999872683215411
0.9999868619614087
0.9999873817915288
0.9999884927793481
0.999989793658736
0.9999908704493339
0.9999913540130999
0.9999909318584317
0.9999896584925229
0.9999880493203425
0.9999867948126022
0.9999864236042814
0.9999869370426026
0.9999879820555742
0.9999892355412534
0.9999902905293578
0.9999907100970087
0.9999902775550288
0.9999890401110739
0.9999874703700244
0.999986266299891
0.9999858775453886
0.9999863840127806
0.9999874543184049
0.9999887099458729
0.9999897346651581
0.9999901605661964
0.9999897041862109
0.9999884707209735
0.9999869035989837
0.9999857111379604
0.9999853486121799
0.9999858421365235
0.999986897917455
0.999988106861788
0.9999891243556444
0.99998955607917
0.9999891308594859
0.9999879203979515
0.9999863392893245
0.9999851335733196
0.9999847556976244
0.9999852359502176
0.9999863006575879
0.9999875446911577
0.9999885532760057
0.9999889184207897
0.9999884954181524
0.9999872579808881
0.9999857540475006
0.9999845777636656
0.9999842045663192
0.999984683907015
0.9999857035875218
0.999986917531714
0.9999879214745262
0.9999883296472968
0.9999879066049326
0.9999867013309323
0.9999852001790902
0.9999840347888961
0.9999836747778933
0.9999840929037023
0.9999850901244818
0.9999862884181199
0.9999872871613265
0.9999876598792419
0.9999872165445124
0.9999860666270017
0.9999846090775417
0.9999834487876985
0.9999830719427895
0.9999835085545647
0.9999845025689588
0.9999857104279408
0.9999866900884201
0.9999871168941187
0.9999867138854011
0.9999855524059703
0.999984121740656
0.9999829513470908
0.9999825501290839
0.9999829391275386
0.9999838809207756
0.9999850535233593
0.9999860191613111
0.9999864121803345
0.999985980998486
0.9999848099858939
0.9999833906893939
0.9999823371453651
0.9999819313377202
0.9999823388193829
0.9999832769091487
0.9999844521609597
0.9999853745087215
0.9999857155728998
0.9999852929630596
0.9999841490895663
0.9999828205003081
0.9999818008031996
0.9999813910127396
0.9999818160729151
0.9999827470790538
0.999983867617384
0.9999848175530771
0.9999851776577289
0.999984748437835
0.9999836418587317
0.9999823083648375
0.9999812813555511
0.9999809018248803
0.9999812322529072
0.9999821330976387
0.9999832555861166
0.9999842187291943
0.9999845777062338
0.9999841218814867
0.9999830600613286
0.999981759311465
0.9999806895883565
0.9999803165871132
0.9999806884766603
0.9999815727875369
0.9999826346249957
0.9999835771523871
0.9999839308204898
0.9999834864565996
0.9999823992636847
0.9999810627337067
0.9999801176058942
0.9999797967879985
0.9999801224034743
0.9999809693227079
0.9999820680088493
0.999982910807189
0.9999832270933114
0.9999828014956
0.9999817402617847
0.9999804907018451
0.999979493770021
0.9999791426322442
0.9999794747737328
0.9999803412429326
0.9999814002669979
0.9999822685586365
0.9999826028473514
0.9999822020398397
0.9999811590051061
0.9999798567556331
0.9999789137476588
0.999978599066969
0.9999789986198175
0.9999798637154138
0.999980863346388
0.9999817296164627
0.999982041998015
0.9999816061019268
0.9999805415576772
0.9999792753562068
0.9999783244426425
0.9999779890746346
0.9999783976299963
0.9999792631381126
0.9999802209801232
0.9999810305277225
0.9999813342088779
0.999980929806737
0.9999799077483725
0.9999786501193959
0.9999777386649891
0.9999773902239029
0.9999777507418846
0.9999786357834907
0.9999796190529455
0.9999804207070626
0.9999807212460178
0.9999803617820813
0.9999793369220434
0.9999780874412522
0.9999771460753588
0.9999768588418845
0.9999772044530773
0.9999779801145463
0.9999789729322909
0.9999797664176339
0.9999801019463119
0.9999797400000092
0.999978693192618
0.9999774830924957
0.9999765376479077
0.9999762041555761
0.9999765440290286
0.999977384508435
0.9999783610750863
0.9999791646612322
0.999979503959042
0.9999791443735754
0.9999781718933709
0.9999769705249043
0.9999760547135096
0.999975746068299
0.9999760481214145
0.9999768715896495
0.9999777800932527
0.9999785405682877
0.9999788607297878
0.9999785103923682
0.999977595230632
0.9999764306279271
0.9999754955985161
0.9999751952145706
0.9999755037809581
0.9999762875090612
0.9999772482638898
0.9999780140760558
0.9999783250924208
0.9999779698060419
0.9999770464496328
0.9999758712543028
0.9999750004788044
0.9999746862480542
0.9999749701147164
0.9999757474109565
0.9999766634701142
0.9999773925998299
0.9999776559481824
0.9999772971504602
0.9999764708604348
0.9999753111709906
0.9999744538463733
0.9999741525727223
0.9999744351646639
0.9999751925807041
0.9999761357891832
0.9999768994269245
0.9999771390037462
0.999976751305942
0.9999758652757154
0.9999747870106185
0.999973945830847
0.9999735927247789
0.9999738466481786
0.9999746428495576
0.9999755679521684
0.9999762859591685
0.9999765331684467
0.9999761234356846
0.99997522619802
0.9999741914025433
0.9999734190569163
0.9999731007590029
0.9999733325671928
0.999974086005336
0.9999749399957117
0.9999756661168971
0.9999758811137331
0.9999754822550626
0.9999746294776335
0.9999736475150282
0.9999728874163757
0.9999726160209346
0.9999727931335791
0.9999734810442118
0.9999743263630357
0.9999749684196784
0.9999751906935512
0.9999747637796231
0.9999739554574604
0.9999730192461621
0.9999722439472386
0.9999719289943467
0.9999721166203622
0.9999727249633836
0.9999735625376607
0.9999742490937131
0.9999745023961027
0.9999741357215545
0.9999733512825068
0.999972382241219
0.9999716357986098
0.9999713128204264
0.9999714826933715
0.9999721364919401
0.9999729440666714
0.9999736259238942
0.9999738474942588
0.999973507430037
0.9999727487684889
0.9999718597981664
0.9999711980057412
0.9999708734750034
0.9999711399724321
0.9999717721683148
0.9999725387021755
0.9999731424333684
0.9999733219325583
0.9999730269962498
0.9999723457867429
0.9999714582364945
0.9999707687824715
0.9999705056757161
0.9999707102359512
0.9999713577248958
0.9999721866736584
0.9999727419346373
0.9999729606485143
0.9999726105048532
0.9999718320071165
0.9999709567955467
0.999970257733271
0.9999700060951093
0.9999701532696783
0.9999708147789242
0.9999715825645631
0.9999721790773383
0.9999723833055458
0.9999720134256358
0.9999713097387406
0.9999705163137974
0.9999699219964401
0.9999696259941651
0.999969782024629
0.9999704091959198
0.9999711724214375
0.9999717702439799
0.9999719182699341
0.999971462180431
0.9999707681452707
0.9999699502519905
0.9999692976916073
0.9999690323096365
0.9999691666713392
0.9999696847712547
0.9999704705314583
0.9999711372628017
0.9999712685093931
0.9999708601389362
0.9999700739596566
0.9999692252327911
0.9999686419177799
0.9999684231590313
0.9999685337223817
0.9999691316942271
0.9999699612020891
0.9999706116633748
0.999970737873801
0.999970329962133
0.9999696217789178
0.9999688148699183
0.9999682094620165
0.999967911164836
0.9999679935160969
0.9999684917753761
0.9999692676073432
0.9999699201070907
0.9999701262768486
0.9999697135082868
0.9999689417545528
0.9999681953788662
0.9999676062261356
0.9999672859189189
0.9999674061414073
0.9999679042220423
0.9999686655541028
0.9999692629112876
0.9999694112624166
0.9999690188067654
0.9999681566189371
0.9999674099251776
0.9999668024309845
0.9999664926260203
0.9999666329859832
0.999967091232847
0.9999677899370432
0.9999683716286968
0.9999685087497614
0.9999681419898492
0.9999673673438617
0.999966582466234
0.9999660447929897
0.9999657776182632
0.9999658488819172
0.9999663338257095
0.9999669953711279
0.9999675870750738
