0.9999998953616814
0.9999995011294598
0.9999995493996309
0.9999997228229289
0.9999992947176922
0.9999995067509305
0.9999995056566899
0.999999134057819
0.9999994363945516
0.9999992515058383
0.9999990283333854
0.9999993480313313
0.9999990062974643
0.9999989651407248
0.9999992003245279
0.9999987906756669
0.9999989253619903
0.999999016575477
0.9999986194533634
0.9999988866655395
0.9999987940186854
0.9999984944388647
0.9999988049648137
0.9999985441697399
0.9999984163007958
0.9999986949179227
0.9999983053608016
0.999998359745786
0.9999985186475064
0.9999980984371747
0.9999983087563244
0.9999982905298825
0.9999979293047457
0.9999982265815696
0.999998048156698
0.9999978232502765
0.9999981349649831
0.9999977987150246
0.9999977610305464
0.9999980005952538
0.9999975955794075
0.9999977324130122
0.9999978298839506
0.9999974256493918
0.999997669569568
0.9999975726087214
0.9999972681405991
0.9999975612396586
0.9999973111606381
0.9999971866755573
0.999997478080612
0.9999970954651455
0.9999971531769456
0.9999973236897296
0.9999968989010373
0.9999971287294096
0.9999971501899065
0.9999967880524524
0.9999971068027161
0.9999969080703751
0.9999967101898565
0.9999970087445933
0.9999966791192891
0.9999966551797788
0.9999968795879821
0.9999964934556388
0.9999966017198827
0.9999966550449254
0.9999962581227277
0.9999965125062049
0.9999964272674161
0.9999961457493969
0.9999964388657633
0.999996193858886
0.9999960550293182
0.9999963165596018
0.9999959450238521
0.9999959720909051
0.9999961207118732
0.9999957215981582
0.9999958998421514
0.9999958852623636
0.9999955595426419
0.9999957968655765
0.9999956113094198
0.999995408797763
0.9999957004524757
0.9999953884634464
0.9999953484207666
0.9999955910614106
0.999995236334446
0.999995343602265
0.9999954167309923
0.9999950601332666
0.9999953019055187
0.9999952250956713
0.9999949508755926
0.999995233533297
0.9999949901023708
0.9999948617132383
0.999995121718848
0.9999947615084421
0.9999948135826516
0.9999949519230805
0.99999458784285
0.9999947584715188
0.999994759834744
0.9999944324289882
0.9999946821503971
0.9999945117318436
0.9999943231711226
0.9999946186185863
0.9999943250498288
0.9999942695489628
0.9999945012231234
0.9999941073741961
0.9999942095210956
0.9999942698386415
0.9999939202187355
0.9999941802312612
0.9999941118474307
0.9999938362309742
0.9999941118783086
0.9999938515717496
0.9999937433806695
0.9999939933085938
0.9999936149563188
0.9999936212803312
0.999993768169336
0.9999933527033342
0.9999935256594654
0.9999935244513254
0.9999931869591713
0.9999934501367408
0.9999932503393903
0.9999930606785805
0.9999933117393061
0.9999929903752767
0.9999929224857996
0.9999931309200456
0.9999927829579457
0.9999928832062974
0.9999929564960686
0.9999925975049525
0.9999928056137077
0.9999926895967635
0.9999924172713228
0.9999927148108337
0.9999924515621861
0.9999923252092552
0.999992571369713
0.9999922533728508
0.9999922651620679
0.9999923872368315
0.9999920212323867
0.9999922234875621
0.9999922355007766
0.9999919336588259
0.9999921342794855
0.9999919511275998
0.9999917735489993
0.9999920172528438
0.9999917110731152
0.9999916614865307
0.999991868413385
0.999991519619368
0.9999916173806171
0.9999916728435897
0.9999913422373975
0.9999915217182778
0.9999914203058979
0.9999911785402399
0.9999914029459852
0.9999911444311238
0.9999910646762079
0.9999912777265906
0.999990964727618
0.9999909732118007
0.9999911078609562
0.9999907596295973
0.9999909114018446
0.9999908882253343
0.9999905775964273
0.9999908079174328
0.9999906770913283
0.9999905529726594
0.9999908047568427
0.9999905632903399
0.999990525648363
0.9999906978922956
0.9999903453332611
0.9999904445425715
0.9999905502502109
0.9999902088721117
0.9999903628880272
0.9999902667498228
0.9999900327833754
0.9999902357908833
0.9999900329322151
0.9999899058383876
0.9999901026521754
0.9999897753522685
0.9999897760851306
0.9999898743580493
0.9999895442319157
0.999989696762006
0.9999897113857809
0.9999894353177853
0.9999896381552523
0.9999894922539109
0.9999893045539507
0.9999895454035322
0.9999892455018663
0.9999891810468898
0.999989311721019
0.9999889846200721
0.9999890919116773
0.9999891200031954
0.9999888219861719
0.9999890110613365
0.9999889265577555
0.999988673333027
0.9999889011775308
0.9999886858171045
0.9999885920534584
0.9999888117074978
0.9999884697837468
0.9999884934917312
0.9999886501486884
0.9999882799506881
0.9999884357198238
0.9999884054213657
0.9999881219940674
0.9999883128605701
0.9999881107552665
0.9999879332455517
0.9999881609930572
0.9999878620259739
0.9999878147752834
0.9999879469986195
0.9999876128064397
0.9999877303233261
0.9999877901110963
0.9999874902468411
0.9999876781703162
0.9999876129286608
0.9999873717287285
0.9999875691934351
0.9999873451217639
0.9999872336962587
0.9999874512311774
0.9999872058479812
0.9999872071002327
0.9999873053783118
0.9999869774645785
0.9999871013601273
0.9999870935897629
0.9999867698574227
0.9999869923778816
0.999986842938736
0.9999866825990071
0.9999869019135691
0.9999866271772416
0.9999865811619059
0.9999867458128149
0.9999863807140047
0.9999865044331607
0.9999865913833975
0.9999863140184307
0.9999864829037055
0.9999864225880012
0.9999862049149695
0.9999863860865885
0.9999861847643083
0.9999861152032946
0.999986319602118
0.9999860671108317
0.9999861263682968
0.9999862355033696
0.999985928532377
0.9999860312930052
0.999986025594304
0.9999857212156974
0.9999859295530961
0.9999857633266676
0.9999855799947149
0.9999857710435195
0.9999855021393367
0.9999854750056517
0.9999856341145142
0.999985364255761
0.9999854818946785
0.9999855238377933
0.9999852362923213
0.9999853542241751
0.9999852994936068
0.9999850851260351
0.999985350565181
0.999985097737848
0.9999849696294283
0.9999851252701052
0.9999848616660805
0.999984825427164
0.999984940582362
0.9999846421795056
0.9999847083793731
0.9999847250193886
0.9999843999153615
0.9999846203373685
0.9999844725448496
0.9999842900220323
0.9999844622248277
0.999984277320367
0.9999842017679951
0.999984332383418
0.9999840475388337
0.9999841054011506
0.9999841386580656
0.9999838470984563
0.999983991833935
0.9999839085687429
0.9999836940332348
0.9999838718721088
0.9999837089520441
0.9999835282347768
0.9999836998753572
0.9999834219269834
0.9999833554676266
0.999983497634695
0.9999832064710541
0.9999832999323061
0.9999833301391797
0.9999830827505104
0.9999832399373242
0.9999830949008458
0.999982932833396
0.9999831531105086
0.9999829063912834
0.9999827915900596
0.9999829093332238
0.9999826387016421
0.9999827091424607
0.9999827396140212
0.9999824656734557
0.9999826149348421
0.9999826056172681
0.9999823456136684
0.9999825978026803
0.9999824168776104
0.9999823180769308
0.9999825023682632
0.9999822734453141
0.9999822188074852
0.9999823218776456
0.9999820373564674
0.9999820911405178
0.9999820891299318
0.9999818592073801
0.9999819752713981
0.999981964126493
0.9999817487761892
0.9999819283453103
0.9999816678602352
0.9999816298545563
0.9999818062941112
0.9999815221826565
0.999981595476722
0.9999816267376386
0.9999813227880935
0.9999813960088075
0.9999813517130496
0.9999811699568624
0.9999813032242052
0.9999811846617491
0.9999810702148811
0.9999812372668142
0.999981048790709
0.9999810590334183
0.9999811817967713
0.9999809317115813
0.9999810218006957
0.9999810263331559
0.999980852308502
0.9999810255375343
0.9999809733721321
0.9999807850155304
0.9999809975817671
0.9999808086570737
0.9999807179675255
0.9999807803299123
0.9999805419886958
0.9999805884573346
0.9999806020434482
0.9999803758645573
0.9999804811244216
0.9999804208215477
0.9999802261697059
0.999980333323655
0.9999801574576205
0.9999800663324505
0.9999801614911975
0.9999799755295729
0.9999799797024416
0.999980081596172
0.9999798590078068
0.9999799740870088
0.9999799713040636
0.9999797757146555
0.999979893877724
0.9999798061005505
0.9999796448133933
0.9999798484233451
0.999979721181038
0.9999796820177975
0.9999798476796772
0.9999795951311772
0.9999796099340027
0.9999796459611148
0.9999793809194993
0.9999794621475475
0.999979438166407
0.9999792607405723
0.9999793529419239
0.9999792353358692
0.9999791222323233
0.9999793034562016
0.9999790578109382
0.9999790091054818
0.9999791018740889
0.9999788634325507
0.9999789226683592
0.9999789685902647
0.9999787335617982
0.9999788734021321
0.9999788184354054
0.9999786266812748
0.999978778200669
0.9999785809221545
0.9999784973312272
0.9999786509671292
0.9999783950013985
0.999978349077101
0.9999784307968138
0.9999781765053479
0.9999782455880746
0.9999781953669945
0.9999779974095224
0.9999781556374244
0.9999780787037608
0.9999779548891846
0.9999780945472508
0.9999778834015508
0.9999778162402814
0.9999778974517732
0.9999776524442949
0.9999776459135832
0.9999776491967248
0.9999774615427307
0.9999776416292203
0.9999776191415097
0.9999773860700939
0.9999774884346514
0.99997730101691
0.9999771930738292
0.9999773017686728
0.9999770866383619
0.9999770448810837
0.9999770645504882
0.9999768073933638
0.9999769021237378
0.999976849845292
0.9999766388867064
0.999976776989099
0.9999766330232538
0.9999764449892152
0.9999765488726508
0.9999763247205465
0.9999763203494407
0.9999764328370048
0.9999761596764747
0.9999762080519151
0.9999761556590179
0.9999759545122149
0.9999760463022498
0.9999759083662968
0.9999757889603191
0.9999759016633709
0.9999757397969484
0.999975589572832
0.9999757379905825
0.9999755592664135
0.999975554329268
0.99997557855037
0.9999753504819121
0.9999754074235739
0.9999753846676732
0.9999751624282811
0.9999753136269602
0.9999752142049739
0.999975122273806
