0.9999993899039527
0.999998642087055
0.9999972482902613
0.9999960449144054
0.9999958473356707
0.9999966320623433
0.999997269172624
0.9999970978255684
0.9999960347772003
0.9999945656779898
0.999993639719249
0.9999938897946941
0.9999947872970396
0.9999952103678108
0.99999476794756
0.9999935409409139
0.999992186206348
0.9999916694152382
0.9999922423872866
0.9999930364473982
0.9999931584249065
0.9999923830640438
0.9999910754092265
0.9999899044226805
0.9999898535032877
0.9999906104691747
0.9999911666762933
0.9999910077689703
0.9999900542186786
0.9999886589941926
0.9999877769228693
0.9999880750085859
0.9999888636642108
0.9999893317686056
0.9999888126894562
0.9999876455003146
0.9999862367301354
0.9999857061436664
0.9999862567767598
0.9999869411099608
0.9999870776276101
0.9999863868768932
0.9999849696409289
0.9999837770855677
0.999983548986866
0.9999841995686659
0.9999848214467913
0.9999846595980273
0.9999837581393015
0.9999824072929435
0.9999814602618768
0.9999817294981018
0.9999823634268431
0.9999826971815486
0.9999821836930339
0.9999809229096397
0.9999795120366995
0.9999790688718765
0.9999794794398547
0.9999803146765763
0.9999803714402137
0.9999796192975955
0.9999783837293952
0.9999773718429359
0.999977283803945
0.9999781161723815
0.9999785831992692
0.9999784105907417
0.9999773997629443
0.9999759999315663
0.999975074449891
0.9999752220097542
0.9999760387692208
0.9999763182815034
0.9999758420058629
0.9999747260758506
0.9999734678698778
0.9999729735116044
0.9999733123169722
0.999974020791446
0.9999741309689723
0.9999733858815559
0.9999720193484457
0.9999708419547753
0.9999706919671207
0.9999712936023838
0.9999717093805618
0.9999715196158511
0.9999705032278181
0.9999691520417635
0.999968457839882
0.9999687049748534
0.9999694264080177
0.9999700338642753
0.9999695372624967
0.9999682671519371
0.9999669139567673
0.9999664645859724
0.9999670479148755
0.9999677479235591
0.9999678756262066
0.9999672304008694
0.9999658439439879
0.9999647879162951
0.9999646608082953
0.999965329102695
0.9999657580884981
0.999965493153646
0.9999644109229482
0.999963109904199
0.9999624884143754
0.9999624059414802
0.9999630840383978
0.9999632032816865
0.9999626471205584
0.9999612229221635
0.9999598916568386
0.9999595430223277
0.9999599689083605
0.9999606752872162
0.9999609863125357
0.9999601551242197
0.9999587311663919
0.9999576496219005
0.9999574833911892
0.9999579727793471
0.9999582914153732
0.9999579954805459
0.9999570656977542
0.9999556156966674
0.999954774563641
0.9999550041234792
0.9999554517423785
0.9999558753916109
0.9999554441769388
0.9999541929316382
0.9999529742966309
0.9999523679977054
0.9999526541755914
0.9999531485976735
0.9999531389551014
0.9999521897431978
0.9999511102568043
0.9999501125238739
0.9999500037172536
0.9999505299617393
0.9999508618076113
0.9999507890462673
0.9999498729043397
0.9999486545590128
0.9999478383790648
0.9999480595920024
0.9999484476786296
0.9999487801000762
0.9999481094333844
0.99994691582847
0.9999457582810994
0.9999453670902156
0.9999458014828283
0.9999466836211114
0.9999467953681401
0.9999459124607404
0.999944730014838
0.9999437680342043
0.9999438127749449
0.9999444048366467
0.9999450206730501
0.9999445184338391
0.9999432473099799
0.9999422370402514
0.9999416664280522
0.999941810903618
0.9999426021398264
0.9999428330459712
0.9999423367397124
0.9999411147280539
0.9999397730795838
0.9999396157785033
0.9999400295255213
0.9999405788510362
0.9999404370230178
0.999939899606192
0.9999389576278115
0.9999379323003347
0.9999376915695711
0.9999383408138183
0.9999386636519739
0.9999383923756703
0.9999376881394563
0.9999363332676924
0.9999358371980775
0.9999360006226196
0.9999364243775954
0.9999365847924203
0.9999361850257863
0.9999350399086987
0.9999337992811567
0.9999332725809302
0.9999336465251345
0.9999340663497501
0.9999341497545087
0.9999334902592174
0.9999321154858479
0.9999313207485079
0.9999310278411045
0.9999317098630676
0.999932309969949
0.9999319926405125
0.9999311803389258
0.9999299109319675
0.9999290963080493
0.9999291775601498
0.9999297228657633
0.9999302175939065
0.9999296769984782
0.9999285969199831
0.9999275400327937
0.9999273047972141
0.9999277355347654
0.9999284689245218
0.9999284677752488
0.9999278511361283
0.9999266775302705
0.9999256817377659
0.9999255440894578
0.9999258516949393
0.9999261017255995
0.9999256721079759
0.9999245386527361
0.9999232104202797
0.999922473504127
0.9999225469050774
0.9999232037262076
0.999923601090597
0.9999230558540038
0.999922125715057
0.9999207964835314
0.9999201260894836
0.9999202255363121
0.9999206948362623
0.9999205469008785
0.9999199579637512
0.9999189106731619
0.999917889488235
0.9999176524039713
0.9999180640038191
0.999918296212891
0.9999181081035133
0.9999174830835894
0.9999163899029769
0.9999155616493977
0.9999158088917387
0.9999162623730007
0.9999165827324253
0.9999160041631182
0.9999148259718291
0.9999138397288754
0.9999135493575935
0.9999136970784873
0.9999141362829047
0.9999140365460615
0.9999131307108445
0.9999122661806642
0.9999115621361502
0.9999111244048229
0.9999113226302968
0.999911768176194
0.9999115494904556
0.9999107915475913
0.9999095453714397
0.9999087120951614
0.9999088704614686
0.9999091478341533
0.999909058228272
0.999908698952633
0.9999078624530356
0.9999071355728041
0.999906623286908
0.9999068054193719
0.9999071869188915
0.999907209002453
0.9999065677793489
0.9999055451708909
0.999904978175378
0.9999049823287937
0.9999052105003035
0.9999057375825795
0.9999056312386958
0.9999048457744444
0.999903829047569
0.9999031088531958
0.9999032748233245
0.9999035590078331
0.9999038459295554
0.9999035277474126
0.9999024833147545
0.9999014958499145
0.9999009919836267
0.9999014100761506
0.9999015866142097
0.999901574112564
0.9999008970247553
0.999899672467283
0.9998991420207887
0.9998991875742985
0.999899847648033
0.999900017623433
0.9998998019811207
0.9998986037088856
0.9998974126669864
0.9998967321441087
0.9998968777761038
0.9998973765862885
0.9998976195175842
0.99989707313912
0.9998959644541702
0.9998950096013701
0.9998950802573068
0.9998951167073109
0.9998955351016346
0.999895150113347
0.9998944876021622
0.9998933392744647
0.9998926920355257
0.9998926757111984
0.9998930351830829
0.9998933245871992
0.9998929272742324
0.999892182046259
0.9998912271248153
0.9998906498725088
0.9998906138702908
0.9998908285104237
0.9998910319292206
0.99989073700406
0.999889643384078
0.9998889900005581
0.9998885040913026
0.9998887681293551
0.9998890459132258
0.9998885802958973
0.9998881456512949
0.9998874901979774
0.9998867230852536
0.9998867307749341
0.9998871274773736
0.9998871129544686
0.999887302245755
0.9998863510917803
0.9998852090020565
0.9998843242298286
0.9998843088094638
0.9998843949495998
0.9998844419588812
0.9998841345948655
0.9998829861214938
0.9998823270072509
0.9998820473785741
0.99988228242553
0.9998826124521077
0.9998823752447253
0.9998817747098454
0.999880960413604
0.9998805359753155
0.9998801656926383
0.9998805173448804
0.9998802271098565
0.9998799280024313
0.9998788695622012
0.9998777473614305
0.9998770403780786
0.9998770573441217
0.9998775182152825
0.9998777493057998
0.9998772933874925
0.9998766165852091
0.9998755985426762
0.9998754930954151
0.9998759755446206
0.999876730359469
0.999876552227553
0.9998757856484592
0.9998749220289093
0.9998740801406519
0.9998737366915335
0.999874473494837
0.9998749139006229
0.9998745645803333
0.9998735636431654
0.9998724069331492
0.9998716198971076
0.9998716766244538
0.9998723027929319
0.9998721023572366
0.9998717121025612
0.9998708212391988
0.9998699910029667
0.999869801521613
0.9998699114551888
0.9998698762460968
0.999869405741747
0.9998689947538237
0.9998681056993624
0.9998674522778619
0.9998674706770695
0.9998675269886877
0.9998675457247085
0.9998671766435206
0.9998665553292952
0.9998655273940695
0.9998648763400423
0.9998648404778192
0.9998649860427556
0.9998644099950027
0.9998639668971987
0.9998630735636844
0.9998624034936029
0.9998621248730997
0.9998623825336186
0.9998628052132547
0.999862544198434
0.999862014023888
0.9998611077047946
0.9998603131265941
0.9998601332554482
0.999860476496732
0.9998606748078629
0.9998601953409115
0.9998592807728964
0.9998583600357014
0.9998579171807702
0.9998580599238879
0.9998584144320076
0.99985818629895
0.9998575314938666
0.9998564743229099
0.999855447677033
0.999855304731188
0.9998560008189531
0.9998561535835636
0.9998561251931464
0.9998557005164666
0.9998546785350283
0.9998540507874873
0.9998538615533057
0.9998542706278796
0.9998546968381561
0.9998541604320378
0.9998531895008536
0.999851907571324
0.9998515133786376
0.999851775843092
0.9998519514838725
0.999851651532471
0.9998511779375822
0.9998505371640043
0.9998497099023391
0.9998491132028501
0.9998492683909558
0.9998495672650499
0.9998496914148314
0.9998491380029456
0.999847756978512
0.9998471382285401
0.9998471046686875
0.9998473260967934
0.9998472559236565
0.9998472031710651
0.9998464537044239
0.999845725603377
0.9998453210624383
0.9998456449003867
0.9998457359238442
0.999845643317464
0.9998454103077709
0.9998445157739475
0.9998439264715113
0.9998435119552067
0.9998434257809912
0.9998435495934185
0.999843463781827
0.9998425569033804
0.9998417539313061
0.9998414394479584
0.9998414280937993
0.9998417252879456
0.9998417864390422
0.9998416499315297
0.9998410103416615
0.9998399320721194
0.9998391846057914
0.9998392311164714
0.9998397914550656
0.9998396321602466
0.999839239064357
0.9998387098132236
0.999837903837691
0.9998377113688167
0.9998378422854957
0.9998382924389635
