0.9999995795566966
0.9999990484597244
0.9999980858681476
0.9999977691545704
0.9999983987871569
0.9999991554338862
0.9999991616413441
0.9999983215919651
0.9999975383115277
0.9999976723224576
0.99999847524605
0.9999989690933402
0.9999985531484932
0.9999976080835467
0.9999971951601561
0.9999977382963824
0.9999985144432413
0.9999986120292719
0.9999978647935048
0.9999970316674046
0.9999970607362583
0.9999978260078927
0.9999983849812635
0.9999980824597859
0.9999971422665243
0.9999966471728764
0.999997086935308
0.9999978737630161
0.9999980856535414
0.9999974125013216
0.9999965443692852
0.9999964765223486
0.999997173646263
0.999997794450671
0.999997575738254
0.9999966760509263
0.9999960607511421
0.9999964198838108
0.9999971778150437
0.9999974493677837
0.9999968552157593
0.9999959541810957
0.9999957921547874
0.9999964326774995
0.9999970832759005
0.9999969713600247
0.9999961243131068
0.9999954816892982
0.9999957322616778
0.9999964750255963
0.9999968631031553
0.9999963853752698
0.9999954889483501
0.9999951979974998
0.9999957608684352
0.9999964282740625
0.999996411637979
0.9999956239287516
0.9999949165277205
0.9999950374768842
0.9999957632490004
0.9999961883664742
0.9999957839339609
0.9999949247119512
0.9999945430123021
0.9999950128233794
0.9999956903674786
0.9999957766741031
0.9999950680764751
0.9999943258015701
0.9999943561013691
0.9999950437733282
0.999995530049835
0.9999952073956776
0.9999943738324117
0.9999939318950595
0.9999943262357922
0.9999950271427229
0.9999952056917851
0.9999945918406562
0.9999938312283257
0.9999937449416666
0.9999943477338449
0.9999948904695515
0.9999946810177509
0.9999938735318774
0.9999933445105962
0.99999363969986
0.9999943313377324
0.999994612325982
0.9999940137459419
0.9999932295878973
0.9999930532901647
0.9999936222780827
0.9999942333788961
0.9999941280044496
0.9999933344628671
0.999992757347223
0.9999929616677036
0.9999936499375666
0.9999939751009654
0.9999934820153986
0.9999926838215819
0.9999924717187815
0.9999929480960417
0.9999936334325599
0.999993627743699
0.9999929174838827
0.9999922681654564
0.9999923327737421
0.9999930087116625
0.9999934133166715
0.999993037378331
0.999992277639266
0.9999919216793682
0.9999923278325545
0.9999930069505372
0.999993085672416
0.9999923888206764
0.9999917286869305
0.9999917453891128
0.9999923779335117
0.9999928568255345
0.9999926015210866
0.9999917980616644
0.9999913472741513
0.9999917094637893
0.9999923430371224
0.9999925234828978
0.9999919441542937
0.9999911889168251
0.9999910720561944
0.9999916461350739
0.9999921644569716
0.9999919545487961
0.9999912084573434
0.999990720240863
0.999990966107525
0.9999916144618392
0.9999918813263615
0.9999913852940342
0.9999906399239994
0.9999904920994821
0.9999910043890867
0.9999915599113205
0.9999914817067674
0.9999907750643954
0.9999902411343476
0.9999904182494329
0.9999910425307293
0.9999913550828672
0.9999909474807516
0.999990200814312
0.999989960253869
0.9999904454472877
0.999991028505887
0.9999910528843682
0.999990386115016
0.9999897420308991
0.9999898298267652
0.9999904397972235
0.9999908339341507
0.9999904719792726
0.9999897458981125
0.9999894120669824
0.9999897847440585
0.999990401537213
0.9999904943529309
0.9999898773358439
0.999989212894694
0.9999892176365557
0.9999897691788862
0.9999901893228467
0.9999899248055525
0.9999891816105022
0.9999887548255644
0.9999890914318197
0.9999897075100642
0.9999899099964279
0.9999893700811557
0.999988662152875
0.9999886101720332
0.9999891500955497
0.9999896502451879
0.9999894273709687
0.9999887340549344
0.9999882588257049
0.999988527646617
0.9999891260677417
0.9999893674443896
0.9999888429519462
0.9999880995202312
0.9999879329086492
0.9999884680456044
0.9999890206378462
0.999988892113427
0.9999881890331095
0.9999876471139488
0.9999878216995507
0.9999884481135093
0.9999887475248186
0.999988314239877
0.9999875583141208
0.9999873485457569
0.9999878048681985
0.9999883680247034
0.999988373065812
0.9999877245867486
0.9999871467072706
0.9999872641872933
0.9999878950248359
0.9999882357940081
0.9999878981633441
0.9999871845025451
0.9999868557859666
0.9999872334725354
0.9999878056987128
0.999987849221102
0.9999872650837317
0.9999866360587985
0.9999866483908909
0.9999872623461766
0.9999876552398007
0.9999873906949089
0.9999867011509813
0.9999862592678881
0.9999865700792319
0.9999871938097555
0.9999873226593246
0.9999867784835309
0.9999861332851853
0.9999860317727469
0.999986613811268
0.9999870625542419
0.9999868427839639
0.9999861561461165
0.9999857155603017
0.9999859806377247
0.999986600666944
0.999986844506942
0.9999863786292428
0.9999856549089908
0.999985484913472
0.9999859707398234
0.9999864961156814
0.9999863589208263
0.9999857267697511
0.9999852142636353
0.999985330876155
0.9999859699131406
0.9999862413102688
0.9999858179944975
0.999985134277331
0.9999848867551135
0.9999853328017608
0.9999858939794757
0.999985853532384
0.9999852689509765
0.999984698582776
0.9999847887176819
0.9999853744403887
0.9999856781600247
0.9999853782185607
0.9999847165343092
0.9999843847598449
0.999984784382081
0.9999852839198357
0.9999853462471738
0.9999847645283468
0.9999841362746665
0.9999841209761977
0.9999846772763876
0.9999850590288829
0.999984879990663
0.999984204262828
0.9999838060587318
0.9999841079213456
0.9999846372465302
0.9999847943464213
0.9999843256109123
0.9999836689588337
0.999983597637504
0.9999841745773387
0.9999845509867216
0.9999844158780433
0.9999837816325771
0.9999832353679433
0.9999834634849013
0.9999840035716654
0.9999841499616897
0.9999837462456218
0.9999831229780451
0.9999829625503156
0.9999834466040135
0.9999838883660377
0.9999837560556172
0.9999831575945993
0.9999827107403566
0.9999829373661462
0.9999834706224033
0.9999837185755509
0.9999833811776366
0.9999827344570543
0.9999825581929259
0.9999828688758551
0.9999833618850301
0.9999833275333703
0.999982819733429
0.9999823485466518
0.9999824054919346
0.9999828527582316
0.9999831421050447
0.9999829014376856
0.9999823204415172
0.9999820401309703
0.999982349740473
0.999982821083618
0.999982841951541
0.9999823053855893
0.999981789517402
0.99998175639887
0.999982235604003
0.9999825817763153
0.9999823808894558
0.9999818022868754
0.999981457063762
0.9999817172573229
0.9999821961759314
0.9999823047111891
0.999981834304211
0.999981326117889
0.9999812625661546
0.9999817105215619
0.9999820904142329
0.9999819487885261
0.9999814452403819
0.9999810694611639
0.9999812212603856
0.9999816930916927
0.9999818791806693
0.9999814852208342
0.9999809284863538
0.9999807234060679
0.9999810610291248
0.9999814692620657
0.9999813350936203
0.9999807514376368
0.9999802728633684
0.9999803210792648
0.999980816351188
0.9999809881216898
0.9999806249082563
0.9999800758761707
0.999979855538909
0.99998019445603
0.9999806095072941
0.9999805817947786
0.9999800533068965
0.9999795203452818
0.9999795206066991
0.9999799345477548
0.9999802245466997
0.9999799780159304
0.999979429179572
0.999979118905534
0.9999794574209454
0.9999799055726967
0.9999798921962835
0.9999794225478071
0.999978923962987
0.9999788972694658
0.9999794014635643
0.9999797081180548
0.9999794845853959
0.9999789651792098
0.9999786421758762
0.9999788723847115
0.9999793645221903
0.9999793880300104
0.9999790035114796
0.9999784503641687
0.9999783242765491
0.9999787628957039
0.999979064005082
0.9999789357020694
0.9999784079968048
0.9999780192465809
0.9999781891922831
0.9999786860488555
0.999978837133784
0.9999785251031285
0.9999779946641288
0.9999778705079772
0.9999782413212549
0.9999786057139671
0.9999785571018206
0.9999780411722351
0.9999776501174283
0.9999777108046484
0.9999781956109955
0.9999783481408437
0.9999780289564296
0.9999775206262105
0.9999772988189672
0.9999776418073162
0.9999780225441308
0.9999779420721443
0.9999775573525997
0.9999771377089395
0.9999771814807142
0.9999776459021309
0.9999778220154134
0.99997756518134
0.9999770966746853
0.9999768501980115
0.9999770915138211
0.9999774566179452
0.9999774180629442
0.9999769994290534
0.99997652962548
0.999976510200835
0.9999769047583389
0.9999771692344868
0.9999769680832371
0.9999764259503032
0.999976158828032
0.9999763987440632
0.9999768029551722
0.9999768891013329
0.9999765150180956
0.999976045089982
0.9999759490605079
0.9999762997375696
0.9999765598144503
0.9999763464880741
0.9999758425696533
0.9999755137034287
0.9999756683967936
0.9999760318013146
0.9999761300045683
0.9999757782898746
0.9999752869654908
0.9999752249132698
0.9999755648345952
0.999975820060445
0.9999757237280499
0.9999752459226243
0.9999748980732918
0.999975033523315
0.9999754742719196
0.9999756461046622
0.9999753172518859
0.9999748748049578
0.9999747754561085
0.9999751513653927
0.999975496911972
0.9999753879906469
0.999974957141996
0.9999745203103698
0.9999746171227857
0.9999749712646827
0.9999751941322838
0.9999749243617871
0.999974468732969
0.9999742604852647
0.9999746022837873
0.9999749013975402
0.9999748729803094
0.9999744727099684
0.9999740827581174
0.9999741583443047
0.9999745048307473
0.999974711130101
0.9999744810974812
0.9999740226698993
0.999973779141689
0.9999740573187613
0.9999744677938098
0.999974436773786
0.9999740818031856
0.9999737111573128
0.9999737111139085
0.9999740264753825
0.9999742360481668
0.9999739641141219
0.9999735415942258
0.9999732722592082
0.999973475549934
0.9999737935862737
0.9999738917545716
0.9999735064425227
0.9999730560123666
0.9999729382990072
0.9999732442120695
0.9999734623536192
0.9999733156016046
0.999972898778662
0.9999725809763614
0.999972722178124
0.9999730758139412
