0.9999962928461313
0.9999790412686242
0.999961897417862
0.9999430881820587
0.9999232349293382
0.9999044750270688
0.999885533321485
0.9998680714435889
0.9998491223315921
0.9998329306128326
0.9998179515779325
0.9998061583207786
0.9997927130921498
0.9997784461268128
0.999766258139504
0.9997515749187479
0.9997365180968105
0.9997179295429968
0.9997020175188434
0.9996799887353568
0.9996599821314518
0.9996441635744183
0.9996243036767919
0.9996057281978737
0.9995871225789026
0.999568315953379
0.999554496431274
0.9995404632278
0.9995244553302297
0.9995148043149452
0.9994950831186324
0.9994838502266921
0.9994709935478254
0.9994586936676488
0.9994423043554398
0.9994249230590998
0.9994089355490533
0.9993925603950775
0.9993769366695897
0.9993557920539077
0.9993395843450907
0.9993253422605085
0.999309693376413
0.9992947675015184
0.9992807491599794
0.999266453055156
0.9992494753768846
0.9992358150059041
0.9992216326481624
0.9992033806711141
0.9991833059614792
0.9991644105284571
0.9991515637129766
0.99913374262877
0.9991174319998147
0.9991016868546372
0.9990789288348918
0.9990632716489667
0.9990489237191106
0.999030982293773
0.9990132617242276
0.9989964649558859
0.9989898723261414
0.9989731419367877
0.9989636066338062
0.998954644987041
0.9989326125631474
0.9989224178427593
0.9989157803100652
0.9989023049870517
0.9988855378295626
0.9988662076299271
0.998844319860035
0.998825445707944
0.9988172129572109
0.9987966980971368
0.9987760105716439
0.9987572818783893
0.9987475178313746
0.998736607616417
0.9987203428349368
0.9987051601359629
0.9986847837469114
0.9986712019624637
0.998660057740853
0.9986467523406959
0.9986346068827344
0.9986243726336864
0.9986094812123573
0.9985992487471369
0.998577082502147
0.9985646545985557
0.9985473011698197
0.9985355190065385
0.998520800125274
0.998502845064116
0.9984883778899016
0.9984799688739012
0.9984693446293789
0.9984478149430532
0.9984375723153142
0.9984254249278276
0.9983991360037692
0.9983808870846194
0.9983619156615571
0.9983466064017541
0.9983198473322749
0.998302986028821
0.998286175335874
0.9982656185355517
0.9982565346252966
0.9982510687995804
0.9982369523268975
0.9982281979666043
0.9982110313979133
0.9981958383868247
0.9981837449836769
0.9981652853410966
0.998153170162786
0.9981319488205145
0.9981156516278473
0.9980955757250805
0.9980773810926347
0.9980671689210369
0.9980592075301957
0.9980441909699675
0.9980320349538837
0.9980092581159852
0.997997994285349
0.9979936241660113
0.9979843023335446
0.9979745746258166
0.9979595814586935
0.9979417118486225
0.9979196403151861
0.9979028566333353
0.9978857578594474
0.9978774940822307
0.9978481547802932
0.9978225017303118
0.9978010551264086
0.9977812048610123
0.9977649527477301
0.9977366625232723
0.9977302253434116
0.9977161321981973
0.997702420220256
0.9976944813812941
0.9976772323580793
0.9976678447970566
0.997659194570173
0.997635046020929
0.9976160292949264
0.9976024320589664
0.9975746691052948
0.9975592664438284
0.9975342820988732
0.9975278365494328
0.997516133185348
0.9975067688769398
0.9974922867981354
0.9974938588810407
0.9974872718191002
0.9974765596522405
0.9974571974745348
0.9974504856785774
0.9974317294792613
0.9974126410191366
0.9974028033842864
0.9973884976697708
0.9973725692987833
0.9973510349659488
0.9973348978255868
0.9973080122993438
0.9972946675485103
0.9972811535544931
0.997274313650735
0.9972674351233868
0.9972564820929991
0.9972431071695481
0.997225302174791
0.9972167310709114
0.997203852611573
0.9971804279641608
0.9971630652325839
0.997150498003143
0.997133959603447
0.997116971206156
0.9970908218756633
0.9970736265865449
0.9970641622138636
0.9970489072719695
0.9970288770261428
0.9970105588602277
0.9969986627562148
0.9969726274735062
0.9969542606476975
0.9969422402409771
0.9969186113465359
0.9969023582357265
0.9968705627125688
0.9968646454574324
0.9968336143339828
0.9968135744425703
0.9968004317508504
0.996789170283658
0.9967834400731616
0.9967700234331667
0.9967639532583195
0.9967528276687226
0.9967439730057893
0.9967208912275122
0.9967004171962662
0.9966811569677896
0.9966706064751002
0.9966638986413078
0.9966545014007017
0.9966270325285088
0.9966165158633399
0.9965977528305581
0.9965674925883488
0.9965498087013026
0.9965359111981015
0.99651587554993
0.9964906425649824
0.9964814848020956
0.9964632264854716
0.9964517150702479
0.9964304771279808
0.9964192984267854
0.9964002050523921
0.996396140768029
0.9963999777302582
0.9963864019088596
0.9963650073471967
0.9963618763928331
0.9963445980921137
0.9963170737148895
0.996293996599623
0.9962735497611571
0.9962563211011849
0.9962371501912664
0.996223792593624
0.9962203876544691
0.9962040830624113
0.996181758816602
0.9961559787763082
0.996132270082108
0.9961244339445696
0.9961165302058901
0.9961014656323046
0.9960960528414119
0.9960754977065809
0.996055748249478
0.9960434192910168
0.9960293155521779
0.9960171454392523
0.9959947914132152
0.9959766670407969
0.9959595896489064
0.9959476345359196
0.9959330153231057
0.9959202035720222
0.9959127639875907
0.9958911111958767
0.9958796912113651
0.9958691853252067
0.9958515027364316
0.9958324730608995
0.9958246427994252
0.9958056083885509
0.9957906807654473
0.9957703585779571
0.9957513093222883
0.9957316899544946
0.9957198234144887
0.9957113421400767
0.9956833457529554
0.9956732722423032
0.9956624018874196
0.9956518502024487
0.9956397878458207
0.9956276634382439
0.9956146874022885
0.9955930725970702
0.9955801346049935
0.9955712408227216
0.9955570731066273
0.995531217714105
0.9955155972533992
0.9954892313613928
0.9954832153638322
0.9954504927835982
0.9954313816816178
0.9954273868739134
0.9954204353279369
0.995415979637032
0.9954064559458967
0.9953968846132861
0.9953759271095258
0.9953459556635036
0.9953302465314656
0.9953208336140267
0.9953117233760229
0.9952868554713244
0.9952650012538152
0.9952446241744876
0.9952371284413037
0.995220102844225
0.9952027924921873
0.9951983983937543
0.9951873300285001
0.9951713498439573
0.9951609500283674
0.9951446331877304
0.9951391740429493
0.9951261832127658
0.995114998229929
0.9950864757207082
0.9950700126598712
0.9950586644229981
0.9950502209454748
0.9950357131820226
0.9950144275361394
0.9949999185335585
0.9949918204733031
0.994966856621536
0.9949491896670355
0.9949293170668773
0.9949085762432686
0.9948713156201612
0.9948615577464733
0.9948376368803938
0.9947981400905032
0.994769034061033
0.994755828152221
0.9947410522334368
0.9947132817803095
0.994693534939439
0.9946590717626549
0.9946437007798268
0.9946356756893622
0.9946254936264984
0.9946036491478049
0.9946014241437402
0.994584827710375
0.994576910316494
0.9945481660010588
0.9945342789780378
0.9945291393513227
0.9945031202728344
0.9944905447643105
0.9944720339113046
0.9944543638127539
0.9944419039696085
0.9944203435319956
0.994419662085543
0.9943896027641053
0.9943853726110538
0.9943541058700324
0.9943448193133182
0.9943243496160602
0.9943145553623096
0.994308627582096
0.9942954947212803
0.9942753900136131
0.9942704431187015
0.9942512063885989
0.9942339648368623
0.9942156570679785
0.9942002553786342
0.9941841630413989
0.9941620590327982
0.9941583474183352
0.9941495287589717
0.9941308681906535
0.9941061881113796
0.9940891512986887
0.9940682810528654
0.9940568737764088
0.9940321795163326
0.9940073690662657
0.9939917117760368
0.9939656035814397
0.9939495068847713
0.9939229356706427
0.9938990268457121
0.9938864551475378
0.9938661783127052
0.9938378384603924
0.9938085751200676
0.9937886971018879
0.9937760787511105
0.9937546470220668
0.9937415763984878
0.9937157391588196
0.9937147602009764
0.9936947392243807
0.9936863669481879
0.9936606070268733
0.9936601184410639
0.9936346755170455
0.9936283343155915
0.9935915427186132
0.9935888271021323
0.993585193755817
0.9935787927554933
0.9935861733432664
0.9935766381473089
0.9935505513571099
0.9935322377662231
0.9935141415882969
0.9934976643243435
0.9934779887444194
0.99345941270588
0.9934304764358587
0.9934167488552677
0.9934073394667252
0.9933892274670671
0.9933857615000017
0.9933672387121867
0.9933435629212483
0.9933231461842464
0.9933100377214868
0.9932873811053387
0.9932885586402465
0.9932698907113803
0.993253080080537
0.9932450755553893
0.9932062580805756
0.9931871086351992
0.9931864919420619
0.9931740036566071
0.9931533922815439
0.9931229664831611
0.9930832318082804
0.993057259147796
0.9930585289631645
0.9930223667369991
0.9930096500763578
0.9930036626703241
0.9929908484893928
0.9929722671043888
0.9929677691254312
0.9929427652088373
0.9929400145958329
0.992935870441018
0.9929239326379099
0.9929090146165402
0.9928994974285861
0.9928885390118215
0.9928732131107268
0.9928600900866736
0.9928408019405001
0.9928082298740529
0.9927927431930222
0.9927785164250098
0.9927713198976691
0.9927416724564545
0.9927353258049599
0.9927202485946545
0.992698248983221
0.9926821442115139
0.9926667624957071
0.9926540745002415
0.9926336793524526
0.9926092249107262
0.9925858640719062
0.992557919106176
0.9925375085835757
0.9925178480102016
0.9925061095816956
0.9925012897481941
0.9924674918346305
0.9924688114452569
0.9924457094511279
0.9924298639999345
0.9924069812692291
0.992396900818967
0.992390608038545
0.9923785925405756
0.9923735511772928
0.9923588557865819
0.9923549510352789
0.9923528377506234
0.9923324554676958
0.9923194625137249
0.9922927672746291
0.9922644182272035
0.9922513910693757
0.992232871729578
0.9922303215795779
0.9922136096472034
0.9921976686286746
0.9921693248538247
0.9921678370355315
0.9921512578695548
0.9921303728432269
0.9921146977326699
0.99208760844246
