0.999999851254453
0.9999994399208514
0.9999992532345832
0.9999997061674724
0.999999534683463
0.9999991058997563
0.9999994648627258
0.9999995916244306
0.9999990884574462
0.9999992035421976
0.9999995641995819
0.9999991621619808
0.9999989734145358
0.999999421204613
0.999999253902453
0.9999988383114901
0.9999991873839171
0.9999993077888836
0.9999988134289224
0.9999989128060635
0.9999992862230882
0.9999988911405673
0.9999986941941701
0.9999991422483995
0.9999989694999539
0.9999985582515244
0.9999988971384146
0.9999990203841553
0.9999985227413879
0.9999986232034346
0.9999989827527642
0.9999985834633439
0.9999984003522822
0.9999988402664806
0.9999986785593111
0.999998272667453
0.9999986047732523
0.9999987255051658
0.9999982372726381
0.9999983358455353
0.999998695851154
0.999998308084064
0.9999981175665463
0.9999985419380472
0.9999983835349041
0.9999979736243974
0.9999983032226121
0.9999984348189724
0.9999979521712467
0.999998052366875
0.9999983952453726
0.9999980083463451
0.9999978291200567
0.9999982437792279
0.9999980797022173
0.9999976777492785
0.9999980180734896
0.9999981442679822
0.9999976635636216
0.9999977558402693
0.9999980893371775
0.9999977042147136
0.9999975252276267
0.9999979353940764
0.9999977767598377
0.9999973679830008
0.9999976894880429
0.9999978086077127
0.9999973291643355
0.999997433152061
0.9999977751861124
0.9999974118126407
0.999997240453784
0.9999976599171035
0.9999975001209954
0.9999971043100683
0.9999974196076025
0.9999975459582395
0.9999970778749238
0.9999971675570231
0.9999975055090072
0.9999971453837858
0.9999969699874883
0.9999973726342722
0.9999972344177904
0.9999968234588098
0.9999971397915459
0.9999972764092309
0.9999968318405279
0.9999969092738618
0.9999972365340966
0.9999968887431414
0.9999967079821235
0.9999971041079435
0.9999969540139692
0.9999965804006468
0.999996884647408
0.9999969997090515
0.9999965398058243
0.9999966201611966
0.9999969480296628
0.9999965878215502
0.9999964092595984
0.9999968089310779
0.9999966568276223
0.9999962702220945
0.9999965596891341
0.9999966984308412
0.9999962426251829
0.9999963188907468
0.9999966504494061
0.9999962982240328
0.9999961198014542
0.9999964961219403
0.9999963610771456
0.999995998415291
0.9999962782311145
0.9999964022938662
0.999995960452203
0.9999960283928538
0.9999963467136209
0.9999959815976351
0.9999958059428067
0.9999961897462875
0.9999960511144168
0.9999956772642821
0.9999959474093632
0.9999960569149539
0.9999956120587106
0.9999956848710483
0.9999959972200095
0.9999956673496404
0.9999955120208834
0.9999959102953746
0.9999957783452152
0.9999954090453903
0.9999956877997419
0.9999958052100817
0.9999953714256876
0.9999954398192711
0.9999957529847256
0.999995382175043
0.999995208530777
0.9999955824965049
0.9999954379320619
0.9999950899513553
0.9999953581129082
0.9999954947784626
0.9999950624309909
0.9999951606142117
0.9999954640116867
0.9999951142380061
0.9999949689152726
0.9999953218885782
0.9999952089743193
0.9999948652558543
0.9999951390215865
0.9999952385085813
0.9999947984515429
0.9999948823616249
0.9999951920289373
0.99999486517064
0.9999947388208701
0.999995089099932
0.9999949646795251
0.9999946243370162
0.9999948747623264
0.9999949926856171
0.999994556500655
0.9999946264619817
0.9999949404961224
0.9999946037145151
0.9999944618771232
0.9999947966218997
0.9999946682261106
0.9999943374179714
0.9999946092949034
0.999994731585233
0.9999943180664024
0.9999944199528334
0.999994704037287
0.9999943663944508
0.9999942279495064
0.9999945509383661
0.9999944358465228
0.9999941171821283
0.9999943549816259
0.999994463517436
0.9999940747282123
0.9999941800892778
0.9999944643292855
0.9999941307404773
0.999993990793564
0.9999943167225265
0.9999941957059568
0.9999938541545563
0.9999941132674927
0.9999942410027437
0.9999938486176075
0.9999938989675594
0.9999941747915699
0.9999938317596764
0.9999936864693538
0.9999940254102628
0.9999939050910465
0.9999935841089036
0.9999937972165482
0.9999938857901858
0.9999934936604826
0.9999935850291154
0.9999938698645603
0.9999935551217229
0.9999934150388391
0.9999937203423946
0.9999936128654097
0.9999933078479186
0.9999935220325382
0.9999936470744936
0.999993252700302
0.9999933039120557
0.9999935762031388
0.9999932644522646
0.9999931381050436
0.9999934329685918
0.9999933061223493
0.9999929862031571
0.9999932011581258
0.9999933140237077
0.9999929180270913
0.9999929828067933
0.9999932511346493
0.9999929412008938
0.9999927810223299
0.9999931101715832
0.9999929968986182
0.9999926758850652
0.999992946378232
0.9999930691610935
0.9999926489433809
0.9999926898777948
0.9999929629888701
0.9999926132678779
0.9999924830733531
0.999992775615877
0.9999926682693282
0.9999923581542118
0.9999925787215511
0.9999926809620403
0.9999922830529147
0.999992338803563
0.9999926225256758
0.9999923018309611
0.9999921792388181
0.9999925113199546
0.9999923843532172
0.9999920711031719
0.9999923245297765
0.9999924055849849
0.9999920406848419
0.9999920698212016
0.9999923233784028
0.9999920085555672
0.999991882962396
0.9999922051720568
0.9999920745734048
0.9999917871097964
0.9999920222399926
0.9999921025463714
0.9999917320347684
0.9999917905390245
0.9999920358045145
0.9999917028164557
0.9999915554532293
0.999991895960566
0.9999917735791386
0.9999914717539045
0.9999917251652064
0.9999918186040496
0.9999914555996227
0.999991528957276
0.9999917896176912
0.9999915010516925
0.9999913728913117
0.9999916779546222
0.9999915662769288
0.999991276791609
0.9999914979145235
0.9999915876263662
0.9999912211779974
0.9999912775003795
0.9999915214887173
0.9999912209490194
0.9999910759055556
0.999991380947757
0.9999912594965377
0.9999909558871611
0.9999912171241964
0.9999913110167737
0.9999909483832821
0.9999910318941437
0.9999912777047505
0.9999909881145225
0.9999908569567145
0.999991148643379
0.9999910279976418
0.999990755026455
0.9999909906600914
0.9999910640442541
0.9999907264966353
0.9999907913101185
0.9999909862644211
0.9999907056582411
0.9999905899919298
0.9999908741873681
0.9999907313382174
0.9999904731407437
0.999990691226314
0.9999907408118061
0.9999904256030443
0.9999904884960984
0.9999907025653489
0.9999904209381189
0.9999902713477549
0.9999905592615481
0.9999904301926115
0.9999901301122427
0.9999903563479344
0.9999903968504715
0.9999900718875719
0.9999901473168559
0.9999903541716281
0.999990070295797
0.9999899738309311
0.9999902418970741
0.9999900887380087
0.9999898173276308
0.9999900271646917
0.9999900852234921
0.9999897681075827
0.9999898668825994
0.9999900534178934
0.999989773741242
0.9999896767020134
0.9999899388552841
0.999989784595622
0.9999895094419403
0.9999897319933655
0.999989794685314
0.9999894798695326
0.999989596168378
0.9999898003199276
0.9999895305786701
0.9999894379617449
0.9999896920784326
0.9999895440327059
0.9999892756583026
0.9999894925047509
0.9999895263484005
0.9999892224588361
0.9999893012602568
0.9999894961173769
0.9999892136897094
0.9999891302243376
0.9999893955266196
0.9999892483762349
0.9999889846043273
0.9999891776623657
0.9999891965117207
0.9999888963125823
0.9999889751549544
0.9999891717596774
0.9999888993168751
0.9999888178034143
0.9999890566442843
0.9999889067797393
0.9999886661934366
0.9999889130109866
0.9999889364775375
0.9999885913262823
0.9999886761880746
0.9999888918849403
0.9999886197562506
0.9999885285566503
0.999988765057501
0.9999885882611951
0.9999883540596033
0.9999885730416788
0.9999886055938509
0.9999883055957238
0.9999884098257638
0.9999885863487533
0.9999882991469845
0.9999882427782472
0.9999884593719505
0.9999882959069515
0.9999880599370515
0.9999882857388479
0.9999883423338257
0.9999880315723009
0.999988086850438
0.9999882569377032
0.9999879840662023
0.9999878747626099
0.9999881185670935
0.9999879870113432
0.999987748812654
0.9999879380757226
0.9999879990861505
0.9999877150222088
0.9999877689537204
0.9999879786185986
0.9999877362110118
0.9999876403970267
0.9999878777133967
0.9999877490988172
0.9999875052831131
0.9999876891600359
0.9999877435623461
0.9999874924953644
0.9999875733913819
0.9999877789940046
0.9999875407747372
0.9999874378147594
0.9999876894371433
0.9999875588647201
0.9999873371327337
0.9999875060595909
0.9999875090255265
0.9999872054393831
0.9999872443242158
0.9999874108203729
0.9999871835458413
0.999987099259285
0.9999873666991197
0.9999872297043025
0.9999869963062563
0.9999871538855539
0.9999871907285864
0.9999869127031357
0.9999869685053688
0.9999871666597528
0.9999869380577376
0.9999868612617117
0.9999870561276709
0.9999869404674365
0.9999867187209974
0.9999868732775627
0.9999869373976548
0.9999866359572078
0.9999866522708665
0.9999867955773277
0.9999865501954996
0.9999864573753899
0.9999866844579041
0.9999865663313579
0.9999863473840634
0.9999865138355873
0.9999865620219859
0.9999863117427356
0.999986334090886
0.9999865180356835
0.9999863146231416
0.9999862249264689
0.9999864544420518
0.9999863613036599
0.9999861582683078
0.9999863245570435
0.9999863866233991
0.9999861266005545
0.9999861677458604
0.9999863384925353
0.9999861075539273
0.9999860005471323
0.9999862139201794
0.9999861109857207
0.9999858827598658
0.9999860639539403
0.9999861209967345
0.9999858485912462
0.9999858831550595
0.9999860427601236
0.9999858135658014
0.9999857057387702
0.9999859484707705
0.9999858672082808
0.9999856484407573
0.9999858172629894
0.9999858296760844
0.9999855871462646
0.9999856004932497
0.9999857740124621
0.9999855320950708
0.9999854105814525
0.9999856129745452
0.9999854893953704
0.9999852768918861
0.9999854395053843
0.9999854850936871
0.9999852015224264
0.9999852387718473
