0.9999999454481175
0.9999996765772364
0.9999998454641602
0.9999995834887214
0.9999997498521164
0.9999994888230019
0.999999656052729
0.9999993920323091
0.9999995688184872
0.9999993020812071
0.9999994672979192
0.9999992009931163
0.9999993655105466
0.9999990959105177
0.9999992570199578
0.9999989914598765
0.9999991555858281
0.9999988893430813
0.9999990529410806
0.9999988012864766
0.9999989687241343
0.9999987060007258
0.9999988783087654
0.9999986132780612
0.9999987645921301
0.999998523313179
0.9999986765775858
0.9999984350860915
0.9999985935511483
0.9999983252906658
0.9999984780081186
0.9999982128996507
0.999998370371299
0.9999981100668843
0.9999982513418421
0.999997999142112
0.9999981667594678
0.9999978995482465
0.9999980348329931
0.999997772958896
0.9999979274967272
0.9999976806716427
0.9999978292747875
0.9999975860978504
0.9999977183609599
0.9999974575708407
0.9999976129770576
0.9999973625142806
0.9999975143912576
0.999997263271355
0.9999974165920009
0.9999971539660504
0.9999972952992745
0.9999970440972974
0.9999971937669182
0.9999969652750624
0.9999971142493729
0.9999968583792117
0.9999970085880318
0.9999967510466584
0.9999968850910138
0.999996632918332
0.9999967729336593
0.9999965168939523
0.9999966774631628
0.9999964314766772
0.9999965630801578
0.9999963268649166
0.999996477857843
0.9999962295317869
0.9999963971318697
0.9999961520537701
0.9999962818487422
0.9999960485644923
0.9999962025559134
0.9999959495583784
0.9999960770229723
0.9999958252153117
0.9999959674778452
0.9999957126442899
0.9999958542768879
0.9999956079887249
0.9999957758098061
0.9999955442390954
0.9999956728186804
0.9999954465563636
0.9999955779694971
0.9999953270369115
0.9999954936530159
0.9999952327701555
0.9999953569685094
0.9999951159306246
0.9999952578461467
0.9999950002904683
0.9999951314822658
0.9999948843268319
0.9999950337520294
0.9999947882827828
0.9999949348913199
0.9999947034768873
0.9999948266676988
0.9999945810378029
0.9999947141825477
0.9999944750038369
0.9999946129136091
0.999994390685139
0.9999945175835817
0.9999942810285519
0.9999943946798958
0.9999941589007149
0.9999943297813673
0.9999940728052277
0.9999942245558769
0.9999939902386167
0.9999941007153353
0.9999938777378097
0.9999939972447227
0.9999937412914788
0.9999938991001731
0.9999937023080671
0.999993830404173
0.9999935771068172
0.9999937166728559
0.9999934866739287
0.9999936191369152
0.9999933919236251
0.9999935547618759
0.9999933242065095
0.9999934516417633
0.9999932082647457
0.999993337359135
0.9999931113977683
0.9999932455019936
0.9999930124593086
0.9999931311072081
0.9999928976288426
0.999993042472974
0.9999928138987745
0.9999929523444259
0.9999927200289648
0.9999928376473303
0.9999926478147406
0.9999927850814967
0.9999925415078362
0.9999926731999826
0.9999924279503523
0.9999925498388447
0.9999922900235404
0.9999924247642101
0.9999921767466787
0.999992294307218
0.9999920492004656
0.9999921905456273
0.9999919574722637
0.9999921279589781
0.9999918539483504
0.999991977813159
0.9999917337982397
0.999991827669681
0.9999915710520202
0.9999917139319291
0.9999914590886844
0.9999915742615951
0.9999913374118855
0.9999914918921918
0.9999912377803438
0.9999913471546422
0.9999911400865577
0.9999912290714278
0.9999910052071745
0.9999911210464912
0.9999908789905817
0.9999910189587882
0.9999907923749913
0.9999909058738858
0.9999906891146074
0.9999907853328018
0.9999905891490041
0.9999906927188046
0.9999904562351182
0.9999906493469938
0.9999904638994708
0.9999905592214171
0.999990345520885
0.9999904811264254
0.9999902968458095
0.9999904171662841
0.9999902103133639
0.9999903468017809
0.9999901376893472
0.9999902690620064
0.999990077319873
0.9999901958741148
0.9999899281025725
0.9999900479582376
0.9999898755449432
0.9999899621262579
0.9999897259107159
0.9999898402028177
0.9999895972159335
0.9999897188614376
0.9999894884031217
0.9999895952983907
0.9999893829655161
0.9999894882194125
0.9999892673528473
0.999989400461657
0.9999892300984848
0.9999893315032096
0.9999891313039796
0.9999892588581357
0.9999890246665397
0.9999891386191391
0.9999889057235554
0.9999890187788716
0.9999888149082703
0.9999889324360682
0.999988717815073
0.9999888230335616
0.9999886250600238
0.9999887390619902
0.9999884986025115
0.9999886153900899
0.9999884099390124
0.9999885378143639
0.9999883569820845
0.9999884490029136
0.999988247672116
0.999988351998093
0.9999881697389122
0.9999882412453436
0.9999880120486846
0.9999881072450338
0.9999879116310549
0.9999880230166747
0.9999878283464608
0.9999879247254003
0.9999877521375156
0.9999878129122227
0.9999876261493498
0.999987758147806
0.9999875320983037
0.999987617036859
0.9999873871122292
0.9999875330710374
0.9999873161022959
0.9999873705609013
0.9999871198887698
0.9999871930587115
0.9999870183937556
0.9999871295025274
0.9999869303713016
0.9999870402417625
0.9999868411997863
0.9999869319943898
0.9999866810123917
0.9999867877199503
0.9999866074170704
0.9999867378449666
0.9999865246882413
0.9999866255040247
0.9999864263748544
0.9999864928311788
0.9999862565322974
0.9999863457212697
0.999986136925493
0.9999862929499063
0.9999860918993274
0.999986184916586
0.9999860174521645
0.9999861500608731
0.999985926803118
0.9999860023752768
0.9999858166474758
0.999985930427634
0.999985755358514
0.9999858778799188
0.9999856844829135
0.9999858525899322
0.9999856088733692
0.9999856820649643
0.9999854431604912
0.9999855161452413
0.9999853625287483
0.9999854295084787
0.9999852470814993
0.9999853058164353
0.9999851127495135
0.9999852424262609
0.9999850948022576
0.9999852071424976
0.9999849911699633
0.9999850535448465
0.9999848888623946
0.9999849751204085
0.99998481704529
0.9999848712121652
0.9999846821793844
0.9999848435030246
0.9999846572605929
0.9999847468407632
0.9999845720779433
0.999984641080101
0.9999844312519732
0.9999845128565321
0.9999842873431367
0.9999843993993818
0.9999841985272115
0.999984302230659
0.9999841164534833
0.9999842348344729
0.9999840374313363
0.9999840934828074
0.9999838991473242
0.9999839928143682
0.9999838449258377
0.9999839223421366
0.9999837456691665
0.9999838507987083
0.9999836217454808
0.9999837135854466
0.9999835249161498
0.999983602579964
0.99998345388698
0.9999835494514666
0.9999833164562746
0.9999834083792266
0.9999831493258095
0.9999832440616162
0.9999830251997679
0.9999831096722454
0.9999829337032602
0.9999830338167381
0.9999828571278279
0.9999829030771396
0.9999827169036725
0.9999828389371421
0.9999826031774116
0.9999826386808617
0.9999824549104059
0.9999825334250452
0.9999823497863252
0.9999824028955224
0.9999821832809936
0.9999822571879926
0.9999820658169447
0.9999821376196605
0.999981987758406
0.9999820636875079
0.9999818702581323
0.9999819535979629
0.9999817361825672
0.9999818472790927
0.9999816938780419
0.9999818050589551
0.9999815953450996
0.9999816719406445
0.9999815085245742
0.9999815864855368
0.9999813598761764
0.9999814233268811
0.9999812477454169
0.9999812685355663
0.9999810887801056
0.9999812762271633
0.9999811069413275
0.9999811811468732
0.999981031266037
0.9999811295847986
0.9999809835451567
0.9999810429272036
0.9999808789844158
0.9999809659338077
0.9999808315371538
0.9999808663788653
0.9999807322598028
0.999980770942136
0.9999806038060782
0.9999806802756459
0.9999804986094885
0.9999805832822998
0.9999803858607819
0.9999804242390447
0.9999802221087514
0.9999802858661733
0.9999801280663952
0.9999802118184525
0.9999800325558983
0.9999800280471223
0.9999797971970102
0.9999798498179132
0.9999796637288657
0.999979742300792
0.9999795516334672
0.9999796193921893
0.9999794804160262
0.999979548533275
0.9999793985060236
0.9999794725650072
0.9999793267394356
0.9999793515181639
0.999979166129359
0.9999792245556455
0.9999790416205382
0.9999791053138537
0.9999789294577635
0.9999790123949719
0.99997884023753
0.9999788929950709
0.9999787374869156
0.999978818714383
0.9999786712903861
0.9999787507102311
0.9999785753904687
0.9999786453233223
0.9999784401976751
0.9999785208368442
0.9999783107842939
0.9999783670157716
0.9999782276889742
0.9999782270216304
0.9999780403190506
0.9999780689399526
0.9999779425001505
0.9999779767319548
0.999977833851165
0.9999779226062437
0.9999776821823833
0.9999777380674406
0.9999775698148183
0.9999776531351812
0.9999775430734021
0.9999776052145664
0.9999774600735021
0.9999775041823551
0.9999773259420157
0.9999773945318631
0.9999772749296619
0.9999772682045572
0.9999770757249592
0.9999771501084382
0.999977018935597
0.9999770346268617
0.9999769225131335
0.9999769464222159
0.9999767770139069
0.9999767993804237
0.9999766769622568
0.9999766987391464
0.9999765017286901
0.9999765828693583
0.9999764324117846
0.9999764861096696
0.9999763167276229
0.9999763503718115
0.999976181268846
0.9999762293482544
0.999976156917375
0.9999761932024761
0.9999760424116607
0.9999760952849093
0.999975964127056
0.9999759245880295
0.999975744704128
0.9999758095630621
0.9999756109621849
0.9999756294108658
0.9999754368333746
0.9999755183591479
0.9999753847255402
0.9999753899639245
0.9999752675936866
0.9999753276452573
0.9999751436301378
0.9999752355348527
0.9999751297147965
0.999975085122192
0.9999749190047426
0.9999749824006665
0.9999748395581323
0.9999748276001038
0.9999746542647642
0.9999746506185601
0.9999744478353486
0.9999744915466721
0.9999743830119732
0.9999744203819853
0.9999741738899969
0.9999742172360145
0.9999741269332296
0.9999742022797093
0.999974040472408
0.9999740793612178
0.9999739792737331
0.9999740483924688
0.9999738583145439
0.9999739210389483
0.9999738094771592
0.9999737723738018
0.9999736287572291
