0.9999998764105115
0.9999994566314864
0.9999994048351986
0.9999997265721845
0.9999993249207255
0.9999992485399196
0.9999995767672487
0.9999991936933142
0.9999990955626693
0.9999994312438865
0.9999990790779554
0.9999989500576489
0.9999992867492355
0.9999989478856729
0.9999987955278741
0.9999991416462183
0.9999988239631781
0.9999986434083725
0.9999989800387408
0.9999986778472936
0.9999984790278641
0.999998822779264
0.999998549125149
0.99999833423534
0.9999986728408393
0.9999984282097554
0.9999981990989713
0.9999985426529815
0.999998321140469
0.9999980578513572
0.9999984073999796
0.9999981854493173
0.9999978842824753
0.9999982197349074
0.9999980263098066
0.9999977103421217
0.9999980412373264
0.9999978876399189
0.9999975712012633
0.9999978871252244
0.9999977529432762
0.9999973908429106
0.9999977249008605
0.9999976187354782
0.999997240115317
0.9999975675605602
0.9999974826462492
0.9999971119990753
0.9999974071044354
0.9999973388444013
0.9999969526482305
0.9999972268675849
0.9999972008937491
0.9999968067216876
0.9999970756694023
0.999997066859171
0.9999966456370952
0.999996922206451
0.9999969384916569
0.9999965011165246
0.9999967357085583
0.9999967777298553
0.9999963517967988
0.9999965750109158
0.9999966323069683
0.9999962072326625
0.9999964301601328
0.999996524847034
0.9999960865157984
0.9999962914714395
0.9999963674068354
0.9999959113744031
0.9999960930463048
0.9999961925951902
0.9999957667017801
0.9999959145851943
0.9999960597345292
0.9999956086346126
0.9999957393994902
0.9999958843639176
0.9999954470649788
0.9999955862012693
0.9999957557488597
0.9999953408597577
0.9999954340134423
0.9999956506955315
0.9999952346568873
0.9999953157306517
0.9999955052451813
0.9999950814299549
0.9999951318106801
0.9999953600587878
0.9999949480649357
0.9999949720698398
0.9999951855645477
0.9999947887441668
0.9999947690627633
0.9999950064590805
0.9999946311881404
0.999994614355693
0.9999948758146362
0.9999945233212072
0.9999944670244832
0.9999947286036381
0.9999943509198951
0.9999942655056581
0.9999945767968214
0.9999942452939611
0.999994155476659
0.9999944463035672
0.9999941351892774
0.9999940228405293
0.999994316595028
0.999994021094701
0.9999938644962678
0.9999941708708948
0.9999938803741732
0.9999937213582223
0.9999940425562165
0.9999937861162237
0.9999935931973611
0.9999938478043108
0.9999936136678709
0.9999934101794431
0.9999937065610331
0.9999934873099506
0.999993257404304
0.9999935536777478
0.9999933385303913
0.9999931021566713
0.9999933705905057
0.9999931995255067
0.9999929142286191
0.9999931830894919
0.9999930157170878
0.999992760023435
0.9999930227657577
0.999992876091626
0.9999925612475402
0.9999928339400439
0.9999926952616071
0.9999923821157554
0.9999926654793007
0.9999925725552155
0.9999922548789227
0.999992512403212
0.9999924267431003
0.999992112915784
0.9999923890813482
0.9999923312667097
0.9999919992659136
0.9999921943719444
0.999992146071147
0.9999917897898886
0.9999920549305742
0.9999920683112846
0.9999916977630552
0.9999918843516529
0.9999919025741739
0.9999915187603099
0.999991749856416
0.9999917766526738
0.9999914242050839
0.9999916401121782
0.9999916636418199
0.9999913025307627
0.9999914673807643
0.9999915382493652
0.9999911826004999
0.9999913224025773
0.9999914080628709
0.9999910444044344
0.999991186374185
0.9999912556629951
0.9999908909164057
0.9999909878012277
0.9999910712894201
0.999990733468657
0.9999908125458925
0.9999909548794789
0.9999905916208485
0.9999906204006762
0.9999907602881449
0.9999904118695943
0.999990457220185
0.9999906217594332
0.999990267669876
0.9999902862509791
0.9999904388044666
0.9999901065926952
0.9999901075560315
0.9999903008916375
0.9999899934741409
0.9999899440633302
0.9999901601311623
0.9999898157810451
0.9999898209041503
0.9999900533359979
0.9999897750398818
0.9999897303463184
0.9999899237233892
0.9999896574862511
0.9999895912071558
0.9999898068085508
0.9999895234641817
0.9999894240257454
0.9999896417806754
0.9999893587895441
0.9999892701205284
0.9999895036595786
0.9999892302506384
0.9999891208376483
0.9999893782650133
0.9999891928300169
0.9999890687962139
0.9999893294161842
0.9999890757413258
0.9999888821555313
0.9999890957490545
0.9999889073154292
0.9999886751481111
0.9999889109774459
0.9999887098515261
0.9999885186482925
0.9999887580022842
0.999988564843153
0.9999883629300876
0.9999885984856426
0.9999884048314209
0.9999881719094109
0.9999884194022264
0.9999882501823851
0.9999879964200773
0.999988229146185
0.9999881033031705
0.9999879046263829
0.9999881254231793
0.9999879792079043
0.9999877764210582
0.9999879519353804
0.9999878524949812
0.9999875761843194
0.9999877618713958
0.9999876601150265
0.9999874015289366
0.9999876197124816
0.9999875931580363
0.9999872860106609
0.9999874745873792
0.9999874333304037
0.9999871245870672
0.9999872920168918
0.9999872610647996
0.9999869404312617
0.9999871227832767
0.9999871286092122
0.9999868119447916
0.9999869965948389
0.9999869998340184
0.9999867090965481
0.9999868699458154
0.9999868987310523
0.999986583696064
0.9999867443292306
0.9999867776089243
0.9999864300768355
0.9999864998686713
0.9999866020422271
0.9999862649406669
0.9999863873901325
0.9999864241402387
0.9999860893379192
0.9999861772888904
0.99998627278945
0.9999859652812522
0.9999860502180012
0.9999861251401341
0.9999857818695862
0.9999857961921957
0.9999859127171353
0.999985607301869
0.999985637450103
0.9999857720885473
0.9999854774603588
0.9999855168828624
0.9999856360108131
0.9999853055059409
0.9999852964824618
0.99998548832273
0.99998518490174
0.9999851938163272
0.9999853491913336
0.9999850244442092
0.9999850185809709
0.9999851219463426
0.9999847538373776
0.9999847219366357
0.9999848759673885
0.9999845838681141
0.9999845678631792
0.9999847375264368
0.9999844446775145
0.9999843443115805
0.9999845326717374
0.9999842746268667
0.9999842395144608
0.9999844096398293
0.9999841290045673
0.9999840420039711
0.9999842463048377
0.9999839890725521
0.999983917390362
0.9999840821337126
0.9999839069014199
0.999983797565819
0.9999839892813698
0.9999837971478728
0.9999836309650539
0.9999838181155529
0.9999836067102748
0.9999835071943253
0.9999837077315166
0.9999835359694582
0.999983401946191
0.9999836125867109
0.9999834220148301
0.9999832508915503
0.9999834196331558
0.9999832671197525
0.9999831215293947
0.9999833168135951
0.9999831670263173
0.9999829664546689
0.9999831530377781
0.999983002086504
0.9999828229137404
0.9999829554799
0.9999828525330265
0.9999826337415648
0.9999828772023526
0.9999827539978042
0.999982560761877
0.9999827280367405
0.9999826168902601
0.9999823726388032
0.9999825437004115
0.9999824581478993
0.9999822613479776
0.9999824041003895
0.9999823701405943
0.9999821063438159
0.9999822809084881
0.9999822179525825
0.999981938589628
0.9999820443856043
0.9999820248147973
0.9999818362354922
0.9999819960235791
0.9999819690688951
0.9999816716977747
0.999981780808913
0.9999816866532227
0.99998140805802
0.9999815198006142
0.9999815480835405
0.999981238641503
0.9999813336380804
0.9999813511073701
0.9999810397900151
0.9999811600916727
0.9999812155226588
0.999980967214117
0.9999810583678312
0.9999811057979714
0.9999807622698499
0.9999808772920374
0.9999809426949529
0.9999806546551288
0.9999807413913364
0.9999808462659822
0.9999805804169236
0.9999806537140478
0.999980706870909
0.9999804725351998
0.9999805254320371
0.9999806047826842
0.9999803799875737
0.9999803872769192
0.9999804460600911
0.9999801641116437
0.9999801563221442
0.9999802865176177
0.9999800253372471
0.9999800408685137
0.9999801414550223
0.9999798694470093
0.9999798088343034
0.9999799299096848
0.9999796392022173
0.9999796349988662
0.9999797634298349
0.9999795178087135
0.9999794672348653
0.9999795729106709
0.9999793098380969
0.9999792800186234
0.9999794479584545
0.9999792785373899
0.9999791974124101
0.9999793553058538
0.9999791559797229
0.9999791275017933
0.9999792759110084
0.9999790508788059
0.9999789140394185
0.9999790781484834
0.9999788288639323
0.9999787771733578
0.9999788900150341
0.9999787349936193
0.9999785972780176
0.9999787724024296
0.9999786025160522
0.9999784800631539
0.9999786377664969
0.9999784547130203
0.9999783225027042
0.9999784731147747
0.9999783669523573
0.9999782142508639
0.9999783726646377
0.9999782212198195
0.9999780528719636
0.9999782326905307
0.9999780714652647
0.9999779316480693
0.9999780740372219
0.9999779417440782
0.9999777708231131
0.999977914350453
0.999977803712416
0.9999776489078823
0.9999777291784279
0.999977642492566
0.9999774331208233
0.9999775469882852
0.9999774541170106
0.9999772017305444
0.9999773217262531
0.9999772638634215
0.9999770950838979
0.9999771743578814
0.9999771050048578
0.9999768987870818
0.9999770240186068
0.9999769933382917
0.9999768378426512
0.9999768727122292
0.9999768330363171
0.9999765702458535
0.9999766800682863
0.9999766131490497
0.9999764062739639
0.9999765248069523
0.9999765730228704
0.9999763277276322
0.9999764603502976
0.9999765272138015
0.9999763456448764
0.9999764885504345
0.999976513672011
0.9999762783276562
0.9999763391287628
0.9999764079389266
0.9999761934780148
0.9999762322145682
0.9999762224394243
0.9999760305135497
0.9999760956842729
0.9999761451467682
0.9999759368191343
0.9999759854230903
0.9999760877310528
0.9999758587637025
0.9999757983951507
0.9999758437794042
0.9999756027642855
0.9999756068540157
0.9999756537024603
0.99997539978181
0.999975368752636
0.9999754430592733
0.9999752171811764
0.999975211676712
0.9999752847246289
0.9999751029756979
0.9999751041119431
0.9999752674951711
0.9999750538934054
0.9999749909513284
