0.999999813378425
0.9999993613589516
0.9999989846070791
0.99999945684058
0.9999996039809
0.9999990164683822
0.9999989062787396
0.9999994338218733
0.9999993014913787
0.9999987182563079
0.9999988929056599
0.9999993367981302
0.9999989607846347
0.9999985090107881
0.9999989111696639
0.9999991451762781
0.9999986040689957
0.9999983801568002
0.9999989001565915
0.9999988825011655
0.9999982883416456
0.9999983667186678
0.9999988533475442
0.9999985695105539
0.9999980669850603
0.9999983811591078
0.9999986865665865
0.9999982170956917
0.9999979153188434
0.9999983982990639
0.9999984685390481
0.9999979036871112
0.9999978549223579
0.9999983518530896
0.9999981574328958
0.9999976134095887
0.9999978452867471
0.9999982307233003
0.9999978045661593
0.999997406284447
0.9999978262344653
0.9999979840455617
0.9999974456756546
0.9999973204121843
0.9999978168331376
0.9999977181079587
0.9999971378025243
0.9999972732687099
0.99999770428507
0.9999973868000823
0.9999969435724665
0.999997301886934
0.9999975504502331
0.9999970512945322
0.9999968126422989
0.9999972868452565
0.9999972824356852
0.9999967189066575
0.9999967473931185
0.9999971918894185
0.9999969681107795
0.999996466463903
0.9999967720783199
0.9999970812577501
0.9999966469416903
0.9999963352937394
0.9999967718423818
0.9999968680558947
0.9999963374130866
0.999996281279036
0.9999967698858545
0.9999966178920131
0.9999960806748599
0.9999963069705022
0.999996666856372
0.9999963164099079
0.9999959004132315
0.9999962904411422
0.9999964526498201
0.9999959521591857
0.9999957850605482
0.9999962512405091
0.9999961820798839
0.9999956454123637
0.9999957278197881
0.999996130406101
0.9999958498359249
0.9999954193278039
0.9999957409534613
0.9999959847206374
0.9999955265896981
0.9999952600010494
0.9999957045169652
0.9999957612405754
0.999995239540295
0.9999952277918928
0.9999956241040496
0.9999954293322031
0.9999949544317448
0.9999952075693737
0.9999954992820261
0.9999951095818628
0.9999947864862313
0.9999951982915325
0.9999953061593783
0.9999947718520202
0.9999946677323511
0.9999951144043927
0.9999950001913418
0.9999944749382073
0.9999946547128703
0.9999950012132968
0.999994699290566
0.9999943043154991
0.9999946457321756
0.9999948269353095
0.9999943358207446
0.9999941628529069
0.9999945685745835
0.999994547856265
0.9999939949465317
0.9999941022481905
0.999994448746718
0.9999942224460552
0.9999937796466888
0.9999940936332403
0.9999943343831551
0.9999938769661714
0.9999936061860516
0.9999940296666295
0.9999940770155983
0.9999935542175741
0.9999935658943045
0.9999939469499505
0.9999937996870948
0.999993305635767
0.9999935269040493
0.9999938160671791
0.999993478720279
0.9999931358160291
0.9999935005932329
0.9999936296754514
0.999993154674117
0.9999930571323512
0.999993489448359
0.9999934064714665
0.9999928958502134
0.9999930347548324
0.9999933505123902
0.9999930757420449
0.9999926786842994
0.9999930113840941
0.99999322879069
0.9999927605814811
0.9999926053373364
0.9999930114834407
0.9999929710413483
0.9999924567785091
0.9999925259659684
0.9999929168007329
0.999992738403376
0.9999922747131956
0.9999924941512482
0.9999927469280316
0.9999923773947468
0.9999920809589524
0.9999924535184164
0.999992545601108
0.9999920872205462
0.9999920307720228
0.9999923801718911
0.9999922705399419
0.9999917719147423
0.9999919433377563
0.9999922185491646
0.9999919112390224
0.9999915944455682
0.9999919191919446
0.9999920637250824
0.9999916533149139
0.9999915143693117
0.9999918940132525
0.9999918590043577
0.9999913781132596
0.9999914881073318
0.9999917979635795
0.999991560884332
0.9999911554685933
0.9999914475555646
0.9999916295109647
0.9999912416692865
0.999991037820692
0.9999913710664409
0.9999913965312005
0.9999908983522081
0.9999909312973366
0.9999912442815393
0.9999910768509497
0.9999906645905559
0.9999908620944641
0.9999910913287218
0.9999907574702939
0.9999904906918222
0.9999908540324928
0.9999908928661777
0.9999904443607652
0.9999904068584126
0.9999907744368528
0.9999906503609658
0.9999902243677306
0.9999903803531573
0.9999906599568048
0.9999904351198582
0.9999900764759639
0.9999904133149322
0.9999905570859486
0.9999901702787132
0.9999900327394438
0.9999903831851251
0.9999903670877527
0.9999899095235966
0.9999899783065207
0.9999902722028652
0.9999900618270133
0.9999896730089342
0.9999899507732267
0.9999901458590853
0.9999898222177348
0.9999896172064234
0.9999899870004525
0.9999900183228915
0.9999895818863063
0.9999895879072215
0.9999899174403603
0.9999897614610495
0.9999893415788214
0.9999895208149289
0.9999897767099557
0.9999894752213166
0.9999892043659346
0.9999895118143599
0.9999896167001693
0.9999892004734865
0.9999891148324197
0.999989435390996
0.9999893302573648
0.9999889066298696
0.9999890117088651
0.999989245279014
0.9999889984364494
0.9999886383622087
0.9999889542642252
0.9999891192285086
0.9999887495672314
0.9999886096702032
0.9999889114888678
0.9999888628697978
0.9999884573680602
0.9999884891757316
0.9999888033649524
0.9999886063975918
0.9999882126100915
0.9999884722176485
0.9999886306672041
0.9999883074190806
0.9999880569318168
0.9999883510414461
0.9999883691832814
0.9999879894894076
0.9999879449574024
0.9999882342130041
0.9999881156298384
0.9999877545740066
0.9999879608965168
0.9999882200375863
0.9999879440626217
0.9999876696910935
0.9999879920297855
0.9999880565663667
0.9999877043142127
0.9999875352255105
0.9999878662393786
0.9999877902365016
0.9999873838493155
0.9999874925270559
0.9999877315617107
0.9999875570941642
0.9999872160033451
0.9999874876093389
0.9999876462120196
0.9999873058043572
0.9999870944653394
0.9999874195439292
0.9999873775398797
0.9999869734195953
0.9999869622808918
0.9999872742753129
0.9999870837707453
0.9999867008930197
0.9999869026818132
0.9999870867993178
0.999986819214861
0.999986526255167
0.9999868171797593
0.9999868355575241
0.9999864321132722
0.9999863735050684
0.9999866993431014
0.9999865822662297
0.9999861814284245
0.9999863248161193
0.9999865414145268
0.9999862888634101
0.9999859864457712
0.9999862508611781
0.999986356277214
0.999986003785577
0.9999858694020479
0.9999861886053002
0.9999861372621134
0.9999857583719034
0.9999859040218064
0.9999862053923014
0.9999859713403557
0.9999856093542066
0.9999857838106053
0.9999859245962173
0.9999856016010576
0.9999853738401349
0.9999856616475451
0.9999856407082779
0.9999852668156014
0.9999852328216157
0.9999855029298352
0.9999853817332135
0.9999850363673473
0.9999852210852053
0.9999854107729284
0.9999851404266905
0.9999849230755552
0.999985203205145
0.9999852317470952
0.9999848849566524
0.9999847871437002
0.9999851152125044
0.9999850443529412
0.9999846728534629
0.9999847898691991
0.9999850295519844
0.9999848262377229
0.9999845171640499
0.9999847529574621
0.9999848814661699
0.9999845463205994
0.9999843613806614
0.999984699518094
0.9999846726935944
0.9999843091393942
0.9999843786669865
0.9999846416052348
0.9999845068952895
0.9999842102823916
0.9999844173087028
0.9999845732804968
0.9999842737407557
0.9999840267043394
0.9999842862150926
0.9999843362727263
0.9999839747567428
0.9999839815392183
0.9999842396454494
0.9999840950455413
0.9999837433419202
0.9999838859847247
0.9999840898646494
0.9999838349393454
0.9999835242499303
0.9999837894389201
0.9999838526339782
0.9999835361235748
0.999983406388006
0.9999836537504995
0.9999836029138603
0.9999832097725706
0.9999832695397436
0.9999834961487044
0.9999832606449935
0.9999830242596018
0.9999832624225041
0.9999833626333015
0.9999831196536526
0.9999829281519058
0.9999832160246258
0.9999832358616249
0.9999828728933269
0.9999828118506031
0.9999830747507792
0.9999829536125193
0.9999826127196377
0.9999827684108824
0.9999829226795188
0.9999826613601667
0.9999824081855583
0.999982690630259
0.9999826957927903
0.9999823547285234
0.999982300707438
0.9999825635921297
0.999982469414437
0.9999821469312078
0.9999822446028536
0.999982471169371
0.9999822709859842
0.9999820469368927
0.9999822482373159
0.9999823263955571
0.9999820473163475
0.9999819264896175
0.9999822189436074
0.9999821689009776
0.9999818428006266
0.9999818930837802
0.9999820953267629
0.999981937361149
0.99998164964352
0.9999818281197029
0.9999819293717619
0.9999816402095539
0.9999814446990051
0.9999817037235897
0.9999816817715993
0.9999814270249472
0.9999813745385248
0.99998160858288
0.9999814819095761
0.9999811889756275
0.9999813085254149
0.9999814758423776
0.9999812603139854
0.9999810132351454
0.999981255684331
0.9999813027558444
0.999981041158073
0.9999810011013376
0.9999812558652205
0.9999811241013625
0.9999808628364607
0.9999809249810506
0.9999811314713227
0.9999809137967991
0.9999806103645712
0.9999808204567762
0.9999809019670519
0.9999806204629423
0.9999804645103779
0.9999807656822797
0.999980685761806
0.9999803601056257
0.9999803538295045
0.9999805849546647
0.9999804412239337
0.9999801579113294
0.9999803186450291
0.9999804624089886
0.9999802345105551
0.9999800609360646
0.9999803480918229
0.9999803291326516
0.9999800125016466
0.9999800040047603
0.999980286261465
0.9999801447010702
0.9999798986107538
0.9999799778004211
0.9999801591576019
0.9999799137074284
0.9999796858479921
0.9999799081266966
0.9999799040847347
0.9999796113169614
0.9999794979045717
0.9999797517270737
0.999979659306395
0.9999793479485551
0.9999793887840706
0.9999795468248377
0.9999793187984768
0.9999791367432005
0.9999793001652801
0.9999794078061162
0.999979134848831
0.999979010884288
0.9999792268282758
0.9999792182739163
0.9999789805452934
0.9999789704437129
0.9999791530162334
0.9999790113737026
0.9999787942694496
0.9999789174297602
