0.9999979033477063
0.9999973542859747
0.9999958451511487
0.9999937472027064
0.9999916596343094
0.9999900926145658
0.9999893517488092
0.999989590580439
0.9999907159651155
0.9999924367373266
0.9999943806694516
0.9999960511370021
0.9999970232612345
0.9999969971763062
0.9999959653646803
0.9999941575195003
0.9999920460926898
0.999990169479993
0.9999889872826454
0.9999887315762568
0.9999894186272932
0.9999908809364525
0.9999927227900336
0.9999945499423948
0.9999958891888088
0.9999963841479697
0.9999958614408423
0.9999944467601786
0.9999924808197111
0.9999904606483399
0.9999888794951142
0.9999881123258878
0.999988302090508
0.9999894203596924
0.9999911298890147
0.9999930075972151
0.9999945795617282
0.9999954545151932
0.9999953842053123
0.9999943865708766
0.999992710309205
0.9999907078863399
0.9999888735066029
0.9999876344328893
0.9999873155666668
0.9999879847054509
0.9999894694738365
0.9999913451768858
0.9999931268940039
0.9999943793098391
0.9999948037078756
0.9999942600513593
0.9999929103550194
0.9999910507578759
0.9999891001592551
0.9999875297484451
0.9999867187572732
0.9999869137356024
0.9999879965950466
0.9999896922303619
0.9999915453093194
0.9999930826518783
0.9999939098780856
0.9999938370831646
0.9999928910288478
0.9999912917239807
0.9999893634262316
0.9999875747894794
0.9999863729066077
0.9999860482290182
0.9999866632847539
0.9999880584345529
0.9999898469975361
0.9999915682007716
0.9999927939683317
0.9999931977151636
0.9999927202839436
0.9999914130563705
0.9999896216608166
0.9999877667846645
0.9999862994631294
0.999985546701156
0.9999856990546196
0.9999866897676045
0.9999882728745805
0.9999900472454506
0.9999915430346766
0.9999923438244014
0.9999922878742223
0.999991377058586
0.9999897671413605
0.9999879155850253
0.9999862352033531
0.9999851234375052
0.9999848670613993
0.9999854674705199
0.9999867679560602
0.9999884512200229
0.9999900769619564
0.9999912444738942
0.9999916697641019
0.9999911967229734
0.9999899536281964
0.9999881986694463
0.999986428294593
0.9999850470646899
0.9999843240271035
0.999984485860569
0.9999854263840857
0.9999869318942399
0.9999886215322357
0.9999900458699733
0.9999908743355163
0.9999908038751127
0.9999898969137226
0.9999883621446294
0.9999866223840798
0.9999849987392273
0.9999839081401865
0.9999835721245065
0.9999840856879749
0.9999852934281294
0.9999869346383015
0.9999885899775532
0.999989780332708
0.9999901306857957
0.9999896146638962
0.9999883560356007
0.9999867139441204
0.9999850148424081
0.9999836650542844
0.9999829573341129
0.9999830433059727
0.9999838975899875
0.9999853332662035
0.9999870022168404
0.999988449830736
0.9999892531439506
0.9999892033340442
0.9999883287871768
0.9999868360071983
0.9999851294618559
0.9999835755159323
0.9999825572307794
0.9999822160272122
0.9999826780892485
0.9999838352660234
0.9999854169131333
0.9999870147271982
0.9999881561967613
0.9999885575803429
0.9999880530884478
0.9999868360557933
0.9999852234154101
0.9999835652381044
0.9999822722092352
0.9999816136217728
0.9999816851301664
0.9999825118652204
0.9999839077947462
0.999985501456347
0.9999868753891655
0.9999876039914232
0.9999875834484776
0.9999867374505393
0.9999852442941163
0.9999835706008259
0.9999820891062339
0.9999811311517203
0.9999808567915498
0.999981348283002
0.999982478907382
0.9999840045310767
0.99998549065412
0.9999865861936366
0.9999869266476649
0.9999864314567083
0.9999852352303603
0.9999836414620412
0.9999820706942659
0.9999808463868941
0.9999802585718117
0.9999804013935627
0.9999812184457607
0.9999825423569819
0.9999840485862933
0.9999853522252041
0.9999860991660022
0.9999859983554835
0.9999851458173463
0.99998374051604
0.9999821459154957
0.999980745560398
0.9999798367854786
0.9999795808729428
0.9999800638653731
0.999981173435958
0.9999826051486588
0.9999840446225986
0.9999850476268449
0.9999853743644532
0.9999849142070534
0.9999838013466569
0.9999823247740379
0.9999808343312488
0.9999796254092791
0.9999790171623252
0.9999790906927993
0.9999799045178827
0.9999812172738041
0.9999827539769783
0.9999840181149947
0.9999847087496899
0.9999846303066469
0.9999837873955615
0.99998250488365
0.9999809935972617
0.9999796255878768
0.999978717313526
0.9999784190020362
0.9999788443431048
0.9999798945417777
0.9999812992880335
0.9999826987900825
0.9999837202597677
0.9999840657587091
0.9999836101010658
0.9999825105326939
0.9999810931417169
0.9999796516287236
0.9999784867579312
0.9999778887242681
0.9999779856151506
0.9999787203445056
0.9999799585810292
0.9999813395250965
0.9999825663305424
0.9999831841460366
0.9999831122281265
0.9999822926501593
0.999981018924381
0.9999795341637244
0.9999782138865142
0.9999773213162976
0.9999769756736006
0.9999774116249137
0.9999784598747371
0.9999798813623734
0.9999812254948416
0.9999821329561
0.9999824199111339
0.9999820354804391
0.9999810064227896
0.9999795795134603
0.9999781157594079
0.9999769654542048
0.9999763738969379
0.999976478671949
0.9999772469958226
0.999978486891891
0.9999798800122423
0.9999809842159498
0.999981599154897
0.9999815297390582
0.999980794544124
0.9999795542989632
0.999978148727621
0.9999768013007906
0.9999759215607358
0.9999756556261861
0.9999760495500062
0.9999770730791254
0.9999784228666813
0.9999797343259726
0.9999806529185028
0.9999809432394101
0.9999804968036298
0.9999794602024104
0.9999780830180011
0.9999766795002242
0.9999755732669595
0.9999750051254475
0.9999750534347261
0.9999757292304489
0.9999768973664898
0.9999782634638774
0.9999794833500818
0.9999801381454664
0.9999800578980781
0.9999792814056221
0.9999779984768455
0.9999766006494846
0.9999752955238441
0.9999744428122846
0.9999741463111449
0.9999745402377294
0.9999755684107237
0.9999768939390451
0.9999782231003769
0.9999791041620509
0.999979326558153
0.9999788692706929
0.9999778514663514
0.9999764943697693
0.9999751435096178
0.9999740532748984
0.9999735334984876
0.9999735845293986
0.9999742926410278
0.9999754947045328
0.9999768687245102
0.9999780138153466
0.9999785708324026
0.9999784346511923
0.9999776534330955
0.9999764371242551
0.9999750721158993
0.9999738634615826
0.9999731081320173
0.999972928622819
0.9999733354572651
0.9999742824780037
0.9999755763017601
0.9999768281868838
0.99997771034775
0.9999779570264695
0.9999774904589889
0.999976467741244
0.9999751939372665
0.9999739144450744
0.9999729419054101
0.9999724157295197
0.9999724845088493
0.9999732581384984
0.9999744309090602
0.9999758163189985
0.9999768623706183
0.9999773351160207
0.9999772292374403
0.9999764229993441
0.9999751667164929
0.9999738107582848
0.9999725986116784
0.9999717763710462
0.9999715034407666
0.9999719377709673
0.999972925239314
0.9999741759954353
0.9999754105998755
0.99997623430047
0.9999764622142144
0.9999759960167144
0.9999749762882114
0.9999736987867096
0.9999724112633619
0.9999713818724825
0.999970909044597
0.9999709978257864
0.9999716376058524
0.9999727447255117
0.9999739979479567
0.9999750431175273
0.9999755820239532
0.9999754419163979
0.9999746326118162
0.9999735481054722
0.9999722817773727
0.9999711865439356
0.9999703881102114
0.9999701690626297
0.9999705379129076
0.9999714455201877
0.9999726775048292
0.9999738546748066
0.9999747024242189
0.9999748894565452
0.99997446298891
0.9999735002517603
0.9999722662200433
0.9999710731772199
0.9999701141079063
0.9999696482155727
0.9999697294340564
0.9999703710169263
0.9999714691131818
0.9999726233140168
0.9999736333844538
0.9999741290568569
0.9999740198861456
0.9999733402454042
0.9999722126776176
0.9999709646629529
0.9999699226858478
0.9999692350360988
0.9999690228820157
0.9999693877096907
0.9999702080526441
0.999971304688226
0.9999724173487651
0.9999731912471731
0.9999734182737107
0.9999730080001089
0.9999720784911449
0.9999708909725098
0.9999697154844662
0.9999688383477655
0.999968467732339
0.9999685378635184
0.9999691182005981
0.9999701198578447
0.9999712186111315
0.9999721439441083
0.999972578697598
0.9999725327389417
0.9999718845411857
0.9999707905635571
0.9999696263002188
0.9999685668599525
0.9999679300227128
0.9999677686729704
0.999968194451202
0.9999689335591512
0.9999699382495448
0.9999709886110811
0.9999716958288127
0.9999718842223863
0.9999714826378816
0.9999705634922424
0.999969425367043
0.9999683156835721
0.9999674165071797
0.9999670099885004
0.999967132573715
0.9999677218358861
0.9999686535257408
0.9999697210953806
0.9999706322902177
0.9999710747141899
0.9999709775960886
0.9999703115125546
0.999969260389843
0.9999680499507083
0.9999670267222638
0.9999663999581262
0.9999662801328746
0.9999667031617069
0.9999674867499246
0.9999684829475975
0.9999694118571956
0.999970099100813
0.9999702958023337
0.9999699175717619
0.9999690477435609
0.9999679022900796
0.9999668117621262
0.9999659944208331
0.9999656880958206
0.9999658546800038
0.9999663840357054
0.9999672492552387
0.9999681889949452
0.9999690312437182
0.9999695247266535
0.9999694598159065
0.9999687515459151
0.9999676735672594
0.9999665481824604
0.9999656209844422
0.9999650954223697
0.9999650410822315
0.9999654318293721
0.9999661138242506
0.9999669543357674
0.9999679042844931
0.9999686697093509
0.9999689238664862
0.9999686112416581
0.9999677458297211
0.999966608334742
0.9999655270515159
0.999964777007852
0.9999644933467977
0.9999645344028458
0.9999650270741243
0.9999658928081567
0.999966803677074
0.9999676363249175
0.9999681262709119
0.9999681189031205
0.9999675744695847
0.9999665460762981
0.9999654201466226
0.9999644241652731
0.999963859597067
0.9999637059552989
0.9999640368156276
0.9999647019450346
0.9999655888185394
0.9999665413774693
0.9999672392840647
