0.9999999201083791
0.9999995962399674
0.9999997848274366
0.9999996660919002
0.9999995750890567
0.9999997416248284
0.999999431475691
0.9999997089096345
0.99999943258791
0.9999995262323027
0.9999995233768816
0.9999993317408871
0.9999995706249247
0.9999992439504961
0.9999994742864561
0.9999992895650333
0.9999992803099262
0.9999993839604701
0.9999991212857341
0.9999993851791752
0.9999990865162327
0.9999992462506077
0.9999991632908807
0.9999990431198925
0.9999992423657731
0.9999989262152132
0.999999187062575
0.9999989529601794
0.999999007003693
0.9999990461160219
0.9999988289939677
0.9999990731689659
0.9999987609303866
0.9999989565328877
0.9999988091189755
0.9999987518500318
0.999998887127888
0.9999986084669409
0.9999988692723605
0.9999986108266324
0.9999987319714199
0.9999986889591185
0.9999985267310149
0.999998735001207
0.999998435880379
0.9999986721618631
0.9999984684777076
0.9999984811896053
0.9999985515918753
0.9999983111610475
0.9999985611130177
0.9999982617490223
0.9999984286632485
0.9999983233821115
0.9999982322116102
0.9999983893344416
0.9999980998339245
0.9999983444664448
0.9999980918441538
0.9999981854823098
0.9999981620228644
0.9999979908953402
0.9999982024383396
0.9999979094830285
0.9999981056721198
0.9999979286017827
0.9999979186287044
0.9999980056314732
0.9999977513952565
0.9999979900206405
0.99999771218396
0.9999978513323236
0.9999977797939834
0.999997661749098
0.9999978323633051
0.9999975442740732
0.9999977757468711
0.9999975577323699
0.9999976161477512
0.9999976446356851
0.9999974478493419
0.9999976580485954
0.9999973731021119
0.9999975524717412
0.9999974136420747
0.9999973724452851
0.9999974872487977
0.9999972322728128
0.9999974656587952
0.9999972197545264
0.9999973251379682
0.9999972736236573
0.9999971266297407
0.9999973230858832
0.9999970479245389
0.9999972488675489
0.9999970692829498
0.9999970735618834
0.9999971257152204
0.9999969049580714
0.9999971405512179
0.9999968703164123
0.9999970340623044
0.9999969306331795
0.9999968472649798
0.9999969892700635
0.9999967403530255
0.9999969740559712
0.9999967434064108
0.9999968208847595
0.9999968166045642
0.9999966629241795
0.9999968603921978
0.9999965877628417
0.9999967808809589
0.999996613750357
0.9999965903986184
0.999996671817455
0.9999964323967959
0.9999966532686019
0.9999963950835861
0.9999965079052096
0.9999964521748212
0.9999963490945946
0.9999965037830926
0.9999962538460837
0.9999964629531867
0.9999962647174147
0.9999963129508594
0.9999963263768099
0.9999961339146076
0.9999963347952395
0.9999960698677478
0.9999962310838293
0.9999961040518871
0.9999960748628249
0.9999961833730723
0.9999959357667363
0.9999961401686045
0.9999959061245259
0.9999960110020863
0.9999959661661191
0.9999958301359093
0.9999959904784946
0.9999957253165574
0.9999959169876775
0.9999957301790773
0.9999957424830217
0.9999957923030124
0.9999955880513172
0.9999958043010041
0.999995545996103
0.9999956906482647
0.9999955996899095
0.9999955215599853
0.9999956356429756
0.9999953841519038
0.9999955957964145
0.9999953912012997
0.9999954746582032
0.9999954458895931
0.9999952917072321
0.9999954574208554
0.9999951808458355
0.9999953507086333
0.9999951794028306
0.9999951638059893
0.9999952478146312
0.9999950144576999
0.9999952282662522
0.9999949980883582
0.9999951093598959
0.9999950460164035
0.9999949198640615
0.9999950650001938
0.9999948070960434
0.9999949850628131
0.9999947864009864
0.9999948286779781
0.9999948300226618
0.9999946637561411
0.9999948239130867
0.9999945457106941
0.9999946873597242
0.999994570626006
0.9999945218884639
0.999994606582799
0.9999943860984523
0.9999945869634564
0.9999943691852821
0.9999944486051433
0.9999944114565801
0.9999942867889862
0.9999944571225736
0.9999941924473206
0.999994357099672
0.9999941948730241
0.9999942018810521
0.9999942548006476
0.9999940564645325
0.9999942385341966
0.9999939935809111
0.9999941336891018
0.9999940497912192
0.9999939958796252
0.9999941218398174
0.9999938926290323
0.9999940581511501
0.9999938540550524
0.9999939193293998
0.9999939055534509
0.99999375442955
0.9999939296834767
0.9999936750618142
0.9999938388699341
0.9999937169756414
0.9999937125153067
0.9999937990320827
0.9999935955143252
0.999993777541943
0.9999935658174633
0.9999936611457051
0.9999935993699619
0.9999934999049866
0.9999936323438008
0.9999934131186394
0.9999935943904003
0.9999933954851273
0.9999934223162915
0.9999934228864186
0.9999932367258576
0.9999934284015287
0.9999932090688277
0.9999933401511325
0.9999932227375794
0.9999931871456206
0.9999932575633212
0.9999930643835063
0.9999932332218812
0.9999930410968605
0.9999931106768057
0.9999930619157669
0.9999929401982599
0.9999930923399025
0.9999928580227899
0.9999930148554187
0.9999928547462664
0.9999928443821133
0.9999929008086661
0.9999927242985114
0.999992919761778
0.9999926839397797
0.999992803638459
0.999992726044643
0.9999926620789982
0.9999927518913933
0.9999925574142332
0.99999274772741
0.9999925690376285
0.999992628376025
0.9999925919737436
0.999992447388153
0.9999925749862466
0.9999923445107883
0.9999924767059516
0.9999923518785915
0.9999923415625266
0.9999924025728277
0.9999922013295554
0.9999923651717972
0.9999921604426374
0.9999922414147839
0.9999921842868614
0.9999921119723006
0.9999922076611356
0.9999919991003445
0.9999921586562207
0.9999919849726915
0.999992020442658
0.9999920198434796
0.9999918583741211
0.9999920224859256
0.9999918267197017
0.9999919576509054
0.999991853020093
0.9999918202408322
0.9999919191433376
0.9999917388245809
0.9999918929385134
0.9999917066968814
0.9999917847873212
0.9999917446871747
0.9999916290633624
0.999991721653161
0.9999915139911961
0.999991636977161
0.999991511704447
0.9999915170990596
0.9999915279693425
0.9999913856660239
0.9999915392313549
0.9999913280497484
0.9999914456598521
0.9999913808014542
0.9999913318766145
0.9999914317954395
0.9999912345975248
0.9999913970067194
0.9999912430303991
0.9999913167865876
0.9999913122725066
0.9999911889275044
0.9999913253543212
0.9999911149780625
0.9999912563603771
0.9999911638356199
0.9999911410282161
0.9999911789800034
0.9999909912916715
0.9999911381367232
0.9999909590903561
0.9999910312318501
0.9999909658249067
0.9999908717969027
0.9999909692292432
0.9999907498899614
0.9999908888621387
0.9999907407314574
0.9999907625975051
0.9999907975140497
0.9999906356401559
0.999990778487398
0.9999905903233467
0.9999906743871348
0.9999905888666387
0.9999905352250867
0.9999906087405842
0.999990443139033
0.9999906021115571
0.9999904537630562
0.9999905092290134
0.9999904747248605
0.9999903595842784
0.9999904760614895
0.9999903025009977
0.9999904215366205
0.9999902970897069
0.9999902857873619
0.9999903165866075
0.9999901523919799
0.9999902505148633
0.9999900702891175
0.9999901640408755
0.9999900822212094
0.9999900382973747
0.9999901307336416
0.9999899493398596
0.999990094230552
0.9999899607391497
0.9999899819494958
0.9999899737301626
0.9999898398539715
0.999989939477712
0.9999897484960738
0.9999898789103759
0.9999897805898961
0.9999897639567991
0.9999898146204298
0.9999896406913403
0.9999897966766518
0.9999896433456155
0.9999897064304515
0.9999896805052092
0.9999896241439236
0.9999897027933344
0.9999895408341497
0.9999896721766751
0.9999895237180106
0.999989566346482
0.9999895881410131
0.9999894602366428
0.9999895993224506
0.999989424786462
0.9999895188788382
0.9999894499197572
0.999989414106589
0.9999894742176895
0.999989344230749
0.999989471786604
0.9999893181176654
0.9999893656009944
0.9999893188503799
0.9999892282922949
0.9999892887991396
0.9999891293411933
0.9999892285129921
0.9999890833260421
0.9999891016720581
0.9999891258626269
0.999988961833272
0.9999890593152012
0.9999889124475936
0.9999889867832522
0.9999889223572301
0.9999888656460791
0.999988911951367
0.9999887355912462
0.9999888458810212
0.9999886992790686
0.9999887313749242
0.9999887348316263
0.9999885951232877
0.9999886960644221
0.9999885202780306
0.9999886181243268
0.9999885205844855
0.9999885215018491
0.9999885241809543
0.9999883285331748
0.9999884412149033
0.9999883321919224
0.9999884128660441
0.9999883685595911
0.9999883216032097
0.999988381537149
0.9999882027480445
0.9999883297486258
0.999988200251075
0.9999882006963864
0.9999882106070257
0.9999880823316877
0.9999881650697355
0.9999879735491779
0.9999880574029767
0.9999880048248089
0.9999879757242444
0.9999880122621119
0.9999878820535598
0.9999879845189639
0.9999878489468493
0.9999878768045453
0.9999878034134239
0.9999877203829638
0.9999878148526844
0.9999876677931804
0.999987748958301
0.9999876524625047
0.9999876731927534
0.9999876864094632
0.9999875520306897
0.9999876768482422
0.999987539212089
0.99998760524967
0.9999875424851417
0.9999874940686467
0.999987539179033
0.9999873701179489
0.9999874772708577
0.9999873338194871
0.9999873794233425
0.9999873414806261
0.9999872429339588
0.9999873535977353
0.9999871821323637
0.9999872980795933
0.9999872153351341
0.999987193065327
0.9999872267910251
0.9999870731934141
0.9999871655373821
0.9999870053427639
0.9999870976423808
0.9999870336023289
0.9999869713932503
0.999987020602841
0.9999868446461073
0.9999869458920214
0.9999868289113935
0.999986861809297
0.9999868719690705
0.9999867368324169
0.999986820856878
0.9999866586338801
0.9999867431754662
0.9999866216334788
0.9999866252083371
0.9999866448360166
0.9999865057764711
0.9999866221643008
0.9999864503669221
0.9999865095995273
0.9999864699214732
0.9999863586243598
0.9999864427893833
0.9999862603725908
0.9999863420903826
0.9999862299723103
0.9999862386439882
0.9999862613181998
0.9999861156256805
