0.9999999296569494
0.9999835214298437
0.9999664139810635
0.9999501339521236
0.9999342996682596
0.9999188114508997
0.9998999029499627
0.9998845220527343
0.9998685883026777
0.9998517372631396
0.9998340514680105
0.9998181963147798
0.9998031516561798
0.9997878764468495
0.9997696593257175
0.9997518521080961
0.9997348417465448
0.999720810262086
0.9997042025753402
0.9996888419279997
0.9996698165828304
0.9996540603169126
0.9996368181261849
0.9996230599352002
0.999603283360662
0.9995837255556775
0.9995662956148132
0.9995521859922527
0.999536096991959
0.9995240479261845
0.9995086546014861
0.9994974250510383
0.999484435910007
0.9994616730923556
0.9994484404340906
0.999434488229212
0.9994162167567923
0.999399141925811
0.9993809183860657
0.9993631475886803
0.9993507528118835
0.9993367044818569
0.9993183209078356
0.9993051038074391
0.9992939753895053
0.9992793068575836
0.9992656781147055
0.9992540166668423
0.9992334158416437
0.9992162779236431
0.9992018739715112
0.9991831516587822
0.9991641983563173
0.9991462976205039
0.9991235234302894
0.9991072002981878
0.9990890305949846
0.9990755205256978
0.9990669246187442
0.9990496633239023
0.9990371438605052
0.9990248535829819
0.9990045429502928
0.9989925144936612
0.9989758891242364
0.9989618790368505
0.9989494893673767
0.9989322814906804
0.9989181969466506
0.9989052420316183
0.9988885543631403
0.9988726904597817
0.9988616490477134
0.9988465825812382
0.9988322605792992
0.9988179905848293
0.9988016284732918
0.9987796442658727
0.9987600056874015
0.9987414409348175
0.9987254810155196
0.9987074980177555
0.9986938146509228
0.9986767596871372
0.9986633672948131
0.9986426082909134
0.9986273801586276
0.9986025435565713
0.9985823086630702
0.9985660446025931
0.9985372140485236
0.9985256856429761
0.9985165253034295
0.9984948417846135
0.9984770980385608
0.9984592148918796
0.9984435746293658
0.9984290297192618
0.998413399164695
0.9984016973418978
0.9983828010436706
0.9983762794107103
0.9983598766063204
0.9983477745567158
0.9983402246678782
0.9983267565227827
0.9983151838630335
0.9983034871927716
0.9982760070904685
0.9982503745210183
0.9982283455283827
0.9982120611747686
0.9982041221488688
0.9981932745841633
0.9981716237596917
0.9981535573187884
0.9981339756208311
0.9981197445114893
0.9980959757438482
0.9980833311993608
0.9980730604963469
0.9980527766322886
0.9980510941030672
0.9980273401648542
0.998008914729297
0.9979913836211208
0.997970097701262
0.9979422062731634
0.9979246942500164
0.9979041356595929
0.9978818414925789
0.9978656997052482
0.9978498023615273
0.9978284392175724
0.9978035869647166
0.9977848608571709
0.9977791029314006
0.9977716270445011
0.9977577848224622
0.9977334273141291
0.9977138044641006
0.9977092722146326
0.9976979331239293
0.9976912397943728
0.9976723094401423
0.9976555200739875
0.9976307998172596
0.9976110566376123
0.9975889354727631
0.9975701969723575
0.9975541834516708
0.9975406501737211
0.9975309796329856
0.9975107087368051
0.9974991288931175
0.9974850180776099
0.9974817367188501
0.9974706069349536
0.997451440753342
0.9974354449972674
0.997420219891948
0.9974153384370917
0.9974060882005407
0.9973883672554884
0.9973712568905779
0.9973490920790781
0.9973408878239819
0.9973230066018693
0.9973159622447922
0.9973048587788633
0.9972797974679076
0.9972595662363781
0.9972439201507929
0.9972300121944208
0.9972206565262653
0.9972105360613761
0.9971917884786607
0.9971836016420553
0.9971644193486366
0.9971529277696827
0.9971392738513932
0.9971163022144433
0.9970967868695891
0.9970766331654469
0.9970524097714999
0.9970397170998595
0.9970301522664742
0.9970163907309215
0.9970073294338103
0.99699354644321
0.9969806104919775
0.9969580786291393
0.9969393871809181
0.9969230020333039
0.9969166811637622
0.9968853744412394
0.9968783886055306
0.9968621167799869
0.9968405627886752
0.9968144139292507
0.9967944329519582
0.9967832816485359
0.9967709399637442
0.9967538402430344
0.9967245320301646
0.9967023253844298
0.9966785960301737
0.9966539451018323
0.9966382659228131
0.9966357305769902
0.9966259840165896
0.9966022762830532
0.9965867691068042
0.9965782508848001
0.9965683447438473
0.9965561758807592
0.9965357310617045
0.996511685951296
0.9964965435785984
0.9964993810271452
0.9964832572475768
0.9964706637809648
0.9964597424439862
0.9964388911466888
0.9964342176830188
0.9964139066935933
0.9963984152669851
0.9963802033681638
0.996362863818257
0.9963573056105811
0.9963353408000175
0.9963120826195521
0.9963043622711438
0.9962984868877601
0.9962906967629097
0.9962774298922514
0.9962567006296081
0.9962438037320194
0.9962305165982979
0.9962132957363575
0.9962012484135417
0.996184098132251
0.9961746011852864
0.9961531270635987
0.9961447722453243
0.9961178355495894
0.99610576363309
0.9960944143502928
0.9960991933715666
0.9960932664573577
0.9960772649400945
0.99605638141942
0.9960499295828746
0.9960382081417751
0.9960135023087795
0.9959914301132572
0.9959792509290495
0.9959522340838028
0.995929231154278
0.9959107357714007
0.9958883065391446
0.9958703920013786
0.9958499026724009
0.9958317947354479
0.9958205958322087
0.9957994941525294
0.9957634376685356
0.9957453939436207
0.9957403619827859
0.9957236197172611
0.9957070890483585
0.9957176155749689
0.995709274907523
0.9956880304384222
0.9956626602792261
0.9956449638237079
0.995631477999428
0.9956389750687387
0.9956194997653304
0.9956075537593382
0.9955948059228477
0.9955774839833287
0.9955557254614048
0.9955484209015083
0.9955301490121057
0.9955081232772105
0.9954926016589343
0.9954742944009247
0.9954565502960846
0.9954285235382175
0.9954301746013084
0.9954182795677755
0.9953927767411545
0.9953703071065001
0.995346032236117
0.9953197935109954
0.9952920054727241
0.9952743756716297
0.9952665313714399
0.9952572645298058
0.9952412312251133
0.9952244344128354
0.9952217825582494
0.995217924257725
0.9952028784789465
0.9951851837621607
0.9951753628687013
0.9951641517591067
0.9951439503355904
0.9951425526496559
0.9951354978639791
0.9951343869804165
0.9951298763900076
0.9951025416105924
0.9950893578250848
0.9950677647352806
0.9950588784626209
0.9950299020860655
0.9950054854961536
0.9949793924533196
0.9949537000361929
0.9949400972491504
0.9949274053343199
0.9949052299192327
0.9948771796841421
0.9948543562560797
0.9948503890092543
0.994833611506382
0.9948059853988988
0.9948025140426312
0.9947820467189256
0.9947785890160684
0.9947642932832462
0.9947459269154642
0.9947302021474287
0.9947174721488186
0.9947071234101279
0.994695017872939
0.9946807896418515
0.9946450952913977
0.9946220967126099
0.9946165548009852
0.994614334669427
0.9946041488334894
0.9945792992604987
0.9945671009773522
0.9945607171917752
0.9945368487265271
0.9945286976862016
0.9945037007371996
0.9945100371230952
0.99448429611766
0.9944492471265923
0.994430108688823
0.9944216659349672
0.994396990097472
0.9943869166003051
0.9943765809122169
0.9943442917858999
0.9943283449029438
0.9943022273333149
0.9942815554727218
0.994266123650757
0.9942546802426613
0.9942387905441148
0.9942396794384623
0.994221811932685
0.9941974834181855
0.994193594113875
0.9941678945755876
0.9941549039173702
0.994130709154748
0.9941347406235852
0.9941150631875402
0.9940797473926468
0.9940691749105172
0.9940502481905399
0.9940391530521582
0.9940222714002008
0.9940039922923622
0.9939937499566069
0.9939614298530598
0.9939637911485184
0.9939740498128861
0.993946614444741
0.993926350475396
0.9939080666980106
0.9938749340546554
0.9938471976217547
0.9938380589025778
0.9938156315268455
0.9937998932117389
0.9937831644076508
0.9937693441108801
0.9937510365723714
0.9937349803244556
0.9937238624128418
0.9937082726201699
0.993700722866899
0.9936936315371533
0.9936879427593936
0.99366815753555
0.993663969063992
0.9936373562430274
0.9936232612749532
0.9935997401271892
0.9935749949782668
0.9935718606057494
0.993534771935695
0.9935249013128447
0.9935013613547641
0.9934919113612922
0.9934614867042236
0.9934346751887178
0.9934006220579866
0.9933742551451775
0.9933517713322514
0.9933224728272562
0.9933056131066758
0.9932767252177334
0.9932690044719661
0.9932540263015825
0.993236425431199
0.993228672583543
0.9931983243356729
0.993181740606686
0.9931658475624218
0.993152137793781
0.9931360579685005
0.9931131113674007
0.9930810598368311
0.9930637722350275
0.9930550163909095
0.9930473404118824
0.9930292851957607
0.9930157911268469
0.9929990113737797
0.9929960144984052
0.9929695700794076
0.9929333495234043
0.9929233251692571
0.9928917202925978
0.9928877958270175
0.9928642784089636
0.9928477193742529
0.9928259277613872
0.9928154831684312
0.9927968888386809
0.9927981788805875
0.9927695103720284
0.9927643218102135
0.9927301984249381
0.9927179412754701
0.9927128530276875
0.9926850326122553
0.9926787764996242
0.9926748209135616
0.9926651391470553
0.992651078614643
0.9926556524911464
0.9926443305692687
0.9926242829906734
0.9925978254087584
0.9925797185191056
0.9925475139107444
0.9925279114419239
0.9925014042869728
0.9925046317629376
0.992489412981646
0.9924794381654359
0.9924815459593739
0.9924664616696677
0.9924501521210847
0.9924498220437833
0.9924332979417572
0.9924213815049466
0.9924052587907723
0.9923817443770369
0.9923432125862355
0.9923238543618428
0.9923000490828631
0.9922851027878248
0.9922671499093745
0.9922586049397952
0.9922445464674855
0.9922400119814472
0.992232619318961
0.9922311523420181
0.9922284012165893
0.9921987545048913
0.9921913611656015
0.992189317259195
0.992181434727155
0.9921773015405413
0.9921633829044035
0.9921388812561749
0.9921114118302004
0.9921034374251756
0.9920852265911823
0.9920819519963402
