0.9999998615163433
0.9999994297560898
0.9999992840111467
0.9999996768323907
0.9999993921016581
0.9999990663847942
0.9999994583417284
0.9999993686055468
0.9999989068899048
0.9999992032849303
0.9999993117463606
0.9999988101196372
0.9999989477515623
0.999999218822192
0.9999987541195503
0.9999986834643451
0.9999990486383835
0.9999987067112991
0.9999984602757669
0.9999988514540991
0.9999986834531545
0.9999982783445094
0.9999986127168021
0.9999986390136724
0.9999981577731265
0.9999983519554447
0.99999854770726
0.9999980699741172
0.9999980786918009
0.999998418075403
0.9999979990516841
0.999997824545995
0.999998219402572
0.9999979809805404
0.9999976312278372
0.9999979974720492
0.9999979362482898
0.9999974870333548
0.9999977646626087
0.9999978776284443
0.9999973873504956
0.9999975091434743
0.999997764837679
0.9999973349037926
0.9999972351806325
0.9999976099497124
0.9999972799697495
0.9999970001583743
0.9999973629520713
0.9999972112367232
0.9999967986425031
0.9999971132543447
0.9999971550015911
0.999996686668953
0.9999968677570799
0.9999970640494273
0.9999966231514875
0.9999966222175588
0.999996951946255
0.9999965861564984
0.9999963917515534
0.9999967600523907
0.9999965439058138
0.9999962021886062
0.9999965341445581
0.9999964954257878
0.9999960734750869
0.9999962870708646
0.9999964091186889
0.9999959507087465
0.9999960293367971
0.999996299977317
0.999995888301722
0.9999957926868617
0.9999961134471389
0.9999958543776087
0.999995574002348
0.9999959148993611
0.9999957957242859
0.9999953983056755
0.9999956485651633
0.9999956996938726
0.9999952421849738
0.9999953887232687
0.9999955588853034
0.9999951298341406
0.9999950981078272
0.9999953901057871
0.9999950433440138
0.9999948381023431
0.999995174250879
0.9999949804599804
0.9999946786716092
0.9999949733770571
0.999994967861946
0.9999945618417146
0.9999947677042536
0.9999949191484332
0.9999944938390883
0.9999945400896618
0.9999948185660075
0.9999944556963043
0.9999943297529054
0.9999946356253319
0.9999943731639345
0.9999941080626643
0.9999944228941214
0.9999943170028827
0.999993923545054
0.9999941589471354
0.9999942127297295
0.999993800412454
0.9999939276012406
0.9999941228784073
0.9999937218020407
0.9999936794190777
0.9999939761056648
0.9999936519523459
0.9999934344346904
0.9999937547975731
0.9999936029931762
0.9999932826132882
0.9999935574811509
0.9999935667738004
0.9999931591688905
0.9999933134838584
0.9999934766077219
0.9999930713657847
0.9999930883669109
0.9999933543275749
0.999992984267565
0.9999928309702344
0.9999931325425581
0.9999929158129601
0.9999926363849373
0.9999929447671673
0.999992863828876
0.9999924756875732
0.9999926885740329
0.9999927721335586
0.9999923203801531
0.9999923634385239
0.999992583795942
0.9999922080060601
0.9999921537342616
0.9999924147403106
0.999992129885318
0.9999919336066777
0.9999922120751024
0.9999920692030189
0.9999917299671952
0.9999919581093812
0.999991971457651
0.9999915938668611
0.9999916872120533
0.9999918489891415
0.9999914595708409
0.999991424369286
0.9999916743848063
0.999991340721616
0.9999911755859164
0.999991508604717
0.9999912805275616
0.9999910171191172
0.9999912871553301
0.9999912238046462
0.9999908694291232
0.9999910365883838
0.9999911038382229
0.9999907389965597
0.9999907927691208
0.9999910117422819
0.9999906275137859
0.9999905294847712
0.9999908231279869
0.999990554138111
0.9999903589841448
0.9999906588506816
0.999990507881581
0.9999901675589009
0.9999903394048775
0.9999903919312741
0.9999900482500154
0.9999901232545519
0.9999902836498105
0.9999899333914705
0.9999898891381714
0.9999901917457391
0.999989926853651
0.9999897391471871
0.9999900311467106
0.9999898998740279
0.9999896532286728
0.9999898604730652
0.9999898380406238
0.9999894412545847
0.9999895664580102
0.9999896844776581
0.9999893203643396
0.9999893369322758
0.999989542656929
0.9999892328813219
0.9999891107309385
0.9999893885101937
0.9999891631021485
0.9999889413733828
0.9999892388110712
0.9999891274989783
0.9999887968759167
0.9999889484992104
0.999988982340604
0.9999886341898631
0.9999886960810077
0.9999888682076892
0.9999885033790645
0.9999884865410161
0.999988751521095
0.9999884713309448
0.9999882620441399
0.9999885128274205
0.9999883569037322
0.9999880406577479
0.9999882872350877
0.9999882752398267
0.9999879868364638
0.9999881234059491
0.9999882291576557
0.9999879238324522
0.9999879458635649
0.9999882162848228
0.999987922395638
0.9999878028897711
0.999988026424537
0.999987829080467
0.9999875819477704
0.9999878329143457
0.9999877726368707
0.9999874777597882
0.9999876290888277
0.999987674293468
0.9999874062407247
0.9999874419071426
0.9999876283628135
0.9999873121462141
0.9999872606897976
0.9999874830766574
0.9999872522917863
0.9999870416618946
0.9999873002198254
0.9999871495065051
0.9999868682011986
0.9999870991447931
0.9999871203278554
0.9999868341844728
0.9999869550460818
0.9999870503729928
0.9999867528393979
0.9999867350242074
0.9999869775383514
0.9999867402103205
0.999986596452997
0.9999868482328688
0.9999866604396181
0.9999864115782231
0.9999866081611831
0.999986541574571
0.9999862320945888
0.9999863662691829
0.9999864671899169
0.9999861678884404
0.9999861950027248
0.9999863789123828
0.9999860881104679
0.9999859846916014
0.9999862322033707
0.9999859862667271
0.9999858178448671
0.9999860657875632
0.9999859164016736
0.9999856641596797
0.9999858508147226
0.9999858688675533
0.9999855540842931
0.9999856584012171
0.9999857782245651
0.9999854950779723
0.9999854725358079
0.999985718404428
0.9999854797172467
0.9999853536237884
0.9999855773544531
0.9999854049508404
0.9999852032253954
0.999985390754146
0.9999853332419072
0.9999850676950471
0.9999851889121498
0.9999852719861831
0.9999850308056597
0.9999850307033237
0.9999852043761112
0.9999849228755033
0.9999847892141722
0.999985003665097
0.99998480051055
0.9999846308723699
0.9999847880079505
0.9999846444228521
0.9999843996954544
0.999984549440924
0.9999845646630501
0.9999842552964354
0.9999842681165334
0.9999844237547699
0.9999841484828701
0.9999840897064822
0.9999842947139005
0.9999840617218311
0.9999838954826048
0.9999840992065933
0.999983963312908
0.999983715404566
0.9999838704928442
0.9999838082297223
0.9999835420731594
0.9999836006995052
0.9999836839750995
0.9999833664694889
0.9999833641161532
0.9999835247593218
0.9999832985425691
0.9999831834314233
0.999983383917887
0.9999831801672551
0.9999829953341943
0.9999831693418393
0.9999831006668888
0.9999828648949011
0.9999829748352479
0.9999830331792947
0.9999827150164161
0.999982757763481
0.9999828929607671
0.9999826718856504
0.9999825772303397
0.9999827830287383
0.9999825437090502
0.9999823784204529
0.9999825832936395
0.9999825099513082
0.999982275002671
0.999982415871324
0.9999824042229004
0.9999821273229582
0.9999822055549407
0.9999822869192406
0.9999820643145574
0.9999820250214683
0.9999821418151967
0.9999819280565193
0.9999817845534074
0.9999819292905193
0.9999817469008757
0.9999815302740068
0.999981661822909
0.9999815732982352
0.9999813326244122
0.9999814303904587
0.999981429829408
0.9999812010507813
0.9999812433149995
0.9999813640827002
0.9999811175803842
0.9999810300351178
0.9999811830947949
0.9999809893104767
0.9999807448039421
0.9999808938287389
0.9999807475700155
0.9999804624569997
0.9999805859282772
0.999980559933306
0.9999803521131888
0.9999803518129357
0.9999804084068878
0.9999801825109337
0.9999801471107526
0.99998027782442
0.999980005636438
0.9999798251693519
0.9999799556244674
0.9999798171438601
0.9999796150521831
0.9999797628280045
0.9999797028503592
0.999979450837949
0.9999795487415061
0.999979670598671
0.9999794240851381
0.9999793782160896
0.9999795395124984
0.9999793349086035
0.9999792151615671
0.9999794008158726
0.9999792564425731
0.9999790520221711
0.9999792255907242
0.9999791568005434
0.9999789836325799
0.9999791107986051
0.9999791229115595
0.9999788905963406
0.9999789575691828
0.9999790598630178
0.9999788116996029
0.9999787741959344
0.999978891475748
0.9999786911391012
0.9999785766550493
0.9999787448492935
0.9999786270724386
0.9999783689347623
0.9999785016214159
0.999978500374557
0.9999782863792809
0.999978345732226
0.9999784670554785
0.999978226864233
0.9999781949538517
0.9999784237465325
0.9999782093741862
0.9999781550036675
0.9999783245561983
0.9999781820255872
0.9999780197029345
0.9999781611954003
0.9999780656967735
0.9999778302185743
0.9999778879855207
0.9999778939953675
0.9999775975366249
0.9999775898828712
0.9999776664341217
0.9999774153363387
0.9999773120902297
0.9999774937628709
0.9999773073641041
0.9999771846909382
0.9999773104531052
0.9999771743991063
0.9999769926913306
0.999977088741607
0.999976999526422
0.9999768051381015
0.9999768271468537
0.9999769012977496
0.9999767278743683
0.9999766357519547
0.9999767243373746
0.9999764921949146
0.9999764113421464
0.9999765792554881
0.9999763881268299
0.999976236644845
0.9999763857003477
0.9999763203982033
0.9999760945367271
0.9999761852236091
0.9999761837328791
0.9999760037961365
0.9999759825522517
0.9999761260942118
0.9999759099051772
0.9999758163042127
0.9999759620854566
0.9999757970805933
0.9999756682021302
0.9999758260447815
0.9999757116331753
0.999975532249369
0.9999755645507667
0.9999755479977175
0.9999753592746183
0.999975352728836
0.9999753681174938
0.9999751328429823
0.9999750921310395
0.9999752797789792
0.9999750710159427
0.9999748896821887
0.9999750002094435
0.9999748920044537
0.9999747163243384
0.999974849400634
0.9999748014868675
0.9999746081826706
0.9999746540546299
0.9999746641021006
0.9999744710015467
0.9999744489228118
