0.9999999104030051
0.9999833750459615
0.9999673085653762
0.9999506902243196
0.9999330774879664
0.9999194101443943
0.999903698126535
0.9998862772063379
0.9998711247826347
0.9998543173539031
0.9998390417333124
0.9998223343460763
0.9998052598793373
0.9997875539989065
0.9997731884987401
0.9997568842696751
0.9997386169631371
0.9997254620530772
0.9997057136399704
0.999690352016554
0.9996771678655639
0.9996603502799253
0.9996406823494718
0.9996234788661924
0.9996035173398043
0.9995839323770651
0.9995664778887037
0.9995511562867877
0.99953804956042
0.9995261595552976
0.9995057423188728
0.99949321870553
0.9994777666397394
0.9994616487416461
0.9994412713800764
0.9994275610659555
0.9994198381936072
0.999401293104733
0.9993853400713694
0.9993740921732546
0.9993606825986703
0.999343157648153
0.9993241752676424
0.9993104932994864
0.9992929563041951
0.9992799780419483
0.9992616853303282
0.9992487674749905
0.9992385736812548
0.9992237347303938
0.9992008617553662
0.9991842352000777
0.9991664500897968
0.9991474416378046
0.9991379368175198
0.9991204432199279
0.9991023761223062
0.9990896444566496
0.9990760272872306
0.9990631726259989
0.9990457770514429
0.999036155190355
0.9990261508425273
0.9990140384826292
0.9989990722667543
0.998980380243568
0.9989666082582749
0.9989529305403785
0.9989407463335926
0.9989196929926563
0.9988993846817815
0.9988916203338938
0.9988794860486124
0.9988698988570714
0.9988539779907738
0.9988410023984219
0.9988282280645464
0.9988116137536303
0.9987866069189028
0.9987739702870915
0.9987658438470904
0.9987433207817916
0.9987270526803782
0.9987052026175943
0.9986952821879368
0.9986833252205958
0.9986666075395925
0.9986438581807066
0.9986324219730424
0.9986241150522066
0.9986084694756403
0.9985849249122111
0.9985725494973103
0.9985510832736811
0.9985289301672416
0.9985110862161359
0.9984940329327853
0.9984769625961258
0.9984687472028625
0.9984615453447067
0.9984343662232222
0.9984123231642686
0.9983824764344934
0.9983706029752979
0.9983601769222681
0.9983439233470514
0.9983276170737355
0.9983066684127481
0.9982844837548069
0.9982640488421398
0.9982622005352099
0.9982381302241093
0.9982172198979801
0.9982005188323979
0.9981821274949237
0.9981702023911253
0.9981571715541501
0.9981417444588482
0.9981297160704946
0.9981165814219084
0.9981049482337125
0.9980949654884491
0.9980813808098343
0.9980616463850053
0.9980516606962964
0.9980381393268326
0.9980275413050455
0.998016974507499
0.9979971613165634
0.9979750430872113
0.9979530244487552
0.9979440499824962
0.9979214037486125
0.9979070978931877
0.9978878483526841
0.9978773454838875
0.9978655116792552
0.9978574067130793
0.997837834274465
0.9978106023733404
0.9978020158697464
0.9977826025575757
0.9977639766559696
0.997742858625699
0.9977386001602888
0.9977287092229425
0.997708969242549
0.9976927258592696
0.9976828254752296
0.9976635276033549
0.9976452375020325
0.9976296522053798
0.9976138482193535
0.9976138045227864
0.9975998977816541
0.9975853621220713
0.9975715228517614
0.997558513275459
0.9975507129378092
0.9975445138849554
0.9975279071313553
0.9975099549481181
0.9974981934719145
0.9974717312878121
0.9974520920223382
0.9974451137784828
0.9974346772697708
0.9974193232412993
0.9974046347990441
0.9973980459710449
0.9973822299256051
0.9973733861866495
0.9973605808538276
0.9973517758219839
0.9973207530995708
0.9972999921293436
0.9972846537856409
0.997258656588315
0.997245829958085
0.9972215818307054
0.9972021114896039
0.9971810583739932
0.9971648172971099
0.9971319450834247
0.9971172407181309
0.9970944530889635
0.9970835046663531
0.9970619886591519
0.9970380758680968
0.9970306393777907
0.9970119594254438
0.9969874725531122
0.996961196884829
0.9969426548348558
0.996915594707139
0.9969076840977387
0.9968859330624855
0.9968771183826128
0.9968569699449874
0.9968438472826017
0.9968217430794493
0.9968145703912537
0.9968063133280695
0.9967867483637783
0.9967584815248077
0.9967421274316342
0.996714098983653
0.9966952314223686
0.9966830259963783
0.9966714398966614
0.996653831118951
0.9966412629954032
0.9966374656854581
0.9966150937469495
0.9966108205904487
0.9965984466221857
0.996586372901139
0.99658138866964
0.9965743887919453
0.9965589480568005
0.9965481559024864
0.9965394321720191
0.996526333341624
0.9965074013512052
0.9965008601870233
0.9964768136247428
0.9964686064368149
0.9964379077013702
0.9964195596860322
0.9964002301324999
0.9963753141119572
0.9963655532881254
0.9963473530599936
0.996321908618604
0.9963099733108428
0.9963105528413942
0.9962912664251161
0.9962801696964133
0.9962599124765826
0.9962517126748918
0.9962186808587167
0.9961809845465784
0.9961613449887923
0.9961435668097417
0.9961220492659051
0.9961042350776409
0.9961034818672146
0.9960851131401426
0.9960673468350311
0.9960525834395949
0.9960455312809972
0.996031498610583
0.9960315970802458
0.9960084043206481
0.995984340060649
0.9959764778852668
0.9959746269483457
0.9959656385590578
0.9959275960847216
0.9959051144490662
0.9958853157290912
0.9958530888996591
0.9958170200568771
0.9958121252160773
0.9957904342417768
0.9957860595171696
0.995776203934907
0.9957697450326077
0.9957712474304832
0.995759924319212
0.9957453584342696
0.9957389096792322
0.9957239949599311
0.9957012567666035
0.9956847203906838
0.9956754270527389
0.9956605348438314
0.9956275739437173
0.9956104743557751
0.9955897601330992
0.9955796524019486
0.9955627021328342
0.9955330172830112
0.9955170131382455
0.9955132741588775
0.9955083966710006
0.9954850992301184
0.9954729749904506
0.9954532485352713
0.9954277959537854
0.9954018452442576
0.9953696597775384
0.995346540258146
0.995328701286631
0.9953180819666315
0.9953153008196601
0.9953179671799692
0.9953044276174193
0.9952867456399651
0.9952714176310388
0.9952549796412681
0.9952206827251007
0.9951958811634586
0.9951877382096074
0.995168687173601
0.9951417517680283
0.9951315325651542
0.9951136319923305
0.9950825808484265
0.9950623397850397
0.9950511962089357
0.9950340290189421
0.9950095985452893
0.9949845364570489
0.9949732528033407
0.994955193154157
0.9949454838530455
0.9949379125180009
0.9949142874281676
0.9949088725722366
0.994881302105699
0.9948508439234192
0.9948223009578874
0.9947880623684704
0.9947715365888357
0.9947601578063268
0.9947315619048066
0.9947055507841184
0.9946866305801674
0.9946726194129888
0.9946609641420554
0.9946329632762182
0.9946138836551817
0.9945950403201789
0.9945769416501643
0.994562343275761
0.9945439441994857
0.9945560323977084
0.9945509262843231
0.9945314399157316
0.9945094067196872
0.9944838589239475
0.9944764265078251
0.9944572089125927
0.9944455237514245
0.9944132809651752
0.9943925739187272
0.9943744774176465
0.994344297712213
0.9943292962894867
0.9943148423688997
0.9942960055066344
0.9942940845704162
0.9942660927121493
0.9942495249897337
0.9942350771062949
0.9942373505913263
0.9942114010150255
0.994196284133639
0.9941650171318658
0.9941371071809347
0.9941084092148413
0.9940993926537162
0.9941017784070839
0.994080479725746
0.9940746664902725
0.9940448609740321
0.9940205860718816
0.9940068443875105
0.993993197694667
0.993973680421101
0.9939563196049086
0.9939408321097292
0.9939227958271257
0.9938961129421245
0.9938811471422543
0.9938572391877123
0.993841092504127
0.9938219114277633
0.9938033830760206
0.9937752554472339
0.9937849815079464
0.9937620665143999
0.9937317134750103
0.9937268058951398
0.9937091256153869
0.9936872740028243
0.9936757410925346
0.9936731076433304
0.993662161474248
0.9936441561290739
0.9936218983503864
0.9935946824429286
0.9935964981566553
0.9935838478918266
0.99355724298668
0.9935447078279085
0.9935277892157915
0.9935168574173047
0.9934965675574285
0.9934873955930609
0.9934675074622764
0.9934563796294907
0.9934276945091
0.9934254366503803
0.9934161521284061
0.9934139364261532
0.9934213317424654
0.9934039013439347
0.9933865210853906
0.9933734612851604
0.9933625116789084
0.9933622144116526
0.993347856336734
0.9933341207782882
0.9933205776095835
0.9933000080256501
0.9932638744739133
0.9932538586529456
0.9932400339710381
0.9932265048088839
0.9932252838328653
0.993215398080547
0.9931833441222352
0.9931816359592909
0.9931471431925625
0.9931381281831155
0.9931242501115375
0.9931184867997023
0.9930756825543513
0.9930539781707896
0.9930422896846228
0.9930118946871921
0.9929921393048963
0.9929866482892461
0.9929561800296968
0.9929318836672942
0.9929307494722607
0.9929045886763243
0.9928880192426526
0.9928744282538655
0.992836697042704
0.9928232244999929
0.992792251151987
0.9927869179427922
0.9927621011492707
0.9927393933047362
0.992710634086026
0.9926868047331364
0.9926813241053618
0.992667397275662
0.9926571960433256
0.9926501124485254
0.9926416103439837
0.9926337769470194
0.9926200954876346
0.9926169330298475
0.9925917115272753
0.9925850540437539
0.9925547780710304
0.9925340176217093
0.9925148743318359
0.9924869573372623
0.9924889129920353
0.9924819797748903
0.992459788366896
0.9924335057750928
0.992418343676808
0.9924120011530009
0.9923971284058454
0.9923905346445459
0.9923882808381155
0.9923750954514141
0.9923545690382847
0.9923408268460181
0.9923247106016686
0.9923161016297792
0.9922952932720193
0.9922712234477976
0.9922392563926599
0.992240050198945
0.9921996633493751
0.9921709314715398
0.992143109723379
0.9921296279505873
0.9921307124262886
0.9921071534885376
0.9920835792165646
0.992096357907467
0.9920853009839425
0.9920758871529409
0.9920615195098812
0.9920395785685673
0.9920068592535884
0.9919753213039595
0.991945610753956
0.9919138949241921
0.9918993411238938
0.9918868168832936
0.9918662593056321
