0.9999986210985737
0.9999980049324395
0.9999965050530373
0.999994780885204
0.9999934665887507
0.9999929581249236
0.999993379019817
0.9999945569146118
0.9999961072746967
0.9999974506125511
0.9999979679256252
0.9999973808916809
0.9999959150100093
0.999994190606064
0.999992860787289
0.9999923411570607
0.9999927582572222
0.9999939447411251
0.9999954936259999
0.9999968186056765
0.9999973036697718
0.9999967069619539
0.9999952700226821
0.9999936004697957
0.9999923190871429
0.9999918208263829
0.9999922316989339
0.9999934251907711
0.999994953783131
0.9999962484868193
0.999996719011759
0.9999961255555941
0.9999947013363157
0.9999930500904922
0.9999917806168629
0.9999912803509714
0.9999916823915288
0.9999928171904946
0.9999943545393734
0.9999956147925125
0.9999961120248636
0.9999955418191475
0.9999941286088581
0.9999924863950731
0.9999912019766091
0.999990733038235
0.9999911331091524
0.9999922787620547
0.9999937988093528
0.9999950413592302
0.9999955212223705
0.9999949627745351
0.9999935381933869
0.999991900477092
0.9999906367630439
0.9999901863429279
0.9999906146323965
0.9999917697908923
0.999993228947273
0.9999944774548125
0.9999949166841515
0.9999943306881816
0.9999929366639189
0.9999912951890072
0.9999900393480237
0.9999895581403904
0.9999899942317161
0.9999911562209421
0.9999926193398139
0.9999938429398653
0.999994277480146
0.9999937014652811
0.9999922943583116
0.9999906491104256
0.999989382347332
0.9999889322190094
0.9999893591255009
0.99999048887176
0.9999919610218326
0.9999931867886709
0.9999936161197331
0.9999930474879061
0.9999916714056789
0.9999900547348051
0.999988840407814
0.9999884281049862
0.9999888784690354
0.9999900191132778
0.9999914074697316
0.9999925684415786
0.99999299773157
0.9999924431923133
0.9999911046135547
0.9999895231003249
0.9999883120792042
0.9999878620258807
0.9999883017026938
0.9999894602196822
0.9999908765542818
0.9999920178168075
0.9999924469133924
0.9999919068563785
0.9999905828675194
0.9999890094434423
0.9999877578806539
0.9999873408997519
0.9999878063616794
0.9999889130645682
0.9999902803994846
0.9999913727153089
0.9999917939013999
0.9999912667737895
0.9999899651061764
0.9999884467174093
0.9999872365923547
0.9999868072785395
0.9999871853779938
0.999988266608132
0.9999896186128616
0.9999907329637996
0.9999911293622434
0.9999906083246407
0.9999893649959287
0.999987853375683
0.9999866785938609
0.999986253347355
0.9999866384625469
0.9999877091162106
0.9999890651718586
0.9999901789181975
0.999990553641282
0.9999900161153423
0.9999887444994867
0.9999873094046451
0.9999861803653478
0.9999858046035253
0.9999861897508248
0.9999872061873241
0.9999885206905014
0.999989598129967
0.9999900083465212
0.9999894914748019
0.9999882292573588
0.9999867961538325
0.999985668499863
0.9999852465265395
0.9999856001591703
0.9999865791876438
0.9999878385982537
0.999988911934466
0.999989312793146
0.9999888011490099
0.9999875845052124
0.9999861356292107
0.9999850291771178
0.9999846273161326
0.999985000739772
0.9999859956774456
0.9999872136907981
0.9999882788914898
0.9999886321521524
0.9999881549174462
0.9999869696429152
0.9999856073910116
0.9999845605283387
0.9999842100760137
0.9999846252576763
0.9999856029710776
0.9999867587533358
0.9999877452852568
0.9999881016623459
0.9999876568709961
0.999986476280262
0.9999850493769181
0.9999839553844033
0.9999835469090332
0.9999839521397517
0.9999848881788588
0.9999860514281727
0.999987048471264
0.99998741600939
0.999986995859028
0.999985853306324
0.9999844244905675
0.9999833381411763
0.999982958094872
0.9999833101305384
0.9999842338567868
0.9999853749567369
0.9999863278424557
0.9999867007519989
0.9999862495940451
0.9999851251900023
0.9999837394775297
0.9999827343778889
0.9999823665025032
0.9999827489947523
0.99998368562466
0.9999847978696413
0.9999857138963413
0.9999860279198673
0.9999856144603625
0.999984538783559
0.9999832043969756
0.9999822028168852
0.9999818938444018
0.9999822944082944
0.9999831794127693
0.9999842260364836
0.9999850953380838
0.9999854571692844
0.999985014524801
0.9999839241518163
0.9999825783337646
0.9999816090575159
0.9999813433484066
0.9999817374490058
0.9999825574543919
0.9999835762207744
0.9999843860124165
0.9999847049954621
0.9999842640934122
0.9999831822153774
0.9999819376446262
0.9999810524414994
0.9999807674525663
0.9999811647161613
0.9999819559493284
0.9999829872363014
0.9999837949980245
0.9999841299194898
0.9999837232486116
0.9999827064983395
0.9999815319802269
0.9999806642136922
0.9999803639075138
0.9999806675267496
0.9999814586422107
0.9999824168522954
0.9999832523018086
0.9999835901495119
0.9999832071923879
0.9999822176256948
0.9999809790637032
0.9999800352657566
0.999979748622607
0.9999800717649855
0.9999808657678252
0.9999818474877029
0.9999826611880535
0.9999829324251986
0.99998253818258
0.9999815124518676
0.9999802551198037
0.9999793724632265
0.9999791361115221
0.9999795109659085
0.9999803494990468
0.9999813074935506
0.9999821048655062
0.9999823728878695
0.9999819331824397
0.9999809286291664
0.9999797316474622
0.999978884941352
0.9999786153298192
0.9999790168191909
0.9999798530306908
0.9999808133663425
0.9999815920255668
0.9999818031040337
0.9999813553997623
0.9999803446532963
0.9999792009547024
0.999978315381453
0.999978073369162
0.9999784353561771
0.9999792567277679
0.9999802056364451
0.9999809090002723
0.9999810908754331
0.9999806085200327
0.9999796090743784
0.9999785124957273
0.9999776771665639
0.9999774196329361
0.999977745027113
0.9999785757447264
0.9999795679543707
0.999980269369637
0.9999804669727291
0.9999800351885053
0.999979040933745
0.9999778974645753
0.9999770398247398
0.9999767836708878
0.9999771332970532
0.999977932117472
0.9999788783638561
0.9999795919767438
0.9999797402030058
0.9999792624652227
0.9999782778749032
0.999977151685255
0.9999763766683603
0.9999761638188207
0.9999765692425553
0.9999772933210339
0.9999781856144394
0.9999789049468605
0.999979118930998
0.9999786237377032
0.9999776507046925
0.9999765353994787
0.9999757689132188
0.9999755924676983
0.9999759699929383
0.9999767274748351
0.9999775595189941
0.999978194064877
0.9999783999314491
0.999977936601258
0.9999770095977008
0.9999759595415375
0.9999751880007718
0.9999750700015344
0.999975465508312
0.9999761671041859
0.9999769183857832
0.9999775167255499
0.9999776790013365
0.9999772117366635
0.9999761973153002
0.9999751299887906
0.999974407093369
0.9999742630002977
0.9999746149075842
0.9999753214274675
0.9999761391430377
0.9999768123470851
0.9999769711779456
0.9999765237766474
0.9999756263826591
0.9999745995293201
0.9999738769220808
0.99997370071277
0.9999740132921446
0.9999747494683269
0.9999755110158214
0.9999761448628794
0.9999763001758645
0.9999759115089473
0.9999749875421126
0.9999739909128036
0.9999733111879472
0.9999731016093649
0.9999735052806014
0.9999741603928919
0.9999750055005134
0.9999756264977266
0.9999757733177106
0.999975257545857
0.999974299945922
0.999973297261136
0.9999726144187745
0.9999724621547124
0.999972751784512
0.9999735004233499
0.9999742458396439
0.999974874740369
0.9999750023808968
0.9999744778368921
0.9999735911484982
0.9999726447451268
0.9999720213030507
0.9999718561142033
0.9999722200624194
0.9999729149647424
0.9999737235411116
0.9999742530491268
0.9999743428106361
0.999973851897841
0.9999729532964978
0.9999720417104956
0.999971425148256
0.9999713236303862
0.9999716831212356
0.999972383854625
0.9999730994363084
0.9999736575826276
0.9999737528864987
0.9999732787043882
0.9999724733645733
0.9999715921453203
0.9999709964746886
0.9999708199065149
0.9999711660918589
0.9999717864019548
0.9999725114719881
0.9999730282633109
0.9999731820254948
0.9999727706406554
0.9999719298660705
0.9999710676945835
0.9999704781056491
0.999970353011521
0.9999706873695896
0.9999713056542404
0.999971961901432
0.999972514810059
0.9999726698557724
0.9999722943428873
0.9999715044410981
0.99997065796443
0.999970069830998
0.9999699117724895
0.9999702493873959
0.9999708426241518
0.9999714697730293
0.9999720248439351
0.999972136946994
0.9999717483325644
0.9999709403325139
0.9999701392867629
0.9999695871102248
0.9999694273096267
0.9999697314383955
0.9999703220828549
0.9999709780018501
0.9999714230786667
0.999971544704445
0.9999711960002812
0.999970409613929
0.9999695904504678
0.9999691087933398
0.9999689947678976
0.9999693074106276
0.999969849552517
0.9999704209377226
0.9999708263230499
0.9999709481392614
0.999970552291439
0.9999697689967596
0.9999689762816982
0.9999684237051444
0.999968287358963
0.9999685508538546
0.9999691367503293
0.999969722680367
0.999970169118805
0.9999701976456342
0.999969795286099
0.9999690517970846
0.9999682618785183
0.9999677585613376
0.9999676547707133
0.9999680148444088
0.9999685403531089
0.9999691257368883
0.999969638305548
0.999969758212633
0.9999693944274457
0.9999686529446195
0.999967911285468
0.9999673391417779
0.9999672342223036
0.9999676175991691
0.9999681902510528
0.9999688485405672
0.999969271328143
0.9999692901788818
0.999968889410403
0.9999681861083296
0.9999673987366213
0.9999669159215296
0.9999668295703578
0.999967105076082
0.9999676211304519
0.9999682274926907
0.9999686756683179
0.9999687168019977
0.9999683613341366
0.9999676331060016
0.9999668816569561
0.9999663289649696
0.9999662528124862
0.9999664928496139
0.9999670448955578
0.9999676731292324
0.999968060431262
0.9999681217072696
0.9999676966792482
0.9999670101010176
0.9999661633408365
0.9999656856700503
0.9999655322191638
0.9999657604085834
0.9999662461309214
0.9999668266470108
0.9999673082465077
