0.9999915065939455
0.999990594051308
0.9999886815403979
0.9999858579520564
0.999982305040327
0.9999782517221989
0.9999738256650862
0.9999693586099382
0.9999651005480821
0.9999612594564641
0.9999580267688438
0.9999556363727535
0.9999541396603263
0.9999536242953379
0.9999541363966029
0.999955687688809
0.9999580037393647
0.9999610796233942
0.9999646471293632
0.9999684399104011
0.9999721455619113
0.9999755928613654
0.9999785488926805
0.9999806282521194
0.9999817834031514
0.9999820260876459
0.9999811113226919
0.9999792048686219
0.9999762767085789
0.999972787159258
0.9999687970660112
0.9999645165209953
0.9999601272956214
0.9999560386587719
0.9999523232401529
0.9999492859675443
0.9999469926696394
0.9999454947503447
0.9999450244707218
0.9999456596728045
0.9999471113642491
0.9999495347874249
0.9999525355085028
0.999956174172419
0.9999598311696154
0.9999634832742363
0.9999665864117986
0.9999693097385797
0.9999712277552962
0.9999722471429826
0.9999722944062899
0.9999713856604499
0.9999695588474921
0.9999668991733401
0.9999636447210247
0.99995998217884
0.9999560177046307
0.9999517717437442
0.999947745610229
0.9999441305219671
0.9999411115043275
0.999938894793349
0.9999375513746054
0.999937147236093
0.9999378372106149
0.9999392400441406
0.9999414837919102
0.9999443023769349
0.9999475525429194
0.9999508334892689
0.9999540909871252
0.9999570518449693
0.999959530310739
0.9999612033108154
0.9999621125041104
0.999962102021646
0.9999613615713911
0.9999595406451394
0.9999570043075628
0.9999539483503173
0.9999502797940019
0.9999464050878294
0.999942488478419
0.9999387926020173
0.9999352817135108
0.9999325313423235
0.9999303288181891
0.9999290343589928
0.9999287053448653
0.9999295209735659
0.9999309228975832
0.9999331147497148
0.9999358792079428
0.9999388062579686
0.9999420853959623
0.999945154377111
0.999948112797618
0.9999503137681907
0.9999521632477046
0.999953047323829
0.9999529497963678
0.9999522428654408
0.9999504986114354
0.9999480037943888
0.9999448167671987
0.9999411983433396
0.9999371905886731
0.9999334403371296
0.9999297360146014
0.9999264010428819
0.9999236695243813
0.9999218073784779
0.9999206505841663
0.9999203204660487
0.999920629882488
0.9999220029947558
0.9999240104534728
0.9999267870950698
0.9999299026945124
0.9999332593953535
0.9999365655242242
0.9999391168721911
0.9999415523688856
0.999943140191106
0.999943907228922
0.9999437928804223
0.9999430785099133
0.9999412063200663
0.9999387856346474
0.9999358492182798
0.9999324396149817
0.9999289035658955
0.999925290270046
0.9999217814094393
0.99991875888169
0.9999160550464662
0.9999140410688221
0.9999126838775636
0.9999122884926575
0.9999127802285183
0.9999140192685781
0.9999159657331743
0.9999183863731064
0.9999213879683968
0.9999244209871637
0.999927483701429
0.9999301789631367
0.9999323797506924
0.9999338047860484
0.9999344852592327
0.9999344109512774
0.9999334326306418
0.9999316052847836
0.9999294127636675
0.9999266618269305
0.9999235109684037
0.999920199280667
0.9999169244718635
0.9999139111681693
0.9999109894373271
0.9999084725370238
0.9999065463672381
0.9999052827688405
0.9999048405914962
0.9999051668192305
0.9999060334011626
0.9999078662260141
0.9999102203486082
0.9999131863514547
0.999916344354093
0.9999193052509425
0.9999220193573913
0.9999240508001673
0.9999255631743508
0.9999263057393215
0.9999263019858481
0.9999252913395753
0.9999232772911943
0.9999207147320057
0.9999176749698788
0.9999146310923399
0.9999110233690314
0.9999075481722572
0.999903952127456
0.9999012182771193
0.9998987630794747
0.9998971407733155
0.9998963355211725
0.9998962220622108
0.9998966522226881
0.9998978396304183
0.9998996641417827
0.9999019515705364
0.9999048742326033
0.999907758858375
0.9999103642698978
0.9999128399828138
0.9999146303869043
0.9999159265255505
0.9999165010910984
0.9999164904412666
0.9999157742678114
0.999914355308915
0.9999120186886579
0.9999090936593956
0.9999059927144722
0.9999027460271609
0.9998992938907333
0.999895942636245
0.9998931462010336
0.9998908173222346
0.9998889012273389
0.9998876315496622
0.9998874177861915
0.999887810095992
0.999889003067328
0.9998905502786091
0.9998927963787144
0.9998951998633049
0.9998977436140453
0.9999005457676933
0.9999030556850382
0.9999048495886974
0.9999061993715622
0.999906931710863
0.9999066616663902
0.9999057685735372
0.9999041910797972
0.9999019370588995
0.9998994776104293
0.9998965724001749
0.9998932774399228
0.9998901528519184
0.9998868635721099
0.9998842933668924
0.9998820444948815
0.9998804450054045
0.9998795202943206
0.9998792334269591
0.9998794327029352
0.9998803533450398
0.9998817993864128
0.9998836289568902
0.9998861248509713
0.9998884796566732
0.9998910233178906
0.9998933361137727
0.9998952780232969
0.9998968034714688
0.9998974555970251
0.9998974259694621
0.99989676179406
0.9998953037540097
0.9998930353082914
0.9998902957409302
0.9998876362625226
0.9998845685130646
0.9998815088841122
0.9998785618433322
0.9998758792383985
0.9998737687677592
0.9998721058539084
0.999871171897358
0.9998710509257563
0.9998716431210385
0.9998724534146071
0.9998738313205179
0.999875539036397
0.9998780625300158
0.9998802146635305
0.99988267338033
0.999884664305756
0.9998864485565405
0.9998878984736069
0.9998886086617439
0.9998887133375393
0.99988805954813
0.9998867506112585
0.9998845647586263
0.9998819111804388
0.9998790368737466
0.9998759768001239
0.9998728728501156
0.9998701658479944
0.9998678109730443
0.9998656210989578
0.9998641243472761
0.9998634029423032
0.9998632230965091
0.99986346090071
0.9998643896590634
0.9998657637993944
0.9998675005602434
0.999869301205003
0.9998712955598219
0.9998732212856561
0.9998751863155353
0.9998769725100414
0.9998785019999165
0.9998793769723118
0.9998793344258652
0.9998788466725428
0.999877411901351
0.9998755300689889
0.9998732374641579
0.9998701301367827
0.9998671139229581
0.9998644006039311
0.9998617291495717
0.9998593569428373
0.9998573148896842
0.9998562322067753
0.9998557814717002
0.9998553995806836
0.9998557576463878
0.9998562255938187
0.99985744877373
0.999858959456712
0.9998605723071335
0.9998625630372204
0.9998644908178483
0.9998662488494349
0.9998680350807246
0.9998694501264935
0.999870210065553
0.9998705134234683
0.9998700459751441
0.9998689611254717
0.9998672737727728
0.9998649665570261
0.9998624885051847
0.9998596917369742
0.9998569704724802
0.9998542999565002
0.9998522871611089
0.999850132070945
0.9998484300626284
0.9998477670671202
0.9998472172536642
0.9998474890331356
0.9998480546978835
0.9998490772167766
0.9998505413974129
0.9998523018228951
0.9998541252204267
0.9998562809184115
0.99985792957815
0.9998596297999905
0.9998611611229271
0.9998614276771722
0.9998615599327481
0.9998611054224584
0.9998600168546654
0.9998582003841308
0.9998563349773579
0.9998539590143651
0.9998515495663347
0.9998489127862714
0.9998462197006637
0.9998439792709152
0.9998419893530185
0.9998402707996101
0.999839360788435
0.9998391039513244
0.9998391223922447
0.9998398720406678
0.9998410628504009
0.9998423298909146
0.9998440952552314
0.9998459508273786
0.999847914249312
0.9998499824331523
0.9998515838721365
0.99985288086868
0.9998536190422891
0.9998536401272121
0.9998529378556839
0.9998516109221816
0.9998498814988593
0.9998477443966247
0.9998452754388765
0.9998427786084115
0.9998399157573781
0.9998374779359422
0.999835578191574
0.9998339527856437
0.9998323900078979
0.9998315392365047
0.9998311295577925
0.9998314017888776
0.9998320555557353
0.9998328984572251
0.9998344765145206
0.9998359768616194
0.9998375504098591
0.9998395013955247
0.9998412081488507
0.9998428391068602
0.9998437541159076
0.9998442188960358
0.9998442911734681
0.9998436596133997
0.9998428179024214
0.9998412023065808
0.999839296261597
0.9998367633192009
0.9998341919697749
0.9998318986941019
0.9998295641721289
0.9998276092195468
0.9998257565703647
0.999824285963207
0.9998231637797268
0.999822477687754
0.9998224999766937
0.9998231023641689
0.9998238063649211
0.999824864045674
0.9998263597411466
0.9998280672763946
0.9998296838703347
0.9998311637246424
0.9998327945981849
0.9998337932183993
0.999834554628477
0.999834396742241
0.9998338030477456
0.9998327381320935
0.9998308955881524
0.9998287699617984
0.9998262899004569
0.9998235400931472
0.999820941667508
0.9998184732872403
0.9998163115190082
0.9998145619824105
0.9998133770394064
0.9998123216602509
0.9998118480884386
0.9998121485197501
0.9998126428825033
0.9998133430700784
0.9998145931798392
0.9998158661838766
0.999817576105614
0.9998195231176382
0.9998212117219197
0.9998225497908153
0.9998237774961263
0.9998244866103043
0.9998249603217227
0.9998237774262858
0.999823104504797
0.9998213740493556
0.9998192047796964
0.999816973035626
0.9998144730243005
0.9998120365709062
0.9998098789642009
0.9998080960864419
0.9998065761749053
0.9998054592085136
0.9998043683999808
0.9998040544323512
0.9998038927996405
0.9998043733074456
0.9998048452513941
0.999805440492071
0.9998065600533181
0.9998080358742767
0.9998099946870344
0.9998112122360406
0.9998122296473837
0.9998133179833605
0.9998140149297514
0.9998137742095237
0.9998128618188528
0.9998115024900124
0.9998092551277503
0.9998075496914801
0.9998051142710482
0.9998026857224364
0.9998005092084109
0.9997982962441107
0.9997967772475191
0.9997956098619584
0.999794740414683
0.9997942428022908
0.9997941642051281
0.9997939821646856
0.9997947239484435
0.9997955079380019
0.9997964201927376
0.9997978203061348
0.9997993542084618
0.9998008426214875
0.9998022461021537
0.9998031529615318
0.9998039818322916
0.9998045230823435
