0.999994635507194
0.9999941406362075
0.9999926896215686
0.9999903526720795
0.9999873182605097
0.9999838596057637
0.9999802898688276
0.9999769682296387
0.9999742853177817
0.9999725753556808
0.9999719886942762
0.9999725660786827
0.9999742080261499
0.9999767056646909
0.9999797200289734
0.9999829357611234
0.9999860492033859
0.9999887769425625
0.9999908867205979
0.9999922233688494
0.9999926589735162
0.9999921553346021
0.9999907445661805
0.9999884989707989
0.9999855605366812
0.9999822165659934
0.9999787547987771
0.9999755870652294
0.9999730528561166
0.9999714729425796
0.9999709813970671
0.9999715850273262
0.9999731823915466
0.9999755494150399
0.9999783897185881
0.9999813957919592
0.9999843007567273
0.9999868570532289
0.9999888809929781
0.999990195217673
0.9999906806046382
0.9999902444587142
0.999988911972979
0.9999867565610981
0.9999838840544447
0.999980566499251
0.999977187477316
0.9999740975837045
0.999971664540454
0.9999701760310532
0.9999697592496705
0.9999704303797937
0.9999720078616396
0.9999743018536033
0.9999770476421251
0.9999799664965635
0.9999827551975918
0.9999852081785258
0.9999871113652387
0.9999883684831743
0.9999888153169826
0.9999883946849092
0.999987104737163
0.9999850063281038
0.9999822299732546
0.9999790268970817
0.9999757776477676
0.9999728356868409
0.9999705286787961
0.9999690837883916
0.9999686644075861
0.9999692601359967
0.9999707902800525
0.9999730165892681
0.9999756619854338
0.9999784581634589
0.9999811330791281
0.999983475516138
0.9999853001152914
0.9999864922977456
0.9999868569614058
0.999986418941988
0.9999851267658951
0.9999830778084554
0.999980439162512
0.9999774382313309
0.9999743914206894
0.9999716432823824
0.9999694262996108
0.9999680738092763
0.9999676213343239
0.9999681392220745
0.9999695160599318
0.9999715702609285
0.999974084772294
0.9999768028524264
0.9999793907468758
0.9999816916117789
0.9999834955281495
0.9999846526493174
0.9999851025244987
0.9999846780543176
0.9999834328668763
0.9999814306937311
0.999978843806988
0.9999758361767028
0.9999727854969553
0.9999700016142548
0.9999678588565035
0.9999665451128954
0.999966180066365
0.9999667658864942
0.9999681892879088
0.9999702578444049
0.9999727595358779
0.9999753716457885
0.9999778554693405
0.9999800313735748
0.999981726863667
0.9999828135479415
0.999983204059778
0.9999827645843201
0.9999815414165796
0.9999796008708561
0.9999770834031179
0.999974226528148
0.9999713446548104
0.999968710727311
0.9999666504931742
0.999965374934098
0.9999649521859779
0.9999654290921671
0.9999666819955892
0.9999685689836525
0.9999708811549395
0.9999734118649796
0.9999759327370703
0.9999781699457855
0.9999799277568202
0.9999811046742272
0.9999814948308052
0.9999810579384888
0.9999798282727449
0.999977857098816
0.9999753743374513
0.9999726272744535
0.9999698603260362
0.9999673851646359
0.9999654363178158
0.9999642098487986
0.999963821367355
0.999964241967873
0.9999654488102063
0.9999672616356153
0.9999695023603244
0.9999719330941742
0.999974332304317
0.9999764865977963
0.999978158370467
0.99997926334335
0.9999796612980784
0.999979243146726
0.9999780539322954
0.9999761918689404
0.9999737980991288
0.9999711020931034
0.9999683955373478
0.9999659613459234
0.9999640213160671
0.9999627839431366
0.9999623363296976
0.9999627490564617
0.9999638585214529
0.9999656363874114
0.9999678031522866
0.9999700904691032
0.9999723915180968
0.999974449694187
0.9999761044914899
0.9999772061195373
0.9999775977546114
0.9999772606382445
0.9999761749265598
0.9999744389324747
0.999972204244835
0.9999696204354684
0.9999670707180502
0.999964722522348
0.9999628314413694
0.9999615680533992
0.9999611253424519
0.9999615090762436
0.9999625716263448
0.9999642031576182
0.9999662770635528
0.9999685051301155
0.9999706996777211
0.9999726415282407
0.9999741746883997
0.999975177909231
0.9999755191574143
0.9999751284059407
0.9999740719350154
0.9999723875718428
0.9999702822514436
0.9999679377229638
0.9999655290688173
0.9999633621648546
0.9999615561999786
0.9999603455554098
0.9999598722962927
0.9999601424679856
0.9999611035832121
0.999962623263698
0.999964566663905
0.9999667626885123
0.999968932139001
0.9999708255369183
0.9999723674219216
0.9999733488415353
0.9999736654173084
0.9999732843890754
0.9999722906565304
0.999970721901305
0.9999687083715272
0.9999664366817974
0.9999641573394499
0.9999620507980189
0.9999603094926399
0.9999590934300362
0.9999586092085877
0.9999588590570266
0.9999598031875306
0.9999613215956763
0.9999632671520553
0.9999654527759717
0.9999676030638798
0.9999694857833618
0.9999709076981345
0.9999717499549224
0.9999719563733551
0.9999715140434534
0.9999704906439904
0.9999689122170725
0.9999669284451719
0.9999646858724871
0.9999623594853665
0.9999602255891901
0.9999584723110125
0.9999572468493432
0.9999567037803783
0.9999569159002106
0.9999578633531238
0.9999594289421778
0.9999613963992219
0.9999635148391524
0.9999656370337267
0.9999674831585713
0.9999688863137278
0.9999697858481379
0.9999700617039662
0.9999696761436915
0.9999687344585552
0.9999673067477162
0.9999654631778385
0.9999633754511295
0.9999611436436086
0.999958987278713
0.999957139966836
0.9999558366836294
0.9999551670707514
0.9999552264873787
0.9999560806537745
0.999957561374994
0.9999594783598943
0.9999616624253892
0.9999637734408466
0.9999656462088706
0.9999670240017676
0.9999678771107164
0.9999681638517394
0.99996781745984
0.9999669068063863
0.9999654633348217
0.9999636144897345
0.9999615825273924
0.9999594416371671
0.9999574394881141
0.9999556504374012
0.9999543060260339
0.9999536310138553
0.9999536698029335
0.9999544400312295
0.9999558465565753
0.9999577213701981
0.9999598051999968
0.999961864117006
0.9999637134453948
0.9999651654123923
0.9999660210359864
0.9999662535207635
0.9999658603673579
0.9999648813367802
0.9999634489851247
0.9999616335277138
0.9999596015083754
0.9999574454398791
0.9999554429801172
0.999953683698988
0.9999523987019457
0.9999517404348095
0.9999518347202212
0.999952673791165
0.9999540977380116
0.9999559491448559
0.9999580101396521
0.9999600813269702
0.9999618472332085
0.9999631907049472
0.999964018511376
0.999964263515803
0.9999638679768046
0.99996291099358
0.999961413626872
0.9999596086623437
0.9999575740877237
0.9999555154817938
0.9999535457596971
0.9999518690699395
0.9999506858345906
0.9999501230883117
0.9999502313535233
0.9999510221346392
0.9999524048326213
0.999954252765658
0.9999562831459936
0.9999582840773673
0.9999600515445243
0.9999614088615025
0.9999622031240915
0.9999623960656564
0.9999620183191409
0.9999611530136677
0.9999597505444829
0.9999580610170323
0.9999561320050026
0.9999541323872192
0.999952214402011
0.999950585316798
0.9999493758449495
0.9999487323839406
0.9999488154246198
0.999949540645289
0.9999509086113998
0.999952717564676
0.9999547166185823
0.999956646689148
0.9999582763936494
0.9999594634825056
0.9999601131623408
0.9999601616341557
0.999959668076331
0.9999587512706954
0.9999574905286662
0.9999559343868265
0.9999540811532621
0.9999522337084497
0.9999503841520989
0.9999487406206631
0.9999475432351417
0.9999469559038934
0.999947039696644
0.9999478300823135
0.9999492213663727
0.9999510216495906
0.9999529323235529
0.9999548286533936
0.9999564419474611
0.9999575778676398
0.9999582151806604
0.9999583077380504
0.9999578920889447
0.9999570537216055
0.9999557862067345
0.9999541333556808
0.9999523033956851
0.9999503716511419
0.9999485745245242
0.9999470133959113
0.9999458980006446
0.9999454056900411
0.9999455397890905
0.999946329502305
0.9999476242071411
0.999949320552013
0.9999512100730155
0.9999529723431407
0.9999545297348612
0.9999557107956865
0.9999563367585115
0.9999564983078142
0.9999561190376918
0.9999552408256929
0.9999540423740721
0.9999524315711857
0.9999505507047002
0.9999485836134705
0.9999466932897892
0.9999451540452863
0.999944104883971
0.9999435642510385
0.9999437443000256
0.9999445378757241
0.9999458623431794
0.9999475139642612
0.9999493266018626
0.9999510749238937
0.999952564428844
0.9999536929794535
0.9999542788914878
0.9999544102841883
0.9999540539346251
0.9999532040292501
0.999951960153617
0.9999504243245582
0.9999486362780661
0.9999467971741893
0.9999450519439111
0.9999436170741701
0.9999425803805831
0.9999421677179844
0.9999422861155205
0.9999429898452723
0.9999442324891386
0.9999458184486026
0.9999475306367664
0.9999491975574982
0.9999505966901545
0.9999516755498693
0.9999522584990308
0.9999523267284622
0.9999518704837357
0.9999510346123387
0.999949802831112
0.9999483178750956
0.9999466746113175
0.9999449715619023
0.9999433993480575
0.9999420365947963
0.9999411128219788
0.999940613273404
0.999940702280203
0.9999413489678882
0.9999425019969135
0.9999440034696938
0.9999456494815413
0.9999472850954605
0.9999487032557257
0.9999497747281966
0.999950324175543
0.9999503465295533
0.9999499282714881
0.9999490395353253
0.9999478244968394
0.9999464115170226
0.9999448133306778
0.9999432303292082
0.9999416724132448
0.9999403972811016
0.9999394290593387
0.9999389656541912
0.999939084174152
0.9999397386351297
0.999940876685336
0.9999423257622063
0.9999439912378052
0.9999455105382502
0.9999468258351923
0.9999478364811816
0.9999482953203466
0.9999483136121152
0.9999478100561846
0.999946917661669
0.9999456810493416
0.9999442547559917
0.9999427670648056
0.9999412572063536
0.9999398170292384
0.9999386499304714
0.9999377791155127
0.999937411362367
0.9999375579312503
0.9999382165058088
0.9999393274501892
0.9999407806411506
0.9999424123629791
0.9999439451913352
0.9999452561528475
0.9999461313005314
0.9999465963609481
