0.9999993157391065
0.9999988036720251
0.9999975822880854
0.9999965496574869
0.9999964917589673
0.9999973502769287
0.99999842369142
0.9999989904086498
0.9999986255864535
0.9999974551996729
0.9999963289422958
0.9999961220899997
0.9999968842288762
0.9999979591952199
0.9999986113913371
0.9999983907931366
0.9999973100987412
0.9999961371400843
0.9999957939571443
0.999996469824747
0.9999975236423775
0.9999982590931121
0.99999815999026
0.9999971801802923
0.9999959758695911
0.9999955017202701
0.9999960601804038
0.9999970838537949
0.9999978821167748
0.9999979357184096
0.9999970728768799
0.9999958269478441
0.9999951964633464
0.9999956029800753
0.9999965901650172
0.9999974451971846
0.9999976183666879
0.999996888177202
0.9999956528561772
0.9999948767041393
0.9999951383167512
0.9999960847505682
0.9999970049135389
0.9999972893489424
0.9999966771942179
0.9999954707226069
0.9999946035555367
0.9999947129465482
0.999995595048541
0.9999965448983195
0.9999969516923437
0.9999964897870439
0.9999953527887409
0.9999943887691278
0.9999943280434056
0.9999951213962383
0.9999961208140241
0.9999966180227485
0.9999962715400526
0.9999952054451532
0.9999941577654826
0.9999939498736516
0.9999946615080164
0.9999956614374854
0.9999962408026318
0.9999960205089627
0.9999950420602611
0.9999939656043382
0.9999936551476323
0.999994253337725
0.9999952227960839
0.9999958918542639
0.9999958056102766
0.9999949071022984
0.9999938208475799
0.9999933627841738
0.999993805718509
0.9999947515331815
0.9999955187333156
0.9999955073459611
0.9999946929091807
0.9999935844617569
0.9999929770318697
0.9999933255568854
0.9999942470613294
0.9999950438268704
0.9999951744115017
0.9999944734709019
0.9999933737947131
0.9999927078548212
0.9999929520610463
0.9999938143594534
0.9999946709695127
0.9999949413983641
0.9999943412141373
0.9999932602351476
0.9999925014889897
0.9999926086080112
0.9999934129459824
0.9999942522970613
0.9999946038546641
0.9999941283944723
0.9999930670852831
0.9999921935171014
0.9999921795935366
0.9999928908860068
0.9999937759478476
0.9999942162532228
0.9999939034640913
0.999992884694244
0.9999919314109172
0.9999917780411095
0.999992422514152
0.9999933361833421
0.9999938726638667
0.9999936435114333
0.999992687400163
0.9999917006053733
0.9999914089185247
0.9999919717819187
0.9999928590318665
0.9999934784125296
0.999993375213983
0.9999925517875993
0.9999915348125935
0.9999911165126899
0.999991505593557
0.9999923973993697
0.9999930866830745
0.9999931219815018
0.9999923841515989
0.9999913522569798
0.999990826950558
0.9999911473347144
0.9999919917737679
0.9999927781882403
0.9999929076575611
0.9999922703824818
0.9999912481741958
0.9999906038204696
0.999990777616549
0.9999915578908658
0.9999923999237414
0.9999926551110372
0.9999921210254122
0.9999911420883332
0.9999903671569795
0.9999903813246238
0.9999911089287646
0.9999919735432552
0.9999923234860649
0.999991913121151
0.9999909564024975
0.9999901742549305
0.9999900664701926
0.9999907100659546
0.9999916136890693
0.9999921251113992
0.9999918322533036
0.9999909078474961
0.9999900522601607
0.9999898223337752
0.9999903461081956
0.9999911861052053
0.999991769653794
0.9999916000209816
0.9999907664635883
0.9999898349208352
0.9999895142253434
0.9999899000115993
0.9999907395768134
0.9999913900024531
0.9999913586992687
0.9999905762402356
0.9999896411067035
0.9999892146206847
0.9999895300406467
0.999990318105365
0.9999910411117017
0.9999911071884379
0.9999904076971996
0.9999894566889097
0.9999889381634387
0.9999891549648343
0.9999899254580317
0.9999906910965416
0.9999908707233219
0.9999902941041282
0.999989330915157
0.9999886988742682
0.9999888262049276
0.999989516037676
0.9999902968999173
0.9999905701006485
0.999990083268439
0.9999891455888787
0.9999884225156117
0.9999884191675845
0.9999890875934225
0.9999898976571416
0.9999902369066906
0.999989863442265
0.9999889639059497
0.99998817645467
0.9999880753551583
0.999988644596563
0.9999894684925544
0.9999899309679066
0.9999896981350433
0.9999888737611449
0.9999880022223371
0.9999877354859543
0.9999882096128411
0.999989019447701
0.9999895725439628
0.9999894286354687
0.9999886306993457
0.9999877353101178
0.9999873872682837
0.9999877689991103
0.9999886028277966
0.9999892608905575
0.9999891981052064
0.99998844329535
0.9999875255332122
0.9999870947241243
0.9999873897306529
0.999988134940873
0.9999888075139454
0.9999888722210053
0.9999882213782464
0.9999873317233007
0.999986787675376
0.9999869760372424
0.9999877223926424
0.9999884402546662
0.9999885544108578
0.9999880074892551
0.9999871207077904
0.9999865251800641
0.9999865788520486
0.9999872426718489
0.9999879600504481
0.9999882453967589
0.999987790401839
0.9999869131258134
0.9999862364602163
0.9999861982265938
0.9999867640406
0.9999875386190982
0.9999878952170841
0.9999875107843764
0.9999866788338136
0.9999859353708002
0.9999858167482387
0.9999863496377015
0.999987109317585
0.9999875402366817
0.999987275301846
0.9999864890556203
0.9999857692811059
0.9999855062654662
0.9999859033964763
0.9999866691905089
0.9999872200166701
0.9999870740783026
0.999986377552584
0.9999856219441109
0.9999853122815167
0.9999856239418985
0.9999863414500323
0.999986949807281
0.9999869350858936
0.9999863209027829
0.9999854866208007
0.999985055199367
0.9999852842833336
0.9999859843451266
0.9999866575004072
0.9999867430433733
0.999986150710576
0.9999852668863616
0.9999847808429452
0.9999848926480518
0.9999855148223962
0.9999862298185402
0.9999864391160985
0.9999859271177265
0.9999850844153729
0.9999844755341698
0.9999845249784344
0.9999851412987067
0.9999858117611815
0.9999860645148616
0.9999856973170971
0.9999849262853406
0.9999843063892618
0.9999842711070241
0.9999848521403467
0.999985550235985
0.9999858620661604
0.9999855812183438
0.9999848095548566
0.9999841263672146
0.9999839556233524
0.999984451982751
0.9999851468710338
0.9999855498589995
0.9999853950011967
0.9999846986465981
0.9999839347754149
0.9999836754516351
0.9999840919489367
0.9999847517650752
0.9999852174181653
0.9999851137686795
0.9999844791083591
0.9999837163448423
0.9999834140679796
0.9999836862237368
0.9999843706046101
0.9999848683831749
0.9999848247869142
0.9999842452002917
0.9999834935880212
0.9999831049082915
0.9999833138543252
0.9999839173711221
0.9999844217979372
0.9999844562212524
0.9999839491501451
0.9999831550216954
0.9999826345972356
0.9999828098905312
0.9999834067322917
0.9999839478751811
0.9999840603830333
0.999983617403147
0.999982861694787
0.9999823012608328
0.999982391394782
0.9999829994025721
0.9999836159196732
0.9999838515829362
0.9999834578166483
0.9999826692329762
0.9999820923503722
0.9999820490736739
0.9999825871327869
0.9999832066895507
0.9999834494323384
0.9999831492596347
0.9999824756255113
0.9999818275841418
0.9999817634227769
0.9999821984292214
0.9999827883726271
0.9999831121395991
0.999982862904667
0.9999822001903504
0.9999815126243641
0.9999812956166663
0.9999816790541993
0.9999823009346633
0.999982721362372
0.9999825228469752
0.9999818709298457
0.9999811724113455
0.9999808263949882
0.999981092406699
0.9999817715695054
0.9999822433619581
0.9999821886549854
0.9999816020004839
0.9999808922710864
0.9999805171213063
0.9999807645324399
0.9999814244972075
0.9999819723182037
0.999982011576305
0.9999814805680337
0.9999807553172088
0.999980300580832
0.9999803965368815
0.9999810009389433
0.9999815538379688
0.9999816388078334
0.9999811531319485
0.9999804177413831
0.9999799451101392
0.9999800052515466
0.9999805719710586
0.9999811914191182
0.9999813549073651
0.999980985335302
0.9999803218016786
0.9999797664605152
0.9999796822038125
0.9999801223721247
0.9999807875005302
0.9999810776252226
0.9999807713954231
0.9999800723969908
0.9999794488462217
0.9999792608487307
0.9999796862918847
0.9999802933336275
0.9999806344648571
0.999980375190011
0.9999797375736929
0.9999791080733147
0.9999789078557278
0.9999792273234615
0.9999798598319682
0.9999802500660449
0.9999800808513651
0.9999794505540113
0.999978871993106
0.9999785845691617
0.9999788813741082
0.9999795364007701
0.9999799380244521
0.9999798338283676
0.9999793092398969
0.9999786171167505
0.999978277648333
0.999978469515746
0.9999790504639914
0.9999795390689032
0.9999794641521123
0.9999789372590057
0.9999782967804283
0.9999779006314733
0.9999779878699817
0.9999785020870353
0.9999790327807652
0.9999791523677671
0.9999787196746565
0.9999780891519529
0.9999776461177249
0.9999777018513792
0.9999781817069124
0.9999787502040763
0.9999789036867444
0.9999785057024597
0.9999778274019107
0.9999773160153066
0.9999772700430327
0.9999776949237
0.9999782702191474
0.9999785209828103
0.9999782043357736
0.9999776266329476
0.9999770970516504
0.9999768782306404
0.9999772785033451
0.9999778670219288
0.9999781823696458
0.9999779305258141
0.9999773443239253
0.9999767913997635
0.9999765676548449
0.9999768900154328
0.9999775216913166
0.9999778860805261
0.999977733054957
0.9999772258460958
0.9999766237040115
0.9999762778917628
0.9999764607275731
0.9999770811440581
0.9999775652380729
0.9999775241716433
0.999977005321931
0.999976463643098
0.999976095819274
0.9999761782226728
0.9999767365637752
0.9999772189924052
0.9999772318408376
0.9999768119947041
0.9999762592963463
0.9999758559760316
0.999975865219992
0.9999763214938091
0.9999767670228131
0.9999769039739469
0.999976564118465
0.9999760243519505
0.999975475624001
0.9999754421288266
0.9999758381916909
0.9999763565800517
0.9999765273977659
0.9999762718166223
0.9999757495969932
0.9999753128681741
0.9999751823786946
0.9999755192039373
0.9999760768578102
