0.9999999241634965
0.9999836720347208
0.9999669415820657
0.9999522744794557
0.9999357632446085
0.999919201235942
0.9999030034043852
0.99988703337537
0.9998711752027606
0.9998557284364455
0.9998405717455953
0.999824144428251
0.9998069073638246
0.9997900667040398
0.9997750267568171
0.9997596168930205
0.9997451184251624
0.9997322623146865
0.9997127115552994
0.9996963849167371
0.9996791130340177
0.9996637805791301
0.9996459466693619
0.9996288418571236
0.9996170449022544
0.9996046433898746
0.9995898421989879
0.9995729831098541
0.999557583651226
0.9995431764745845
0.9995235087591167
0.999510620402362
0.9994956390796506
0.9994767748092467
0.9994576343046857
0.9994422033589698
0.9994212208843002
0.9994024360750267
0.9993897064745676
0.9993741634117232
0.9993555588158625
0.9993414723580132
0.9993258241834679
0.999308445343902
0.9992921867949597
0.9992720641541677
0.9992593188097381
0.9992462010197345
0.9992322525006602
0.999209138068015
0.9991915186671372
0.9991754691094755
0.9991600771264899
0.9991464071745944
0.9991240019249632
0.9991040486667653
0.9990869492461618
0.9990723582995908
0.9990499814126289
0.9990309849591943
0.9990215022059957
0.9990035157936419
0.9989871428608137
0.9989763932082582
0.9989612439743657
0.9989510508844204
0.9989227619631356
0.9989090641165796
0.9988956857778898
0.9988730473822096
0.998848490585574
0.9988308102157779
0.9988141254849016
0.9987978661065575
0.9987853606235428
0.9987679532488557
0.9987452027657654
0.9987369732032142
0.9987209099092988
0.9987051277990912
0.9986963006458275
0.9986843282026782
0.9986672877261308
0.9986533970158009
0.9986313840261187
0.9986146755720853
0.9986043159965402
0.9985929187488586
0.9985705452931094
0.9985516036274344
0.998542390590646
0.9985247447570332
0.9985038008727226
0.9984907582039199
0.9984720196815023
0.9984583247614166
0.9984479713159295
0.9984256180428123
0.9984154923592085
0.9983939722136908
0.9983751378973803
0.9983571262060199
0.9983329079803915
0.9983124074443676
0.9982869942269841
0.9982697703539731
0.9982490097816197
0.9982355816483801
0.998211539617017
0.9981912669592564
0.9981763499847581
0.9981692708309133
0.9981599885515247
0.9981404921662652
0.9981172983496244
0.9981044342882772
0.9980797608485871
0.9980670244634745
0.9980494029143866
0.9980343696161439
0.9980214494335065
0.9980023435770341
0.9979852467449768
0.9979624488339137
0.9979426481767102
0.9979268674384314
0.9979011260257084
0.9978836597002618
0.9978754400961201
0.9978597181004437
0.9978431708882309
0.9978316068758258
0.9978131613359185
0.9977962449888859
0.9977816073802448
0.9977691410705004
0.9977502084153731
0.9977345473370394
0.9977105666227813
0.9977027191196777
0.997688331735157
0.9976735010475931
0.9976488096603218
0.9976324729014872
0.9976078441078091
0.997598883139338
0.997577826089561
0.9975605396713731
0.9975433889719735
0.9975291998969795
0.9975078832106613
0.9974927949812574
0.9974806123149086
0.9974659501245883
0.9974370401760093
0.9974292052798124
0.9974141371083863
0.997397869002134
0.9973713554258932
0.997352190783272
0.9973328440365994
0.9973054972984972
0.9972832160184575
0.9972758664290131
0.9972689562093426
0.9972528740145545
0.9972446876595273
0.9972256849200126
0.997207451597119
0.9971944644633686
0.9971757524636159
0.9971597929141031
0.9971429417633187
0.9971239802570002
0.9971100836552854
0.9970900098101086
0.9970750595335226
0.9970605405291445
0.99705083972095
0.9970514431159629
0.9970349303317575
0.9970089035314674
0.996992486384666
0.996968797118993
0.9969571372181004
0.9969382638214456
0.9969255421292005
0.9969093981364171
0.9968884072723637
0.9968754620787512
0.9968570918113449
0.9968269161286024
0.9968128537854137
0.9968045537474755
0.9967913822724013
0.9967797005377207
0.996756227136712
0.9967356563232901
0.9967120745649408
0.9966958241158208
0.9966722916169727
0.99664180899489
0.9966175281896836
0.9966075917283733
0.9966011113129786
0.9965885274722054
0.9965708549357846
0.9965368974088494
0.9965194156704453
0.9964923302339546
0.9964852744005469
0.9964697817974846
0.9964558512857457
0.9964384542546713
0.996419549387733
0.9963990657531099
0.9963961507625065
0.9963843289232021
0.9963523739574032
0.9963440802608434
0.9963348193484416
0.9963215168598896
0.9963130062059623
0.9962998388833341
0.9962837337886075
0.9962607906381534
0.9962390589877276
0.9962093730158976
0.9961883600528334
0.9961771411162955
0.9961590358863187
0.996138754005551
0.9961241763146091
0.9961078595194681
0.9960925578801262
0.9960726144555059
0.9960460629755468
0.9960224273128058
0.995994292593277
0.9959664423879205
0.9959491243734057
0.9959334476192616
0.9959151441076483
0.9958932793582776
0.9958830782380954
0.9958616978985333
0.9958402315686783
0.9958249171424172
0.9958036324292748
0.9957713505656043
0.995756261861153
0.9957321972436524
0.9957149932936997
0.9956955637654975
0.9956747312629204
0.9956660537897766
0.9956358007381435
0.9956140056204306
0.9955914938435799
0.9955571912923543
0.9955448624870511
0.9955197421156341
0.9955136250153731
0.9955173877551556
0.9954967554513854
0.9954748075382792
0.9954682433901987
0.995450777008108
0.9954344284427207
0.995410223880277
0.9953915664168337
0.9953790954776844
0.9953484516250327
0.9953341822055027
0.9953216569334035
0.9953079024852663
0.9953206517359923
0.9952988807453034
0.9952866589437667
0.9952727043103102
0.9952523743612333
0.9952240625643922
0.995214788774334
0.9952073349469144
0.9951819642471925
0.9951550069560225
0.9951514212932628
0.9951420217922881
0.9951203281943427
0.9951029005766726
0.9950763693514163
0.9950510954426629
0.9950527939099043
0.9950228841917484
0.9950004665241756
0.9949947095012007
0.9949758139638271
0.9949597336775682
0.9949393923476479
0.9949175461412502
0.9949018036232565
0.9948871706640567
0.9948717220090517
0.9948489281190835
0.9948438045745328
0.9948307946679588
0.9948060673119541
0.9947827099493846
0.9947700117503434
0.9947603642683882
0.9947396470936304
0.9947370900802756
0.9947167399212423
0.9947097267832413
0.9946817544938675
0.9946449476075447
0.994626905040555
0.9946093955486397
0.9945872207841124
0.9945711463875305
0.9945536342984324
0.9945372619599346
0.9945232358091841
0.9944992710546274
0.9944786274320426
0.9944720128963975
0.9944532543306126
0.994417643823867
0.9944106998155156
0.9943834127252298
0.9943690741035087
0.9943536679782568
0.9943375130343473
0.9943256813010382
0.994301496016013
0.9942806285786708
0.9942625104029241
0.994259583980034
0.9942362183841637
0.9942112835666855
0.9941988511932743
0.9941811353379635
0.9941698497947545
0.9941476462698148
0.994138467624806
0.994105302802519
0.99408268171693
0.9940620956519083
0.9940422845905368
0.9940139023534181
0.9939973554273976
0.9939880181752074
0.9939678326463262
0.9939593706102833
0.993962011535619
0.9939459016530053
0.9939284527737634
0.993922001205146
0.9939057682458532
0.99389132587451
0.9938764312429074
0.9938513358577424
0.9938123633110655
0.993796563958638
0.9937635911315785
0.9937370416080615
0.9937142466816341
0.9936995697826682
0.9936838854192541
0.993690371650401
0.9936760822309731
0.9936557879320845
0.9936387445038007
0.9936239984569549
0.9936123023415478
0.993594397684581
0.9935809346718246
0.9935813263537093
0.9935636001190239
0.9935532381704983
0.9935362265050404
0.9935259753945955
0.9934941599074967
0.9934857228021711
0.9934753882246631
0.9934526951124112
0.9934278592514709
0.9934138014469819
0.9934178204380719
0.9933872127181869
0.9933616090049214
0.9933421181585105
0.993321963535089
0.9933086444751882
0.9932838620833766
0.9932613831482486
0.9932603656650522
0.9932457135977798
0.9932412281078916
0.9932247950312784
0.9932337297914298
0.993209466490674
0.9931988610646133
0.9931767602175005
0.9931707968724072
0.9931525047187175
0.9931325926985365
0.9931042676688011
0.9931033216091205
0.9930811659347444
0.9930695323423883
0.993045868644558
0.9930130337194777
0.9929922232779903
0.9929780719903599
0.9929512884645441
0.9929340976795078
0.9929083939272155
0.9929125059786169
0.9928798134577753
0.9928516163578855
0.9928365978640887
0.9928122903760714
0.9927981713299514
0.9927949549339121
0.9927730072613548
0.9927475181809817
0.9927421271975125
0.9927319523363388
0.9927211482942637
0.9927019867172018
0.9926688056684997
0.9926564781224728
0.9926534736383006
0.9926324856548686
0.9926217152635346
0.9926184952099115
0.992608362068696
0.9925975246454714
0.9925786523311844
0.992546801738463
0.992525049926986
0.9925013042033906
0.9924922547204691
0.9924771538062835
0.9924701894769774
0.9924487691395429
0.9924341983719044
0.9924149572578788
0.9923966041792839
0.9923747260970683
0.992367654302695
0.9923603562235112
0.9923491951898944
0.9923525516415088
0.9923462355376294
0.992340357488165
0.9923263110670092
0.9923105402307278
0.9922846507441613
0.9922593860626058
0.9922550668494452
0.9922361078159326
0.9922423500264123
0.9922294334288689
0.9922242497963389
0.9922049020658524
0.9921907621743299
0.9921841008918452
0.9921727146784638
0.9921718092492533
0.9921587805455393
0.9921357533541169
0.9921076483889586
0.9920830369037733
0.9920631620438971
0.9920537113469312
0.9920239655360288
0.992011283322198
0.9920004965639599
0.9919808536781329
0.9919605306487456
0.991922177117674
0.9919239784784826
0.9919166616919014
0.9918896658684022
0.9918703362858805
0.9918566095161174
0.9918461152421786
0.9918168957679574
0.9918046968053799
0.9917779262961622
0.9917645083494785
0.9917537999754533
0.9917323461550827
0.991705748966254
0.9916830116370283
0.9916732797804749
0.9916851858556879
0.991676282455655
