0.9999999433628374
0.9999996736390823
0.999999860650158
0.999999593414629
0.9999997780497161
0.9999995175479148
0.9999996952000685
0.9999994494803714
0.9999996110432071
0.9999993720016507
0.9999995226106555
0.9999993010640928
0.9999994313931277
0.9999992304868514
0.9999993407431477
0.9999991567356816
0.9999992422394081
0.9999990805423981
0.9999991471283318
0.9999990168306553
0.9999990363326466
0.9999989380546661
0.9999989436698147
0.9999988664704568
0.9999988604812715
0.9999988156772621
0.9999987772115172
0.9999987647540003
0.9999986826149777
0.9999986816592408
0.9999985861020461
0.9999986177147436
0.9999984959493733
0.99999855671535
0.999998396426499
0.9999984687255453
0.999998293900331
0.9999984009657499
0.9999982070825254
0.9999983195095663
0.9999981232731616
0.999998262686091
0.9999980260281571
0.9999981705426957
0.9999979351343365
0.9999980986997374
0.9999978477056216
0.9999980066792167
0.9999977533333766
0.9999979021687427
0.9999976586389981
0.9999978330995767
0.9999976007998095
0.9999977557771962
0.9999975180015127
0.999997682282298
0.9999974525834615
0.9999976011351093
0.9999973845715225
0.9999975230003498
0.999997303208574
0.999997437246604
0.9999972323730643
0.9999973381707489
0.999997166771988
0.9999972491110579
0.9999971022559727
0.9999971656262424
0.9999970365277938
0.9999970832932302
0.9999969872024803
0.9999969983440546
0.9999968984996581
0.999996871534454
0.9999968244330515
0.9999967890209169
0.9999967476122695
0.999996684370087
0.9999966648747376
0.9999965803141074
0.9999966032043086
0.9999964908987602
0.9999965447707769
0.9999963988880063
0.9999964614750251
0.9999962876233423
0.9999963701394239
0.9999961985656688
0.999996316311128
0.9999961187907005
0.9999962552685561
0.9999960646167804
0.9999961959913524
0.9999959769043318
0.9999960946859127
0.9999958927369728
0.9999960477559856
0.9999958383476701
0.9999959875205259
0.99999575851253
0.9999958905374344
0.999995665658902
0.999995820859056
0.9999955836038408
0.9999957229873995
0.9999954717986026
0.9999956116683234
0.9999953827615099
0.9999955078601256
0.9999952893400559
0.9999954224845067
0.9999952444002382
0.9999953566492659
0.9999951658650431
0.9999952543214413
0.9999951107388115
0.999995191218931
0.9999950907481169
0.9999951551411418
0.9999950338368105
0.9999950377778984
0.9999949292717389
0.9999949142781723
0.9999948488962213
0.9999948043834206
0.999994767295837
0.9999947221411631
0.999994706521678
0.9999946567656401
0.9999946689390095
0.9999946082498667
0.999994622017233
0.9999945001805526
0.9999945378537295
0.9999944214748466
0.9999944758742381
0.9999943569594177
0.9999944320243918
0.9999942755492733
0.99999437533531
0.9999942144516412
0.9999943188087737
0.9999941265094366
0.999994240184413
0.9999940156930557
0.9999941213129692
0.9999939363711172
0.9999940583425607
0.9999938552976015
0.9999939676261427
0.999993765135472
0.9999938875613118
0.9999936826673383
0.9999938181313256
0.9999936036346007
0.9999937560414552
0.9999935636454036
0.9999936925125492
0.9999934900583533
0.9999936110429622
0.9999934357285973
0.9999935400355748
0.9999933729340617
0.9999934549666449
0.9999932923699458
0.9999933266263229
0.9999932089340176
0.9999932404902945
0.9999931096521885
0.999993164136618
0.9999930814177003
0.9999930867054597
0.9999930244943234
0.9999930324389229
0.9999930162796079
0.9999929544412219
0.9999929295384645
0.999992886963278
0.9999928975555975
0.9999928383324254
0.999992827934587
0.9999927282722816
0.9999927484615494
0.9999926340013372
0.9999926886727459
0.9999925509644662
0.9999926070036299
0.9999924898384943
0.9999925810746262
0.9999923978203139
0.9999924670851947
0.9999923065011375
0.9999923808424501
0.9999921942168922
0.9999922829644446
0.9999920765857203
0.9999921732935273
0.9999919874381529
0.9999921022349227
0.9999918822074632
0.9999920289839077
0.9999918391981075
0.9999919759217493
0.9999917807846576
0.9999919047931207
0.99999170424588
0.9999918141714903
0.9999916399254567
0.9999917248593233
0.9999915583870995
0.9999916388686971
0.9999914990682047
0.9999915992469485
0.9999914393667645
0.9999914897935428
0.9999913752752332
0.9999914577810396
0.9999913400468143
0.9999913716443019
0.9999912790927907
0.9999913120834376
0.9999912225647329
0.9999911952610463
0.9999911058655354
0.9999910737976416
0.9999910012648623
0.999990933257935
0.999990930257522
0.9999908770835052
0.9999909069728112
0.99999083116302
0.9999908513780849
0.9999907667944421
0.9999908142643434
0.999990706953582
0.9999907457585732
0.9999906187739855
0.9999906839700731
0.9999905469388409
0.9999906142914647
0.9999904612333678
0.9999905454056075
0.9999903617228154
0.9999904395443455
0.9999902642983689
0.9999903534313779
0.9999901874159961
0.999990277369529
0.9999900605635149
0.9999901558215601
0.9999899446865417
0.9999900516505802
0.9999898637054496
0.9999899699906024
0.9999897969357993
0.9999898915340125
0.9999897500734166
0.9999898598641433
0.9999897104623612
0.9999898183866204
0.9999896274980532
0.9999896818670481
0.9999895538778031
0.9999896315320161
0.9999894652566511
0.9999895296045465
0.9999894183512934
0.9999894785920265
0.9999893577882365
0.9999894159743291
0.9999893324269085
0.9999893581114894
0.9999892611218794
0.9999892433687607
0.999989152813401
0.9999891615052063
0.9999891370570725
0.9999890764456957
0.9999890542524593
0.9999889947196127
0.999988981900706
0.9999888952238218
0.9999888840860048
0.9999887829380072
0.9999887866295181
0.9999886734324075
0.9999887316427095
0.9999886467108982
0.9999886359272305
0.999988491790469
0.9999885439887334
0.9999883477918631
0.9999884281641023
0.9999882648390159
0.9999883341501321
0.9999881675000807
0.9999882523995994
0.9999880907594296
0.9999882255162034
0.9999880508032795
0.9999881507655969
0.9999879759255628
0.9999880496652538
0.9999878696875476
0.9999879759722964
0.9999878033527237
0.9999878849730793
0.9999877230327446
0.9999878177696069
0.9999876588368607
0.9999877225201302
0.9999875655802177
0.9999875826022006
0.9999874250880517
0.9999874784807258
0.9999873111725098
0.9999873984984534
0.9999872975705724
0.9999873007302876
0.9999872261282974
0.9999872656941133
0.999987206706087
0.9999872008166004
0.9999871002221197
0.9999870866629281
0.9999870142621982
0.9999869930786386
0.9999869453406047
0.9999868644396098
0.9999868837141853
0.9999867872226376
0.9999867529129872
0.99998669390493
0.9999867073358096
0.9999866199143395
0.9999866290784046
0.9999864811805322
0.9999864986922339
0.9999863703883317
0.9999864526730887
0.9999863118327807
0.9999863717627736
0.9999862687486147
0.999986370465906
0.999986231894427
0.9999863057181843
0.9999861856412439
0.9999862603957016
0.9999861169339356
0.9999861975417317
0.9999860488877709
0.9999861060711953
0.9999859688393267
0.9999860305786878
0.9999858247142562
0.999985879220563
0.999985727785323
0.9999858106685221
0.999985680511119
0.999985743728793
0.9999856257444386
0.9999856903636308
0.9999855559980997
0.9999855882869718
0.9999854386336505
0.999985468176412
0.9999853297549391
0.9999853387919856
0.9999851981426279
0.999985238305
0.9999851446012028
0.9999851496642272
0.9999850989558333
0.9999850897602763
0.9999850138189443
0.9999849828865051
0.9999849125878996
0.999984885313105
0.9999848576816978
0.999984838714345
0.9999847763194837
0.9999846894616797
0.9999846508660387
0.9999845433146348
0.9999845443788309
0.9999844683743918
0.9999845014063219
0.99998441272252
0.9999844788695754
0.9999843560359507
0.9999844176589789
0.999984268234235
0.9999843172020448
0.9999842261006793
0.9999842900565121
0.9999841586566167
0.9999842337881216
0.9999840516761448
0.9999841137133212
0.9999839620457475
0.999984085821953
0.9999838987074244
0.9999839844491153
0.9999838610988194
0.9999839117724408
0.9999837389265203
0.9999838042603522
0.9999836191385387
0.9999836946928008
0.9999835566916332
0.9999835990086506
0.9999834399602718
0.9999834929663348
0.9999833809455969
0.9999834064190833
0.9999833314459757
0.9999833619165078
0.9999832580958811
0.9999833164109465
0.9999832517613518
0.9999833089502147
0.9999831780313302
0.9999831825747649
0.999983091832879
0.9999831079045987
0.9999830345721321
0.999983009603505
0.9999829102590168
0.9999828458437587
0.9999828273533264
0.999982740769465
0.9999826946663697
0.9999826041837817
0.9999826107100656
0.9999826013587566
0.9999826447639352
0.9999825254872544
0.9999825275036679
0.9999824091775511
0.999982450206817
0.9999823190618825
0.99998239967142
0.9999822526807001
0.9999823133079517
0.9999822497055911
0.9999822945335916
0.9999821229542798
0.9999821382395803
0.99998198251512
0.9999820365903942
0.9999818911786001
0.999982002236183
0.9999818892189448
0.9999819714566244
0.9999818214866064
0.9999819168749782
0.9999817797443834
0.9999818842080633
0.9999817385670596
0.9999817935465892
0.999981651398226
0.9999816767247667
0.9999814851751855
0.9999815556635473
0.9999814095189925
0.9999814886855495
0.9999813796820769
0.9999813959292988
0.9999813032938004
0.9999813184972023
0.9999812095924046
0.9999812030467136
0.9999810997828659
0.9999811143327821
0.9999810491165354
0.9999810192309887
0.9999809774192763
0.9999809646965307
0.9999809662907391
0.9999809269828297
0.9999809250159548
0.9999808467677181
0.9999808389076617
0.9999808127768783
0.999980815351709
0.9999807617978376
0.9999808166749493
0.9999806723190494
0.9999807297430572
0.9999806772435995
0.9999806957213196
0.9999805449321283
0.9999805872988858
0.9999804659856115
0.9999804819803896
0.9999803800571679
0.9999804627725499
0.9999803408460172
0.9999804180087014
0.9999802783197874
