0.9999995278477057
0.9999989925879835
0.9999980495208559
0.9999975203877631
0.9999979566044123
0.9999989145945005
0.9999992422986455
0.9999986209773176
0.9999976856654994
0.9999972695397817
0.9999978032093566
0.9999987216659244
0.9999989366256092
0.9999982376536964
0.9999973299506725
0.9999970060671426
0.9999976213087491
0.99999850975958
0.9999986082549763
0.9999978611269233
0.9999969994197151
0.9999968095785359
0.9999975163005171
0.9999983341135216
0.9999983132067466
0.9999975145459524
0.9999967094758727
0.9999966195591576
0.9999973823649155
0.999998127451512
0.9999979770087964
0.999997163284661
0.9999964080909184
0.9999964329387309
0.9999972350381067
0.9999978956819552
0.9999976465840208
0.9999967836577225
0.9999960960787927
0.9999962438338414
0.99999708073565
0.9999976657394974
0.9999973286563965
0.9999964535267871
0.999995836727346
0.9999960933261655
0.9999969359718965
0.999997399754819
0.9999969564824966
0.9999960519263241
0.9999955231489216
0.9999958502448446
0.9999967118554979
0.9999970725496159
0.9999965316278936
0.9999956835318602
0.9999952293489787
0.99999564310691
0.9999965298710459
0.9999967919536411
0.9999961563405505
0.9999953285090364
0.99999497220228
0.9999954908298192
0.9999963266555022
0.9999964562800014
0.9999957637732875
0.9999949804128366
0.9999947386221261
0.9999953203841262
0.9999961185787258
0.9999961449845992
0.9999953927268593
0.9999946400561471
0.9999944669920108
0.9999951282166785
0.9999958875697486
0.9999958110001184
0.9999950544524153
0.999994358817695
0.9999943071030568
0.9999949975732415
0.9999956708272988
0.9999954777682536
0.9999947235691854
0.9999940730750049
0.9999941191672898
0.9999948673603501
0.9999954628272323
0.9999951507225976
0.9999943380839902
0.9999937396016584
0.999993891190479
0.9999946767912501
0.9999952002433316
0.9999948016122676
0.9999939989849791
0.9999934779677444
0.999993714919669
0.9999945249472363
0.9999949253849953
0.9999944746091196
0.9999936763682897
0.9999932330212723
0.9999935397748946
0.9999943535472117
0.9999946521162832
0.9999941410188266
0.9999933683256664
0.999992996528342
0.9999934073950099
0.9999941651650776
0.9999943652753088
0.9999937979334776
0.9999930302899732
0.9999927698942632
0.9999932933357584
0.9999940316679901
0.9999940902395963
0.9999934715743743
0.9999927691577007
0.9999925922870228
0.9999931815380504
0.9999938843950362
0.999993876085903
0.9999931855281977
0.9999925039404363
0.9999924329967337
0.9999930607576065
0.9999936870870256
0.999993573130308
0.9999928794157136
0.9999922745041373
0.9999923030721275
0.9999930000033656
0.9999935736329183
0.9999933546983585
0.9999926234363145
0.999992060089036
0.9999921293134489
0.9999928373003855
0.9999933349179997
0.9999930131570087
0.9999922699062936
0.999991764594015
0.9999919314818176
0.9999926553795645
0.9999930765120759
0.9999926962468548
0.9999919244612903
0.9999914821632424
0.9999917606282618
0.9999924596355869
0.9999927526813174
0.9999923001678321
0.9999915659486635
0.9999911936656583
0.9999915446708721
0.9999922717936132
0.9999925005155008
0.9999919453612636
0.9999912051748213
0.9999909301806585
0.9999913672224926
0.9999920846548489
0.9999922283629301
0.9999916439894507
0.9999909508117704
0.9999907418953972
0.9999912419127529
0.999991903802096
0.9999919195839295
0.9999912670247816
0.9999905860398296
0.9999904680455123
0.99999104392654
0.9999916536602799
0.9999915575966619
0.9999908722753984
0.9999902454837357
0.9999902075058197
0.9999908402840925
0.9999914042016317
0.9999912178678619
0.9999905235109591
0.9999899500819599
0.9999900057065283
0.999990691314702
0.9999912027586879
0.9999909470720898
0.9999902378204267
0.9999896904349783
0.9999898700984807
0.9999905746737401
0.9999909884454112
0.9999906250693092
0.9999898906505997
0.9999893934099389
0.9999896485734793
0.9999903684194764
0.9999907130827306
0.9999902652300419
0.9999895096792297
0.9999891473998201
0.9999894664410557
0.9999901526897198
0.9999903558623366
0.9999898622265526
0.999989119399844
0.9999887898527083
0.99998920282301
0.999989874207659
0.9999900063263292
0.999989451372744
0.9999887860215637
0.999988526390746
0.999988965278006
0.9999896213101369
0.9999896496259996
0.9999890842137539
0.9999884230026967
0.9999882926148904
0.9999887966191076
0.9999893784244268
0.9999893745407711
0.9999887274026794
0.9999880918430677
0.9999880302182427
0.9999885806597731
0.9999891105549369
0.9999889910242316
0.9999883726719825
0.9999878085364924
0.9999878746966824
0.9999884863401427
0.9999889726376577
0.9999887453107
0.999988072368271
0.9999875339233145
0.9999876368003437
0.9999882649025671
0.9999886985932979
0.9999884262308082
0.9999877029164025
0.9999872645221721
0.9999874547109867
0.9999880750357876
0.9999884345244685
0.9999880657540388
0.9999873570402409
0.9999869407783256
0.9999872131829596
0.9999878532706131
0.9999880835170925
0.9999876673753538
0.9999869848420722
0.999986664702702
0.9999870146885389
0.999987602954069
0.9999877369465816
0.9999872255656264
0.9999865135405654
0.9999862713110304
0.9999866772368815
0.9999873313122041
0.9999874012444104
0.9999868865071834
0.9999862584091767
0.9999861029957213
0.9999865627333028
0.9999871174674307
0.9999871838012065
0.9999865994897028
0.9999859832560978
0.9999858945692651
0.999986390208362
0.9999868959810376
0.9999868609171382
0.9999863180924716
0.9999857331232592
0.9999857124479373
0.9999862694747222
0.9999867602771136
0.999986557099549
0.9999859541467464
0.9999854650671294
0.9999855378790766
0.9999860987578241
0.9999864955270023
0.9999862386262538
0.999985622461228
0.999985184303562
0.999985342461015
0.9999859388355298
0.9999862426636034
0.9999859631739861
0.999985359094179
0.9999849419376262
0.9999851847409894
0.9999857658188777
0.9999860136927516
0.9999856747995104
0.9999850690300989
0.9999847672250002
0.9999850277762509
0.9999855818112479
0.9999857255503204
0.9999853198019102
0.9999846785699169
0.9999844184775963
0.9999847429380861
0.9999852994942601
0.9999854100706664
0.9999849896195131
0.9999843977650845
0.999984185965365
0.9999846198872552
0.9999851630037458
0.9999852058373047
0.9999847410460098
0.9999841656644926
0.9999840464964572
0.9999844820946857
0.9999849650402091
0.9999849281914661
0.9999843912378229
0.9999838628065938
0.9999838110721812
0.9999842714805294
0.9999846940383221
0.9999845820018833
0.9999840542529606
0.999983540678199
0.999983557709609
0.99998404782564
0.9999844480471958
0.9999843280788523
0.999983747635426
0.999983303032697
0.9999833317900797
0.9999838127649349
0.9999841589266717
0.9999839557906015
0.9999833870342998
0.9999829142682667
0.9999830603694947
0.9999835656969649
0.9999838815210054
0.9999836282141817
0.9999830019940928
0.9999826195729015
0.999982850796697
0.9999833849373786
0.9999836297760689
0.9999832881560917
0.9999826521601161
0.9999823214956446
0.9999825762704168
0.9999831108286029
0.9999832797839302
0.9999828682959961
0.9999822642634016
0.9999820822842245
0.9999824081672883
0.9999828088821978
0.9999828550820489
0.9999824189417508
0.9999818372585213
0.9999817309564162
0.9999821027217956
0.999982512127514
0.9999825155104779
0.9999820517623603
0.9999815314015648
0.9999814857850127
0.9999819001411038
0.9999822860450078
0.999982193812105
0.9999817111940761
0.9999811972234127
0.9999812086154815
0.9999816384840027
0.9999819898680995
0.9999818785671626
0.9999813940426939
0.9999809499389987
0.9999809675380291
0.9999814446788099
0.9999817622710975
0.9999816408340609
0.9999810589809282
0.9999806673521351
0.9999808052799504
0.9999812602360937
0.9999815220677257
0.9999813288093444
0.999980777154554
0.9999804350523629
0.9999806522178457
0.9999811385273567
0.9999813074006159
0.9999810404142855
0.9999804832124759
0.9999802242865461
0.999980469854662
0.9999808946686612
0.9999810616106057
0.9999807181955959
0.9999801913691183
0.9999800239032263
0.9999803196414206
0.999980796678931
0.9999809001699078
0.9999805124746282
0.9999799805106727
0.9999797871586109
0.9999801326633204
0.9999805872268719
0.9999805939800354
0.999980179008472
0.9999796935235815
0.9999795481987827
0.9999799186401866
0.9999802538015155
0.9999802446172591
0.999979777334989
0.9999793231584377
0.9999792168155123
0.9999796566895341
0.9999800056804585
0.9999799518547567
0.9999794703234992
0.9999789986542519
0.9999789979078024
0.9999794229570984
0.9999796841756161
0.9999795547348566
0.9999790807186171
0.9999786910185132
0.9999787862172208
0.9999792673292239
0.9999795960687448
0.9999793883675823
0.9999788685247007
0.9999784866858734
0.9999786886659562
0.9999791524853107
0.9999793874773294
0.999979119965125
0.9999786002274281
0.9999782561480394
0.9999784206652143
0.9999788782997749
0.9999790530065025
0.999978834256975
0.9999782747337721
0.9999780417068018
0.9999782275418414
0.9999786159959917
0.9999787287874705
0.9999783969324127
0.9999779330278257
0.9999777128622397
0.9999779149820808
0.9999783380127086
0.9999783697069624
0.9999779944011661
0.9999774493527506
0.9999773098752293
0.9999776127584508
0.9999779736366723
0.9999779784007128
0.9999775633657356
0.9999771134109258
0.9999770654979842
0.999977404065534
0.9999777355070496
0.9999777161095351
0.9999773066157651
0.99997689550497
0.9999768461420451
0.9999771685284975
0.9999775113096966
0.9999774205219433
0.9999769741119257
0.9999765673561472
0.9999765674813507
0.999976884628882
0.9999771762652112
0.999977043409677
0.9999766148783402
0.9999762185888997
0.9999763120936116
0.9999766613364065
0.999976886986065
0.9999766870234259
0.9999762300232934
0.9999759384707237
0.999976059108478
0.9999764437118966
