0.9999997221326871
0.9999989691510511
0.9999980407991679
0.9999979621167682
0.9999983605227828
0.9999980847528651
0.9999971285285328
0.9999964950592004
0.9999967773246657
0.9999970436078858
0.9999964148921145
0.9999954176069952
0.9999952611206332
0.9999956696395622
0.9999954704658007
0.9999945546785095
0.9999937980501848
0.9999939925408607
0.9999942797640965
0.9999936523883248
0.999992728226428
0.999992444751421
0.9999929332006732
0.9999928656682718
0.9999920184206558
0.999991238067149
0.999991320379375
0.9999916897371073
0.9999911853062393
0.9999902669731925
0.9999899418799142
0.9999904164931391
0.9999904527807598
0.9999896106016771
0.999988819103635
0.9999889302485506
0.9999893129956683
0.9999888105106601
0.9999878010226728
0.9999872989801089
0.9999876968298167
0.9999877355860478
0.9999868690713103
0.9999860480487444
0.9999859326881603
0.9999861925158713
0.999985689580865
0.9999847041076998
0.9999842201350806
0.9999846635217191
0.999984802343689
0.9999840431904443
0.9999830887872637
0.9999829963045113
0.9999833594966696
0.9999828757247992
0.9999819209192499
0.9999814450374729
0.9999816685203324
0.9999817711976043
0.9999809635949837
0.999980021745861
0.9999797437683368
0.9999801585079103
0.9999799032644674
0.9999788943372662
0.9999782757707742
0.999978453015839
0.9999786105384564
0.9999780044970086
0.9999770273151609
0.9999767875206842
0.9999770492274779
0.9999768403473374
0.9999758837642887
0.9999751077589608
0.999975169390201
0.9999754841916019
0.9999747663801972
0.9999739913353917
0.9999736696699355
0.9999739925184872
0.999973905443407
0.99997300674478
0.9999724140912917
0.9999724457200976
0.9999727930780649
0.9999723952987214
0.9999715908903424
0.9999710378711463
0.9999713452013125
0.9999713327059228
0.9999706108852267
0.9999697363261915
0.999969655517491
0.9999700410174311
0.9999698168792487
0.9999688861682868
0.9999683777400471
0.9999687175777845
0.9999687750405535
0.9999681744642365
0.9999673924164285
0.9999672852140772
0.9999674839073891
0.9999671709821664
0.9999662142603413
0.9999654001806914
0.9999656960749947
0.9999657811386368
0.9999651740430227
0.9999643186247213
0.9999641631402985
0.9999645268360647
0.9999643554310655
0.999963748119688
0.9999629332239963
0.9999630756678674
0.9999633367869845
0.999962821846304
0.9999620501907199
0.9999618438042227
0.9999622084000558
0.9999620741692206
0.9999613125234809
0.9999603971462538
0.9999604300139537
0.9999606224770898
0.9999603559945993
0.9999595955084669
0.9999592817970007
0.9999592749865723
0.9999590984897346
0.9999583469146861
0.9999575465908913
0.9999576940718695
0.9999579663458202
0.9999575175874824
0.999956802761093
0.9999561373045429
0.9999561854562942
0.9999561925931383
0.9999555551780995
0.9999548788852014
0.9999544500263279
0.9999548197068223
0.9999543758816583
0.9999536811667801
0.9999532493508119
0.999953515697673
0.9999534487944117
0.9999525713821348
0.9999519200424769
0.9999518222523907
0.9999518008189033
0.9999511746589215
0.9999506589999194
0.9999499995699889
0.9999501743329905
0.9999503885925013
0.9999498029596704
0.9999489628054586
0.9999487200234417
0.9999489885979854
0.9999485648033732
0.9999477251288194
0.9999473158388555
0.9999476340133218
0.999947854899987
0.999947379029597
0.9999465198219134
0.9999461633324603
0.999946479384249
0.9999463675592611
0.9999455136906654
0.9999448364539383
0.9999447086547387
0.9999449212562603
0.9999442751266081
0.9999432723041997
0.9999428931429989
0.9999431068928923
0.9999431426600026
0.9999425286776692
0.999941695055926
0.999941533458174
0.9999416579805236
0.9999412344564232
0.999940403530476
0.9999398968298516
0.9999399184161629
0.999940134670859
0.9999396047972696
0.9999389410006976
0.9999386509849408
0.9999388410034393
0.999938325716703
0.9999375336507386
0.9999371503717831
0.9999373323025201
0.9999370633026292
0.9999364579019531
0.9999354921079769
0.9999353144337679
0.9999356111415513
0.9999355777345433
0.9999345673936161
0.9999338730923585
0.999934111548968
0.9999340255004483
0.9999333308141536
0.999932485443588
0.9999323261976503
0.9999326308478272
0.9999325754178199
0.9999316944807198
0.999931049666412
0.9999311782495558
0.9999312612229962
0.9999307552923847
0.9999298403395702
0.9999294207130307
0.9999296445148911
0.9999294472963537
0.9999286179089072
0.999927839942561
0.9999277585093954
0.9999278845378077
0.9999275869878783
0.9999266926183968
0.9999264389786402
0.9999265888295404
0.9999265779639849
0.9999259811006825
0.9999251032116608
0.9999250264668351
0.9999251669634313
0.9999245678406739
0.9999237226818976
0.999923265061066
0.9999232364523073
0.9999230939780158
0.9999223494148215
0.9999214947003401
0.9999213757680693
0.9999214849156358
0.9999210331364492
0.9999203256361443
0.9999198845565402
0.9999198174643096
0.9999198997985952
0.9999193492130448
0.9999184626357751
0.9999182081380853
0.9999184157456434
0.9999182908013221
0.9999176706074903
0.999916921209348
0.9999167249023941
0.9999167047199763
0.9999160280332146
0.9999149728481967
0.9999148066426035
0.999915119097667
0.999914782211771
0.999913764902139
0.9999130909517115
0.9999134726576502
0.999913651954039
0.9999129726377322
0.9999120865653981
0.999912081393146
0.9999124485779863
0.9999124358934792
0.9999116668279051
0.9999111698850751
0.9999110611212872
0.9999112787121982
0.999910850674796
0.9999102343745102
0.9999097871574235
0.9999099101657616
0.9999099335794259
0.999909301140468
0.9999087622683267
0.9999086922632828
0.9999087718255144
0.9999082850596817
0.9999076262646267
0.9999072082757186
0.999907424452455
0.9999075119995215
0.9999070279906482
0.9999062518014494
0.9999060040514278
0.9999060608709509
0.9999057656041602
0.9999049891421451
0.9999047389172785
0.999904907593951
0.9999049357476394
0.9999045850979759
0.9999038626115241
0.9999035583929273
0.9999040281571147
0.9999034815098325
0.9999029243755033
0.9999024806534729
0.9999025480484338
0.9999028983262122
0.9999024183153137
0.9999019452969841
0.9999016522790231
0.9999016351181238
0.999901319269151
0.9999005589701432
0.9998998521564451
0.9998999531965046
0.9998999532829056
0.9998996060004999
0.9998987575783982
0.9998986549847774
0.9998989148433726
0.9998988045554283
0.999898106839179
0.9998974926034986
0.9998976233752042
0.9998976596043863
0.9998970056044382
0.9998961920159456
0.9998957607973268
0.9998958734081025
0.9998955341226918
0.9998949737430686
0.999894113683667
0.9998940273073716
0.9998944371234821
0.9998942006051033
0.9998935761301738
0.9998932665002824
0.9998936429809083
0.9998936076439082
0.999893161081785
0.9998926921572874
0.999892657998002
0.9998925733398918
0.9998920913431475
0.9998912623173863
0.9998908009207769
0.9998907723757626
0.9998907568860862
0.9998901894469945
0.9998892796388631
0.9998894318339673
0.9998895391733229
0.999889277935857
0.9998882084080449
0.9998879196108027
0.9998879473841451
0.9998875853600412
0.9998867517850383
0.9998862663557817
0.9998860603901795
0.9998860270384644
0.9998859440684
0.9998852550507458
0.9998846895115024
0.9998848459374555
0.9998848029025549
0.9998842492977651
0.9998834885043039
0.9998832692136046
0.9998834828454691
0.9998832137302709
0.9998825268188806
0.9998820315872562
0.999881755217786
0.9998817031985309
0.9998810549498421
0.9998802257657551
0.999879763863002
0.9998799765245427
0.9998797383097142
0.9998791138384003
0.9998784319889111
0.9998784943384842
0.9998786110986907
0.9998784005282043
0.9998777573109472
0.9998774384833607
0.9998775740476046
0.9998773078422956
0.9998767874297109
0.9998760150891131
0.9998759617505888
0.9998762450011923
0.9998758440718056
0.9998754205937753
0.9998750381673946
0.9998753857878403
0.9998755266795609
0.9998748402936172
0.9998740691384811
0.999873570087655
0.9998736312612055
0.9998732851042142
0.9998724194568736
0.9998715459322739
0.9998709894782664
0.9998710449236223
0.9998705658487248
0.9998701277731816
0.999869572494763
0.9998699400935828
0.9998699782216215
0.999869672709273
0.9998690260206176
0.9998687958461387
0.9998686832400921
0.9998681649954788
0.9998672833280049
0.9998671182480755
0.9998674401791001
0.9998674210707148
0.9998668197492508
0.99986617307997
0.9998661295965042
0.9998662103294332
0.9998654803856722
0.9998652293089751
0.999865122871602
0.999864987231303
0.9998648665716608
0.9998642438537143
0.9998637165694272
0.9998639141076082
0.9998636359406781
0.9998629538991506
0.9998619339539717
0.9998612765686312
0.9998615226056796
0.9998616224032801
0.9998608273395387
0.9998602817532014
0.9998601486584614
0.9998602398957694
0.9998599870912143
0.9998593156618506
0.9998590935485988
0.9998592285583201
0.9998594793852794
0.9998588105580757
0.9998579326616799
0.9998575528227596
0.9998577546636626
0.9998573708457463
0.9998567002255109
0.9998564774631891
0.9998564934373378
0.9998565106610943
0.9998555553154105
0.9998547504563009
0.9998547311619242
0.9998551565224407
0.9998548818454767
0.9998546961450485
0.9998547678789571
0.9998547720284402
0.9998547993390434
0.9998543980038104
0.9998541722939092
0.9998536225416329
0.9998536027273177
0.9998532278956633
0.999852617747661
0.9998523299915977
0.9998521824517499
0.9998524616634383
0.9998519966572764
0.9998514239443681
0.9998511465313327
0.9998511027190867
0.9998507525340686
0.9998500776630448
0.9998488964889953
0.9998488032426937
0.999848604497249
0.9998484402672081
0.9998483284741602
0.9998478845268812
0.9998480165641804
0.9998477884965534
0.9998471586173776
0.9998462246577358
0.999845925735694
0.9998459723665941
0.99984574976776
0.9998454001568813
0.9998451396266556
0.9998450367605192
