0.9999999474428554
0.9999829665496046
0.9999661023148573
0.99995225579657
0.9999364789073429
0.9999191526104523
0.999903834453931
0.9998872687457954
0.9998710536302351
0.9998535453828792
0.9998369015744706
0.9998198819968408
0.9998020318304409
0.9997863038207576
0.9997684315626346
0.9997499005560887
0.9997331177031062
0.9997210482165027
0.9997027225401016
0.9996858992760711
0.9996668659211033
0.9996511625773722
0.9996352918953754
0.9996186401109773
0.9996029728612728
0.999586608710797
0.9995689575829981
0.9995531677053588
0.9995337122776526
0.9995152219249016
0.9994984507370157
0.9994845348009359
0.9994667640274225
0.9994523721136828
0.9994333013700941
0.9994182257239786
0.9994003218329354
0.9993839924903828
0.999366166111162
0.9993500372565541
0.9993366526120425
0.999320776335743
0.9993075506643475
0.9992929412804962
0.9992742156947011
0.9992587768153837
0.9992428598719418
0.9992260674948452
0.999207213920003
0.9991909971737304
0.9991745436960924
0.9991560910732578
0.9991381284073718
0.999123637664872
0.9991054519736761
0.9990815604926546
0.9990646479136017
0.9990470817502302
0.9990271100246653
0.9990131710851636
0.9989966359056918
0.9989801798769341
0.9989647186995899
0.9989431808094033
0.9989325878377416
0.9989134106974088
0.9989030839419789
0.9988860007124188
0.9988675799059894
0.9988528183112866
0.9988250572322397
0.9988132502375495
0.9987934284762069
0.998774527840239
0.9987606232526726
0.9987435460849039
0.9987320704743656
0.9987245092108372
0.998703907941374
0.9986911757190322
0.9986767483608795
0.9986586559320975
0.9986300560011105
0.9986090662208702
0.9985895270808001
0.9985723859376983
0.9985649737331073
0.9985538544826722
0.9985383143516813
0.998519990589559
0.9985078202420754
0.9984970922295977
0.9984801760096681
0.9984659428989077
0.998442359436589
0.9984211969099519
0.9984107297127741
0.9983925768886612
0.9983771611063982
0.998359897859793
0.998337220567156
0.9983153678738891
0.9983053348880213
0.9982933642628676
0.9982886094419334
0.9982709126178365
0.9982516046740237
0.9982376108360451
0.9982178743797597
0.9982044501374105
0.9981852892703867
0.9981635896342641
0.9981516582779751
0.9981339214596444
0.9981147459773765
0.9981004730312177
0.9980824416276249
0.9980779527649204
0.9980694381713483
0.998051218212296
0.9980284445972564
0.998013322645457
0.9979972276068951
0.9979832782854573
0.9979697353273289
0.9979527118795528
0.9979369755409879
0.9979237082001937
0.9979053480489225
0.9978770203582115
0.9978563890351825
0.9978344185755881
0.9978185586036882
0.9978000140419049
0.9977801313415939
0.9977632647920257
0.9977512349903332
0.9977297453486884
0.9977228887341154
0.997704862903594
0.9976942134093838
0.9976846567025451
0.9976798206051495
0.9976653127216483
0.9976453189172461
0.9976212211062594
0.9975997282265396
0.9975697537717051
0.9975574425374768
0.9975412677971662
0.9975368877711978
0.9975223111259114
0.9975112615580712
0.9974921056619421
0.9974840903310456
0.9974649532805938
0.9974460085110733
0.9974268944382032
0.9974108446535884
0.9973932515725982
0.9973800651382297
0.997364385285513
0.9973642410366317
0.9973475180181877
0.997338905170436
0.9973268058002454
0.9973067987299211
0.9972960329055774
0.9972791939700014
0.9972571107127876
0.9972420268189292
0.9972226355747611
0.9971998618558843
0.9971741202656693
0.99716624583304
0.9971544798437054
0.9971381629207031
0.9971246514410466
0.9971133067868593
0.9971073055643316
0.9970982593678192
0.9970775503389534
0.9970634508535646
0.9970512319747623
0.9970356592351675
0.9970073899920092
0.9969878475169565
0.9969842557799955
0.9969626812356632
0.9969549389803581
0.9969361536411854
0.9969082334588327
0.996891231123278
0.9968860401784131
0.99687943353319
0.9968563409512479
0.9968334452843669
0.9968234710096278
0.9968052869572939
0.9967868539265125
0.9967607847862529
0.9967361668371114
0.9967232116983343
0.9967141870872311
0.9967027154306369
0.9966727352442016
0.9966561958048196
0.9966416490985734
0.99661713447111
0.9966033781346206
0.9966016593953437
0.9965856598990889
0.9965682946697016
0.9965510603347669
0.9965332490429277
0.9965026149257097
0.9964685530556057
0.9964534874137835
0.9964483574452433
0.9964398276026546
0.9964452453834778
0.9964332383797533
0.9964308591160883
0.9964025324793652
0.9963884934334071
0.9963668278373504
0.9963444266941952
0.9963243558356439
0.9963108887653732
0.9962872644112744
0.996265846845072
0.9962434663431399
0.9962162192432629
0.9961874758609002
0.996176200228705
0.9961591697946952
0.9961478342993734
0.9961351010158529
0.9961243875177818
0.9961063224082869
0.9960920953660306
0.9960871776293523
0.9960616011990812
0.996056096172147
0.9960362684515663
0.9960228198684468
0.9960174252338942
0.996002647095236
0.9959838012605862
0.9959661970249623
0.9959389022714658
0.9959291027763024
0.9959131919870753
0.9958981019813472
0.9958898473436935
0.9958829400097929
0.995857826850559
0.9958487293723185
0.9958198236013709
0.9958077817123868
0.9957993278543139
0.995784848290411
0.9957658857497973
0.9957654138727877
0.9957586636094963
0.9957462102164653
0.9957283999917516
0.9957175692722475
0.9957045936536698
0.9956896510466976
0.9956735644715556
0.9956699601999021
0.9956526965817684
0.9956463469913468
0.9956172422802744
0.9955896361402492
0.9955775648728424
0.9955715781169399
0.9955570232635367
0.9955427708224847
0.9955133121976555
0.9954979524851
0.9954850501935678
0.9954635154715231
0.995443763621516
0.9954175291550801
0.9954052878658283
0.9953940691804984
0.9953875222899713
0.9953768431770961
0.9953619271429853
0.9953360947078665
0.9953067063889127
0.9953009194451568
0.9952905919447638
0.9952745712877138
0.9952453037739274
0.9952320946931086
0.9952018905346056
0.9952019554844158
0.9951886645178956
0.9951674840570285
0.9951536476956093
0.9951304643753699
0.9951119422956162
0.9950976331961954
0.9950923779764276
0.995063851969667
0.9950497478198367
0.9950209790465239
0.9950013427744876
0.9949746361210438
0.9949571857724292
0.994932809658784
0.9949275549575006
0.9949163216120936
0.9949021397134713
0.9948978904125454
0.9948789448373674
0.9948655493319957
0.994847045396159
0.9948405102201142
0.9948218705903382
0.9948038747228272
0.9947831711751256
0.9947552944228504
0.9947472592595035
0.9947291461784724
0.9947052049519073
0.994700386523403
0.9946977704448979
0.9946824821011121
0.994667564877552
0.9946430221066995
0.9946320714100175
0.994611472037849
0.9945852324339938
0.9945600034725696
0.9945276510909394
0.9945158119392571
0.9945057882555258
0.9945053910612885
0.9944928172198639
0.9944924760112934
0.9944729780228098
0.9944580826053091
0.9944434944780136
0.9944375671228018
0.9944147244843177
0.9944036404186044
0.9944011704813567
0.9943791617134492
0.9943672315462648
0.9943546181601028
0.9943320288289834
0.9943079663326005
0.9943016613027341
0.9942737752659454
0.9942600419357823
0.9942351889856686
0.9942102299303465
0.9942044313988336
0.9941849092479703
0.9941624468456237
0.994143632990307
0.9941247106423831
0.9941061586605668
0.994099086624775
0.994070547477363
0.994063363461619
0.994038048302295
0.9940082129414487
0.9939935662174159
0.9939747873526438
0.993952083840994
0.9939555195333981
0.9939433066514389
0.9939132199177909
0.9938875096540672
0.9938659600981056
0.9938511556128613
0.9938183199146254
0.9937870462468376
0.9937726009834611
0.9937450413814457
0.9937455345392162
0.9937221117041448
0.993708109525595
0.9937156942474513
0.99369789224665
0.9936885231852332
0.9936734967942813
0.9936663327293737
0.9936597270316665
0.9936351835309143
0.9936111773519554
0.9935894433650777
0.9935740011330914
0.9935581745073476
0.9935420379498756
0.9935362294860448
0.993509124890863
0.9935067924810763
0.9934888133169035
0.9934724571246539
0.9934544224863505
0.9934384138828984
0.9934212911748094
0.9934064812956037
0.9934028450822097
0.9933794851243721
0.9933702220782031
0.993365704669697
0.9933524178797946
0.9933535333678414
0.9933487154212638
0.9933310228712978
0.9933107593108855
0.9932990750667038
0.9932817698973186
0.9932674296409899
0.993255671482143
0.9932417075275297
0.9932337531999629
0.9932147017356278
0.9932035061056128
0.9931819150770018
0.9931803838013615
0.9931730460710849
0.9931592767603267
0.993145411397323
0.9931519500969648
0.9931336976792486
0.9931260848996559
0.9931060276320245
0.9930868486072321
0.993079161185703
0.9930740198159683
0.9930578303281226
0.9930305869756416
0.9930136136900739
0.9929784721369364
0.9929273985925489
0.9928847539496406
0.992865267341707
0.9928323381794074
0.9928262232050178
0.9928099867487441
0.9927981407653412
0.9927856357851442
0.9927671821173997
0.9927493848628333
0.9927405627522278
0.9927326913684895
0.9927157605519074
0.9927038031236415
0.9926857359870118
0.9926522455711717
0.9926415075127696
0.9926319584332222
0.992625656740061
0.9926065692923708
0.992586814054249
0.9925603983266267
0.9925461645505416
0.9925110449294384
0.9924827771805278
0.9924685515963898
0.9924410477441902
0.9924410091658191
0.9924296607321197
0.9924243397229312
0.9923943313607143
0.9923849198137003
0.9923545264985367
0.9923414518406689
0.9923083365718409
0.9923265007414047
0.9922981655939302
0.9922638068106592
0.9922340701774143
0.992210183844565
0.9921893407101509
0.9921624198636331
0.9921357107972746
0.9921149187946963
0.992089179983857
0.9920728994192903
0.9920712962631824
0.9920688033352677
0.9920453470536168
0.9920381580840391
0.9920280511314911
0.9920138931532783
0.9920028313136853
0.9920018114471317
0.9919987791192951
0.9919727250497553
0.9919476218218478
0.9919322659004693
