0.9999999370438177
0.999999641541713
0.9999998181998806
0.9999995666384643
0.9999996719941464
0.9999995208017949
0.9999995070663324
0.999999473277565
0.9999993449648104
0.9999994244418587
0.9999991840860512
0.9999993585170556
0.9999990614700344
0.9999992617996919
0.999998982582676
0.9999991354394304
0.9999989086812067
0.9999989952552127
0.9999988770913953
0.9999988300352834
0.9999988188219516
0.9999986626977867
0.9999987667919804
0.9999985183399913
0.9999986896619345
0.9999984115902288
0.9999985972522014
0.9999983183649136
0.9999984493126199
0.9999982435994967
0.9999982951301326
0.9999981979163157
0.999998120841148
0.9999981494213174
0.9999979658637304
0.9999980826802867
0.9999978298228035
0.9999980097994471
0.9999977360725455
0.9999979048418854
0.9999976438746527
0.999997755155928
0.9999975957956019
0.9999976004829151
0.9999975220781311
0.9999974224348429
0.9999974619923355
0.9999972436423145
0.9999973815762787
0.9999971041857287
0.9999972767915173
0.9999969988961279
0.9999971741567556
0.9999969571332934
0.9999970529925769
0.9999969235465904
0.9999969076386233
0.9999968655344047
0.9999967337151984
0.9999968169574359
0.9999966008296625
0.9999967700865611
0.9999965067129687
0.999996680564709
0.9999964226483672
0.9999965618570772
0.9999963445872684
0.9999964034891936
0.99999628643224
0.999996222555956
0.9999962124541593
0.9999960566102437
0.9999961586154781
0.9999959157948682
0.9999960737093218
0.9999958136151198
0.9999959904068108
0.9999957361400295
0.9999958586109725
0.9999956834587039
0.999995725648955
0.9999956424298598
0.9999955732620521
0.9999956037356792
0.9999954208225792
0.9999955291895976
0.9999952856927742
0.9999954457744669
0.9999952082568343
0.9999953580731042
0.9999951112216977
0.9999952018965735
0.9999950438427535
0.9999950838387186
0.9999950429381724
0.9999949481179831
0.9999949755970841
0.9999947876901226
0.9999949063646397
0.9999946459127815
0.9999947843924195
0.9999945311439292
0.9999946785125878
0.9999944385482917
0.9999944974576621
0.9999943751265092
0.9999943714703651
0.9999943289789068
0.999994160855211
0.9999942354156282
0.9999940147963698
0.9999941657018935
0.9999939381242721
0.9999940934955248
0.999993846810628
0.9999939640160096
0.9999937959033111
0.9999938260646276
0.9999937022630215
0.9999936459310038
0.9999936594515779
0.9999935497715531
0.9999936254193383
0.9999933942715085
0.9999935362688707
0.9999932703472707
0.9999934293553859
0.9999932099925859
0.999993289868501
0.9999931115770332
0.999993152325286
0.9999931143842435
0.999993040574353
0.9999930600518462
0.9999928964350474
0.9999930019283868
0.9999927560888074
0.9999929176733999
0.9999926527444207
0.9999927921323492
0.9999925999165848
0.9999926717234395
0.999992512530404
0.9999925205977307
0.9999924798304943
0.9999923882254106
0.9999924619874685
0.9999923326443315
0.9999924725242744
0.999992211270887
0.9999923801754681
0.9999921321801989
0.9999923024705387
0.9999921125542023
0.9999921696032946
0.9999920394607776
0.999992018540925
0.9999919774299035
0.9999918910135235
0.999991932193864
0.9999917455077137
0.999991842318661
0.9999915912228947
0.9999917327744041
0.9999915081814494
0.9999916121096053
0.999991434409144
0.9999914844468
0.9999914035259388
0.9999913436285318
0.9999913403321116
0.9999912144630418
0.9999912739585466
0.9999910890922745
0.9999911960699948
0.9999909323274039
0.9999910886418448
0.9999908811567165
0.9999909583132139
0.9999907715348574
0.9999907931939416
0.9999907395261468
0.9999906606349476
0.9999906468390188
0.999990497506259
0.9999905799942621
0.9999903743707611
0.9999905089521839
0.9999902955466685
0.9999904339428217
0.9999902641803873
0.999990340259524
0.9999902016554854
0.99999023151581
0.9999901636658424
0.9999900671146265
0.9999900664310329
0.9999899316641897
0.9999900459111365
0.9999898335751999
0.999989934765998
0.9999897318313504
0.9999898275160912
0.9999896513215205
0.9999896890848357
0.9999896060249986
0.9999895519855548
0.9999895162659538
0.9999893929518744
0.999989487945738
0.999989309201002
0.9999894091862782
0.9999891990820352
0.9999892782895868
0.9999890450567152
0.9999891230869019
0.9999889721716886
0.9999889993452419
0.9999889277777836
0.9999888868590481
0.9999888535541304
0.999988730761897
0.9999887570038053
0.999988567411522
0.9999886762808583
0.9999884801994517
0.9999885837384367
0.9999884037329564
0.9999884215894443
0.9999882759211464
0.9999883029884441
0.9999882149773296
0.9999881924669137
0.9999882005955828
0.9999880511060006
0.9999880978176673
0.9999878985519053
0.9999880068091336
0.9999878391700655
0.9999879603394349
0.9999877207370589
0.9999877753988469
0.9999876283168518
0.9999876369128337
0.9999875565564468
0.9999874845097179
0.9999874874689685
0.9999873672581662
0.9999874451357755
0.9999872537198125
0.9999873816010829
0.999987174630188
0.9999872516146444
0.9999870734696821
0.9999870946305126
0.9999869670156069
0.9999869124519928
0.9999869220919338
0.999986816848298
0.9999868946033624
0.9999867418434485
0.9999868398436639
0.9999866420912767
0.9999867051823819
0.9999865016741548
0.9999866044878813
0.999986464425141
0.9999864698827099
0.9999863361938129
0.9999863562697286
0.999986318593659
0.9999862453819428
0.999986319286505
0.9999861336941058
0.9999862035223536
0.9999859872906667
0.9999860805857381
0.9999858788617244
0.9999859336056645
0.9999858164696671
0.9999858200470498
0.9999857362554225
0.9999856280863875
0.9999856268374966
0.9999854855001606
0.999985562263324
0.999985361547051
0.9999854719202038
0.9999853144565646
0.9999853742460146
0.9999852018640356
0.9999852242671553
0.999985072314608
0.9999850654444632
0.9999849985119122
0.9999849112370583
0.9999849308161072
0.9999848071270352
0.9999848442651383
0.9999846853903371
0.9999847751653165
0.9999845970664443
0.9999846337049316
0.9999845196611338
0.9999845705734792
0.999984510476945
0.99998448869029
0.9999844218213528
0.9999843123415538
0.9999843752531477
0.9999842231789456
0.9999843045464039
0.9999840900281984
0.9999841918116055
0.9999840424782065
0.9999840901296181
0.9999840058979296
0.9999840178978847
0.9999839492136542
0.9999838974557475
0.9999839040855099
0.9999837445285994
0.9999837713638718
0.9999836097251614
0.9999837008058889
0.9999835530610934
0.9999836280235667
0.9999834584496083
0.9999835475037963
0.9999834177227651
0.9999833962440341
0.9999833630891898
0.9999833090563077
0.9999833824752272
0.9999832908361245
0.999983343306184
0.99998318498939
0.9999832417217133
0.9999830425550538
0.9999830925223039
0.9999829589993228
0.9999829794079703
0.9999828710093921
0.999982839079905
0.9999827149034822
0.9999826499172548
0.9999826672951326
0.9999825081319992
0.9999825531427879
0.9999823725949566
0.9999824381870963
0.9999822896127409
0.9999823738426783
0.9999822423324666
0.9999822611309672
0.9999822402462191
0.999982221839771
0.9999821636052165
0.9999820772538655
0.999982097164081
0.999981919767825
0.9999820187514482
0.9999818639690434
0.9999819116033175
0.9999817016611415
0.9999817424748604
0.9999816303854118
0.9999816520030053
0.9999815896867085
0.9999815542614628
0.9999815080445617
0.9999814344321685
0.9999814959442973
0.9999813222827295
0.9999813766026849
0.9999812287841494
0.9999813104852583
0.999981136611977
0.999981180749353
0.9999810726736493
0.9999810098160415
0.9999809179755066
0.9999808073545042
0.9999807616500762
0.9999806599458438
0.9999807395701943
0.9999805679408027
0.9999806464946983
0.9999805231538891
0.9999805815077163
0.9999804061244858
0.9999803909509112
0.9999803233559899
0.9999802815187091
0.9999801880724145
0.9999801224366744
0.9999800766395129
0.9999798931247604
0.9999799112007551
0.999979713075662
0.9999798247356979
0.9999796863621105
0.9999797540471698
0.9999796250864191
0.999979635558797
0.999979587995566
0.9999795383948534
0.9999795303970241
0.9999793948813233
0.9999793763813764
0.9999792046016834
0.9999793427539302
0.9999791495777112
0.9999791982726853
0.9999790360697202
0.9999790974552242
0.999978935728031
0.9999789208623555
0.9999788421426157
0.9999787690232745
0.9999787929765508
0.9999787196504332
0.9999787982038109
0.9999786499198371
0.9999787438524195
0.9999785773916396
0.9999786197283058
0.9999784611812415
0.9999784801355917
0.9999783438362613
0.9999783295216385
0.9999781828688574
0.9999780668608097
0.9999781239015609
0.9999780163797415
0.9999780728302887
0.9999779194752069
0.999977996119399
0.9999778731535671
0.9999778937134802
0.9999777192820083
0.9999777602548019
0.9999776772774692
0.9999776391837127
0.999977578352849
0.999977469854219
0.9999774713546928
0.9999773901241606
0.9999774141763346
0.9999772804214795
0.9999773183132238
0.9999771631932652
0.9999772640553104
0.9999771310814427
0.9999771906568886
0.9999771084020161
0.9999771174913445
0.9999770967479925
0.999977003795594
0.9999770420681258
0.9999769250873465
0.9999769083440443
0.9999767487893476
0.9999768159698866
0.9999766207332214
0.9999766365339885
0.9999765362597665
0.9999765568424267
0.9999764301216256
0.9999764043237047
0.9999763906099022
0.9999762551247539
0.9999762757568493
0.9999761500610492
0.9999762015141784
0.9999760953335426
0.9999761581071862
0.9999759909053821
0.9999760231531953
0.9999759296008395
0.9999759249450962
0.9999758654008518
0.999975827554648
0.9999758503392366
0.9999757688622694
0.9999758320977509
0.9999757084393096
0.9999757254980339
0.9999755080518724
0.9999755868739598
0.9999753974314125
0.9999754718153909
0.9999754131480847
0.9999753782852342
0.9999753414043782
0.9999752478422224
0.9999752576196942
0.9999751578452667
0.9999751706854839
0.9999750515088608
