0.9999999196215704
0.9999995946015866
0.9999997670038971
0.9999996883201124
0.9999995510289441
0.9999997710456809
0.9999994418522369
0.9999996749147919
0.9999995051903646
0.9999994623296795
0.9999996147933389
0.9999993089165915
0.9999995679355712
0.9999993219365196
0.9999993654691998
0.9999994351464303
0.9999991793985176
0.9999994452289488
0.999999141138465
0.9999992670524953
0.9999992394722254
0.9999990617662616
0.9999992962692744
0.9999989894073069
0.9999991701831299
0.9999990542220797
0.9999989578921349
0.9999991451484722
0.9999988313356521
0.9999990629158444
0.999998863742984
0.9999988593389474
0.9999989775535097
0.9999987014728664
0.9999989499710261
0.999998691571276
0.9999987635107702
0.9999987941054901
0.9999985780786367
0.9999988278027087
0.9999985255982535
0.999998682605178
0.9999986170517396
0.999998471955356
0.9999986761225242
0.9999983705726745
0.9999985678802947
0.999998424768514
0.9999983653107517
0.9999985314721528
0.999998238304626
0.9999984647119008
0.9999982391548264
0.9999982621749445
0.9999983502346724
0.9999981028187419
0.9999983422297869
0.9999980608994976
0.9999981719740234
0.9999981542748859
0.9999979720266768
0.9999981922072337
0.999997909957513
0.9999980741849367
0.9999979780266848
0.9999978627955064
0.9999980544771051
0.9999977650876272
0.999997985251947
0.9999978073487654
0.9999977897656214
0.9999979134370381
0.999997638249666
0.9999978746732363
0.9999976337536235
0.9999976986116992
0.9999977362462196
0.9999975062398121
0.9999977301154898
0.9999974393500253
0.9999975667699983
0.999997520452806
0.9999973468876209
0.9999975540248263
0.9999972405826104
0.9999974411558108
0.9999973107088775
0.9999972374938455
0.9999974022744847
0.9999971146913094
0.9999973427713158
0.9999971487627545
0.9999971704292747
0.999997241219205
0.9999969895653363
0.9999972280000926
0.9999969780648048
0.9999970646359027
0.9999970661867916
0.99999687519342
0.9999970928191767
0.999996799342926
0.9999969381717567
0.9999968679727742
0.9999967454132458
0.9999969293656618
0.9999966463280711
0.9999968298841361
0.9999966707403097
0.9999966218393204
0.9999967570305827
0.999996498105002
0.9999967208945999
0.9999964943730947
0.9999965271756469
0.9999965670554036
0.9999963375418369
0.999996565023253
0.9999962894178063
0.9999963923850889
0.9999963749710881
0.9999962244472536
0.999996439799656
0.9999961578468582
0.9999963209028697
0.9999962150271239
0.9999961121397533
0.9999962772463296
0.9999960019677505
0.9999962087917093
0.9999960288258616
0.9999960383716298
0.9999961476846686
0.9999958979942005
0.9999961246094816
0.999995874481429
0.9999959577514148
0.9999959867056097
0.9999958184559967
0.9999960505367693
0.9999957983810985
0.9999959364420111
0.9999958682482212
0.9999957506161006
0.9999959559051248
0.9999956779330105
0.9999958513646158
0.9999957181100879
0.9999956637063444
0.9999957893944623
0.9999955249531374
0.9999957202083276
0.9999955070706927
0.9999955215377331
0.9999955832235038
0.999995359317462
0.9999955802223727
0.9999953191284623
0.9999954093454281
0.9999953836240041
0.9999952188357242
0.9999953986753455
0.9999951248843904
0.9999952726882082
0.9999951773330612
0.9999951025482346
0.9999952656240259
0.9999949686145811
0.9999951748512831
0.9999950236118879
0.9999949999553356
0.9999951220586363
0.9999948802526157
0.9999950869547849
0.9999948851025422
0.9999949402268868
0.999994974126552
0.9999947737289298
0.9999949907519543
0.9999947286888353
0.999994841266766
0.9999947894203742
0.9999946529073188
0.9999948326102605
0.9999945757338574
0.9999947335859612
0.9999946206260322
0.9999945504812542
0.9999946882699041
0.9999944465473756
0.9999946571464626
0.9999944803743609
0.9999945020195267
0.9999945703716293
0.9999943361317464
0.9999945118642328
0.9999942940785317
0.9999943515786118
0.9999943579741266
0.9999941704123259
0.9999943566252626
0.9999941064585225
0.9999942553637068
0.999994167088868
0.9999940711079872
0.9999942028179414
0.9999939448533657
0.9999941158786867
0.9999939749887622
0.9999939426687482
0.9999940487260451
0.9999938013229199
0.9999939951438384
0.9999937913830002
0.9999938159103041
0.9999938548910597
0.9999936663714103
0.9999938628596184
0.9999936096864731
0.9999937141377047
0.9999936739307054
0.9999935342817503
0.9999936906127701
0.9999934527239661
0.9999935961288062
0.9999934645781493
0.9999933797070722
0.999993515287889
0.9999932608629294
0.9999934481231266
0.9999933030387599
0.9999933114742233
0.9999933860875794
0.9999931610402484
0.9999933898696656
0.9999931723287977
0.9999932721357168
0.9999932791791473
0.9999931141581256
0.9999932787053233
0.9999930360018494
0.9999931564616157
0.9999931011131643
0.9999929848429654
0.9999931582303814
0.9999929062069415
0.9999930754254005
0.9999929567041775
0.9999929131362999
0.9999930314866203
0.9999927854199023
0.9999929545761276
0.999992793795253
0.999992803617421
0.9999928590927338
0.9999926665442732
0.9999928759275747
0.9999926393480355
0.9999927111754892
0.9999927115274593
0.9999925543189088
0.9999927056944412
0.999992472995118
0.9999926076572456
0.9999924894648728
0.9999924155304049
0.9999925458055079
0.999992313118916
0.999992493950786
0.9999923429764553
0.9999923174052805
0.9999923906185154
0.9999921804475828
0.9999923661596068
0.9999921862662317
0.9999922070613569
0.9999922456302819
0.9999920710070599
0.9999922396150905
0.9999920196738235
0.999992131135971
0.9999920904416966
0.9999919604617041
0.9999920951793186
0.9999918581768376
0.9999919970360989
0.9999919026259724
0.9999918637517737
0.9999919779443801
0.999991768148947
0.9999919407472949
0.9999917818464704
0.999991807230359
0.9999918626499354
0.9999916645970286
0.9999918422513866
0.9999916527386015
0.9999917048676421
0.9999916760938158
0.9999915090083594
0.9999916641661422
0.9999914361487321
0.9999915391779638
0.9999914827565937
0.9999914204485834
0.9999915600234205
0.9999913192267135
0.9999914846157354
0.9999913753799414
0.9999913260531476
0.999991385939685
0.9999911949996131
0.9999913593115316
0.999991199006704
0.9999912205370496
0.9999912667799263
0.9999911275766102
0.9999912887290021
0.9999910604421864
0.9999911461946973
0.9999911282492651
0.999990978169134
0.999991111954252
0.9999908853521541
0.9999910037698105
0.9999909289634026
0.9999908367103072
0.9999909695307369
0.9999907447865323
0.99999091397618
0.9999907660959213
0.9999907628848238
0.9999908357124552
0.9999906179640952
0.9999907798446712
0.9999905871949404
0.9999906295342637
0.9999906395549213
0.9999904676599733
0.9999906365640936
0.9999904160120578
0.9999905004467529
0.999990458643933
0.9999903808100856
0.999990530706106
0.9999903106915046
0.9999904485358386
0.9999903370749786
0.9999903055346157
0.9999903955188623
0.9999901955606075
0.9999903560353053
0.9999901934086254
0.9999902006071304
0.9999902276412765
0.9999900574589717
0.9999901970120684
0.9999900037337137
0.999990091858726
0.9999900801294954
0.9999899418672127
0.9999900784280777
0.9999898480575167
0.9999899669184452
0.9999899006586099
0.9999898372139197
0.999989950296941
0.9999897511335705
0.9999898804470034
0.9999897542387755
0.9999897120912653
0.999989781309224
0.9999895633791859
0.9999897295937188
0.9999895618639701
0.9999896033985294
0.99998965448696
0.9999894798907
0.9999896593171761
0.9999894544080029
0.9999895463360285
0.9999895245485598
0.999989391023552
0.999989539035913
0.9999893277347516
0.999989432657667
0.9999893399716093
0.9999892513229452
0.9999893756886744
0.9999891586645109
0.9999893089777513
0.9999891717672724
0.9999891528001162
0.9999892074014111
0.9999890054403369
0.9999891618681023
0.9999890032529073
0.9999890439881556
0.999989051499179
0.9999889233462249
0.9999890817295076
0.9999888878424358
0.9999890095854252
0.9999889463043986
0.9999888460661799
0.9999889777210301
0.9999887804076553
0.9999889167769828
0.9999888080149215
0.999988751177774
0.999988830284566
0.9999886428622753
0.9999887995996745
0.9999886392556924
0.999988657135597
0.999988688814106
0.9999884872673324
0.9999886101143195
0.9999884338391651
0.9999885039881788
0.9999884861784445
0.9999883792300295
0.9999885160970419
0.9999883142896719
0.9999884130073494
0.9999883325417848
0.9999882413620835
0.9999883420386777
0.9999881380070894
0.9999882659148758
0.9999881643561396
0.9999881248558161
0.9999882089998973
0.9999880487160537
0.9999881952450166
0.9999880366253181
0.9999880571948453
0.9999880578995904
0.9999879412461226
0.9999880919707917
0.9999879065155778
0.999987993707465
0.9999879620981309
0.9999878391592762
0.9999879711356319
0.9999877522816597
0.9999878807677093
0.9999877686211428
0.999987704762983
0.9999878012502339
0.9999876285487318
0.9999877871599617
0.9999876503533379
0.9999876458496053
0.99998768845028
0.9999875294744708
0.9999876922692074
0.9999875106637554
0.999987547899012
0.9999875187756209
0.9999874169243385
0.9999875521322896
0.9999874055982102
0.9999874882771458
0.9999873852323627
0.9999872795650817
0.9999873929219477
0.9999872115824135
0.9999873565518866
0.9999872453632678
0.999987193686407
0.9999872385067626
0.9999870420050784
0.9999872003392735
0.9999870368535729
0.999987039050526
0.9999870380561293
0.9999868996912475
0.9999870711065539
0.9999868985865349
0.999986977628352
0.9999869132635146
0.999986784352486
0.9999868880086251
0.9999866806750848
0.9999867844947872
0.9999866751888489
0.9999866037611782
0.9999867001225299
0.9999865387866835
0.9999866523759592
0.9999865128525425
0.9999865081114152
0.9999865294864589
0.9999863444660062
0.9999864661516477
0.9999862460308255
0.9999862774688733
0.999986265011524
0.9999861474362158
