0.9998650631260342
0.9998494888008425
0.9998310287736929
0.9998113701471127
0.9997905893952103
0.9997676237277464
0.999745290030617
0.9997254024219608
0.9997002600557795
0.9996742133777905
0.9996505294348621
0.9996215112770365
0.9995908798896961
0.9995635436342762
0.9995357173915848
0.9995070881595756
0.9994786533543092
0.9994468386829731
0.9994151772360752
0.9993823612753924
0.9993479285579766
0.999316551015493
0.9992831123463636
0.9992460738682306
0.999211384176908
0.9991734287772049
0.9991400050881039
0.9990977655881982
0.9990633015159104
0.9990306419093495
0.9989989674903604
0.9989606289965031
0.9989249417969653
0.9988941123759358
0.9988651952459245
0.9988359998890854
0.9988136438588953
0.9987848478167759
0.9987528642386666
0.9987221696858758
0.9986967893152275
0.9986659185121579
0.9986381300836114
0.9986125917612423
0.9985898003081506
0.9985671574758275
0.9985521566675026
0.9985331323686025
0.9985166872702018
0.9985037915611573
0.9984844976569277
0.9984702924142121
0.9984455543868971
0.9984305838972315
0.998419340347927
0.9984064187410547
0.9983866130359715
0.9983770356595604
0.998368181158753
0.9983514421489948
0.99834065644786
0.9983358543633534
0.9983286113482437
0.9983193092107336
0.9983115267716156
0.9983091830113091
0.9982981120067019
0.9983011841807612
0.9983016678794381
0.998298557775068
0.9983004609342457
0.9982970033493499
0.9982948477908435
0.9982904377415672
0.9982898673295973
0.9982890277679144
0.9982827435650047
0.9982796104818356
0.9982797983245338
0.9982779191454499
0.9982745651651438
0.9982727119111631
0.9982641974061031
0.9982558866304456
0.998245707411982
0.9982430107488489
0.9982394004721823
0.9982359707295134
0.998223869432089
0.9982204498855761
0.9982171089225165
0.9982046828964806
0.9981895147134962
0.9981798300680894
0.9981673672675264
0.9981579688880747
0.9981432135005845
0.9981348534704928
0.9981160019420502
0.9980975924932646
0.9980803321771425
0.9980646577575674
0.9980448347951506
0.9980291108518333
0.9980080063028623
0.9979857540030039
0.9979677632673585
0.9979373191441927
0.9979130032867843
0.9978852744041864
0.9978518437982785
0.9978199421885733
0.9977969420783012
0.9977776484911556
0.997752283020582
0.9977289109235065
0.9977007591660656
0.9976720275669426
0.9976369217954145
0.9976128181346586
0.9975942288390841
0.9975599162336078
0.9975295545648178
0.9974920096239824
0.9974595834599261
0.9974309535165151
0.9974045066623514
0.9973721293619334
0.9973583075556721
0.9973322827422834
0.997312636376034
0.9972838882988306
0.9972507533655194
0.9972273133527412
0.9971977181001469
0.9971818154087854
0.9971620299840956
0.9971415614904829
0.9971252292327905
0.9970940265318514
0.9970606034741982
0.9970312187685934
0.997026085434619
0.9969955820709021
0.9969796160940552
0.9969615684047266
0.9969450534085558
0.996923316548644
0.996901331286417
0.9968821092473811
0.9968581714904112
0.9968457494031794
0.9968312194889194
0.9968128894200468
0.9967957811810264
0.9967797732360516
0.9967674969913457
0.9967471682497251
0.996737209616012
0.996724878036577
0.9967134884765739
0.9966910260810353
0.996672880937485
0.9966583201209699
0.9966482465127124
0.9966409434191126
0.9966397368772274
0.9966284738574749
0.9966206698419997
0.9966152066259613
0.9966205824524252
0.9966197420659849
0.9966212505331996
0.9966210269174562
0.996617950473131
0.9966246989900591
0.9966242497907633
0.9966285724258702
0.9966315955718299
0.9966291460129854
0.9966284776816627
0.9966234236143109
0.9966176195052706
0.9966182302701947
0.9966115648171948
0.9966059880846301
0.9965846972967302
0.9965685815111488
0.9965540484311336
0.9965554379798147
0.9965457039265787
0.9965305705707407
0.9965246197857159
0.9965035125259134
0.9965110234244539
0.9964756034691264
0.9964664286281121
0.9964508303032429
0.9964416084873775
0.9964203008816769
0.9964092587818614
0.9963992325410399
0.9963810160188463
0.9963491342770211
0.9963259407606089
0.9962980487338872
0.9962823674579931
0.9962698918925992
0.9962463954249645
0.9962213563309543
0.9961844888692509
0.9961688564846547
0.9961475054078165
0.9961200690388936
0.9960908697459974
0.9960701532993431
0.9960443309341258
0.9960054376689788
0.9959901854071975
0.9959648946252776
0.9959355035153815
0.9959106562304997
0.995883471652946
0.9958444733273238
0.9958153133197694
0.9957881758853248
0.9957653900788241
0.995747388232231
0.9957149809001875
0.9957044669986159
0.9956634586238796
0.9956379858268237
0.9956171606089543
0.9955817690409654
0.9955512072350425
0.9955176379346438
0.9955112572258121
0.9954956187267847
0.9954917964013921
0.9954719304980514
0.995455669344106
0.9954351943512196
0.9954072971422945
0.9953698072339093
0.9953601654544999
0.9953276256652548
0.9953079071273164
0.9952967139374205
0.9952878062306814
0.9952795843357168
0.9952615569152139
0.9952472536993371
0.9952430500415086
0.9952285111427775
0.9952069081753981
0.9952033242982036
0.9951893324107732
0.9951723854533356
0.9951523073720776
0.9951516383225386
0.9951423299559019
0.9951383062241738
0.9951243439686966
0.9951192658576083
0.9951003064272926
0.9950941051280433
0.995088710485229
0.9950710664604383
0.9950629460171189
0.9950605934405399
0.9950582853238602
0.99505502557912
0.9950388992558286
0.9950444145116192
0.9950272601806917
0.995030394812224
0.9950243769199095
0.9950145760665793
0.9949989247469118
0.9949937510287311
0.9949844000493903
0.9949837612929187
0.9949676248388504
0.9949638103208615
0.9949553644198655
0.9949470585964937
0.9949406770229405
0.9949338202671151
0.9949287617528711
0.9949149100644371
0.9948953257179406
0.9948933658781353
0.994872815492648
0.9948567928213665
0.9948469296597103
0.994848353572814
0.9948332399507429
0.9948138462469721
0.994795613230958
0.9947753139181043
0.9947497674141353
0.9947240532917495
0.994693902798958
0.9946804208132815
0.9946533712902087
0.9946339758271084
0.9946148188352321
0.9946023392472085
0.9945805627382669
0.9945492753665156
0.9945138119791673
0.9944947908492981
0.9944551511847812
0.9944356348720577
0.9943937287478724
0.9943715547161799
0.9943481311248152
0.994317891490292
0.9942802857247278
0.9942428658127019
0.9942023345784134
0.9941870237320091
0.9941609537262824
0.9941421711818126
0.9941094190311783
0.994090975869975
0.9940749281842506
0.9940524942742653
0.9940400345497717
0.9940084141518759
0.9939803594096498
0.9939480153103089
0.9939272450953366
0.9939035778715627
0.99388007326729
0.993859664249135
0.9938304783874754
0.9938029496071095
0.9937806444873981
0.9937732317587097
0.993756156018627
0.9937367929396532
0.9937063399628138
0.993700005746427
0.9936801717477058
0.9936636344572003
0.9936409211725787
0.9936263405800932
0.9936194013038339
0.9936011302053266
0.9935726877042872
0.9935679668817486
0.9935551200606954
0.993538782885122
0.9935145151086059
0.9935037110919287
0.993485255024338
0.9934688747900587
0.9934587655535027
0.9934383162323284
0.9934233387501166
0.99340806721024
0.9934074676809305
0.993399227627128
0.9933860889099702
0.993382412437231
0.9933705439369865
0.9933361108004617
0.9933082069271212
0.9932964983722933
0.993277748167302
0.9932663742306573
0.9932719571818737
0.993255382249825
0.9932323265643803
0.9932290025242175
0.9932188465007493
0.9932175400506018
0.993221582961594
0.993219682638084
0.993206997447865
0.9932132291398984
0.9932183506897299
0.9932184903927616
0.9932064107182625
0.9932176857484398
0.9932163244016704
0.9932049925060404
0.9931929503210127
0.9931937407267318
0.9931741422720574
0.9931765920136686
0.9931706505283362
0.9931717363439909
0.993149098159712
0.9931308041155718
0.993126871468276
0.9931022377484575
0.9930738409538354
0.9930746329778414
0.9930708252188944
0.9930583300802498
0.9930526877998909
0.9930379387675233
0.9930100654613339
0.9929758531663921
0.9929610677334008
0.9929259207575396
0.9929038611207568
0.9928858824875306
0.9928477312832209
0.992812781287629
0.9927820021213903
0.9927573519418933
0.9927237685457804
0.9927209833113941
0.992689710366862
0.9926655875765393
0.9926524804873185
0.9926084137932663
0.9925807185363417
0.9925411447420587
0.9925100611264884
0.9924964746592232
0.9924645710533955
0.9924456261703307
0.9924299699948116
0.9924112642707352
0.9923687476401312
0.9923479333704746
0.9922974238362537
0.9922666249029138
0.9922461082154643
0.9922131688644367
0.9922117162815512
0.9922014197927337
0.9921811160169832
0.9921508172281915
0.9921379287465476
0.9921187550451023
0.9921030314969647
0.9920721829489221
0.992048155829478
0.9920309081117112
0.9920255641865393
0.9920039197955774
0.99197239211684
0.9919469521405965
0.9919158338985024
0.9918964802414987
0.9918763599833967
0.9918625399864969
0.9918474934575292
0.9918440687081924
0.9918059775025361
0.9917890495859684
0.9917827942856571
0.9917512134082109
0.9917355187839392
0.9917198941654966
0.9917100770361503
0.9916911388344783
0.9916583142492633
0.9916523475496819
0.9916305711131036
0.9916043891803922
0.9915900395414988
0.9915560932191518
0.9915431916844769
0.9915426132271601
0.9915260537692945
0.99150075901628
0.9914757050339711
0.9914716695655168
0.9914569580752335
0.9914452005642728
0.9914642487633546
0.9914585986635736
0.9914714678772145
0.9914588680844072
0.9914687169274189
0.9914620354074485
0.9914442742618655
0.9914417565520143
0.9914376011841074
0.9914251191483576
0.9914239611854468
0.9914061925554489
0.9913976524487762
0.9913703217050474
0.9913600318954594
0.9913436890283136
0.9913224173835309
0.9913105591087533
0.9912934293199163
0.9912773340489289
0.9912517467552298
0.9912345039852006
0.9912124563184708
0.9911853014273994
