0.999999902117727
0.9999995317305747
0.9999995912483483
0.9999997100220734
0.9999993282106598
0.9999995788459961
0.9999994514042473
0.9999992025377884
0.9999994951702259
0.9999991746020915
0.9999991384663484
0.9999993243180572
0.9999989292190886
0.9999991100660257
0.9999990717748114
0.9999987688378104
0.9999990577162349
0.9999988037656097
0.999998673805319
0.9999989137824082
0.9999985366312589
0.9999986589763554
0.9999987213443315
0.9999983664988628
0.999998625215427
0.9999984431836244
0.9999982510055175
0.9999985234164581
0.9999981622591235
0.9999981982060969
0.9999983095229249
0.99999792969677
0.9999981480096415
0.9999980357220026
0.9999977617958254
0.9999980521852393
0.9999977632673582
0.9999977105635512
0.9999979046385993
0.9999975141160692
0.9999976799532783
0.9999976833229542
0.9999973682058246
0.999997642743473
0.9999973952903478
0.9999972557203349
0.9999974981008642
0.999997139538643
0.9999972261545316
0.9999972832595443
0.9999969150970656
0.9999971515483508
0.9999969862042676
0.9999967729535623
0.9999970415783306
0.9999966975042345
0.9999967200818088
0.9999968746015954
0.9999964884926741
0.9999967048724225
0.9999966079242095
0.9999963488813449
0.9999966211177151
0.9999963344352376
0.9999962536018158
0.9999964421501385
0.9999960672410362
0.9999962276759072
0.9999962503200123
0.9999959110132555
0.999996180132649
0.9999959399361963
0.9999957650673608
0.9999960187014885
0.9999956748704166
0.9999957501063214
0.9999958262742715
0.99999545823287
0.9999956966994554
0.9999955566024155
0.999995334040177
0.9999955978335124
0.9999952840852766
0.9999952682877921
0.9999954144768146
0.9999950266112211
0.9999952296341058
0.9999951687959615
0.9999948836630288
0.9999951622578684
0.9999949127900318
0.9999948135758431
0.999994996174872
0.9999946379328343
0.9999947894708943
0.9999948005968488
0.9999944738941641
0.9999947082760532
0.9999945101600354
0.9999943470558155
0.9999945898719076
0.9999942725939233
0.9999943144751399
0.9999944158143701
0.9999940592857497
0.9999942408061805
0.9999941191444105
0.9999938722830397
0.9999941428856944
0.9999938599895368
0.9999938334849875
0.9999940142317207
0.9999936912311811
0.9999938752545662
0.999993846876589
0.9999935680716946
0.999993829518931
0.9999936173853886
0.9999935033553276
0.9999937063519374
0.999993382404176
0.9999934836115235
0.9999935234769078
0.9999932129982098
0.9999934227882488
0.999993268321289
0.9999930679662576
0.9999933038280271
0.9999929815735468
0.9999929622326503
0.9999930894129548
0.9999927926815374
0.9999929807123803
0.9999928827963285
0.9999926683065952
0.9999929062575186
0.9999926628461113
0.9999926109795595
0.9999927836785028
0.9999924154350794
0.9999925202784525
0.9999925138695576
0.9999922150671822
0.9999924487310466
0.9999922181051283
0.9999920975389054
0.9999923348883647
0.999992003836108
0.9999920773716491
0.9999921255256041
0.9999918145564615
0.9999920190410047
0.999991885461788
0.999991696592221
0.9999919098524354
0.999991622032246
0.9999916054195253
0.9999917144878209
0.9999913991973625
0.99999159401901
0.9999915005156721
0.9999912143092736
0.9999914446058197
0.9999911964598779
0.9999911092171996
0.9999912819865588
0.9999909775293814
0.9999911071732008
0.9999911342668945
0.9999908658602301
0.9999911284671403
0.9999909359939066
0.9999907709507071
0.9999909773198618
0.9999906438612935
0.9999907115761674
0.9999907737612498
0.9999904535598652
0.9999906474042539
0.9999905085092713
0.9999903116843878
0.9999905388262357
0.9999902695329741
0.9999902144699996
0.9999903653954525
0.9999900372494495
0.999990193762168
0.9999901565526657
0.9999899170394231
0.999990139597824
0.9999899144547381
0.9999898313864312
0.99999001585483
0.9999897151367392
0.9999898382518316
0.999989847558129
0.9999895437599152
0.9999897843774755
0.9999895938306714
0.9999893968017517
0.9999896001454388
0.9999893132356997
0.9999893580074067
0.9999894142774393
0.9999890902591484
0.9999892659117272
0.9999890975894011
0.9999889069083844
0.9999891264457418
0.9999888806456521
0.9999888374069328
0.9999889424267903
0.99998866355563
0.9999888200997491
0.9999887934140367
0.9999885339740683
0.9999887797197321
0.9999886165466366
0.9999884683669014
0.9999886595549665
0.9999883674707146
0.9999884606973474
0.999988484018376
0.9999881890994785
0.9999883920696737
0.9999882528738155
0.9999880920807086
0.9999883036463785
0.9999880574756304
0.999988061941057
0.9999881258655696
0.9999878342619679
0.9999880223112203
0.9999879745110729
0.9999877277555589
0.9999879304356638
0.9999877319678105
0.9999876861792718
0.9999877972972214
0.9999875420403604
0.9999876518097012
0.9999876256558136
0.9999873688393643
0.9999875438360183
0.999987366301241
0.9999872256291068
0.9999873837484772
0.9999871184776294
0.9999872152679878
0.9999872012764472
0.9999869288559914
0.9999870711105295
0.9999869707302189
0.9999867982342868
0.9999869686325208
0.9999866794693814
0.9999866675997144
0.9999867139685572
0.9999864256137198
0.9999865778759577
0.9999864732485302
0.9999862527762172
0.9999864435863235
0.9999862007576961
0.9999861616082572
0.9999862420373259
0.999985946768418
0.9999860619227943
0.9999860419151445
0.9999858068656978
0.9999859718921769
0.9999857377145879
0.9999856350012009
0.9999857500333889
0.9999854659509348
0.9999854837037019
0.9999854805852593
0.9999852016579112
0.9999854068109713
0.9999852899949488
0.9999851259787137
0.9999852936151452
0.9999850927186835
0.9999850690049289
0.999985107690224
0.9999848025200063
0.9999848997659447
0.9999848307999947
0.9999846360387016
0.9999848166090155
0.9999846440394052
0.9999845992790873
0.9999847025341569
0.9999844190067226
0.9999845584192658
0.9999845366815018
0.9999842830017436
0.9999844573376517
0.9999843205142177
0.9999841858567102
0.9999843616653197
0.9999840549023433
0.999984126689061
0.999984194978526
0.9999839570135872
0.9999840924906813
0.9999839857625187
0.9999838128815072
0.9999839661662306
0.9999836964200077
0.9999836958479266
0.9999837616029861
0.9999834738119612
0.9999835865739805
0.9999835761524766
0.9999833290094838
0.9999834886804171
0.9999832881287064
0.9999832300139746
0.9999833362149974
0.9999830905041787
0.999983126344912
0.9999831231396106
0.999982844701398
0.999982967407282
0.9999828151801626
0.9999827182790437
0.999982853506875
0.9999826225947009
0.9999826930030081
0.9999827208655083
0.9999824788664232
0.9999826032342712
0.9999824838451282
0.9999823591366059
0.9999824713920192
0.999982260442864
0.9999821983858925
0.9999822650640288
0.999982049821229
0.9999821365699548
0.9999821389288717
0.9999819261355
0.9999819560275498
0.9999817957736843
0.9999817290617622
0.9999818517373947
0.9999816005763706
0.9999816203276151
0.999981616838179
0.9999813481963266
0.9999814631396062
0.9999813473059377
0.9999811189027376
0.9999811830327202
0.9999809288686994
0.9999809475602454
0.9999809613982583
0.9999806473104358
0.9999807812372243
0.9999807490936244
0.9999805365336304
0.9999806572618768
0.9999804967569804
0.999980430974543
0.9999804655533903
0.9999802177170541
0.9999802530721651
0.9999802200298419
0.9999799800807616
0.9999801482739353
0.9999800660165903
0.9999799895474493
0.9999801405473315
0.9999798891857803
0.9999799088940852
0.9999799122159854
0.9999797180793328
0.999979891553415
0.9999797800614929
0.9999796221645937
0.9999797941054401
0.9999796050746311
0.9999795859960524
0.9999796375295255
0.9999793460497837
0.9999794088789448
0.9999793303994337
0.9999790938230926
0.9999792258667313
0.9999790469854078
0.9999789327449714
0.9999790312142688
0.9999788016659518
0.9999788938379728
0.9999788567951469
0.9999785986826745
0.9999786958460628
0.9999785283754554
0.9999784327066257
0.999978591843463
0.9999783563992141
0.999978325933159
0.9999784055859928
0.9999781626746991
0.9999783085901836
0.9999782412603893
0.9999780924086952
0.9999782192179132
0.9999780991137026
0.9999779993377421
0.9999780199267871
0.9999777743779252
0.9999778894225717
0.9999778574411238
0.9999776255314349
0.9999777960683445
0.9999776407925464
0.9999775578741044
0.9999776408535986
0.9999774045221421
0.9999774311989357
0.99997746584419
0.9999772816653709
0.9999774354924433
0.9999773807647377
0.9999772748807134
0.9999774131363084
0.9999771749333193
0.9999771224205161
0.9999772173384208
0.9999769430230354
0.9999770187003232
0.9999769097374221
0.9999766893975
0.999976845521134
0.9999766445775622
0.9999766004275854
0.9999766998348039
0.9999764898350327
0.999976530342819
0.9999765039574798
0.9999762941190603
0.9999764112673359
0.9999763613843039
0.9999762787517109
0.9999763798962685
0.9999761190962219
0.9999762279943119
0.9999762560772
0.9999760327997425
0.999976171252502
0.999976059156643
0.9999759749846869
0.9999760495366905
0.9999758343349857
0.9999757469379718
0.9999757603333376
0.9999755342175264
0.999975664859775
0.9999756122988085
0.999975391273598
0.9999754923213819
0.9999753310238978
0.9999752891719002
0.9999754035963873
0.999975189060836
0.999975203507636
0.9999752105307583
0.9999750313198688
0.9999751628376213
0.9999750314842187
0.9999749808675772
0.9999750971241015
0.9999749321408169
0.9999749924864649
0.9999750620539676
0.999974846177011
0.9999749506452928
0.9999747723955984
0.9999746424433025
0.9999746987727172
0.999974586397444
0.9999745344853923
0.9999745700491453
0.9999743305216416
0.9999743902880756
0.9999743656080426
0.999974233120138
0.9999743259409846
0.9999742301696581
0.9999741057819814
0.999974212875499
0.999973943668832
0.9999740062667034
0.9999739182747958
0.99997370434873
0.9999737803149641
0.9999736771299191
0.9999735937584193
