0.9999998650767119
0.9999994227535846
0.9999993351307591
0.9999997067975974
0.9999993403714874
0.9999991498288386
0.999999537859793
0.9999992676365066
0.9999989754154075
0.999999354943007
0.9999991886500682
0.9999987958017059
0.9999991455958824
0.9999991067718497
0.9999986697488145
0.9999989486277772
0.9999990019111448
0.9999985265618352
0.9999987244635379
0.9999988833575121
0.9999983916730987
0.9999985063593422
0.9999987515556922
0.999998276433153
0.9999982847802065
0.9999985872213217
0.9999981553176195
0.9999980460962492
0.9999984036792755
0.999998070521845
0.9999978667814337
0.999998221972353
0.9999979603758024
0.9999976702722403
0.9999980166586244
0.9999978757273197
0.9999975097658985
0.9999978330995465
0.9999978046966874
0.9999973629382789
0.9999976310919251
0.999997680157639
0.9999971921394596
0.9999973806810946
0.9999975301549747
0.9999970619852806
0.9999971555895336
0.9999973959469522
0.9999969563205383
0.9999969742371071
0.9999972842403992
0.9999969042410493
0.9999968051133408
0.9999971707101999
0.9999968325936874
0.999996628704439
0.9999970112117198
0.9999967658667483
0.9999964963733509
0.9999968294757365
0.9999967096380781
0.999996328879534
0.9999966307142595
0.9999965805014714
0.9999961713631473
0.9999964148864883
0.9999964579428364
0.9999959937468142
0.9999961657264297
0.9999963420676402
0.9999959037022459
0.9999959832341855
0.9999962259191165
0.9999957938772478
0.9999957572613462
0.9999960541420688
0.9999956503774802
0.9999955560430244
0.9999959009493592
0.9999956100125069
0.9999954176846025
0.9999957654488206
0.9999955556717528
0.9999952858545529
0.999995597738908
0.9999954509530822
0.9999951053367638
0.9999954108236656
0.9999953667240371
0.9999949627096552
0.99999521568884
0.9999952562635359
0.9999948430412211
0.9999949873008319
0.9999951286835118
0.9999947142040931
0.9999947748204894
0.9999950199469784
0.9999946147538725
0.9999946142681416
0.999994905931999
0.9999945287369407
0.999994438682249
0.9999947314514314
0.9999944276891188
0.999994231857242
0.999994561744912
0.9999943255153032
0.9999940570240865
0.9999943541433558
0.9999942117513885
0.9999938680048978
0.9999941175380399
0.9999940956710002
0.9999937130443998
0.9999939291296723
0.9999939767171386
0.9999935534338226
0.9999937290028792
0.9999938795622222
0.999993473650276
0.9999935585110206
0.9999937564600868
0.9999933387805583
0.9999933137283898
0.9999935600625284
0.9999931932898865
0.999993095251282
0.9999933815100954
0.9999930579782677
0.9999929076995795
0.9999932440409777
0.9999930094011078
0.9999927585636186
0.9999930533341369
0.9999929099525801
0.9999925889963062
0.9999928298700245
0.9999927823059732
0.9999924149312399
0.9999926412410879
0.9999926964118805
0.9999922971354921
0.9999924264808735
0.99999256790256
0.9999921751852316
0.9999922189796862
0.9999924041050607
0.999991992598323
0.9999919619946613
0.9999921824984599
0.9999918071338831
0.9999917339514772
0.99999200022397
0.9999917073056921
0.9999915356051342
0.9999918173412787
0.9999915893657381
0.9999913626015836
0.9999916577370426
0.9999915185433456
0.9999912265643882
0.9999914612142866
0.9999914035692621
0.9999910341138979
0.9999912225600106
0.9999912434520716
0.9999908534242044
0.9999909968825199
0.9999911129857113
0.9999907472662598
0.9999908049793835
0.9999910087706548
0.9999906323257935
0.9999906161249418
0.9999908634406325
0.9999904972573426
0.9999904363379053
0.9999906895861884
0.9999904244156379
0.9999902592381924
0.9999905501043564
0.9999903111185421
0.9999900649113856
0.9999903319077436
0.99999018366676
0.9999898968634874
0.9999901272647237
0.9999900757608973
0.9999897330999075
0.9999899571638737
0.9999899996023962
0.9999896756918012
0.999989785625561
0.9999899152063914
0.9999895428117315
0.9999895949664362
0.9999897356544704
0.999989360605328
0.999989342691899
0.999989616393082
0.9999893209954698
0.9999892296891941
0.9999894983523501
0.9999891995190626
0.9999890097661825
0.9999892657301008
0.9999890776143091
0.9999888467296015
0.999989098386893
0.9999889718483479
0.9999886773953847
0.999988903370427
0.999988874645093
0.9999885445486933
0.9999887295522667
0.999988764918522
0.9999883846727184
0.9999884715850185
0.9999886046925084
0.9999882268849046
0.9999882880176694
0.9999884697620743
0.9999881106318901
0.9999880796962365
0.9999883086605224
0.9999879439537045
0.9999878067416438
0.999988072027168
0.9999878316296741
0.9999877301234305
0.9999879512453488
0.9999877368446063
0.999987540515575
0.9999878075974942
0.9999876837395827
0.9999873874639139
0.9999876268531175
0.9999875791572814
0.9999872613075352
0.9999874269551144
0.9999874689463596
0.9999871321300384
0.9999872494473807
0.9999873565466799
0.9999870252912378
0.9999870745577817
0.9999872520795078
0.9999868825005935
0.9999868582233955
0.9999870726491538
0.9999867728083909
0.9999866699732772
0.9999869243641393
0.9999866535464134
0.9999864442903439
0.9999867269968775
0.9999865146349818
0.9999863207192288
0.9999865802905816
0.9999864541212881
0.9999861653009842
0.9999863578380601
0.9999863575113835
0.9999860422065884
0.9999861834529823
0.999986206900517
0.9999858486146294
0.9999858963697807
0.9999859991379254
0.9999856642823698
0.9999856838616882
0.9999858697365049
0.999985524364819
0.9999854718661014
0.9999856970044898
0.999985447467788
0.9999853791264544
0.9999856070003946
0.9999853225094804
0.9999851140968147
0.9999853274185033
0.9999851455434158
0.9999849379924998
0.9999851894029738
0.9999850441408684
0.9999847961444679
0.9999849605330574
0.9999848958942933
0.9999846311265358
0.9999847821058625
0.9999848028039052
0.9999844450270818
0.9999845552233444
0.999984662345737
0.9999843717004213
0.9999844647227013
0.9999845977109448
0.99998428102848
0.9999842614937846
0.9999844401734269
0.9999841684337927
0.9999840871055699
0.9999843149226877
0.9999841121892893
0.9999839579482046
0.9999842470782022
0.999984098908162
0.9999838649627512
0.9999840951562063
0.9999839690246508
0.9999837660422113
0.9999839848141063
0.9999839458389096
0.9999837226360386
0.9999838757183426
0.999983913486156
0.9999836039488413
0.9999836732311977
0.9999838138914654
0.9999835260997695
0.9999835110842245
0.9999836818097856
0.999983340336796
0.9999832650193682
0.9999834434485007
0.9999831652424686
0.9999830777397452
0.9999832891502906
0.9999830397283793
0.9999829174493359
0.9999831160585679
0.9999829301816577
0.9999827402065393
0.9999829195682092
0.9999827668251365
0.9999824977109806
0.9999826333028551
0.999982597286244
0.9999823129704786
0.9999824123833004
0.9999824468179334
0.9999821749206699
0.9999822535607208
0.9999823408417501
0.9999820416483546
0.999982118048308
0.9999822531769904
0.9999819194294123
0.9999818730879598
0.9999820553684131
0.9999817953966665
0.9999817155920693
0.9999819594469049
0.999981701926975
0.9999815450676767
0.9999817355446935
0.9999815763922102
0.9999814558179904
0.9999816295138952
0.9999814587278751
0.9999811837518604
0.9999813161727786
0.9999812876043095
0.9999810067764318
0.9999811112042647
0.9999811081766434
0.999980790291132
0.9999808587501635
0.9999809235506516
0.9999805905052133
0.9999805759008025
0.9999807073024732
0.9999804156245053
0.9999803560064482
0.9999805090566396
0.9999802284555199
0.9999801042267573
0.9999802626492057
0.9999800293478829
0.9999799185503638
0.9999801255694972
0.9999799551915817
0.9999797766873914
0.9999799044970852
0.9999798044723291
0.9999795642126613
0.999979678948739
0.9999796003960147
0.9999792572148257
0.999979392037197
0.9999794520458548
0.9999791561127825
0.9999791945777872
0.9999793469476607
0.9999790257706229
0.9999791086920764
0.9999792730312975
0.9999789235311697
0.9999788418113567
0.9999790026946905
0.9999787629320528
0.999978691257985
0.9999788361513794
0.9999786400583438
0.9999784778473432
0.9999786033942736
0.9999784020121014
0.9999781357880846
0.9999783211690996
0.9999782100082475
0.9999779916811559
0.9999781254814115
0.9999780812938149
0.9999777748320194
0.9999779026366352
0.9999778940210776
0.9999776432566411
0.9999777004189605
0.9999777476786149
0.9999774490209312
0.9999774767681383
0.9999775922314756
0.9999772950806858
0.9999772510664733
0.9999773607648217
0.999977117619906
0.9999769694758547
0.9999771063409103
0.9999768751282615
0.9999767238383379
0.9999768606931503
0.9999767274186376
0.9999765254754679
0.9999767303601657
0.9999765573777193
0.9999763592655724
0.9999765200699727
0.9999765108932022
0.9999762597041868
0.9999764433848884
0.9999764089562345
0.9999761876819651
0.9999762020291901
0.9999762963636033
0.9999760292377142
0.9999760301960781
0.9999762036566459
0.9999759714989543
0.9999758947951246
0.9999760749780102
0.9999758485787221
0.9999757526421018
0.9999758922649957
0.999975674030959
0.999975504648624
0.9999757004416149
0.9999756220382544
0.9999754859069557
0.9999756839234567
0.9999755963176639
0.9999753649761978
0.9999755089812565
0.9999754806889642
0.9999752819801746
0.9999754230305288
0.999975456567046
0.9999751650998954
0.9999751787732617
0.9999752889380676
0.9999749986399896
0.9999750025372319
0.999975050071866
0.9999748357300499
0.9999747243767403
0.9999748270708643
0.9999745952680144
0.9999745079707973
0.9999746573513671
0.9999744873955738
0.9999743655985429
0.9999745324776905
0.9999743572326286
0.9999741631361521
0.9999743371581861
0.9999742386850577
0.9999740739228357
0.9999741841218516
0.9999742062646073
0.9999739349866297
0.9999739833276439
0.9999740548507363
0.9999738230922713
0.9999738496797801
0.9999738738342315
0.9999736237119293
0.9999737360211056
0.9999738416418453
0.9999735727086669
0.9999735298672876
