0.999999936789018
0.9999996324771943
0.9999998310027836
0.9999995508744849
0.9999997078027303
0.9999994899537519
0.9999995705664281
0.9999994368890189
0.9999994307547845
0.9999993834971863
0.9999992716091786
0.9999993241715084
0.9999991195782203
0.9999992471047542
0.9999989790126131
0.9999991527613774
0.9999988488678411
0.9999990627923183
0.9999987678616308
0.9999989491760033
0.9999986903062924
0.9999988365286341
0.9999986380842678
0.9999987069626105
0.9999985773682333
0.9999985564440759
0.9999985162273805
0.9999983951693172
0.9999984557223018
0.9999982434251757
0.9999983727021086
0.9999981098073726
0.9999983034496074
0.9999980077382622
0.9999982090350672
0.9999979096666859
0.9999980933715735
0.9999978546406875
0.9999979896566964
0.9999978072935842
0.9999978498240804
0.9999977401483408
0.9999976849783957
0.9999976741910374
0.9999975332542509
0.9999975980734194
0.9999973832703001
0.9999975354222804
0.9999972730677489
0.9999974542779972
0.9999971744093502
0.9999973650261947
0.9999970809543327
0.9999972506120606
0.9999970075899648
0.9999971339395454
0.9999969620852616
0.9999970101549281
0.9999969407328805
0.9999968727819976
0.9999968733195567
0.9999967480546204
0.9999968428890647
0.9999966325696603
0.9999967746473882
0.9999964984714996
0.9999966913894177
0.9999964126225869
0.9999965845006351
0.9999963097311397
0.9999964610321311
0.9999962266100845
0.9999963229352771
0.9999961852427588
0.9999962074845775
0.9999961345667258
0.9999960751843511
0.9999960810627078
0.9999959307178166
0.9999960161295108
0.9999957945798893
0.9999959527968467
0.9999956866785106
0.999995879266929
0.9999955883755688
0.9999957378669379
0.9999954898052686
0.9999956432727451
0.9999954610939646
0.9999955450245458
0.99999540820114
0.999995380759201
0.9999953389338074
0.9999952377221685
0.9999952762567904
0.9999951113159091
0.9999952339823855
0.9999950383717875
0.9999951578918134
0.9999949042456066
0.9999950881853582
0.9999948354864573
0.9999949930986097
0.9999947285976208
0.9999948640660952
0.9999946762665761
0.9999947613914778
0.9999946557635546
0.9999946411752415
0.9999946133815911
0.9999945034404824
0.9999945225850128
0.9999943390660029
0.9999944484659011
0.9999942211858027
0.9999943626423219
0.9999941079828655
0.9999942642140088
0.9999939962254886
0.9999941706927877
0.9999939070372017
0.9999940427037753
0.9999938623564419
0.9999939346817986
0.9999938462400653
0.9999938002382106
0.9999937987865328
0.9999936753044208
0.9999937257725813
0.9999935804092245
0.9999936710181705
0.999993436504451
0.9999935833952122
0.9999932959583565
0.9999934705874874
0.999993230033819
0.9999933956567638
0.9999931624532716
0.9999932557683433
0.9999930844115135
0.9999931236285287
0.9999930096810066
0.9999929930584999
0.9999930008481
0.9999928770245158
0.9999929254269296
0.999992732110724
0.9999928437006912
0.9999926059631105
0.9999927565646776
0.9999925364391835
0.9999926843721794
0.9999924518816535
0.9999925832968634
0.9999923777320446
0.9999924775732754
0.999992294503072
0.9999922965931792
0.9999921849984598
0.9999920895303174
0.9999920967121898
0.999991947137547
0.9999920039996135
0.9999917942730563
0.9999918982798409
0.9999916546254883
0.9999917840926015
0.9999915175048288
0.9999916639178349
0.99999143146143
0.9999915927866125
0.9999914260286623
0.9999915212550252
0.9999913675606885
0.9999913769231825
0.9999913008011939
0.9999912530468532
0.9999912437901745
0.9999911225148624
0.9999911670751123
0.9999909593898801
0.9999910767193176
0.999990838672864
0.9999909652849867
0.9999907223913125
0.9999908376070608
0.99999063042881
0.9999907053030278
0.9999905137651999
0.9999905651804966
0.9999904351351026
0.9999904377724278
0.9999904016505863
0.9999903447958928
0.9999903515395041
0.9999902092830848
0.9999902657636165
0.9999900511884662
0.9999901448124737
0.9999899166571476
0.9999900435462741
0.9999897669648219
0.9999898682325222
0.999989649242421
0.9999897542171364
0.9999895835828958
0.9999896426231165
0.9999895454098378
0.9999895153943106
0.9999894648063272
0.999989406448936
0.9999894311887738
0.999989279007186
0.9999893175684267
0.9999891429475191
0.9999892537012126
0.9999890056510974
0.9999891682513425
0.9999889442939308
0.999989098340121
0.9999889221647346
0.9999889953435096
0.9999888183684562
0.9999888580372945
0.99998876008521
0.9999887510296397
0.9999887247009088
0.9999885919178653
0.9999886269009584
0.9999884608256059
0.9999885762326969
0.9999883693246874
0.9999884802993738
0.9999882507989498
0.9999883699386474
0.9999881790828004
0.9999882665694357
0.9999881062765655
0.9999881553458991
0.9999880436447272
0.9999880785397434
0.9999879922048374
0.999987958860082
0.9999879492611009
0.9999878351657738
0.9999878843820319
0.9999877236201979
0.9999878133043685
0.9999876031626748
0.999987734115342
0.9999875346272086
0.9999876254204839
0.9999873988226902
0.9999875348803796
0.9999873493518414
0.9999873717595572
0.9999872196455448
0.9999872316006257
0.9999871517076626
0.9999871369322934
0.9999870983423392
0.9999869491357736
0.9999870000076706
0.9999868497882133
0.9999869023074046
0.9999867112026409
0.9999868250632031
0.9999866114395634
0.9999867202751545
0.9999865083714223
0.9999865579642043
0.999986358575013
0.9999864248656488
0.9999863107404141
0.999986336726406
0.9999862522694009
0.9999861874263225
0.999986200326506
0.9999860822011036
0.9999860841048781
0.9999858806097022
0.9999859955420398
0.9999858266149763
0.9999858937722705
0.9999857078388493
0.9999858444000701
0.9999856210516039
0.999985750422117
0.9999856091562732
0.9999856453501945
0.999985520434193
0.9999854765716243
0.9999854217610178
0.9999853465395339
0.9999853563153566
0.9999852307591627
0.9999852740265515
0.9999851186602039
0.9999852410508113
0.9999850629843461
0.9999851392518989
0.9999849285904243
0.9999850023874419
0.9999848353677985
0.9999849062505767
0.9999847822866405
0.9999848203267745
0.9999846887981415
0.9999846751222299
0.9999845805524114
0.999984486830107
0.9999845479555901
0.9999844143241391
0.9999844845021713
0.9999843032835531
0.9999844038795883
0.999984213745197
0.9999843120942522
0.9999840776450494
0.9999841447450462
0.9999840129093365
0.9999840935807837
0.9999839132158318
0.9999839028602155
0.9999838478844197
0.9999837994227528
0.9999837174867214
0.9999836490739916
0.9999836625493828
0.9999835647762939
0.9999836554523632
0.9999835257230913
0.9999835395823308
0.999983288681184
0.9999833768346127
0.9999832160275357
0.9999832925795188
0.9999831681216605
0.9999832264003968
0.9999830274692167
0.9999830319555217
0.9999829454560476
0.9999829086857182
0.9999828735987519
0.9999827600197874
0.999982770253569
0.9999825661620311
0.9999826403379579
0.9999824094800357
0.9999825041698347
0.9999823045949034
0.999982370569087
0.999982219805174
0.9999822644733756
0.9999821083723778
0.9999821832719591
0.9999820960099661
0.9999820688212048
0.9999819999387388
0.999981952914062
0.9999819542865187
0.9999818499423135
0.9999818772509257
0.9999817389505582
0.9999817962280201
0.9999816461269753
0.999981724990196
0.9999815646157878
0.9999816420316798
0.9999814271447836
0.999981532925092
0.9999813761819155
0.9999814363077101
0.9999812856791679
0.9999812707813924
0.9999811707103804
0.999981075088449
0.9999811133774847
0.9999810126212502
0.9999810125318099
0.9999808393216789
0.9999808555758443
0.999980622464663
0.999980672995532
0.999980492979441
0.9999805643176751
0.999980421937774
0.9999805004492531
0.9999803554338389
0.9999803833648971
0.9999802975285702
0.9999802838695913
0.9999802246720667
0.9999801449409722
0.99998010093354
0.999979964302683
0.999980011856199
0.9999798190450567
0.999979902454441
0.9999797079816047
0.999979788042954
0.9999796379091535
0.9999796554531186
0.9999794812442694
0.9999795391248991
0.9999794288871569
0.9999793899832607
0.99997929093875
0.9999792461920178
0.9999792024467172
0.9999790802921237
0.9999790660511376
0.9999789111478807
0.99997890629152
0.9999787857226955
0.9999788257958943
0.9999786485496724
0.9999787502081284
0.999978506032864
0.9999785792140296
0.9999784256142555
0.9999784729429612
0.9999783132377077
0.9999782618868724
0.9999781588654149
0.9999780917151669
0.99997803224407
0.9999780136026626
0.9999780253015943
0.9999778786900955
0.9999779276279219
0.9999778493835577
0.9999778993318518
0.9999777242110934
0.9999777548100174
0.9999775838161046
0.9999776496930347
0.9999775274187369
0.9999775743313448
0.9999774326598063
0.9999774643426164
0.9999773962725296
0.9999772994666337
0.9999772720197453
0.9999772428889117
0.9999772576705491
0.9999770969324778
0.9999771221649411
0.9999770213938457
0.9999770659239797
0.999976895680988
0.9999769250202106
0.9999767403520777
0.9999767345321019
0.9999766190297619
0.9999766286919658
0.9999765922561354
0.9999766277389857
0.9999765810235771
0.9999764859459712
0.9999764721766754
0.9999763229141418
0.9999762968075505
0.9999761699651103
0.9999761995941215
0.9999760495635103
0.999976080001025
0.9999758898218671
0.9999759514368826
0.9999758127135001
0.9999758814580558
0.9999757328922116
0.9999758112078034
0.9999756438415047
0.9999756771149492
0.9999756181675228
0.9999755428295327
0.9999755647948099
0.9999754773554363
0.9999754903704821
0.9999753215250007
0.9999753444148336
0.9999751851923868
0.9999752030876158
0.9999750673697929
0.9999751248014533
0.999974953843324
0.9999749897892279
0.9999748458583488
0.9999748741436569
0.9999748120737055
0.9999748007136686
0.9999747279494229
0.999974648686438
0.9999746141721595
0.9999744558506788
0.999974412119896
0.9999743170636551
0.9999743590523502
0.9999741919017926
