0.9999990498180086
0.9999984778971309
0.9999972159220655
0.9999958595600424
0.9999950706869791
0.9999953042702358
0.9999964355640583
0.9999977794457248
0.999998529814388
0.9999982854467198
0.9999971911237908
0.9999957934191267
0.9999947889920487
0.9999947016644994
0.9999956013651584
0.9999969399992827
0.9999979465093831
0.99999803745657
0.9999971904199443
0.9999958498972117
0.9999946506152323
0.9999942080668964
0.9999947909457306
0.9999960575223636
0.9999972480524323
0.9999976547197746
0.999997093708769
0.9999958830380983
0.9999945589481429
0.9999937819198342
0.9999940001497827
0.9999951185541266
0.9999964097643295
0.9999971077240005
0.9999968505294414
0.9999958067529571
0.9999944561276175
0.9999934290534871
0.9999933064259713
0.9999942009259455
0.9999955362220085
0.9999964762733061
0.9999965570286544
0.9999957267163089
0.9999944347379877
0.9999932753430175
0.999992821826412
0.9999933553925913
0.9999945774838755
0.9999957470782438
0.9999961460687852
0.9999956181414822
0.9999944297194419
0.9999931707477516
0.9999924451489312
0.9999926461602822
0.9999937134526871
0.9999949604842704
0.999995638350916
0.9999953816728816
0.9999944107363664
0.9999931150505692
0.9999921571809651
0.999992044352208
0.999992854577651
0.9999941053653005
0.9999950264731385
0.9999950712119732
0.9999942934839031
0.9999930455326568
0.9999919136157903
0.9999915030394708
0.9999920266832024
0.9999932268484728
0.9999943062054485
0.9999946756219706
0.9999941477498908
0.9999930132759483
0.9999917888122967
0.9999910708167916
0.9999912494377097
0.9999922718284708
0.9999934811896581
0.9999941302515
0.9999939097028347
0.9999929433755755
0.9999916901250283
0.9999907419149033
0.9999906325410058
0.9999914245462558
0.9999925981110175
0.9999934567068077
0.9999935536656934
0.9999928278079495
0.9999916081247762
0.9999904907971643
0.9999900506447563
0.9999905914779738
0.9999917148119719
0.9999927245017343
0.9999931104798734
0.9999926470794602
0.9999915805478379
0.9999903928746948
0.9999897062616353
0.9999898947945532
0.9999908556269661
0.9999919685982548
0.9999925852192949
0.9999923811663465
0.9999914947560451
0.9999902908233798
0.9999893812232133
0.9999892733992484
0.9999900355516819
0.9999911721715165
0.9999920322381167
0.9999921557928309
0.9999914780519986
0.9999903180088702
0.999989218135281
0.9999888433562377
0.9999893631646058
0.9999904092970164
0.9999913697416145
0.9999917655674653
0.9999913764468469
0.9999903376248657
0.9999891960138403
0.9999885281089653
0.9999887276772071
0.9999896117632531
0.9999906740519595
0.9999912912635619
0.9999911554484515
0.9999902853768824
0.9999890903950751
0.9999882307768968
0.9999880722948891
0.9999888300788489
0.9999898852637886
0.9999906626329105
0.9999907460792045
0.9999900695945232
0.9999889811714925
0.9999879565259145
0.999987520991602
0.9999880036568441
0.9999890052158599
0.9999899195243979
0.9999902343715906
0.9999898337719183
0.9999888548768839
0.9999877442566342
0.9999870280059424
0.9999871809193978
0.9999880899383577
0.9999890764303742
0.9999896426893431
0.9999894540244807
0.9999886230664092
0.9999875312672188
0.9999866346389286
0.9999865262605809
0.9999871965082829
0.9999881955467048
0.9999889066810451
0.9999889682981465
0.9999883715417469
0.9999873501645328
0.9999863431430421
0.9999859428522844
0.999986378144807
0.9999873311213682
0.9999882299862576
0.9999885749234716
0.9999881727499252
0.9999872376561726
0.9999862345286317
0.9999856444468675
0.9999857996883093
0.9999866098312945
0.9999875271932436
0.9999880451782112
0.9999879355485615
0.99998716667952
0.9999860932788753
0.9999852556948254
0.999985188458694
0.9999858125855486
0.9999867943896035
0.999987480474388
0.9999875610529039
0.9999869852085193
0.9999860436636118
0.9999850653408022
0.9999846931067704
0.9999850842076689
0.9999859808460243
0.9999867981310586
0.9999871629210246
0.9999868525479724
0.999985947090189
0.9999849140460256
0.9999842964383194
0.9999844436301507
0.9999851974008745
0.999986097784951
0.999986603540343
0.9999864583554963
0.9999856979053454
0.9999847104798788
0.9999839145169677
0.9999838234981826
0.9999844297594647
0.9999853169602674
0.9999859876320709
0.9999860892361988
0.9999855221272782
0.9999845953919432
0.9999836640296591
0.9999833217591505
0.9999836604323746
0.9999845555950124
0.9999853446892847
0.9999856778613425
0.9999853451796095
0.9999844881604832
0.9999835074884302
0.9999829280594938
0.9999830549949006
0.9999837517818098
0.9999846270064755
0.9999851840554298
0.9999850978156035
0.9999843845569875
0.9999833807998797
0.9999825819806041
0.9999824484008476
0.9999830219861264
0.9999839212478718
0.9999846474877054
0.9999847817101609
0.999984246623054
0.999983297641899
0.9999824106207664
0.9999819580037965
0.9999822339951043
0.9999830809538706
0.9999838863810134
0.9999842280364241
0.9999839458646719
0.9999831572298861
0.9999822364966412
0.9999816096863277
0.9999816364903757
0.9999823046785408
0.9999831809986053
0.9999836500822717
0.9999835460560674
0.9999828537111373
0.9999819507410157
0.9999812464865276
0.9999810768452271
0.9999815799903836
0.9999824139448782
0.9999831050363883
0.9999832508886991
0.9999827414819167
0.9999818413203274
0.9999810129343968
0.9999805672264125
0.99998081609502
0.9999815777430947
0.9999823370416997
0.999982635323696
0.9999822753701079
0.999981505164558
0.9999806217505711
0.9999800670736199
0.9999801450659517
0.9999808092772298
0.9999816688662678
0.9999821691014756
0.999982097555072
0.9999814963552227
0.999980609116428
0.9999799189467421
0.999979761563887
0.9999802307380398
0.9999809517305351
0.9999816380191865
0.9999817454676644
0.9999812366446066
0.9999803594693942
0.9999795377836552
0.9999792273242671
0.9999795162244971
0.999980244372618
0.9999809107789114
0.9999812063417451
0.9999809371781129
0.9999802028589904
0.9999792568699795
0.9999787318106762
0.9999788204576756
0.9999794222944406
0.9999802024724944
0.9999807104665083
0.999980603232308
0.999980020826957
0.9999791601497645
0.9999784417611614
0.999978261476097
0.9999787127233608
0.9999793811274207
0.9999799834424992
0.9999801245176099
0.9999796009797505
0.9999787998458007
0.9999780054970351
0.9999777164916783
0.9999780109713949
0.9999786366122239
0.9999793004002653
0.9999796553927744
0.999979445687161
0.9999787244355788
0.9999778716759654
0.999977361983327
0.9999774439408111
0.9999780308600197
0.9999786588240012
0.9999790629121649
0.9999790152001904
0.9999784629957034
0.9999776419821438
0.9999769843424151
0.9999768908888049
0.9999773472105993
0.9999780233041418
0.9999784979418689
0.9999786239783289
0.999978199489427
0.99997748255749
0.9999767843747936
0.9999764342032599
0.9999766929212808
0.9999773092985715
0.9999779013550872
0.9999782021177118
0.9999779372045136
0.9999772807303802
0.9999765330422674
0.9999760703693308
0.99997614562472
0.9999766727166268
0.9999773090524287
0.9999777011784428
0.9999776571747198
0.9999770730658006
0.9999763379418835
0.9999757524565834
0.9999756599271633
0.9999760093377378
0.9999766163040352
0.9999771467175954
0.9999772164094567
0.9999767961401
0.9999760301197678
0.9999753286704083
0.9999750031423509
0.999975313591991
0.999975930231976
0.9999765257317166
0.9999767602242374
0.99997649143349
0.9999758754065087
0.9999751175696046
0.9999746960294917
0.9999747555658958
0.9999752899860798
0.9999759493073076
0.9999763287633043
0.999976226230385
0.9999756457315407
0.9999749095742619
0.9999743803638537
0.9999742798536111
0.9999747213929018
0.9999753024779335
0.9999757935719623
0.9999758044481749
0.9999753296151703
0.999974557738101
0.9999739008287042
0.9999736571613774
0.9999738783914393
0.9999744462080397
0.9999749856714523
0.9999751994206819
0.9999749750659206
0.9999743111372437
0.9999736000980816
0.9999731887605522
0.9999733110878016
0.9999738210129269
0.9999743824960076
0.99997472164984
0.9999746334977941
0.9999740664087716
0.9999732616691631
0.9999727710695248
0.9999727110133616
0.9999731260207985
0.9999737155824416
0.9999742141810395
0.9999742019092519
0.9999737608595249
0.9999730471806577
0.9999724360704861
0.9999722041768138
0.9999725058568445
0.9999730711670172
0.9999735696562194
0.9999737277401799
0.9999734384907499
0.999972785030472
0.9999721142070475
0.9999717310231201
0.9999718196391499
0.9999722724998192
0.9999727347353917
0.9999730545040425
0.9999729059346271
0.9999723545026975
0.9999716332416709
0.9999711070158864
0.999971120504029
0.9999715072772354
0.9999720661747766
0.9999724931729748
0.9999725509951788
0.9999721691413537
0.9999715161658179
0.9999708484562663
0.999970618723252
0.9999709219617227
0.9999714915753872
0.999972074417646
0.9999722689719733
0.9999720626554722
0.9999714398828274
0.9999707035737326
0.9999702874279536
0.9999704363844286
0.9999709461994672
0.9999715183394974
0.9999717840028917
0.9999716660825868
0.999971180576472
0.9999704600144554
0.9999699290791703
0.9999698580358226
0.9999702747501645
0.9999708691666283
0.9999712674903996
0.9999713049232158
0.9999709148706301
0.9999702640681826
0.999969719623517
0.9999695277060046
0.9999697807355556
0.9999702935584227
0.9999708034895799
0.999971003529646
0.9999707678843517
0.9999701593045578
0.9999694323825478
0.9999690343668779
0.9999691290874025
0.999969576983399
0.9999700336955064
0.9999703372543044
0.9999702777765271
0.9999697689777588
0.9999690064179597
0.9999684629477721
0.9999683774192617
0.9999687646519438
0.9999693194170184
0.999969695190846
0.9999697663590901
0.9999694802950017
0.9999687562807799
0.9999681271092276
0.9999679070099086
0.9999681537874539
0.9999687060897349
0.9999691605022623
