0.9999998595947495
0.9999825320033457
0.9999668468042071
0.9999496136663709
0.9999323737508719
0.999915340006212
0.9999003586771349
0.9998831469425405
0.9998677754824812
0.9998520018552292
0.9998349448981168
0.9998173289808356
0.9998000463547904
0.9997838591754397
0.9997693134977158
0.9997570727639497
0.9997388296112488
0.9997240297291713
0.9997087801040767
0.9996872466859346
0.9996737534791266
0.9996586470927556
0.9996410856790025
0.9996275089753865
0.9996109694223495
0.9995963638962855
0.9995794935149075
0.9995651141118728
0.9995479203073805
0.9995334247769347
0.9995174826687524
0.9995012464680587
0.9994843158141082
0.9994677529481428
0.999451625794113
0.9994373841575808
0.9994230690747978
0.9994019730001176
0.9993849784180496
0.9993632686566529
0.9993499966109348
0.9993366475808497
0.9993232930394857
0.9993038201270231
0.9992947988424447
0.999277789631139
0.9992628549685155
0.9992483218070842
0.999225901245815
0.9992151601602903
0.9991976329352322
0.9991854791982466
0.9991685548698493
0.9991564633827855
0.9991361872523195
0.9991082701059265
0.9990959195406651
0.9990778162486539
0.999062408688991
0.9990510450919508
0.9990364335173912
0.9990144006941658
0.9990020322239261
0.9989820239907857
0.9989618948648039
0.9989505899871404
0.9989353642696474
0.9989188506989737
0.9989022512403765
0.9988855190893113
0.9988624240664256
0.9988526846096344
0.9988328419252966
0.9988212827748899
0.9988075008715077
0.9987869192424668
0.9987680365397059
0.998756858835931
0.9987388820556008
0.998717770404544
0.9987049465575456
0.9986859132924308
0.9986702503256575
0.9986599612262398
0.998643637103879
0.9986355995102305
0.9986191077997126
0.9986009171482947
0.9985877110442621
0.9985686972599889
0.9985527210826822
0.9985330434238975
0.9985159984582569
0.9984956259891726
0.9984874742337575
0.9984785694353837
0.9984623584965181
0.9984451510360027
0.9984236896643558
0.9984087377732733
0.9983994896121847
0.9983763846111974
0.9983671509625327
0.9983607775365474
0.9983464197060776
0.9983387960550246
0.9983264734561174
0.9983133627192224
0.9982940434440855
0.9982730456392597
0.9982618024014105
0.9982426834359962
0.9982290548503845
0.9982080989590139
0.9981816989592344
0.998158834478037
0.9981563017715287
0.9981474834697759
0.9981252406403102
0.998114142752084
0.9980870031310547
0.9980783121398221
0.9980543164884015
0.9980484207382365
0.9980344467003386
0.9980258410185417
0.998007584229036
0.9979995537337919
0.9979773596350874
0.9979616090049401
0.9979489908120611
0.9979269389141695
0.9979128227426802
0.9978885250717063
0.9978688803331035
0.9978536312112923
0.9978380690459032
0.9978200039394398
0.9977970673926436
0.997787112292077
0.997769587233107
0.9977440904396097
0.9977272295270527
0.9977045669416735
0.9976998243352262
0.9976886410026581
0.9976763023242924
0.9976599522544192
0.9976325960686495
0.997626275020462
0.9976092034574419
0.9975941702687746
0.9975911894224159
0.9975795055421509
0.9975571770778426
0.9975353211284798
0.9975193032876681
0.9975056453860704
0.9974829502818267
0.9974576994224141
0.9974401063739833
0.9974247829313763
0.997404749462066
0.9973859181961456
0.9973618608069288
0.9973436561625652
0.9973306298899347
0.9973154585074818
0.9972957933197066
0.997281102232283
0.9972697132665416
0.9972628489613465
0.9972387807370829
0.9972337603419329
0.9972224672173697
0.9972051068308834
0.9971864681589813
0.9971780896614599
0.9971612136996133
0.9971489407247767
0.9971381145703899
0.9971194965345729
0.9971020017390068
0.9970775130283562
0.9970705317210523
0.997055755745303
0.9970425016011891
0.9970314135888866
0.9970189153966049
0.9969924328274729
0.996976758262571
0.9969563768807295
0.9969413295241955
0.996924486776526
0.9969016532267622
0.9968797485776051
0.9968639999942044
0.9968362518152558
0.9968177969936132
0.9968030805565357
0.9967955697929627
0.9967881095631256
0.9967651221970054
0.9967494549946787
0.9967250465765053
0.9967099445280915
0.9967014608691838
0.996676243258794
0.9966475293902864
0.9966425066896011
0.9966262865845718
0.9966104441941346
0.9965924162954689
0.9965825876048682
0.9965654198475264
0.9965513289546925
0.9965427073778217
0.9965353958775854
0.9965039029357265
0.9964826762125091
0.9964615080820107
0.9964498473685991
0.99643253657067
0.996415425663932
0.99639836334639
0.9963728753668677
0.9963571594255218
0.9963266174070105
0.9963136344232557
0.9963107159706703
0.9962998062064139
0.9962834548014552
0.9962721733670991
0.9962523173803546
0.9962284603186777
0.9962087364205161
0.9961988455240683
0.9961853049242686
0.9961703222579694
0.9961385923650248
0.9961167939741338
0.9960989626515311
0.9960914578036424
0.9960753480622271
0.9960601988931219
0.9960490610555485
0.9960290130879169
0.9960233982019154
0.9960034017298997
0.9959902601171006
0.9959717219690902
0.9959578225033451
0.9959515074986126
0.99595311884402
0.9959463231182044
0.9959331718830062
0.9959055559476837
0.9958975176543566
0.9958740121868164
0.9958594495413895
0.9958396653062427
0.995840411228699
0.9958267127876533
0.99581348017993
0.9957903353515521
0.9957655216900706
0.9957371049764764
0.9957311338616436
0.9957263956048968
0.9957202971481789
0.9957050974513189
0.995690797235341
0.9956799113106355
0.9956771083317357
0.9956498897443635
0.9956242128105065
0.9956059676272391
0.9955942561975476
0.9955896468658529
0.9955679373744876
0.9955652947744859
0.995543009371529
0.9955331030000415
0.9954985407232146
0.9954834506726636
0.99546666230919
0.9954486270427668
0.9954303100297894
0.9954158832179075
0.9953935621912201
0.9953849566247731
0.9953636172019035
0.9953506671388925
0.9953349971193034
0.9953157884374803
0.995308366638975
0.9952906711981775
0.9952681627451097
0.995259523022677
0.9952481538628426
0.9952417309728703
0.9952245938640899
0.9952190978661388
0.9952032512535465
0.9951820134613025
0.9951627979671996
0.9951438071204837
0.9951332244133181
0.9951177666434919
0.9951018759328641
0.9950892659655987
0.9950638220351544
0.9950403375174169
0.9950286163298355
0.9950116318094097
0.9949853815585898
0.9949786203543578
0.9949533973369337
0.994947388847006
0.9949334030064703
0.9949286474529215
0.9949079541926596
0.9948859164464673
0.9948680309223437
0.9948441771267935
0.9948380231192803
0.9948156623938937
0.9947968760724755
0.994769048482493
0.9947544891768124
0.99473958177471
0.9947160576825376
0.9946970890893259
0.9946766986417688
0.9946665436601194
0.9946562041922209
0.994647065006357
0.9946496339496387
0.9946359801589822
0.9946384803821718
0.9946212495648367
0.994623720527024
0.9946172090243499
0.9945955126150627
0.9945706757301987
0.9945557755940503
0.9945210200841813
0.9944941202746983
0.9944901471410624
0.994471963226127
0.9944493416477374
0.9944344462564235
0.9944122178039214
0.9943950767961969
0.9943712354805098
0.994367741656434
0.9943574874850147
0.9943359565199598
0.9943195038249639
0.9942901042077038
0.9942625211541669
0.9942496498963712
0.9942451178911834
0.9942229026170998
0.9941910457516177
0.994177776147132
0.9941520782701081
0.9941161604379438
0.9940918147856072
0.9940690335423232
0.9940414592112178
0.9940337009342413
0.9940249553769017
0.9940013048298864
0.9939784680787623
0.9939746935601544
0.9939549009501677
0.9939501015008452
0.9939495836413985
0.9939385692434403
0.993913828224811
0.9939174435008503
0.9939050269284654
0.9938755222407001
0.9938681878425729
0.9938601014698863
0.9938674437480942
0.9938373065665674
0.9938260821351884
0.9938072619427258
0.9937995703331044
0.9937702436534013
0.9937470252729644
0.9937381573287156
0.9937186506125534
0.9936970166065637
0.9936899535084613
0.9936762376735918
0.9936600177520775
0.9936554929901475
0.9936366306213946
0.9936129797356477
0.9935953624051268
0.9935726509702646
0.9935531086305905
0.9935451557510395
0.9935404424070521
0.9935250927455624
0.993506745300481
0.9934698866619625
0.9934445051591551
0.9934511282290377
0.9934261752215232
0.9934124962772339
0.9933823046796774
0.9933615031417079
0.9933410372086894
0.9933233297169011
0.9933267235066837
0.9933230093826004
0.9933004401515629
0.9933017324177464
0.9932789364163513
0.993286229693012
0.993251760458992
0.9932220515628171
0.9932155310911307
0.9931889697896612
0.9931448781726677
0.9931127901890939
0.9930936244021151
0.9930752440352628
0.993054998661204
0.9930311854766019
0.9930071562046507
0.9929933689118677
0.9929898424737236
0.9929717500064648
0.9929316250898418
0.9929163008672265
0.992918466595142
0.9929065534993972
0.9928946893534348
0.9928784920630671
0.9928566629769082
0.9928316221051097
0.9928200534494838
0.9927995221737429
0.9927795610752828
0.992762281684015
0.992740929014705
0.9927234430487666
0.9927188280049213
0.9926995269493396
0.9926793628178994
0.9926732038681395
0.992652545872288
0.9926250721194939
0.9926199381252456
0.9926106114551961
0.992604058806485
0.9925925233697729
0.9925744616589358
0.9925602780110979
0.9925454043750408
0.9925417980472191
0.9925175061065633
0.9925105885521778
0.9925044740092912
0.9924867920732
0.9924906137561408
0.9924549272351217
0.9924461071901565
0.9924264624207965
0.9924228194047439
0.9924084960454118
0.9923987281094045
0.9923831103520423
0.9923834651147151
0.9923711019006477
0.9923438260227267
0.9923252038325175
0.992298157057432
0.9922890208124756
0.9922907460665333
0.9922862850749755
0.9922776104835662
0.9922811321476496
0.9922719191533957
0.9922515832469375
0.9922202000525904
0.9921995263132428
0.9921888251553879
0.9921795506379137
0.9921593496470266
0.9921653275583366
0.9921537480885189
0.9921295709886866
0.9921148411011045
0.9921135953414971
