0.9999999290420231
0.9999996214007236
0.9999997954001902
0.9999996367954502
0.9999996007433222
0.9999996726142868
0.9999994267824496
0.9999996506743265
0.9999993540205346
0.9999995337091123
0.9999993583235798
0.9999993379723026
0.9999993965313003
0.9999991594620147
0.999999373537248
0.9999990544945121
0.9999992364720239
0.999999052349106
0.9999990515166338
0.9999990987612603
0.9999988770530895
0.999999077213012
0.9999987810545191
0.9999989754652938
0.9999987853484492
0.9999988044229555
0.999998811589837
0.9999986173383788
0.999998831645759
0.9999985317197809
0.999998747355512
0.9999985416907502
0.999998569137136
0.9999985718090691
0.99999837502373
0.9999985627840923
0.9999982553414846
0.9999984731533682
0.999998238708938
0.9999982845988161
0.9999982750036419
0.9999981160299876
0.999998276539933
0.9999979586052785
0.9999981650572956
0.999997939090783
0.9999979895862101
0.9999979422480204
0.9999977820028618
0.9999979454130696
0.999997672094369
0.9999978906440049
0.9999976499279611
0.9999977063723517
0.999997658720307
0.999997523267709
0.9999976711810156
0.9999973811931202
0.9999975793891109
0.9999973250788267
0.9999974298667882
0.9999973398362187
0.9999972284762985
0.999997356448253
0.9999970764307409
0.9999972870699803
0.9999970092254237
0.9999971091928649
0.9999970206939728
0.9999969042655602
0.9999970383170446
0.9999967548146252
0.9999969380533548
0.9999966678320615
0.9999967933341257
0.9999966770840002
0.9999965796264532
0.9999966578910084
0.9999963838582624
0.9999965563691483
0.9999962823777558
0.9999963973680374
0.9999962943269013
0.9999962185075809
0.9999963010799958
0.9999960564623304
0.999996243781884
0.9999959614882075
0.9999961085329743
0.9999959794257477
0.9999959424290448
0.9999960092920764
0.9999957527153518
0.9999959549945309
0.9999956684001443
0.9999958066649997
0.9999956804143063
0.9999956387382579
0.9999957045109419
0.999995470266926
0.9999956393137003
0.999995353698646
0.9999955194166882
0.9999953349411699
0.9999953116664096
0.9999953380496021
0.9999951298644087
0.9999953155650556
0.9999950629526934
0.9999951985011322
0.9999950282744183
0.9999950096086616
0.9999950274565642
0.9999948385541687
0.9999950080108668
0.9999947160775968
0.9999948361258795
0.9999946670213695
0.9999946502218314
0.999994671239619
0.9999944628344427
0.9999946242748949
0.9999943789748021
0.9999945377189724
0.9999943304503204
0.9999943618584402
0.999994346944608
0.9999941749975799
0.9999943256698941
0.9999940654077935
0.9999942314245751
0.9999940309895692
0.9999940595723156
0.9999940828203542
0.9999939096908176
0.9999940538774299
0.9999937892873502
0.9999939520862462
0.9999937406486514
0.9999937836284183
0.999993770056305
0.9999936353369624
0.9999937648860936
0.9999934955487751
0.9999936520572196
0.9999934736697166
0.9999935257133641
0.999993503440414
0.9999933754416747
0.9999935015925389
0.9999932582874178
0.9999934139703359
0.9999932204041477
0.999993272651638
0.9999932192715557
0.9999930939780783
0.9999931903534229
0.9999929429794769
0.9999931289138169
0.9999929009377277
0.9999929758299424
0.9999929412200277
0.9999928284811289
0.9999929005038414
0.9999926481535663
0.9999928338773217
0.9999925727051737
0.9999926748008869
0.9999925638156186
0.9999924770495829
0.9999925693574799
0.999992347814387
0.9999925061386313
0.9999922583108751
0.9999923527464983
0.9999922738906797
0.9999922378437919
0.9999923397631005
0.9999921002853613
0.999992255662743
0.9999920570539911
0.9999921678022963
0.99999206336084
0.9999920012098107
0.9999920606325898
0.9999918578744884
0.9999920052951242
0.9999917882012602
0.9999918678627682
0.9999917849796764
0.9999917610484576
0.9999918022662656
0.9999915939120874
0.9999917574523014
0.9999914931940656
0.9999915954039479
0.9999914736884297
0.9999914051148842
0.9999914281313639
0.9999912587411693
0.9999913919081466
0.9999911665680091
0.9999912905339706
0.9999911841403247
0.9999911523824649
0.9999911772200825
0.9999909945331559
0.9999911137475704
0.9999908684019978
0.9999909911745064
0.99999081796876
0.999990802371186
0.999990816308328
0.9999906274560654
0.9999907333546265
0.9999904963370938
0.9999906172333466
0.9999904724591533
0.9999904701183289
0.9999904665213838
0.9999903117953912
0.9999904458331902
0.9999902248554065
0.99999033849993
0.9999901526244165
0.9999901451898715
0.9999901229394248
0.999989934416045
0.9999900132529347
0.9999897950286373
0.9999899113975618
0.9999897384850216
0.999989760214682
0.999989739343224
0.9999895991351694
0.9999896845794647
0.9999894433316607
0.9999895569705279
0.9999893749379098
0.9999894045865972
0.9999893681642461
0.9999892490525176
0.9999893527714225
0.9999891412711311
0.9999892884416005
0.9999891204210296
0.9999891526796973
0.9999891128769245
0.9999889839904137
0.9999890867846073
0.9999888494541611
0.9999889808226257
0.9999887958581516
0.9999888426543088
0.9999888071047416
0.9999887202252271
0.9999888195325958
0.9999886045092257
0.9999887437233392
0.9999885518788618
0.9999886034277029
0.9999885072463827
0.9999884387811091
0.9999885214616644
0.9999883113155039
0.9999884628434866
0.9999882842339103
0.9999883385412995
0.9999882552222931
0.9999881433199951
0.9999881649070659
0.9999879757714069
0.9999880956679915
0.9999879042578882
0.9999879602200391
0.9999878920886884
0.9999877871523375
0.9999878509664373
0.9999876892328423
0.9999877919998211
0.9999875907576233
0.9999876653388594
0.9999875748399479
0.9999875243916347
0.9999875592069992
0.9999873462379796
0.9999874748384431
0.999987305095213
0.9999874139235089
0.9999873034915544
0.9999872473058447
0.9999872654975166
0.9999870623477585
0.9999871541429465
0.999986971698192
0.9999870510630425
0.9999869270676865
0.999986914292048
0.9999869221410398
0.9999867562081178
0.9999868961145305
0.9999867121892568
0.9999868358156906
0.9999866972269945
0.9999866659272928
0.9999866795153559
0.9999865526896788
0.9999866075194431
0.9999863705848067
0.9999864670928281
0.9999863411124126
0.9999863405014479
0.9999863508966544
0.9999861947255263
0.9999863054490497
0.9999860848182645
0.9999862317435319
0.9999861017289583
0.9999861287496218
0.9999860977339348
0.9999859448228948
0.9999860768752248
0.9999858489087132
0.999985928537731
0.9999857793335513
0.9999858152410785
0.999985798027156
0.9999856778903095
0.999985772403087
0.9999855335231619
0.9999856110483456
0.9999854687265286
0.9999854420100108
0.9999854243390706
0.9999852831271038
0.9999853389067427
0.9999851454848631
0.9999852894219597
0.9999850617339309
0.9999850589100147
0.9999849822098427
0.9999848706021345
0.9999849411761708
0.9999847709531756
0.9999848447728131
0.9999846508131816
0.9999847195138993
0.9999846865695876
0.9999845695771443
0.9999846288038843
0.9999844515172107
0.999984567265086
0.9999843725707251
0.9999843900648583
0.999984352802038
0.9999842663253043
0.9999843332212457
0.9999841713280787
0.9999842966890328
0.9999840985802704
0.9999840948720506
0.9999840514116078
0.9999839871147989
0.9999840166808608
0.9999838540762925
0.9999839477704373
0.9999837478770905
0.9999837552463121
0.9999836706283659
0.9999835986835378
0.9999836102037108
0.9999834553644327
0.9999835740468661
0.9999834216734422
0.9999834705333449
0.9999834412544499
0.9999833829598087
0.9999834208962015
0.9999832522873516
0.9999833812769743
0.9999832193829576
0.9999832817836336
0.9999831974675568
0.9999831020910457
0.9999831326378763
0.9999829833775119
0.9999830774943737
0.9999828840567839
0.9999829834008878
0.99998285083014
0.9999828299847933
0.9999828819459669
0.9999826945591085
0.9999827636500815
0.9999826441104114
0.9999827215473971
0.9999826394233481
0.9999826248973522
0.9999826448473185
0.9999824895325184
0.9999825832860755
0.9999823975439968
0.9999824607962108
0.999982399875583
0.9999823682829917
0.9999823106180618
0.9999821670351131
0.9999822202464886
0.9999820424143051
0.9999821251695769
0.9999820311668558
0.9999819818434099
0.9999820093223055
0.9999818915465016
0.9999819982585347
0.9999818411895078
0.9999819716219158
0.9999818711602458
0.9999818596410901
0.9999818934654703
0.9999817571976667
0.9999818097397046
0.999981632398884
0.9999817126404801
0.9999816048700131
0.9999815618897884
0.9999815250913108
0.9999814259086718
0.9999815056871197
0.9999813155866696
0.9999814571835318
0.9999813026883959
0.9999812906577422
0.9999812859762757
0.9999811637981506
0.9999812304138138
0.999981028973991
0.9999810797691172
0.9999809735710482
0.9999809469211868
0.9999809277300908
0.9999807966487614
0.9999808198229929
0.9999806635191987
0.9999807245823962
0.9999805710689759
0.999980525975668
0.999980462389915
0.9999803632792239
0.9999804277902037
0.999980226883005
0.9999803182813816
0.9999801590376493
0.9999801810528695
0.9999801148068382
0.9999800486432682
0.999980115562296
0.9999799711179284
0.9999800512970674
0.9999799015879716
0.999979883872274
0.9999798165544754
0.9999797665173478
0.9999798483111556
0.9999796799489599
0.9999798004318442
0.9999796486539037
0.9999796792980326
0.9999795838244531
0.9999794949677924
0.9999795411574037
0.9999794228788605
0.9999795170731745
0.9999793670876662
0.9999794271047565
0.9999793884758655
0.9999793124451567
0.9999793547490722
0.9999791925904087
0.9999792802754096
0.9999791152165453
0.9999791991590575
0.9999791689141749
0.9999791069299081
0.9999791532218374
0.9999790011121251
0.9999790630359072
0.9999789200009428
0.9999789598928102
0.9999788591684452
0.9999788854234534
0.9999788969877714
0.9999787214895675
0.9999787761084777
0.9999786729607282
0.9999786983572948
0.9999785545410713
0.9999785459144961
0.9999785525331039
0.9999784085923253
