0.9999997604093644
0.9999993096464697
0.9999987330443745
0.9999991003941167
0.9999996305309846
0.9999993092473308
0.9999986601029718
0.9999988617604706
0.999999471160991
0.999999284120973
0.999998607180578
0.9999986316199182
0.9999992776150409
0.9999992445252188
0.9999985773664453
0.9999984225655689
0.9999990650665668
0.9999991883950651
0.9999985643168182
0.9999982650871445
0.9999988424978304
0.9999991058054105
0.999998561199819
0.9999981226470858
0.9999986085393349
0.9999990124859043
0.9999985663967665
0.9999980262541267
0.9999983829845339
0.9999988944155769
0.99999857247874
0.9999979647348707
0.999998156980603
0.9999987382103124
0.9999985564558488
0.9999979230511321
0.9999979464320891
0.9999985527784764
0.9999985150237126
0.999997893483754
0.999997743115427
0.999998338425563
0.9999984438397415
0.9999978700222629
0.999997574989456
0.9999981297817923
0.9999983739204054
0.9999978807604134
0.999997449490395
0.9999979255152542
0.9999982820157663
0.9999978711165273
0.999997339587794
0.9999976757467689
0.9999981491693022
0.9999978414670313
0.999997244563145
0.9999974281545786
0.9999979856203514
0.9999978143673699
0.9999972041654419
0.9999972349731725
0.9999978192945941
0.9999977902204893
0.9999971924809746
0.9999970515233028
0.9999976346563854
0.9999977213018667
0.9999971780406711
0.9999968939619461
0.9999974370845085
0.9999976661371651
0.999997165111658
0.9999967482501971
0.9999971794746115
0.9999975252443108
0.9999971231655824
0.9999966018509633
0.9999969139662546
0.9999973604338598
0.9999970715591545
0.9999965059838302
0.9999966710435827
0.9999971774307328
0.9999970159893742
0.9999964166245371
0.9999964446988137
0.9999970054352444
0.999996967812342
0.9999963923165307
0.9999962553530007
0.9999968029127094
0.999996891598751
0.9999963494344655
0.9999960517363072
0.9999965616413493
0.9999967857494377
0.9999963028714751
0.9999958998287013
0.9999963167768339
0.9999966710876451
0.9999962883518304
0.9999958010812441
0.9999961174358512
0.9999965405156589
0.9999962576790589
0.9999957017069309
0.9999958865926242
0.9999963721572591
0.9999962061322333
0.9999956322239016
0.9999956549623106
0.9999962017575186
0.9999961611108986
0.9999955963630257
0.9999954566985603
0.9999960093221312
0.9999960919608039
0.9999955729024829
0.9999953021885943
0.999995808671078
0.9999960156034322
0.9999955626446744
0.9999951679774407
0.9999955841444835
0.9999959204325017
0.9999955164310813
0.9999950389445658
0.9999953548653953
0.9999957706839185
0.9999954728749232
0.9999949627216634
0.9999951362198851
0.9999956404579229
0.9999954527319322
0.9999949168914324
0.9999949332866361
0.9999954711566976
0.9999954128510006
0.9999948850237332
0.9999947482662734
0.9999952774249893
0.9999953292449528
0.9999948256238552
0.999994575202889
0.9999950703821557
0.999995255136664
0.9999948106945995
0.9999944186941384
0.9999948229780765
0.9999951641566082
0.999994788921752
0.9999943471562058
0.9999946485045813
0.9999950678084925
0.9999947888250016
0.9999943007223709
0.9999944527652358
0.9999948986189594
0.9999947340518281
0.9999942252410752
0.9999942480506303
0.9999947554289496
0.9999947046827907
0.9999942006622964
0.9999940820308778
0.9999945751154975
0.9999946310913673
0.9999941413894091
0.999993892453542
0.9999943568762872
0.9999945324638996
0.999994092778644
0.9999937508538325
0.9999941363454593
0.9999944479234363
0.9999940973880573
0.9999936550367168
0.9999939260273923
0.9999943105516773
0.9999940655694689
0.9999935625461799
0.9999936998627252
0.9999941457303673
0.9999939717249127
0.9999934837560652
0.9999934923909027
0.9999939570409135
0.9999938815587891
0.9999933873436824
0.999993282019004
0.9999937712885726
0.9999938005821223
0.9999933504680198
0.9999931115714796
0.9999935479438817
0.999993713339382
0.9999932746383131
0.9999929684865607
0.99999332394191
0.9999936031262557
0.9999932488252088
0.9999928493689693
0.9999931137753387
0.9999934752242565
0.9999931956642315
0.9999927342486536
0.9999928824901196
0.9999932899888953
0.9999931365073419
0.9999926788244413
0.9999926844870515
0.9999931298638401
0.9999930559232928
0.9999925835904544
0.9999924929608546
0.9999929634116645
0.9999930463839798
0.9999925913720619
0.9999923827995684
0.9999928341321266
0.9999929849143857
0.9999925785039796
0.9999923015215532
0.9999926441223094
0.9999929169532822
0.9999925728087923
0.9999921901255552
0.9999924540920828
0.9999928226477504
0.9999925300976193
0.9999921117173811
0.9999922521579392
0.999992639932737
0.9999924324321698
0.9999919693260337
0.9999919970722746
0.9999924738139095
0.9999924127608412
0.9999919781358582
0.999991889536165
0.9999923411633915
0.9999923926158913
0.9999919435581522
0.9999917568979981
0.9999921549473737
0.9999923166255416
0.9999918999419869
0.9999915993041895
0.9999919403075737
0.999992168957151
0.9999918093365884
0.9999914589010236
0.9999917510781321
0.9999920764280582
0.9999917824605866
0.9999913611327793
0.9999915234821113
0.9999919282179941
0.9999917677712561
0.9999913218903552
0.9999913803522672
0.9999917999767247
0.999991733445881
0.9999912771145908
0.9999911775916583
0.9999915937105857
0.9999916191255963
0.9999911596782612
0.9999909868378586
0.9999913698123829
0.9999914841121943
0.999991095208424
0.9999908336406391
0.9999911432072838
0.9999913648836343
0.9999910453371683
0.9999907105698359
0.9999909467085993
0.9999912556699732
0.9999909939891398
0.9999906065146561
0.9999907496213897
0.9999911297641265
0.9999909316811352
0.9999905168417454
0.9999905434636035
0.9999909446268197
0.9999908721393638
0.9999904294416514
0.999990370726722
0.9999907843402907
0.9999908304585848
0.9999904084295087
0.9999902192454564
0.9999906365907589
0.9999907739914978
0.9999904275268144
0.9999901423411451
0.9999904544548123
0.9999907043470821
0.9999903675889892
0.9999900072760933
0.999990222154837
0.999990552317707
0.9999903279576585
0.9999899373821778
0.9999900491285589
0.9999904137218011
0.9999902878269926
0.9999898685757908
0.9999898516285306
0.9999902624748945
0.9999901865407772
0.9999897711121046
0.9999896795350095
0.9999900497538892
0.9999900939418152
0.9999896933420999
0.9999895317817192
0.9999898646553788
0.9999900058792321
0.9999896537091073
0.9999894246213518
0.9999897106980333
0.9999899424353939
0.9999896081584502
0.9999892861457705
0.9999895118445759
0.9999898127007745
0.9999895718605547
0.9999892057626473
0.9999893160433903
0.9999896484830035
0.9999894886543121
0.9999891089859589
0.9999891689636452
0.9999895350657723
0.9999895018672241
0.999989110322516
0.9999890437052091
0.9999894120772663
0.9999894345678335
0.9999890447662811
0.9999888749820067
0.9999892503688323
0.9999894132280277
0.9999890014527902
0.9999887540560888
0.9999890304303212
0.9999892412472755
0.9999889423025655
0.9999886170113156
0.9999888325969246
0.9999891181124081
0.9999889168798952
0.9999885266062959
0.9999886311802154
0.9999889648657627
0.9999888247356323
0.9999884208286623
0.9999884584656832
0.9999888654551659
0.999988802580522
0.9999884359942771
0.999988329895729
0.9999887189051773
0.9999887690160257
0.9999883647788755
0.9999882182293597
0.9999885546484254
0.9999886811797972
0.9999883318715312
0.9999880964103605
0.9999883339565802
0.9999885566413396
0.9999882653702786
0.999987978286357
0.999988171025017
0.9999884392174142
0.9999882269821261
0.9999878850061409
0.9999879618285556
0.999988277330212
0.9999881217679046
0.9999877808445888
0.99998776556645
0.9999881072453971
0.9999880019816129
0.9999876597759545
0.9999875526052785
0.9999879030908145
0.9999879290345218
0.9999875947623684
0.9999874733429124
0.9999877952445304
0.99998793764957
0.9999875825925445
0.9999873777819407
0.9999876049251561
0.9999878432757149
0.9999875486450709
0.9999872801391869
0.999987455808826
0.9999877186706904
0.9999874930524905
0.9999871724252221
0.9999872492882126
0.9999875711569332
0.9999874091942422
0.9999870631367734
0.9999870802547282
0.9999873918882338
0.9999873208121133
0.999986944184669
0.9999869010447214
0.9999872164278912
0.9999872654602115
0.9999869355052937
0.999986773861587
0.9999870665829983
0.9999871760752069
0.9999868464031925
0.999986611019666
0.9999868238961764
0.9999870070731564
0.9999867091661928
0.9999864635725941
0.9999865997804667
0.9999868394359797
0.9999866382834932
0.9999863321531969
0.9999864049908439
0.9999867275971013
0.9999865724017404
0.9999862278428489
0.9999862310468897
0.9999865673061401
0.9999865068723891
0.9999861671952099
0.9999861397052315
0.9999864412291795
0.9999864900445626
0.9999861065924981
0.9999859624205921
0.9999862585864172
0.9999864118458247
0.9999860990284456
0.9999858904499429
0.9999860861144193
0.9999862543631836
0.9999859778076085
0.9999856639992755
0.9999858065327407
0.9999860588971511
0.9999858566475228
0.9999855302003152
0.9999856125806876
0.999985905656985
0.9999858136701467
0.9999854610838811
0.9999854540285763
0.999985761009684
0.999985722210418
0.9999853834059872
0.9999853084114829
0.9999855920846255
0.9999856279396432
0.999985326120055
0.999985167498812
0.9999854283121336
0.9999855928480214
0.9999852695127589
0.9999850745144847
0.9999852945919846
0.9999855057209324
0.9999851908363843
0.9999848952188592
0.9999850387911815
0.9999852964310919
0.9999851128009912
0.9999848281695892
0.9999848735092528
0.9999851714103126
0.9999850630740201
0.9999847347082198
0.999984723644478
0.9999850149495761
0.9999849639178486
0.9999845965313339
0.9999845215711601
0.999984793748015
0.9999848655609821
0.9999845265851538
0.9999843401972792
0.9999845816630619
0.9999847058738205
0.9999844403172922
0.9999841803382106
0.9999844034727332
