0.9999999091813885
0.9999995586026565
0.9999997021035089
0.9999997256694791
0.9999994447975131
0.999999752954492
0.999999452341608
0.9999995037821131
0.9999996326593911
0.9999992903144462
0.9999995863114111
0.9999993692218136
0.9999993171049418
0.9999995262326338
0.999999163757975
0.9999994161706713
0.9999992960111483
0.9999991344377559
0.9999994001632276
0.9999990427894885
0.9999992260870924
0.9999992113990454
0.9999989652545526
0.9999992579141983
0.9999989424861674
0.9999990371240359
0.9999991287370363
0.9999988113485843
0.9999991122556416
0.9999988666979307
0.9999988630568165
0.9999990227934065
0.9999986692491695
0.9999989366346693
0.9999987849741354
0.9999986659624135
0.9999988956691406
0.9999985338841021
0.9999987455811438
0.9999986817812814
0.9999984839291486
0.9999987644337165
0.9999984407121246
0.9999985625551018
0.9999986031656769
0.9999983245821265
0.9999986168443504
0.9999983521450556
0.9999983821499382
0.9999985081943414
0.999998192941152
0.9999984558289691
0.9999982701856029
0.9999981969217473
0.999998402670456
0.9999980683547449
0.9999983009767888
0.9999982007486158
0.9999980349700024
0.9999982923234626
0.9999979594157853
0.9999981149015198
0.9999981139183891
0.9999978700864218
0.999998151636311
0.9999978547705426
0.9999979173757533
0.9999980097624637
0.999997707340376
0.9999979746467794
0.9999977559159428
0.9999977378142635
0.9999978993827895
0.9999975699966626
0.9999978226356665
0.9999976893511525
0.999997558650919
0.9999977815735602
0.9999974555185579
0.9999976307036766
0.9999976010661957
0.9999973921097273
0.9999976532151
0.9999973527020289
0.9999974540003826
0.9999975054928785
0.9999972291588516
0.999997480320971
0.9999972365633222
0.9999972544986996
0.9999973915904409
0.9999970648735745
0.9999973094041261
0.9999971509430174
0.9999970621508337
0.9999972536822829
0.9999969276764148
0.9999971180694911
0.9999970309149826
0.9999968444237666
0.9999970828963998
0.9999967717381288
0.9999968983799237
0.9999969243122541
0.9999966856359723
0.9999969556398933
0.9999966995671988
0.9999967387573909
0.9999968270980474
0.9999965229837104
0.9999967757524948
0.9999966036911243
0.9999965682284072
0.9999967318227719
0.9999964049269484
0.9999966153944035
0.9999964940991874
0.9999963549048079
0.9999965929811315
0.9999962707644596
0.9999964420667318
0.9999964202628303
0.9999961925012741
0.9999964408428275
0.9999961898987503
0.9999962606908699
0.9999963138318659
0.999996047967071
0.9999962981718672
0.9999960736761948
0.9999960622921678
0.9999962005048842
0.9999958966837906
0.9999961085267328
0.9999959546903299
0.9999958437566671
0.9999960075966067
0.9999957010127377
0.999995884904316
0.999995834898051
0.9999956510116419
0.999995885114365
0.9999956123822563
0.9999957199560149
0.9999957485191289
0.9999955074616635
0.9999957615038086
0.9999955281655754
0.999995532927371
0.9999956179810514
0.9999953548756849
0.9999955864060148
0.9999954138773334
0.9999953414482217
0.9999955051329605
0.9999952209238574
0.9999954151801801
0.9999952972643549
0.9999951489857228
0.9999953544255653
0.9999950798223721
0.9999952094838923
0.9999952091809325
0.9999949965832706
0.9999952362264168
0.999995002663941
0.9999950722199616
0.99999514176768
0.9999948744376899
0.999995092677402
0.9999949007020636
0.9999948520439923
0.9999949749635731
0.9999946965538553
0.9999948913725857
0.9999947733162707
0.9999946508006228
0.9999948231488769
0.9999945514580189
0.9999946996131321
0.9999946709977438
0.9999944832049042
0.9999946960927256
0.9999944381651479
0.999994517294648
0.999994562304496
0.9999943296316013
0.9999945268542797
0.9999943309865339
0.9999943227445637
0.9999944557147706
0.9999941908396427
0.9999943894427475
0.9999942463803408
0.9999941502471305
0.9999942842758917
0.9999940111311202
0.9999941684582455
0.9999941060731972
0.999993955858175
0.9999941548496312
0.9999939005295192
0.9999940010173728
0.9999940094685306
0.9999938134399828
0.9999940101576003
0.9999937906078318
0.9999938268185558
0.9999939028781668
0.9999936487940415
0.9999938404528668
0.9999936835043399
0.999993643364353
0.9999937683026578
0.9999934910395423
0.9999936561730135
0.9999935549452499
0.9999934487788568
0.9999936367051473
0.9999933908527769
0.9999934926568325
0.9999934486121127
0.999993269588849
0.9999934674345211
0.9999932272046287
0.9999932699857282
0.9999933182870385
0.9999930885479946
0.9999932912308229
0.9999931042797108
0.9999930888759627
0.9999931935172803
0.9999929606244531
0.9999931178659286
0.9999929969507202
0.9999928742090217
0.99999303344415
0.9999927586750755
0.999992884704221
0.999992834964862
0.9999926833732804
0.9999928983727069
0.9999926599013232
0.999992743312185
0.999992774207001
0.9999925755152743
0.9999927617626821
0.999992565933728
0.99999259398307
0.9999926910657789
0.9999924395638687
0.9999926160554701
0.9999924742366609
0.9999924087010139
0.9999925605604463
0.9999923086353231
0.9999924472014077
0.9999923796308583
0.9999922760160536
0.9999924384287953
0.9999922068654393
0.9999923079364987
0.9999923025615991
0.9999921186516324
0.9999922963826867
0.9999920914254221
0.9999921441519326
0.9999922102482168
0.9999919850808683
0.9999921547926391
0.9999919852171743
0.9999919669981505
0.9999920792790961
0.9999918404729636
0.9999919890559721
0.9999918674470616
0.9999917656477006
0.9999919312369073
0.9999916913742163
0.9999918063584363
0.9999917698516572
0.999991618545451
0.9999918040426127
0.9999916062878973
0.9999916684123482
0.999991712849456
0.9999915239722662
0.9999917240978913
0.9999915256041425
0.999991509539246
0.9999915747264956
0.9999913519969867
0.999991519323938
0.9999913967673982
0.9999913206611518
0.999991436153917
0.9999911908028883
0.9999913008989445
0.9999912459037582
0.9999911205955582
0.9999912753520016
0.9999910445116723
0.9999911380224568
0.9999911573885691
0.9999909898057213
0.9999911492516989
0.9999909499607825
0.9999909630959568
0.9999910406553182
0.9999908180147448
0.9999909564778404
0.9999908073658561
0.9999907602533165
0.9999908679532997
0.9999906221914517
0.9999907414243766
0.9999906206607146
0.999990508671882
0.9999906419863405
0.9999904246925647
0.9999905470637768
0.9999905196436444
0.9999903735583185
0.9999905582002044
0.9999903367700647
0.9999904068316424
0.9999904451220543
0.999990253348009
0.9999903780329725
0.9999902195806265
0.999990193813907
0.9999902701862556
0.9999900606005588
0.9999902107887061
0.9999900926666593
0.9999900507834879
0.9999901599224774
0.9999899374221091
0.9999900652589335
0.9999900220208879
0.999989874618477
0.9999900586502019
0.9999898520532816
0.999989934164862
0.9999899588954808
0.9999898183079808
0.9999899887800847
0.9999897865315358
0.9999898092636089
0.9999899002682143
0.9999897137508983
0.9999898790080082
0.9999897238110511
0.9999896879491924
0.9999897706657545
0.999989539808814
0.9999896375288596
0.999989557942258
0.9999894478640672
0.9999895963536558
0.9999893811958191
0.9999894628176044
0.9999894336327069
0.9999893156267454
0.999989428087456
0.9999892493479166
0.9999892577595251
0.9999892784562356
0.999989084823305
0.9999892463710647
0.9999890494495844
0.9999890511117393
0.9999891129840022
0.9999888984934552
0.9999890256076038
0.9999889286760665
0.9999888194188838
0.999988896095952
0.9999886752287463
0.9999887832362595
0.9999887068243807
0.9999886113191908
0.9999887583537429
0.999988558385217
0.9999886166080527
0.9999886256438757
0.9999884115548422
0.999988532800091
0.9999883650326307
0.9999883523367474
0.9999884045017366
0.9999882051346611
0.9999883161745546
0.9999881839434843
0.9999881387127707
0.99998828240968
0.9999880651888999
0.9999881813538475
0.9999881258152603
0.9999880257792707
0.9999881469360411
0.9999879339766395
0.9999880449173346
0.9999880133910116
0.9999878302809435
0.9999879822352927
0.9999877747538343
0.9999877947298722
0.9999878247248609
0.9999876491378588
0.9999877806215506
0.9999876163857181
0.9999876295271906
0.9999877305337678
0.9999875111214007
0.9999876368332337
0.9999875519685805
0.9999874605085542
0.9999875972404219
0.9999873582197489
0.9999874598987285
0.999987423912248
0.9999872793339641
0.9999874272454959
0.9999872476451633
0.9999873171861194
0.9999873135735875
0.9999871306889708
0.999987299408834
0.9999871579599531
0.9999871439540389
0.9999872102331129
0.9999869873246079
0.9999871334233819
0.9999870497848128
0.999986989871591
0.9999870803271896
0.9999868779782666
0.9999869783422124
0.9999869142166564
0.9999868154977767
0.9999869060291189
0.9999867054205005
0.9999867467042701
0.9999867384906477
0.9999866054542895
0.999986744717101
0.9999865669028827
0.9999865618378473
0.9999866077077018
0.9999864221707608
0.9999865664546594
0.9999864508854971
0.9999864345138323
0.999986501032572
0.9999863128618208
0.9999864217468876
0.9999863439399985
0.9999862808342485
0.9999864356576271
0.9999862149788984
0.9999862977104138
0.9999862528271144
0.9999861047425034
0.999986255796704
0.9999860704157917
0.9999861294731291
0.9999861642361522
0.9999860214565435
0.9999861374995646
0.9999859665476533
0.9999859565405823
0.9999860221958565
0.9999858412540154
0.9999859603584326
0.999985879705676
0.9999858262297585
0.9999858979885045
0.9999857060035814
0.9999857945595424
0.9999857533725051
0.9999856409760661
0.9999857544154612
0.999985586253467
0.9999856739190596
0.999985704208328
0.9999855927914737
0.999985741433131
0.9999855845109706
0.9999855596317339
0.9999856079569087
0.9999854511729792
0.999985531024253
0.9999854223077402
0.9999854066130157
0.9999854869185544
0.9999852832458044
0.9999853752994416
0.9999853006358722
0.9999852230283593
