0.9999996881292222
0.9999989531971682
0.9999979162071903
0.9999977761020709
0.9999982155960856
0.9999981575336041
0.9999972706502817
0.9999963269548692
0.9999963866487462
0.9999968149397331
0.9999965044201624
0.9999954392915302
0.9999947606911839
0.9999950260729454
0.9999953021842269
0.9999947994108678
0.9999937016954472
0.9999932088315769
0.9999935842051758
0.999993750699702
0.9999930630306291
0.9999920279846101
0.9999918283872048
0.9999922098756457
0.9999922522726609
0.9999913314560375
0.9999904248046951
0.9999904144420052
0.9999908758325948
0.9999907472655568
0.9999897142169302
0.9999890710543233
0.999989282890746
0.9999896293549598
0.9999891989871449
0.999988143152768
0.9999876417142306
0.9999879935048357
0.9999882285360049
0.9999876674408653
0.9999866791573839
0.9999863049392306
0.9999867860681859
0.9999867974192217
0.9999858676816324
0.9999850001634514
0.9999849557257796
0.9999853632941643
0.9999850923718241
0.9999840520994577
0.9999833188248156
0.9999834941565957
0.9999838453190288
0.9999833170125942
0.9999822861195506
0.9999816946966814
0.9999819602688407
0.9999821399923237
0.9999815856702963
0.9999804677226728
0.999980069396377
0.9999804689777227
0.9999805800176825
0.999980034564908
0.9999790441796406
0.9999789216713313
0.9999792729350966
0.999979097363392
0.9999781274310348
0.999977343109563
0.9999774312113807
0.9999778070666857
0.9999774916860775
0.9999765447122675
0.9999758800675436
0.9999760897291722
0.9999762582634936
0.9999756640699479
0.9999747820480809
0.9999744809010748
0.999974906671372
0.9999749803886913
0.9999742429328112
0.9999733412850031
0.9999730925660266
0.9999736114701022
0.9999734398299326
0.9999724480265871
0.9999714841652904
0.9999715251261079
0.9999719782080426
0.9999717241137203
0.9999707128939868
0.9999701641138138
0.9999703308423878
0.999970632653479
0.999969894987453
0.999968982929167
0.9999686021169841
0.9999689369076393
0.9999688237828418
0.9999680662557571
0.9999671229967517
0.9999668571103445
0.9999671830992125
0.999966976753301
0.9999660084277012
0.9999652557086824
0.9999651657324478
0.9999655573262247
0.9999654065692791
0.9999645964779043
0.9999638996773382
0.9999641546533392
0.9999643793004347
0.9999639553120463
0.9999630018076684
0.9999624345566989
0.9999627143388552
0.9999628133847467
0.9999620947590794
0.9999613683846404
0.9999612410618685
0.9999614624206531
0.9999613742489718
0.999960558044048
0.9999595839223648
0.9999595399832782
0.9999599299457629
0.9999596957568766
0.9999587204320297
0.9999580767402189
0.9999582070175451
0.9999582984025792
0.999957768852064
0.9999567381763687
0.9999561966247241
0.9999565601292761
0.9999569900008547
0.9999564273374472
0.9999556218941622
0.999955248967577
0.9999553296371899
0.9999551901837671
0.9999541916916657
0.9999532288238874
0.9999532212249184
0.9999536269811393
0.9999535042957147
0.9999527766124123
0.9999520259752671
0.9999520664771673
0.9999524352373297
0.999951995132483
0.9999510795861202
0.9999505911190775
0.999950880757296
0.9999508257631368
0.9999502351831938
0.9999494479805052
0.9999493336998335
0.999949450013342
0.9999494825421958
0.9999487799176349
0.9999479667056193
0.9999478134097555
0.9999480637317268
0.999948083716804
0.9999472185849633
0.9999466816672907
0.9999465710387302
0.9999465640718234
0.9999461067625811
0.9999454096198251
0.9999450891060051
0.9999451709429095
0.9999453000171719
0.9999449100153527
0.9999440583363208
0.9999438350573846
0.999944026170917
0.9999437670081107
0.9999428857044983
0.9999419441065275
0.9999418680692012
0.999941989027386
0.9999417619148716
0.9999409628303589
0.9999400563492455
0.999940067317524
0.9999402627582387
0.9999398769640448
0.9999392290435858
0.999938618556253
0.9999385254063106
0.9999385990255811
0.999937959027599
0.9999371996198286
0.9999369197036894
0.9999371836919032
0.9999373288026168
0.9999367037420669
0.9999359157213397
0.9999358230887875
0.9999361559224778
0.9999359191891984
0.9999351238424614
0.9999345411627739
0.9999344525591781
0.9999346867863693
0.9999343287192591
0.9999336472224979
0.999933035482912
0.9999329751510133
0.9999331225081854
0.9999326359758185
0.9999318708202297
0.9999317223989893
0.9999317576526598
0.9999321237192479
0.9999315735595788
0.9999306467482829
0.9999305598477357
0.9999310025823097
0.9999310328019696
0.9999302402582171
0.9999293021777206
0.9999290542328352
0.999928971841506
0.9999285920257515
0.9999276753485116
0.9999270458204774
0.9999268407145593
0.999926863162606
0.9999266004066626
0.999925843454748
0.9999254268984825
0.9999253405799028
0.9999253918968785
0.999924632639034
0.9999233414893922
0.9999227012956676
0.9999230976338536
0.9999229644410472
0.9999221140966663
0.9999212260608595
0.9999212579719927
0.9999215025545197
0.999921089384219
0.9999203005840069
0.9999198352556777
0.9999198449633273
0.9999202673917462
0.9999200041419815
0.99991919037808
0.9999185065639091
0.999918810001238
0.9999190909396383
0.9999185547788766
0.9999176096962119
0.9999173727880167
0.999917500348362
0.9999174396786188
0.99991661280084
0.9999156752319122
0.9999156064947539
0.9999155833723257
0.9999152935615521
0.9999143615055304
0.9999136095318911
0.9999134949966022
0.9999134021296162
0.9999132470977015
0.9999123258291355
0.9999118684456714
0.9999120646793291
0.9999118563504582
0.9999108233792874
0.99990990335313
0.9999093548883559
0.9999095722976487
0.9999095715545545
0.9999085210336704
0.9999077749084531
0.9999077709936276
0.9999080054480961
0.9999079068118053
0.9999074106314185
0.9999065986398276
0.9999064600770108
0.9999067038467813
0.9999063261499974
0.9999054573440743
0.9999048778542206
0.9999049849916098
0.9999051105467087
0.9999045495465306
0.9999035121789431
0.9999031577971434
0.999903330160435
0.999903143834231
0.9999025042687438
0.9999017059419975
0.99990146370068
0.999901361963992
0.9999015780264774
0.9999007416438672
0.9999003669892729
0.9999002932308406
0.9999003166621994
0.9999001055961838
0.9998993719650529
0.9998989250147845
0.9998989127377912
0.9998993192370799
0.9998987270044142
0.999897606795813
0.999897028206245
0.9998972034318319
0.9998970123545634
0.9998964036556159
0.9998956413741356
0.9998951296287835
0.9998952787110417
0.9998951769169366
0.9998945355792245
0.9998939586144444
0.9998936092614992
0.9998939570827485
0.9998935632935844
0.9998929154219196
0.9998923162112203
0.9998920873940847
0.9998919295137197
0.9998913948239462
0.9998905172676884
0.999890486049436
0.999890536518612
0.9998908735217356
0.9998904472782849
0.9998895853359128
0.9998891204551092
0.9998893045368764
0.9998890096108712
0.9998883156371168
0.9998877606149189
0.9998877524118457
0.9998875339133747
0.999887385348058
0.9998868800984938
0.9998863030643953
0.9998860600578326
0.9998861189279408
0.9998858843146433
0.999884977540817
0.9998844641464569
0.999884845833359
0.9998845802957709
0.9998839932847149
0.9998836158014236
0.9998834204156551
0.9998833328571899
0.9998831915649216
0.9998825903877662
0.9998819323661498
0.9998817124296695
0.9998820076791659
0.9998816109450214
0.99988099388942
0.9998803355249665
0.9998802875361108
0.9998805798403252
0.9998805991223675
0.9998800129700899
0.9998795662452968
0.9998796266109308
0.9998794883596247
0.9998792503132147
0.9998786051385434
0.9998778389533653
0.9998777149989797
0.9998776360815286
0.9998771902055952
0.9998763725340318
0.9998761660079291
0.9998760758749548
0.9998755978632566
0.9998750933944559
0.9998747779617438
0.9998744742630983
0.9998742949759779
0.9998741312380003
0.9998737871559275
0.9998734992957892
0.999873709148773
0.9998738355368229
0.9998735178843668
0.9998727471681687
0.9998724439823935
0.9998725335262809
0.999872687053414
0.9998719590944085
0.9998714278107738
0.9998714012217144
0.9998712996162484
0.9998712161392107
0.9998705349085824
0.9998699026947
0.9998695361656129
0.9998696511529208
0.9998692152923572
0.9998686078187998
0.9998683575799874
0.9998681812112793
0.9998681912758841
0.9998680684944121
0.9998673212049481
0.9998669140476151
0.9998668692380613
0.9998664172860607
0.9998662944449801
0.9998653228019593
0.9998651765438585
0.9998654215016096
0.9998651275214182
0.9998643767277191
0.9998636010211318
0.9998629436607078
0.999862792585379
0.9998623692944943
0.9998619441112009
0.999861677370019
0.9998616683689187
0.9998618356080271
0.9998615575908948
0.9998608292041408
0.9998606607106986
0.9998604553250767
0.9998606494983922
0.9998602429208138
0.9998597858681422
0.9998594017024226
0.9998595056751053
0.9998594630821503
0.9998592614453397
0.9998586360015849
0.9998583997294741
0.9998586381521466
0.9998585855570999
0.9998580961429625
0.9998574802465381
0.9998575007533408
0.9998574141366604
0.9998573254689065
0.9998564696735321
0.9998562702370128
0.9998562720613938
0.9998562959839044
0.9998560683643944
0.9998555389358422
0.9998553569886613
0.9998554751479929
0.9998547916565682
0.9998542810408937
0.9998537197959001
0.9998536157832457
0.9998532930861951
0.9998535064934871
0.9998524243460892
0.9998520739883685
0.9998522223717867
0.9998525972827689
0.9998523643049557
0.9998517512511852
0.9998512352426555
0.9998513707151924
0.999851385735046
0.9998510059768624
0.999850059621557
0.9998497908331351
0.9998498726609871
0.9998497851347603
0.9998493138999963
0.9998480580607038
0.9998478668414558
0.9998481576755461
0.9998481604365762
0.9998474760598837
0.9998469532145097
0.999847022589879
0.9998476868392235
0.9998472493524696
0.9998464645519874
0.9998461096689832
0.9998464065375257
0.9998467411507249
0.9998458599824717
0.9998451469960249
0.9998446005840624
0.9998448670924968
