0.9999996878055335
0.9999831532039491
0.9999662680599155
0.9999496080043258
0.9999336902927064
0.9999160458563868
0.9999000405506576
0.9998842715196514
0.999869479860148
0.9998545938860253
0.9998399208109023
0.9998209959037785
0.9998054951226004
0.9997896090698838
0.9997792636775229
0.9997649544386554
0.9997470515540985
0.9997282940022088
0.9997107383081764
0.9996935417054962
0.9996778405397219
0.9996551018847384
0.9996375968883824
0.9996258133216412
0.9996063524598297
0.999590786933639
0.9995771986753196
0.9995589454461643
0.9995428022204841
0.9995305432946274
0.9995121958625575
0.9994932715511292
0.9994762945518798
0.9994598511070852
0.9994533371774348
0.9994358514072263
0.9994161551079511
0.999402426831918
0.9993868140068528
0.9993707859783708
0.999356178235815
0.9993343494251162
0.9993213767262287
0.9993059526329815
0.9992873151567242
0.9992695337788011
0.9992604520284079
0.9992455245828495
0.9992277595362221
0.9992114542260099
0.9991947957515293
0.9991759723174458
0.9991649251112819
0.9991520103100823
0.9991319519755409
0.9991232573271229
0.9991053093568247
0.9990871997993233
0.9990720249287104
0.9990546727000361
0.999036930544149
0.9990265973298121
0.9990117120021776
0.9989882401572244
0.9989800043511318
0.9989711540206443
0.9989592642056796
0.9989441650204848
0.9989229956755361
0.9989064223416169
0.9988929235823704
0.998870053427692
0.9988557623857522
0.9988371072648292
0.9988278352970738
0.9988108618221966
0.9988012728829534
0.9987841471112199
0.998770943775123
0.9987569094300444
0.9987425955977672
0.9987341186609854
0.9987114730204504
0.9986862661769228
0.9986626824818171
0.9986411114662124
0.998621778998425
0.9986078477787953
0.9985898369309176
0.9985829695024885
0.9985612385489031
0.9985475740923615
0.9985332964905247
0.9985154159145224
0.9984930128452713
0.998474563372383
0.998455810073367
0.9984327482014771
0.9984171863255022
0.9984018259467937
0.9983809689734225
0.9983569956416641
0.9983419526143623
0.9983263619985259
0.9983087983503731
0.9983060067401724
0.9982888810231265
0.9982705198714911
0.9982468088065604
0.9982413815228439
0.9982283556328968
0.9982142363134245
0.9981921737168254
0.9981795921420384
0.9981729474965708
0.9981555383816827
0.9981403561048873
0.998131183107891
0.9981216749857409
0.9981108801798674
0.9980920312381681
0.9980654039294126
0.9980471573752397
0.998033397453447
0.9980127755843053
0.9979914297650367
0.997982271764947
0.9979631052742122
0.9979493812710107
0.9979302589937636
0.9979102029111758
0.9979007634995228
0.9978875475242994
0.9978757394047507
0.9978583230599184
0.9978334992085318
0.9978111599062354
0.9977977849099487
0.9977744822675594
0.9977688436244536
0.9977443558618324
0.9977357950602285
0.9977239769409518
0.9977034870351209
0.997685159164346
0.9976622627512751
0.9976386852967438
0.9976132327428471
0.9976031256243282
0.9975847391128043
0.9975726548765793
0.9975547025412339
0.9975378735097187
0.9975177332885541
0.997508426998182
0.9974835902466131
0.9974645378530669
0.9974531626506663
0.9974341715905389
0.9974251174079716
0.997413311298983
0.9973936374819729
0.9973810208468917
0.9973597070155155
0.9973411517658249
0.9973394237908433
0.9973236403537183
0.9973059044005809
0.9972867331803672
0.9972684825105639
0.9972515954763626
0.997218984851184
0.9972017231696904
0.9971860803822423
0.9971639744568342
0.9971401824108529
0.9971250587740866
0.9971080288629267
0.9970920322299252
0.9970813966060508
0.9970646825714454
0.9970501520508662
0.9970313386398496
0.9970039660049643
0.996985554589433
0.9969677329966269
0.9969636495784668
0.9969515825942836
0.9969373140557585
0.9969297673401901
0.9969090959447241
0.996899516250885
0.9968869305232234
0.9968606126867666
0.9968531070184252
0.9968472599425413
0.9968275863060793
0.9968110671239275
0.9967832949587645
0.9967786970122897
0.9967542167440888
0.9967369807040674
0.9967281358527462
0.9967101392940105
0.9966943943325128
0.9966785517084087
0.9966567285823577
0.9966330711441694
0.9966167388692284
0.9965951425101645
0.9965752028299718
0.996557910378957
0.9965356660083353
0.9965344051056787
0.9965237573002689
0.9965138873419566
0.9964929107585966
0.9964745791497913
0.9964541782723928
0.9964314283969606
0.9964084000183648
0.9963836626359782
0.9963671888566482
0.9963463426288678
0.9963155583144696
0.9962998986470183
0.9962827208157475
0.9962591319867526
0.9962364281631734
0.9962308452955249
0.9962155023229458
0.9961976693375946
0.9961769022712597
0.99616364731616
0.9961678165767941
0.9961425379211712
0.9961298759151529
0.9961091119575718
0.9960786042975205
0.9960580037765878
0.9960465019906212
0.9960297266918882
0.9960137252307657
0.9960047952437431
0.9959877969756795
0.9959690912094284
0.9959491062755749
0.9959327289456438
0.9959400188982529
0.9959239234597773
0.995889869681332
0.9958709792408569
0.9958607639032665
0.9958526583541965
0.9958418727079222
0.9958148632095828
0.9957937607263551
0.9957687664275433
0.9957595349312401
0.9957534085157614
0.9957375115255314
0.9957121600405529
0.9957057341378159
0.995689636817816
0.9956840316753381
0.9956741477334631
0.9956636185409142
0.9956607765100439
0.9956380218230713
0.9956170547867328
0.9956101600976851
0.9956037052211927
0.9955777668341027
0.9955677952899387
0.9955501814661951
0.9955256997778124
0.9955052482599389
0.9954955586490774
0.9954776284255091
0.995452125536428
0.9954339910050881
0.9954119516331478
0.9953955238384176
0.9953813144308966
0.9953660406392111
0.9953610670665765
0.9953665851483293
0.9953550238842561
0.9953460807144998
0.9953405523218463
0.995327416028828
0.9953082306070589
0.9952700415929349
0.9952634353406254
0.9952569557448387
0.9952407342458843
0.9952221042060507
0.995221246707588
0.9952176031471124
0.995187607097418
0.9951795684888384
0.9951493385261275
0.9951455011952789
0.9951378060527148
0.9951322261480473
0.995100913161736
0.9950807171772844
0.9950642137547804
0.9950484560793837
0.9950291248338052
0.9950235133704466
0.9950163199855266
0.9950080270549319
0.9949875810961989
0.9949756599520815
0.9949533706796759
0.9949279085776304
0.9949251425418376
0.9949030945391293
0.9948796838357654
0.994872037780935
0.9948510273777368
0.9948436364572257
0.9948244978376202
0.9948025108176675
0.9948035490942786
0.9947810690867757
0.9947649674029849
0.9947421650098073
0.9947439916069996
0.9947183943904704
0.9947116246905788
0.9947052019336697
0.9946775451783151
0.9946625119138505
0.9946259573221243
0.9946123164411377
0.9945957071238541
0.9945806363750779
0.9945645955195768
0.9945441311047969
0.9945248933258741
0.9945038722608381
0.9944910609076661
0.9944751641198563
0.9944731214953902
0.9944696788435005
0.9944422929323466
0.9944288322277993
0.9944111880683623
0.9944134155781139
0.9943968110834097
0.9943715023690869
0.9943411123079963
0.9943240745438624
0.9943109815311028
0.9942880434996988
0.9942693455870703
0.9942482374099231
0.9942365509320386
0.9942111516214048
0.9941971412646233
0.9941785015610649
0.9941418261799677
0.9941210794151449
0.9940981766411965
0.994082233747411
0.9940796116958055
0.9940484785475041
0.9940251829518268
0.9940183961599229
0.9939901008372788
0.9939858255099059
0.9939722547051295
0.9939410335508942
0.9939327736317531
0.993913027532655
0.9938938153716829
0.9938736059061387
0.9938590457244785
0.9938358844953846
0.993819036455254
0.9938251201866151
0.9938118470586493
0.9937943016549334
0.9937710320760984
0.9937720059048245
0.9937370091856185
0.9937226157734381
0.99370892190634
0.9936894979575506
0.9936698343246122
0.9936551471082145
0.993640699480372
0.9936260686497524
0.9936242704489787
0.9936176250790941
0.9936054747234809
0.9936004727267099
0.9935826263072952
0.9935597952513948
0.9935423501562197
0.9935227639509936
0.9935064437218833
0.9934917967624066
0.9934651602341968
0.993447381563468
0.9934310303778362
0.9934093251405386
0.993401338825773
0.9933733552244421
0.9933556344960585
0.9933454084823486
0.9933252174780023
0.9933289595121372
0.9933048967640785
0.993298415133761
0.9932850670076852
0.9932772987086519
0.9932703350759676
0.9932494336936147
0.9932151115266735
0.9932076307140937
0.9931904131907967
0.993168753387523
0.9931527206558705
0.9931251126064273
0.9931110716282852
0.9930891015005413
0.993078095210661
0.9930615865368425
0.9930447637780965
0.993023963591151
0.992995196681996
0.9929756787616496
0.9929505507876855
0.9929355184642777
0.9929317794635671
0.992927097808193
0.9929236694064751
0.9928862251492024
0.9928646027818689
0.9928544236412389
0.9928252692193532
0.9928120773303708
0.9927909835176133
0.9927830776170009
0.9927552754801907
0.9927236290106328
0.9927138128532901
0.9926985737993016
0.9926861169620157
0.9926780431194835
0.9926606952495921
0.9926297500697837
0.9926106921818253
0.9926134676725878
0.9925843315031757
0.9925784758689143
0.9925444947002768
0.9925353678106592
0.9925074063724388
0.9924951345052556
0.9925067143765601
0.9924845261595815
0.9924598764395801
0.9924641048115597
0.9924773145170338
0.992457786011402
0.9924460242741115
0.9924474243143018
0.9924257810365739
0.9924069640898119
0.9923697409549446
0.9923565528752997
0.9923378869967893
0.9923078347464052
0.9922722292064586
0.9922600570581265
0.9922493037669406
0.9922273930951953
0.9922019826840043
0.992177433400048
0.9921438765725366
0.9921242659144701
0.9921039410643057
0.9920963592424412
0.9920799881161382
0.9920694565186702
0.9920432105136003
0.9920245763407781
0.992012274685842
0.9919976252031029
0.9919903728926756
0.9919649373758062
0.9919607347950136
0.9919362743639157
0.9919216666254494
0.9919031860961783
0.991877358505627
