0.999999660373206
0.9999832247861423
0.9999662479011344
0.999950815997476
0.999932899603378
0.9999169930621536
0.999902353272163
0.9998852119657873
0.9998688443204466
0.9998523551442488
0.9998344275043907
0.9998167264620298
0.9997996026271965
0.99978325787604
0.9997685879235344
0.9997539692319972
0.9997388090086566
0.9997269978978909
0.9997083044232026
0.999695275748684
0.9996769937449715
0.9996605956448003
0.9996456285097155
0.9996248140616858
0.9996067174618969
0.9995874156840171
0.9995697253628468
0.9995566610357366
0.9995409118369442
0.9995246940630795
0.9995125043163433
0.999496760649811
0.999486945179498
0.9994710150280719
0.9994511859700157
0.9994370987731943
0.9994212634382986
0.9994089371854967
0.9993885152213008
0.9993735200364754
0.9993552647172174
0.9993378678508192
0.9993229940391661
0.9993081587382143
0.9992921689044589
0.9992767506588347
0.9992603900354406
0.9992430778203992
0.9992222052348524
0.9992019914737785
0.9991877618573782
0.9991697073386208
0.9991517929536647
0.9991397208139754
0.9991250408500993
0.9991096992602977
0.999091304579581
0.9990818973441767
0.999063294016006
0.9990450629505443
0.9990281412605647
0.9990133942877197
0.9989957754285155
0.9989833358456093
0.998960685526002
0.9989470971423535
0.9989299581624295
0.998908759939969
0.9988916530005472
0.9988773842283085
0.9988582356117006
0.9988449435645445
0.9988357890181284
0.9988099049086672
0.998795647322201
0.9987729204203779
0.998758800937153
0.9987362909176883
0.998724433679003
0.9987024127139469
0.998685840782552
0.9986725046163131
0.9986603753194832
0.9986448519648667
0.9986405730490101
0.9986219941962016
0.9986029660555463
0.9985830473937198
0.9985672049479603
0.9985581460891108
0.9985444941996408
0.9985355810318658
0.9985170458409339
0.9984976512857133
0.9984791296033523
0.9984663923578163
0.9984420821490781
0.9984229972121519
0.9984125832645719
0.9983916525178851
0.9983746563213408
0.9983548751570352
0.9983350183898019
0.9983134738787661
0.9983003683584285
0.9982788223281441
0.9982673217620416
0.9982598236746721
0.9982447303848673
0.9982325763934516
0.9982262509557028
0.9982108558020899
0.9982037865224231
0.9981820984298091
0.998169443814807
0.9981504965030636
0.9981451286944543
0.9981266324028931
0.9981049971117792
0.9980839916238566
0.9980676990263928
0.9980482317693379
0.9980236812482548
0.9980037120462958
0.9979841308032178
0.9979511955021446
0.9979423822348497
0.9979211683999475
0.9979015747967483
0.9978887513924604
0.9978685929416211
0.9978547904572967
0.9978347385250347
0.9978322337654516
0.9978255531696887
0.9978063902567224
0.9977839188163982
0.9977699298023401
0.9977547102534596
0.9977358637993903
0.997716637416502
0.9976957114390148
0.9976799356797347
0.9976683856774217
0.9976423497510205
0.9976189427963676
0.9976001169526933
0.9975615134689757
0.9975440899344273
0.9975283813109088
0.9975108781461888
0.9974907225002794
0.9974660932718399
0.9974454644567226
0.9974194086168799
0.9973961541237939
0.9973744899830523
0.997356802614445
0.9973290587031074
0.9973122138052949
0.9973074732552848
0.9972928908307375
0.997279451689858
0.9972715129794043
0.9972470649675339
0.9972440816375775
0.9972302493254122
0.9972133245335718
0.9971954050655814
0.9971749603674028
0.9971633528971978
0.9971459064892839
0.9971339266495366
0.997123408975316
0.9971088833319739
0.997084296153517
0.9970699750639758
0.9970635481514235
0.997040557052274
0.9970239384171816
0.9970084122273256
0.9969868274992643
0.9969832567418211
0.9969736948952029
0.9969484989152543
0.9969511938262086
0.9969201038735166
0.99690581808633
0.9968946678229365
0.996880175238063
0.9968685056692527
0.9968619900872804
0.9968467710061605
0.9968271389556128
0.9968097592544819
0.9968046493384408
0.9967911708360094
0.9967700211250454
0.9967598344209925
0.9967458794550466
0.9967317801779062
0.9967164125818748
0.9967021735651278
0.9966885132059232
0.996679094848993
0.9966560113503244
0.99663789746388
0.996627692234733
0.9966023254870559
0.9965844866264184
0.9965759650872765
0.9965613575206216
0.9965310598664773
0.996513641135187
0.9965053483377092
0.9964852626459689
0.9964647956138674
0.9964564912376096
0.9964400170216059
0.9964294126889146
0.9964172748463808
0.9963874120641389
0.9963678670283111
0.9963502767148465
0.9963426665957442
0.9963350305066998
0.9963229898851744
0.9963026578961951
0.9962833148157216
0.9962707469499901
0.9962605207372854
0.9962474247476736
0.9962361059436599
0.9962220519420638
0.9961982411228572
0.9961818506455918
0.9961730085211019
0.9961559784432656
0.9961408816694773
0.9961396666734055
0.9961226919937819
0.9961036211853238
0.9960824249277508
0.9960633298953951
0.9960389540093489
0.9960321011926855
0.996010911544591
0.9959970712187793
0.9959804858075737
0.9959536602718521
0.9959469766549612
0.9959407493676067
0.9959285880677993
0.9959316849935185
0.9959199323676927
0.9959042592705023
0.9958815219837072
0.9958597539225477
0.9958457601650029
0.9958311404032758
0.9958122586421991
0.9957955959158086
0.9957754139756027
0.9957476039607006
0.9957198108482122
0.9957085283945943
0.99569956221602
0.9956652474967683
0.9956564142872895
0.9956247738331279
0.9956170842364731
0.9956008989162325
0.9955906911063981
0.9955782141441597
0.9955556342731706
0.9955489749468026
0.9955317881468204
0.9955072137269664
0.9954965508776527
0.9954829002613113
0.9954628553856433
0.995440780812354
0.9954246814508153
0.9954033972433232
0.9953891416514087
0.9953730655691996
0.995348533086692
0.9953438986083073
0.995341814532954
0.9953178282303683
0.995301655423459
0.9952974857122674
0.9952821337341008
0.9952658174582698
0.9952396880345987
0.9952294560834264
0.9952129244674267
0.9951856014428483
0.9951738473267164
0.9951698354578506
0.9951648984410059
0.9951555847737307
0.9951470273754675
0.9951347450841177
0.9951210366661255
0.9950888586984706
0.9950758122223744
0.9950547556466502
0.9950340768395906
0.9950109583098173
0.9949838095428858
0.9949672911184018
0.9949599647704167
0.9949363080105429
0.9949150785956855
0.9948983824335671
0.9948733691741228
0.9948517045344876
0.9948351383374253
0.9948350269419345
0.9948206186814817
0.9947917670618031
0.9947886809529992
0.9947672235880426
0.9947517791788748
0.99474837081032
0.9947236517024772
0.994696009679983
0.9946777022846361
0.9946554079953903
0.9946460437151659
0.9946222488093617
0.9946153024546022
0.9945989399920226
0.9945754233940614
0.9945621491770589
0.9945494269711577
0.9945395054365896
0.9945281324168735
0.9945154095551563
0.994509054644707
0.9944849656422279
0.9944787975396561
0.9944721226906659
0.9944667364096296
0.9944599078873054
0.9944440438842634
0.9944322176103312
0.9944230158724736
0.9944191605035829
0.9944113083556981
0.9943821184743198
0.9943417424244234
0.9943188716874642
0.9942858112761899
0.9942687569474669
0.9942601995404474
0.9942450304063574
0.9942388362784527
0.9942236300621198
0.9941946884095046
0.9941676037375752
0.994152322977254
0.994139270806149
0.994144873583377
0.9941297135055817
0.9941145288534365
0.9940987881736091
0.9940748158100393
0.9940515373671528
0.9940293201126716
0.994012610989654
0.9939991904580547
0.9939936323280191
0.9939791824969779
0.9939581214969276
0.993940447764092
0.9939243083887929
0.9938887909596359
0.9938697322392889
0.993843624496049
0.993831415260807
0.9938086476752176
0.9937887868502973
0.9937640228863395
0.9937481128356951
0.9937422095712086
0.9937217782404256
0.9937079175431435
0.9936956147287861
0.9936948772827671
0.9936866635364511
0.9936638280501472
0.9936491316425412
0.9936378929260872
0.9936272228616825
0.9936078234627531
0.9935757156649703
0.9935603578371985
0.9935414466309344
0.9935275083980251
0.9935183876781961
0.9934833673962353
0.9934494317917476
0.9934420452722863
0.9934347000460253
0.9934242376769626
0.9934012742436961
0.9933905021729341
0.9933914766576442
0.9934002540907847
0.9933811541043744
0.993367369660074
0.9933383864487779
0.993342001242064
0.9933152346262605
0.9933215896963685
0.993289364540302
0.9932613180372247
0.9932498995240495
0.9932198976176905
0.9931937123786622
0.9931771541110407
0.9931494345355287
0.9931422954696305
0.9931198717578371
0.993098448732229
0.9930892850122547
0.9930805861640342
0.9930686309146748
0.9930660118911059
0.9930294902544008
0.993004789272081
0.9929768943518367
0.992968540382481
0.9929399224620513
0.9929060194241708
0.9928752874674229
0.9928639896638043
0.9928499132534541
0.9928393915995849
0.992839504570056
0.9928194166576573
0.9928206727805283
0.9927928710321243
0.9927788672824943
0.9927499320739948
0.9927457913974866
0.9927321896669646
0.9927117487967481
0.9926883432852011
0.9926747423540453
0.9926644916241364
0.9926356269367322
0.9926239447265938
0.9926176389909254
0.9926108612361031
0.9926116456985064
0.9925946428491098
0.9925620816544692
0.9925514626059929
0.9925317276466687
0.9925087262142548
0.9924964416733812
0.9924831176765886
0.9924695999553094
0.9924493523163851
0.9924375609062638
0.9924255113435879
0.9924079404006431
0.9923931674197919
0.9923938140927007
0.9923735257002639
0.9923655160396678
0.9923514384235661
0.9923493781220182
0.9923170438311607
0.9922952571144481
0.9923028434935037
0.9922651549957713
0.992247158310698
0.992241648405611
0.9922202853402338
0.9922030525705742
0.9921915489033992
0.9921775210386353
0.9921542710322014
0.9921205686581865
0.9921154612499703
0.992097217226383
0.992069621173234
0.9920563986662346
0.9920551336268634
0.9920359363721412
0.9920050096344148
0.9920135188153136
0.9919836860537128
0.9919848574637841
0.9919727434354242
0.9919577842862123
