0.9999998949343385
0.9999995085769415
0.9999996014685503
0.9999997912843234
0.9999993767742206
0.9999996215814525
0.9999996387081966
0.9999993018327482
0.9999996174990515
0.9999994425023759
0.9999992622158193
0.9999995823221014
0.9999992565865448
0.9999992603578088
0.9999995076431336
0.9999991110371826
0.9999992839094917
0.9999993873017847
0.9999990090131061
0.9999992852922057
0.9999992046527514
0.9999989446145163
0.99999926370207
0.9999990048699625
0.9999989206130203
0.9999992006135493
0.9999988179750013
0.9999989087194733
0.9999990808839542
0.9999986883183697
0.9999989161377407
0.9999989172235553
0.999998591514137
0.9999988922031127
0.9999987260322615
0.9999985550461661
0.9999988536037927
0.9999985450280892
0.9999985537592151
0.9999987735776893
0.9999983842789163
0.9999985466802015
0.9999986448861584
0.9999982892229781
0.9999985514110233
0.9999984605058924
0.9999982161045582
0.9999985132536157
0.9999982607484535
0.9999981858874152
0.9999984494569236
0.999998099150573
0.9999982017350489
0.9999983523691027
0.9999979811882767
0.9999982035177776
0.9999982077119419
0.9999979057917379
0.9999981911191204
0.9999980250251609
0.9999978650591007
0.9999981462645734
0.9999978317226266
0.9999978474790393
0.999998056349328
0.9999976852785945
0.9999978420667187
0.999997911137056
0.9999975582705862
0.9999978226480677
0.9999977430908613
0.9999975272410587
0.9999978037798378
0.999997567646402
0.9999974869743622
0.9999977341310079
0.9999974017130283
0.9999974913833531
0.9999976341903608
0.999997264511618
0.9999974791756628
0.9999974776233939
0.9999971745280307
0.9999974625947627
0.999997297670436
0.9999971281877477
0.9999973937016439
0.9999970920121963
0.9999970995809853
0.9999972994137601
0.9999969360832074
0.9999970918586324
0.99999716916341
0.9999968305200889
0.9999970604619941
0.9999969768881585
0.9999967415799912
0.999997018969558
0.9999968038889773
0.9999967293258282
0.9999969599442651
0.9999966256847619
0.9999967133326868
0.9999968648414241
0.9999964980304314
0.9999967041890817
0.9999967072945508
0.9999964209648036
0.9999966925583996
0.9999965505637645
0.9999964134335982
0.9999966636527848
0.9999963673936383
0.9999963635395043
0.9999965648062331
0.9999962198477306
0.999996364177319
0.9999964458316023
0.9999961118553026
0.9999963480865546
0.9999962582448392
0.9999960424769129
0.9999963057124438
0.9999960933272611
0.9999960072213196
0.9999962457120007
0.9999959256706535
0.9999959953757636
0.9999961514008716
0.999995823154058
0.9999960121763944
0.9999960016994758
0.9999957222379114
0.9999959761542464
0.9999958239979673
0.9999956667112673
0.9999959268069867
0.999995657992741
0.9999956434778482
0.999995853448425
0.9999955311970586
0.9999956531643567
0.9999957486372273
0.9999954299145529
0.9999956531709832
0.9999955920726461
0.9999953595834855
0.999995614217534
0.9999953988587541
0.9999953349390095
0.9999955633255104
0.9999952379840829
0.999995304451597
0.9999954439055344
0.9999951054993451
0.9999953040501359
0.9999953097994887
0.999995028650221
0.9999952643989245
0.9999951356482697
0.9999949602988614
0.9999951985820871
0.9999949525467169
0.9999949349595285
0.999995112950208
0.9999948033333147
0.9999949417846061
0.9999950304184219
0.999994739267691
0.9999949632066357
0.9999948940718444
0.9999946862111289
0.9999949522666859
0.999994755074041
0.9999946773258859
0.9999948713722202
0.9999945594139432
0.9999946171712024
0.9999947501716535
0.9999944241197986
0.999994614979803
0.9999946319289602
0.999994363693194
0.9999945907332916
0.9999944687439254
0.999994301176056
0.999994528667308
0.9999942935695804
0.9999942767179313
0.999994444508326
0.9999941364838235
0.999994242254052
0.9999943065880293
0.9999939876196132
0.9999942126717098
0.9999941485826789
0.9999939417982973
0.9999941588369464
0.9999939713150624
0.9999938787922888
0.9999940877213378
0.9999938158075993
0.9999938919613071
0.9999940236507917
0.9999937339144932
0.9999939133125643
0.9999939192506122
0.9999936479832123
0.9999938888980779
0.9999937434367879
0.9999935996805955
0.9999938133130388
0.9999935740331798
0.9999935776136302
0.999993734134239
0.9999934389462701
0.9999935552866679
0.9999936403910628
0.999993377917303
0.9999936054785941
0.999993505732357
0.9999933044299809
0.9999935285470095
0.9999933398410711
0.9999932697184605
0.9999934879278636
0.9999932101468522
0.9999932521924834
0.9999933817473351
0.9999930711590499
0.9999932447664155
0.999993247589634
0.9999930147670413
0.9999932371780701
0.9999931332926015
0.9999929993443438
0.9999932304718425
0.9999930106298068
0.9999929887814522
0.9999931379294144
0.999992837590647
0.9999929432592971
0.999993001408156
0.9999927272047776
0.9999929264412258
0.9999928655899105
0.9999926655203332
0.9999928916026658
0.9999927094186105
0.9999926377079933
0.999992850673846
0.9999925771616774
0.9999926340539254
0.9999927478379711
0.9999924619303582
0.9999926174132618
0.9999926279668546
0.999992383822417
0.9999926037743074
0.9999924826467941
0.9999923172952229
0.9999925395043986
0.9999922975852813
0.9999922980537964
0.9999924594138194
0.9999921702486761
0.9999922638866864
0.9999923276633551
0.9999920643334768
0.999992263912403
0.9999922087204014
0.9999920390921614
0.9999922661616264
0.99999207423485
0.9999920241409482
0.9999921885472801
0.9999919152124042
0.9999919702877792
0.9999920766906334
0.9999918040889905
0.999991927691553
0.9999919377227071
0.9999917088666527
0.9999919013966375
0.9999917787640471
0.9999916514880784
0.9999918696466671
0.9999916591145855
0.9999916435103438
0.9999917970638594
0.9999915166539148
0.9999916418122313
0.9999916879763892
0.9999914469076241
0.9999916048780667
0.9999915520700342
0.9999913666364865
0.9999915961057952
0.999991432117757
0.9999913335735198
0.9999915261333833
0.9999912784722089
0.9999913213389551
0.9999914311022673
0.9999911599432785
0.9999913138526743
0.9999913254973049
0.9999910859654735
0.9999912941007603
0.9999911724997006
0.9999910291332249
0.9999912294087283
0.999991031753003
0.9999910278252349
0.999991174164836
0.9999909108284956
0.9999909957711197
0.9999910425880696
0.9999907836769336
0.9999909721472057
0.9999909080375763
0.9999907270654124
0.9999909087451622
0.9999907137563606
0.9999906345247648
0.9999908067610399
0.9999905591265567
0.9999905953643299
0.9999906982331589
0.9999904417855681
0.9999905542913944
0.9999905619496839
0.9999903382177718
0.9999905722576448
0.9999904798992603
0.9999903218469736
0.9999905114881131
0.9999902764737133
0.9999902498569364
0.9999903717413684
0.9999901090458322
0.9999902032420366
0.9999902869049716
0.9999900361111304
0.9999902035336693
0.9999901686613855
0.9999900066804496
0.999990187502528
0.9999900192358879
0.9999899476100115
0.999990117067374
0.9999898813622675
0.9999899318122057
0.9999900356892003
0.999989806637005
0.9999899442512055
0.9999899435921157
0.9999897008879676
0.9999898917271304
0.9999898008261748
0.9999896655630646
0.9999898550046598
0.9999896481354084
0.9999896478667237
0.9999897840213398
0.9999894993681003
0.9999896063792156
0.9999896816172089
0.9999894191672545
0.9999895744665575
0.9999895334628737
0.9999893550079726
0.9999895316086435
0.9999893574164911
0.9999892541017532
0.9999893909543771
0.999989140737488
0.999989198126967
0.9999892820116207
0.999989012934689
0.999989101304314
0.9999890789929337
0.9999888689674936
0.999989057119563
0.9999889685379336
0.999988882451438
0.9999890427288609
0.9999888552984507
0.9999888553874706
0.9999889666827795
0.9999887339635529
0.9999888301271049
0.9999888961297927
0.9999886484615016
0.9999887642619258
0.9999887558994721
0.9999885417733461
0.9999887065715198
0.999988598284426
0.9999885470210091
0.9999886951717653
0.9999884601872008
0.9999884761141304
0.9999885710863797
0.9999883325845763
0.9999884466598508
0.9999884707974621
0.9999882688488392
0.9999884293063989
0.9999883362218125
0.9999882104131267
0.9999883754977671
0.9999882275222142
0.9999881827293844
0.9999882888252422
0.9999880431404758
0.99998810133926
0.9999881333326254
0.9999878897929385
0.9999880211288873
0.9999879764527534
0.9999877870567325
0.9999879671774846
0.9999878284421911
0.999987770412976
0.9999878903652302
0.9999876955312946
0.9999877344956785
0.9999878217274892
0.9999876044657814
0.9999877154029186
0.9999877106744502
0.9999875211952434
0.9999876631226965
0.9999875503901811
0.9999874201654415
0.9999875425112845
0.9999874151737609
0.9999873980160514
0.9999875191583671
0.9999873185797433
0.9999874006509933
0.9999874516654796
0.9999872625637913
0.999987408846499
0.9999873471966919
0.9999871837752129
0.9999873388232146
0.999987222774705
0.9999871291022613
0.9999872254614254
0.9999870087507379
0.9999870288635975
0.9999870871750249
0.9999868916747257
0.9999870057932141
0.9999870109794782
0.999986835960229
0.9999870019715608
0.9999869184256609
0.9999868146965011
0.999986957586352
0.9999867723850985
0.9999867168679328
0.9999868109362504
0.9999865975071622
0.9999866624555258
0.9999866968968528
0.9999864808693989
0.9999866232997836
0.9999865980469383
0.9999864439653458
0.9999865787064517
0.9999864703483307
0.9999863664329057
0.9999864917764565
0.9999862826294281
0.9999863233278714
0.9999864001579896
0.9999861769048004
0.9999862803589578
0.9999863001116875
0.9999861263646087
0.9999862645931529
0.9999861536638169
0.9999860121225326
0.99998615588686
0.9999859813721742
0.9999859513340867
0.9999860703422342
0.9999858551479959
0.999985940161271
0.999985954866866
0.9999857416528787
0.99998586005971
0.9999858173333321
0.999985683093647
0.9999858588568646
0.9999857077086446
0.9999856064357064
