0.9999998922648626
0.999999523960136
0.9999995541482645
0.9999997972689127
0.9999993950858352
0.9999995427989076
0.9999996839842622
0.99999928613932
0.9999995290754324
0.9999995567160663
0.9999992005527011
0.9999995016510443
0.9999994065066373
0.999999116257179
0.9999994537815373
0.9999992482789685
0.9999990622007897
0.9999994023142003
0.9999991140222904
0.999999028716878
0.9999993213358229
0.9999989549971
0.9999989933654296
0.9999992221237479
0.9999988311736293
0.999998975990621
0.9999990978628921
0.9999987114617322
0.9999989445951716
0.9999989599155107
0.9999986158579263
0.9999989144044945
0.999998816808275
0.9999985458424242
0.9999988695654715
0.9999986690702626
0.9999984910170385
0.9999988155209921
0.9999985310434283
0.9999984609451331
0.999998746491732
0.9999984114969263
0.9999984521771755
0.9999986604072786
0.9999982865478961
0.9999984227011789
0.9999985452698823
0.9999981727932222
0.9999984056017688
0.9999984265546581
0.9999980937536237
0.9999984021410173
0.9999983107463144
0.9999980383056668
0.9999983520598092
0.9999981541382911
0.9999979609074258
0.9999982896331798
0.9999980142024254
0.9999979317367795
0.999998215136982
0.9999978906734144
0.9999979182664142
0.9999981334116953
0.9999977617574289
0.9999978876853751
0.9999980171668107
0.9999976536663794
0.9999978666637473
0.9999978859673799
0.9999975588935881
0.9999978396143291
0.999997737380343
0.999997475064298
0.999997793650966
0.999997596674422
0.9999974186165291
0.9999977238362658
0.9999974413149746
0.9999973739678819
0.9999976533526351
0.9999973184118218
0.9999973568156376
0.9999975656672045
0.9999972070359662
0.9999973316265022
0.9999974521549151
0.999997089472867
0.9999973144344021
0.999997324000609
0.999997009509371
0.9999972647719833
0.9999971822857796
0.9999969308220177
0.9999972242094571
0.9999970348874655
0.9999968732109179
0.9999971639815557
0.999996889985576
0.9999968216579754
0.9999970785332943
0.9999967523860459
0.9999967645339984
0.999996965405193
0.9999966347627275
0.9999967623304542
0.9999968705944917
0.9999965367892931
0.9999967548581938
0.9999967511387703
0.9999964477410893
0.9999967290316052
0.9999966277847346
0.9999963934695089
0.9999966833824574
0.9999964905280695
0.9999963424163507
0.9999966192900812
0.9999963375031552
0.9999962637581806
0.9999965002978156
0.9999962141557587
0.9999962478239746
0.9999964404615428
0.9999960964343821
0.9999962132068987
0.9999962982653029
0.9999959887695862
0.9999961832029841
0.9999962026896487
0.9999959157689056
0.9999961646541725
0.9999960665766227
0.9999958329983331
0.9999961102860805
0.999995920503413
0.9999957731507396
0.9999960532047177
0.9999957902641474
0.999995732833623
0.9999959677739209
0.9999956625598942
0.9999956830813644
0.9999958547960089
0.999995527267461
0.9999956283577086
0.9999957335174787
0.9999954401814977
0.999995624183434
0.9999956145945681
0.9999953331363525
0.9999955704658267
0.9999954708189057
0.9999952539040021
0.9999955271782367
0.9999953592668955
0.999995219592304
0.9999954843694379
0.9999952592481528
0.999995194790102
0.9999954347469052
0.999995129751095
0.9999951427354546
0.9999952920809185
0.999994971226656
0.9999950755403139
0.9999951690137233
0.9999948816751372
0.9999950571834906
0.9999950414100682
0.9999947691630747
0.9999949933939948
0.9999948968381408
0.9999946899155782
0.9999949582580742
0.9999947849286649
0.9999946463016057
0.99999490879289
0.9999946712827188
0.9999946170185369
0.9999948302995522
0.9999945477684604
0.9999945721762037
0.9999947446994051
0.9999944120010963
0.9999945299018287
0.9999945876090143
0.9999943011773098
0.9999944587813169
0.9999944557964292
0.9999941833456206
0.9999943832829867
0.9999942821577347
0.9999940590882006
0.999994294955104
0.9999941366755486
0.9999939981641186
0.999994225943314
0.9999940027705717
0.999993926910785
0.9999941317730098
0.9999938611990428
0.9999938940689143
0.9999940465847245
0.9999937688769487
0.9999938638958618
0.9999939543767394
0.999993667136615
0.9999938577168943
0.9999938380346306
0.999993572665617
0.9999937956446837
0.9999937156066648
0.9999935471517604
0.99999378475149
0.9999936058386547
0.9999934736323932
0.9999936909882327
0.9999934552142068
0.9999934171252083
0.9999935995125984
0.9999933539379415
0.9999933674158819
0.9999935247758319
0.9999932368736697
0.9999933372258288
0.9999934128944772
0.9999931553488901
0.9999933312887737
0.9999933284080005
0.9999930640096661
0.999993281099693
0.999993202782125
0.9999929845115901
0.9999932314737218
0.999993085941667
0.9999929708511117
0.9999931926427352
0.999992997362788
0.9999929498101148
0.9999931483568786
0.9999928846167409
0.9999929073247318
0.9999930320585365
0.9999927440963255
0.9999928543645507
0.9999929198908689
0.9999926339386948
0.9999927942724223
0.999992775251495
0.9999925094305585
0.9999927297299982
0.9999926354460765
0.999992456405791
0.9999927047069584
0.9999925282137854
0.9999924314995121
0.9999926560820515
0.9999924354423846
0.9999923563158809
0.999992544861134
0.9999922872464738
0.9999923325124936
0.9999924923126247
0.999992224416852
0.9999923356321982
0.9999923799345001
0.9999921049172803
0.9999922810152715
0.9999922803055387
0.9999920470241986
0.9999922352856064
0.999992132405824
0.9999919277865701
0.99999213956818
0.9999919650765455
0.9999918686883047
0.9999921099498327
0.9999918918853479
0.9999918412701495
0.9999920282796486
0.9999918151854349
0.9999918570451694
0.999991962764781
0.9999917052793676
0.9999918163046887
0.999991874771508
0.9999916143834933
0.9999917754202036
0.9999917544499745
0.9999915456406642
0.9999917038741833
0.9999916016725999
0.9999914215286884
0.9999916037354736
0.9999914823694075
0.9999913683904498
0.9999915546992144
0.9999913697302383
0.9999912946030355
0.9999914575136178
0.9999912122819105
0.9999911956793898
0.9999913256177441
0.9999910454100842
0.9999911405655368
0.9999912139682186
0.9999909545992792
0.9999910772090579
0.9999910778277112
0.9999908923660977
0.9999910767002326
0.9999910268769703
0.9999908455938485
0.9999910400822962
0.9999909087742487
0.9999907854432147
0.9999909489921683
0.9999907503139595
0.9999906997793975
0.9999908345050526
0.9999906129296543
0.9999906346167413
0.9999907562951446
0.9999904947015259
0.999990589570554
0.9999906655927365
0.9999904103205656
0.9999905322119331
0.9999905471442713
0.9999903112788585
0.9999904839410194
0.9999904025637528
0.9999901966869315
0.999990387826031
0.9999902618010064
0.9999901510044797
0.9999903067096748
0.9999901014577571
0.9999900609147192
0.9999902265669225
0.9999899983996362
0.9999900256185453
0.9999901479093742
0.9999899355560136
0.9999900087955508
0.9999900750703433
0.9999898461473903
0.9999899891016644
0.9999899828795425
0.99998974625888
0.9999899144667397
0.9999898423690182
0.9999896831466216
0.9999898476447057
0.9999896897661084
0.9999895857750913
0.9999897691537963
0.9999895750602702
0.9999895373358809
0.9999896944094457
0.9999894811786151
0.9999894977071105
0.9999895977399328
0.9999893606030769
0.999989422764561
0.9999894772409004
0.999989240662267
0.9999893684850785
0.9999893782830572
0.9999891820301025
0.9999893490688535
0.9999892683474852
0.9999890890424754
0.9999892786949787
0.9999891250274315
0.9999890099966917
0.9999891732814464
0.9999890186406233
0.9999889437865345
0.9999890991952515
0.9999888806776464
0.9999889043562673
0.9999890346153741
0.9999888101032108
0.9999888638087707
0.9999888979386204
0.999988689346481
0.9999887923920755
0.9999887716936409
0.9999885982398499
0.9999887613714932
0.9999887029783037
0.9999885109255747
0.999988667522375
0.9999885024047044
0.9999883973071569
0.9999885604255733
0.9999883745811228
0.9999883518057844
0.9999884950768804
0.999988267965669
0.9999882585643215
0.9999883715765973
0.9999881673127234
0.999988213621592
0.9999882529587292
0.999988039427559
0.9999881537906768
0.9999881214305232
0.9999879370562892
0.9999880825740072
0.9999880279156744
0.9999878829338119
0.9999880336598328
0.9999878968765344
0.9999877995735119
0.9999879387452467
0.9999877733802323
0.9999877419670125
0.9999878476306067
0.9999876247859181
0.9999876647431768
0.9999877951400801
0.9999875620600344
0.9999876325629867
0.9999876593517519
0.9999874466815172
0.9999875791626945
0.999987552741881
0.9999873609730967
0.9999874731579874
0.9999873912337515
0.9999872469168987
0.9999874289147465
0.9999872788958952
0.9999871674095696
0.9999873303236702
0.9999871531356297
0.9999871351104012
0.9999872837941445
0.9999870827244043
0.9999870893682319
0.9999871935735337
0.9999869707001
0.9999870476198464
0.999987098652319
0.9999869315988228
0.9999870716834185
0.9999870528421158
0.9999868796727416
0.999987021118156
0.9999869295693065
0.9999867858648744
0.9999869687366076
0.9999868390841361
0.9999867577488515
0.9999869115543017
0.9999867245425703
0.9999866695705495
0.9999867976885353
0.999986577427939
0.9999865979193207
0.9999867149420489
0.9999865135990156
0.9999865457177857
0.9999865713949541
0.9999863806259348
0.9999865010659879
0.9999864955426894
0.9999863404713234
0.9999864674414811
0.9999863978361874
0.9999862333038922
0.9999863884152768
0.9999862538193649
0.999986155024572
0.9999863259330218
0.9999861524779258
0.9999861173377281
0.9999862640071115
0.9999860778626638
0.9999861118556624
0.9999862038066499
0.9999859986688725
0.999986047276047
0.9999860725296433
0.9999858793572923
0.9999859674465142
0.9999859171280386
0.9999857117775054
0.9999858501634435
0.999985766659772
0.9999856225436561
0.9999857929753645
0.9999857181319229
0.9999856364411275
0.9999857909597187
0.9999856104480894
0.9999855561819941
