0.9999999096365088
0.9999995431815599
0.9999996614542254
0.999999666324507
0.9999993763943517
0.9999996588968052
0.99999934239107
0.9999993676726652
0.9999994661405458
0.9999991162855776
0.9999993715403271
0.9999991306560699
0.9999990532588675
0.9999992460265968
0.9999988692179175
0.9999990856455343
0.9999989469240456
0.9999987735793526
0.999999007147412
0.9999986326436348
0.9999987843624907
0.9999987485474665
0.9999984929299557
0.9999987476594995
0.9999984131422132
0.9999984693814934
0.9999985168701662
0.9999981972607734
0.9999984616241734
0.9999982046718373
0.999998170979636
0.9999983262991375
0.9999979733562073
0.9999982103369723
0.9999980329379304
0.9999979047651626
0.9999981223781098
0.9999977475495628
0.9999979183343074
0.9999978217325328
0.9999976009342858
0.9999978616904127
0.9999975205328903
0.9999976131513288
0.999997622233421
0.9999973226709158
0.9999975696360786
0.9999972760444519
0.9999972864066271
0.999997380826457
0.9999970437520828
0.9999972716249644
0.9999970638804448
0.9999969719301399
0.9999971571210632
0.9999967903570293
0.9999969628338995
0.9999968318774886
0.9999966664159539
0.9999968930612966
0.9999965537879435
0.999996666723767
0.9999966475683613
0.9999963766965229
0.99999662294963
0.9999963059726834
0.999996355855137
0.9999964495670767
0.9999961209778737
0.9999963636804426
0.9999960961651554
0.9999960471710551
0.9999961973916291
0.9999958351138695
0.9999960392251067
0.9999958850047617
0.9999957249407717
0.9999959357242322
0.999995577441459
0.9999957265614497
0.9999956787438269
0.9999954641184675
0.9999957067516116
0.9999953954786482
0.9999954655347509
0.9999954908064717
0.9999952186916894
0.9999954504087026
0.9999951751129054
0.9999951508507692
0.9999952798957135
0.9999949632403743
0.9999951647333367
0.999994990194612
0.9999948496755555
0.9999950334400924
0.9999947143776536
0.9999948679182902
0.999994789184078
0.9999946118283556
0.9999948175964479
0.9999944739562248
0.9999945560980177
0.9999945413130374
0.999994257895605
0.9999944970418498
0.9999942341920893
0.9999942487789164
0.9999943288758264
0.9999940058496045
0.9999942458864997
0.9999940347691082
0.9999939418877677
0.9999941326028754
0.99999383943168
0.9999940099039999
0.9999939044161065
0.9999937669672144
0.999993995703247
0.9999936921748447
0.9999937899529311
0.9999937604158959
0.9999935161849693
0.9999937500340895
0.9999934528799697
0.9999935059528487
0.9999935589844439
0.9999933037674669
0.9999935425818842
0.9999933035604995
0.9999932503880888
0.9999933656605366
0.999993064054946
0.9999932906326858
0.9999930901847685
0.9999929846773438
0.9999931384566274
0.9999928347393449
0.9999929599344152
0.9999928778257356
0.9999926838893668
0.9999928893124798
0.9999925907441458
0.9999926586897326
0.9999926471572429
0.9999923965545452
0.9999926263667263
0.9999923346105872
0.999992332565956
0.9999924254430114
0.9999921145925577
0.999992314283254
0.9999920819803972
0.999991989782023
0.9999921663956668
0.9999918300020978
0.9999919978218749
0.9999919001242814
0.9999917201856208
0.9999918863183384
0.9999915566877895
0.9999916706155016
0.9999916141513958
0.9999914132768238
0.999991600198012
0.9999913374534207
0.9999913689133955
0.9999914545552457
0.9999911614618351
0.9999913949557525
0.9999911653763098
0.9999911209692167
0.9999912351773736
0.9999909212295794
0.9999911097928013
0.9999909579972357
0.9999908186475848
0.999990991339053
0.9999906875920201
0.9999907939315975
0.9999907269171668
0.9999905359162342
0.9999907133843112
0.9999904371109428
0.9999904981612503
0.9999905024114106
0.9999902611058837
0.9999904328993563
0.9999902043536152
0.9999902234130359
0.9999903148422334
0.9999900477278794
0.9999902209107571
0.9999900502825347
0.9999899375759702
0.9999900697801848
0.9999897994759264
0.999989956311817
0.9999898494210241
0.9999897369838219
0.9999899107303943
0.9999895969681761
0.9999896266945963
0.9999896311084658
0.9999894202221082
0.9999896412231413
0.9999893961878137
0.9999894044285084
0.9999894508725385
0.999989154010896
0.9999893468680003
0.9999891551341218
0.9999891297840771
0.9999892663579731
0.999988969634102
0.9999891088889672
0.9999889614152978
0.9999888059213895
0.9999890149625913
0.9999887443131161
0.9999888542986802
0.9999887770833445
0.9999885454914382
0.9999887312812765
0.9999884410558241
0.9999884325134755
0.9999884750587885
0.9999881887546311
0.9999883250185363
0.9999881056199692
0.9999880559439684
0.999988155793963
0.9999879225075333
0.9999880516402503
0.9999878817776898
0.9999877491892528
0.9999878916134487
0.9999876641263785
0.9999877796334987
0.9999876823693178
0.9999875121033416
0.99998767404941
0.9999874635105631
0.9999875071053761
0.9999875069817444
0.9999873166073774
0.9999874899562743
0.9999872434964374
0.9999872103152687
0.9999872746806521
0.9999870189213937
0.9999871915191355
0.9999870100091744
0.9999869573668456
0.9999871171981003
0.9999868422628845
0.9999869647051753
0.9999868347175781
0.9999867142912355
0.9999868661708221
0.9999865925090055
0.9999866779849858
0.9999866344804573
0.9999864628420219
0.9999866515295874
0.9999863655922103
0.9999863813255473
0.9999864062869629
0.9999861730611903
0.9999863210063746
0.9999861336560347
0.9999860930283347
0.9999861872847932
0.9999859390221181
0.9999860635006003
0.9999859076984431
0.9999858133032995
0.9999859144174302
0.9999856475105074
0.9999857332492162
0.999985636419317
0.9999854660035753
0.9999856175511876
0.9999853966032564
0.9999854547349486
0.9999854093160663
0.9999851781458354
0.9999853011167606
0.999985098382355
0.999985012900409
0.9999850024164946
0.999984812099477
0.9999849638774495
0.9999848183324532
0.9999847183806495
0.9999848346364323
0.9999845502127925
0.9999846728418214
0.9999845888689731
0.9999844012461658
0.9999845353576691
0.9999842762323873
0.9999844131967548
0.9999844000740885
0.9999841638797369
0.99998431454924
0.999984082880878
0.9999839939986546
0.9999840238770035
0.9999837828681954
0.9999839657592424
0.9999838038820124
0.9999837216896806
0.9999837336074728
0.9999835270910473
0.9999836499205552
0.9999835159015648
0.999983356421347
0.9999834284055842
0.9999831969564198
0.9999832267790489
0.9999831702452266
0.9999829335170574
0.9999830668999666
0.9999828461967621
0.9999828470926175
0.9999828750495725
0.9999826963779561
0.9999828089772632
0.9999826282333717
0.9999825860605697
0.9999826420428782
0.9999825268784456
0.9999826500557774
0.9999825037643815
0.9999824260343672
0.9999825353407482
0.9999822837132722
0.9999823613624756
0.999982293681806
0.9999821288446943
0.9999822766292138
0.9999820295422746
0.999982017876795
0.9999820018168812
0.9999818088480061
0.9999819345553236
0.9999817465083474
0.9999816974928332
0.9999817027171773
0.9999815568063453
0.9999817581634678
0.9999816428038556
0.9999816171534467
0.9999817235740434
0.9999814935269193
0.9999815664659647
0.9999814682966952
0.9999813974612674
0.9999815251734355
0.9999813112810636
0.9999814117343623
0.9999813743789893
0.9999812584621897
0.9999813959441607
0.9999812067352785
0.9999811380685562
0.9999811512151486
0.9999809244103458
0.9999810300907244
0.9999808776359175
0.9999808310647916
0.9999809244579619
0.9999807202536758
0.9999808544855165
0.9999807497101849
0.9999806305945141
0.9999807086948549
0.9999805105775071
0.9999805308662488
0.9999804904157379
0.9999803684834634
0.9999804993652677
0.9999802464144134
0.9999802955891011
0.9999803278255708
0.9999801603233452
0.9999803216257825
0.9999800863756113
0.9999800569802875
0.9999800886655137
0.9999798817461735
0.999979979086084
0.9999798369886166
0.9999797773985132
0.9999798393820271
0.999979632222689
0.9999797003550877
0.9999795854048861
0.9999794477054568
0.9999795918983375
0.999979357276284
0.9999794330760634
0.9999794691621534
0.9999792511918022
0.9999793540416758
0.9999791904156768
0.9999791519337844
0.9999791357587593
0.9999789392640894
0.999979069175781
0.9999789604282968
0.9999788968373379
0.9999789913830637
0.9999788110246652
0.9999789140451913
0.9999788407503925
0.9999787253867234
0.9999788132507558
0.9999785685744954
0.9999785939361828
0.9999784940848122
0.9999783160199077
0.9999784315584742
0.9999782750936682
0.9999782867590878
0.9999782445070708
0.9999780542446383
0.9999781505821456
0.9999779565230654
0.9999778964297801
0.9999779540740872
0.9999777680167135
0.9999778894970754
0.9999777687185352
0.9999776893512061
0.9999777899585099
0.9999775256509822
0.9999776358695606
0.9999775146559249
0.9999774185347677
0.9999775177845793
0.9999772868552299
0.9999773383576622
0.999977251742578
0.9999770787185447
0.9999772612579643
0.999977078677533
0.9999770389719026
0.9999770566721998
0.999976825960734
0.9999769299704393
0.9999767733267739
0.9999766529493181
0.9999767100854952
0.9999764809510273
0.9999765895528524
0.9999765079583138
0.999976411508801
0.9999764507272685
0.9999763200712005
0.9999764208786954
0.9999763031118533
0.9999761288804626
0.9999762729384183
0.9999761171939224
0.9999761489287489
0.9999760510604072
0.9999758856653557
0.9999759470762158
0.9999757650242287
0.9999756912683737
0.99997579926856
0.99997557573295
0.9999756742743501
0.9999755582153564
0.9999754939508502
0.9999756079189431
0.9999753948439509
0.9999754677297157
0.99997538133937
0.9999752787616558
0.9999754288274479
0.9999751458886307
0.9999751795696855
0.9999752062117544
0.9999750775979475
0.9999752365806831
0.9999750033814351
0.9999750221256347
0.9999750094408072
0.9999748843812386
0.9999750492236876
0.999974933133775
0.9999748378501546
0.9999749592920126
0.999974762731301
0.999974867058702
0.9999747172474858
0.999974589082066
