0.9999999126369594
0.9999995642441758
0.9999996905010794
0.9999997063455829
0.9999994060006728
0.999999701285724
0.9999994042394472
0.9999994246447919
0.9999995360438362
0.9999991866658282
0.9999994564081032
0.9999992439488142
0.9999991655838656
0.9999993641937871
0.9999989946966178
0.9999992227526407
0.9999990985747915
0.9999989211600563
0.9999991790303584
0.999998817227596
0.9999989760431378
0.999998949577416
0.9999986981583342
0.9999989708762392
0.9999986620923501
0.9999987154719516
0.9999987934901811
0.9999984566464208
0.9999987427169381
0.9999985032182486
0.9999984596238893
0.999998621084908
0.9999982670481042
0.9999985030465698
0.9999983327848927
0.9999981925585166
0.9999984195591501
0.999998064402657
0.9999982459369197
0.999998181929844
0.9999979726132948
0.999998227781103
0.9999979119867327
0.9999979960714848
0.9999980293095564
0.9999977408895828
0.9999980176054267
0.9999977629743372
0.9999977731094625
0.9999978908545252
0.9999975738366788
0.9999978207203766
0.9999976205428842
0.9999975224782106
0.9999977110709393
0.9999973844472917
0.9999975872929434
0.9999974981907439
0.9999972860009434
0.9999975266022576
0.999997227665433
0.9999973538380411
0.9999973510082809
0.9999970883962345
0.9999973454160568
0.999997084791884
0.9999971244362081
0.9999972074812128
0.9999969085654393
0.9999971700813184
0.9999969484415975
0.9999968917494741
0.9999970627140639
0.9999967322792566
0.9999969367356242
0.9999968297158225
0.999996667990886
0.9999968828322139
0.9999965721808711
0.9999967222091328
0.9999966742882836
0.9999964515809768
0.9999966715800676
0.9999963719504211
0.9999964394598008
0.9999964823942247
0.9999961856359455
0.9999964417939017
0.999996197721685
0.9999961721525568
0.9999963101131665
0.9999959770370801
0.9999961670744598
0.9999960094237043
0.9999959184050577
0.9999960816596184
0.9999957436098197
0.9999958968137653
0.9999958219494016
0.999995627478001
0.9999958503351122
0.9999955446738137
0.9999956535791857
0.9999956543019964
0.9999953855443877
0.9999956093866924
0.9999953443697062
0.9999953613289526
0.9999954513082288
0.9999951658381833
0.9999953947192604
0.9999952185643632
0.9999951433572777
0.9999953306706543
0.9999950043870927
0.9999952204797989
0.999995100821127
0.9999949411261084
0.9999951416609418
0.9999948456988061
0.9999949670744873
0.9999949412899206
0.9999947257881601
0.9999949593995795
0.9999946738356758
0.9999946936001776
0.9999947657660417
0.9999944866761021
0.9999947291740872
0.9999945119275432
0.9999944760542517
0.9999946243000167
0.9999942962307783
0.9999944994776759
0.9999943632330633
0.9999942570505969
0.9999944531577506
0.9999941289091224
0.9999942894870683
0.9999942497985551
0.9999940659403416
0.9999942776397086
0.9999939744420121
0.9999940372235294
0.9999940533471211
0.9999938085356664
0.9999940360432639
0.9999938150928522
0.9999938179253217
0.9999939479463867
0.9999936584476067
0.9999938705038335
0.9999937350341664
0.9999936559018187
0.9999938275502728
0.9999935245444146
0.9999936709988333
0.9999935871621448
0.9999934237054783
0.9999935836567502
0.9999933032968296
0.9999933854738224
0.9999933848308887
0.9999931596415961
0.9999933765819703
0.9999931353534018
0.999993149064678
0.9999932056411425
0.9999929235718091
0.9999931083995915
0.9999929192397219
0.9999928623400468
0.9999930026291662
0.9999927091656262
0.9999929140621916
0.9999927957477736
0.9999926443640103
0.9999928457192196
0.9999925620877642
0.9999926848775108
0.9999926365507726
0.9999924595850828
0.9999926710152903
0.9999924105341947
0.9999924800929877
0.9999925274303846
0.9999922797382674
0.999992511026817
0.9999922777745929
0.9999922435111547
0.9999923316763267
0.999992051471103
0.9999922572784737
0.9999921114908762
0.9999920472715481
0.9999922340323896
0.9999919608806804
0.9999921244320102
0.9999920185736065
0.9999918738228801
0.9999920748309568
0.9999917865341172
0.999991863061657
0.9999918568722402
0.9999916208481621
0.999991843252171
0.9999915885736683
0.9999915715626674
0.9999916301558986
0.9999913543787871
0.9999915559803966
0.9999913788774046
0.9999913112412765
0.9999914584961371
0.9999911832851888
0.9999913313355169
0.9999912578226418
0.9999911055457488
0.9999912855691295
0.999991008253234
0.9999911171032314
0.9999910764413602
0.9999908615848422
0.9999910377959343
0.9999907619360429
0.9999908222468524
0.9999908622727778
0.9999906127355623
0.9999908228290338
0.9999906274975798
0.9999905934113924
0.9999907200654335
0.999990456252694
0.9999906531499229
0.9999905348951015
0.9999904428525918
0.9999905827497693
0.9999903414014292
0.9999904418294832
0.9999903734875482
0.9999902130310122
0.9999904057026692
0.9999901551263618
0.9999902030970562
0.9999902112329828
0.999990030503974
0.9999902254171676
0.9999900044229905
0.9999900317704125
0.9999900873544718
0.9999899071692174
0.9999900931924275
0.9999899200127556
0.9999898410131833
0.9999899475097869
0.9999896857383191
0.9999898395766206
0.9999897661456114
0.9999896191598721
0.9999897795537899
0.9999895228185341
0.9999895989499794
0.9999896206865446
0.9999893970416667
0.9999896009773457
0.9999893584031178
0.9999893748088844
0.9999894321458559
0.9999892003142229
0.9999893908839526
0.999989211550196
0.9999891483934295
0.9999892401430845
0.9999889811243684
0.9999891175320016
0.9999889931608935
0.9999888515903442
0.9999889913883427
0.9999887385828518
0.9999888194302607
0.9999887389749539
0.9999886119117724
0.9999888095124013
0.9999885516015459
0.9999886150101578
0.999988625326759
0.9999884427297824
0.9999885862637442
0.9999884047783509
0.9999884209159234
0.9999884620033923
0.9999882229303492
0.9999883670431474
0.9999882130835737
0.9999881171740184
0.9999882658956146
0.9999880052284084
0.9999881289005181
0.9999880518240442
0.9999879626083633
0.999988090718651
0.9999878547250377
0.9999879010343568
0.9999878847949365
0.9999876971627994
0.9999878823510071
0.9999876422571798
0.9999876608329991
0.9999877227007378
0.9999874955781396
0.9999876864220394
0.9999875424139036
0.9999874672039346
0.9999875901860154
0.9999873526616425
0.9999875270787475
0.999987434768137
0.9999872856086716
0.9999874107208883
0.9999871820410982
0.9999872963683359
0.9999872261795545
0.9999870790347835
0.9999872291338149
0.9999870219260845
0.9999870459308426
0.9999870587765617
0.9999868459205338
0.9999870093540256
0.9999868598223292
0.9999868019633977
0.9999869037371147
0.9999866796747733
0.999986819186913
0.999986675213556
0.9999866139339353
0.9999867095462359
0.9999864611289173
0.9999865407859946
0.9999864764014363
0.9999862815594354
0.9999864327158238
0.9999862140588793
0.9999862612265422
0.9999862754971854
0.9999860706028992
0.9999862196107826
0.9999860057998083
0.9999860145616908
0.9999860468712523
0.9999858399191885
0.9999859975867532
0.9999858796561784
0.999985828087038
0.999985914488011
0.999985701054421
0.9999858512790475
0.9999857226671157
0.999985576733311
0.9999856876963389
0.9999854345551279
0.9999855378201153
0.9999855241388765
0.9999854211847187
0.999985569067327
0.9999853527623929
0.999985392513717
0.9999854142303758
0.9999851934069643
0.9999853819694554
0.9999852169235697
0.9999851361174835
0.9999852522224429
0.9999849990773025
0.9999851397553837
0.9999850205311016
0.9999849178716075
0.9999849978894764
0.9999847796723211
0.999984852276448
0.9999847669513554
0.9999846400987098
0.999984780610853
0.9999845741480816
0.999984574574938
0.9999845946688195
0.9999843847538828
0.9999845232918476
0.9999843588321815
0.9999843244950039
0.9999843981033747
0.9999841996726069
0.9999843144032383
0.9999842267260206
0.9999841866880508
0.9999842904924998
0.9999841063478115
0.9999842019460587
0.999984175354545
0.9999840433688438
0.9999841902795743
0.9999840156033262
0.9999840533616323
0.9999840777883272
0.9999839010110854
0.999984022622882
0.9999838458666049
0.9999838635754219
0.9999838789310591
0.9999836970086754
0.9999838452812838
0.9999837058221438
0.9999836632856689
0.9999837267701018
0.9999835383408038
0.9999836705487701
0.9999835740670375
0.9999834640989804
0.9999835327105189
0.9999832937959604
0.9999833639488623
0.999983312217723
0.9999831428757394
0.9999832433363348
0.9999830732086771
0.9999830448975946
0.9999830768869392
0.9999829078643308
0.9999830279124451
0.9999829100539347
0.9999829612321057
0.9999829921130532
0.9999828113714606
0.9999829011702148
0.9999828104583148
0.9999827293089407
0.9999828431925424
0.9999826712757605
0.9999827395526576
0.9999826769765806
0.9999825380089493
0.9999826669109358
0.9999824884859101
0.9999825255164264
0.999982550107122
0.9999823612757499
0.999982502941279
0.9999823415038718
0.9999823420774235
0.9999823990298078
0.9999822261970115
0.9999823654851844
0.9999822856364654
0.9999822344617699
0.9999823160146757
0.9999821315978737
0.9999822371389334
0.9999821695559642
0.9999820461493922
0.9999821290138448
0.9999819585612097
0.9999820443571728
0.9999820027950067
0.99998182946305
0.9999819480121258
0.9999817919764064
0.9999817622279179
0.9999818079485772
0.9999815698412056
0.9999816567930675
0.9999815539792904
0.9999815131652394
0.9999815877853656
0.9999813285782093
0.9999813909434981
0.9999813091901246
0.9999811934097261
0.9999813011069498
0.9999811111132173
0.9999811778752052
0.9999811639180338
0.9999809834026617
0.99998105976191
0.9999808474315979
0.9999808245720492
0.9999807963418621
0.9999806182994649
0.9999806658230981
0.9999804978767929
0.9999804226709266
0.9999804148008946
0.9999802396603953
0.9999803445728715
0.9999802503102136
0.9999801587129157
0.9999802415641289
0.9999800768664114
0.9999801444483476
0.9999801093521461
0.9999800094153785
