0.9999998998387986
0.9999995109413655
0.9999996143439869
0.9999997303174668
0.9999993141793041
0.9999996096420398
0.9999994899515962
0.999999236811663
0.9999995608500957
0.9999992207133119
0.999999229807333
0.9999994215267146
0.9999990028270088
0.9999992362686276
0.9999991975905943
0.9999988686858585
0.9999992032149307
0.9999989287106568
0.999998837753887
0.9999990858908372
0.9999986936873166
0.9999988557846561
0.999998908385739
0.9999985472724859
0.9999988672754431
0.9999986928969008
0.9999985079474407
0.9999987868413315
0.9999984396306455
0.9999985073241595
0.9999986224161027
0.999998214818339
0.9999984829895026
0.9999983898046267
0.9999981313379473
0.9999984314362889
0.9999981325060152
0.9999981185171356
0.9999983086496872
0.9999979239003788
0.9999981316419735
0.9999980954588543
0.9999977715833455
0.9999980822362223
0.9999978678079826
0.9999977507522446
0.9999980022861102
0.9999976330637018
0.9999977835189778
0.9999978400871496
0.9999974757526561
0.9999977619597431
0.9999976065991908
0.9999974165662013
0.9999976967457994
0.9999973721127253
0.9999974292086418
0.9999975624924994
0.9999971735271513
0.9999974218879603
0.9999973515992735
0.9999971053330323
0.9999974036289023
0.9999971120613189
0.9999970663389769
0.9999972671737938
0.9999968863002217
0.9999970685481716
0.9999970542931415
0.9999967286098863
0.9999970227370765
0.9999968281203914
0.9999967005001587
0.9999969611255332
0.9999966096876278
0.9999967076150611
0.9999967912398273
0.9999964305351018
0.9999967127238234
0.9999965741876597
0.9999963586110746
0.9999966577203763
0.9999963657753175
0.9999963886990213
0.999996540700967
0.999996192218128
0.9999963965681347
0.9999963460168266
0.9999960805181262
0.9999963443251196
0.9999960958552246
0.9999960453029708
0.9999962531232771
0.9999958971913069
0.999996036346546
0.9999960736112801
0.9999957595003637
0.9999960558005555
0.9999958777951357
0.9999957235938088
0.9999959525237174
0.9999956199289588
0.9999956938152648
0.9999958094758358
0.9999954814072183
0.9999957280886271
0.9999955896892277
0.9999953579399412
0.9999956113585747
0.9999953313319033
0.9999953301196394
0.9999954788644759
0.9999951323884964
0.9999953120664803
0.9999952671722708
0.9999949931953684
0.9999952420492234
0.999995022012658
0.999994939294134
0.9999951655704143
0.9999948367341788
0.9999949592112666
0.9999949729797589
0.9999946633772404
0.999994887279095
0.9999947264973124
0.9999945701203945
0.9999948213437508
0.9999945077929904
0.9999945939902259
0.9999946904411644
0.9999943559136125
0.9999945830772181
0.999994494378928
0.9999942721089753
0.9999945320688771
0.9999942734992772
0.9999942391751484
0.9999943962033938
0.9999940335903156
0.9999942080020565
0.9999941758150831
0.9999939150074195
0.9999941805878731
0.9999939851395575
0.9999939060306093
0.9999940963140304
0.999993784739355
0.9999938894940802
0.9999938929930652
0.9999935693293632
0.9999937794413726
0.9999936291860173
0.9999934594954196
0.9999936784903046
0.9999933640042261
0.9999934018637049
0.9999934993511425
0.999993132681577
0.9999933305472019
0.9999932399917161
0.9999930192363224
0.9999932669748303
0.9999930070922889
0.9999929907484881
0.9999931582852227
0.9999928242854664
0.9999930029196177
0.9999929788366638
0.9999927062293232
0.9999929391902779
0.9999927216245771
0.9999926277263997
0.9999928168772293
0.9999924749432213
0.9999925812969966
0.9999926045010065
0.9999923261948919
0.9999925402709375
0.9999924138533592
0.999992225019819
0.9999924219571092
0.9999921339084528
0.9999921381110184
0.9999922493154343
0.9999919396097822
0.9999921192805984
0.9999920428032975
0.9999918121771146
0.9999920469883422
0.9999918102218176
0.9999917706631484
0.9999919270046034
0.999991593525313
0.9999917389752111
0.9999917505338138
0.9999914709158835
0.9999917342478324
0.999991559414387
0.9999914677656748
0.9999916244277677
0.9999913177798085
0.9999913987596237
0.9999914489183339
0.9999911548932392
0.9999913847901282
0.9999912606800163
0.9999911070980368
0.9999913230991063
0.9999910729581325
0.9999910568205721
0.9999911200751456
0.9999908182636855
0.9999909775836754
0.9999909227033146
0.9999906965634444
0.9999909469867526
0.9999907351042925
0.999990687488363
0.9999908741218482
0.9999905671099666
0.9999907174394991
0.9999906732523999
0.9999904202382935
0.9999906167409854
0.9999904451999452
0.999990318189682
0.9999905074691702
0.9999901906080041
0.9999902252190047
0.9999902880420207
0.9999899900645651
0.9999901726771213
0.9999900460026612
0.9999898488900542
0.9999900729057097
0.9999898129604311
0.9999897857538247
0.9999899289038702
0.9999896419269697
0.9999897789117259
0.999989713427591
0.9999894491732015
0.9999896643644941
0.9999894725318067
0.9999893933237701
0.9999895265317799
0.9999891829334061
0.999989327342343
0.9999893312811333
0.9999890478497396
0.9999892553256058
0.9999891319046076
0.9999890347292549
0.999989228125657
0.9999889491596203
0.9999889865790053
0.9999890115996143
0.9999887643342825
0.9999889654147579
0.9999888576774276
0.9999887015264469
0.9999889101434825
0.9999886743043952
0.999988678952881
0.9999887981380283
0.9999885205908539
0.9999886487522639
0.9999886376115589
0.9999884105394267
0.9999886029774567
0.9999884402049734
0.9999883854418274
0.9999885380385516
0.9999882590970234
0.9999883629565239
0.9999884314947701
0.9999881386912226
0.9999883194895938
0.9999881591289035
0.9999879578944653
0.9999881288450055
0.9999878870952615
0.9999879218218709
0.9999879845195199
0.999987708623056
0.9999878936319755
0.9999878221406776
0.9999876524380138
0.9999878580421455
0.999987625654278
0.9999876088750466
0.9999877142760328
0.999987404546565
0.9999875240849863
0.9999875155097887
0.9999872680487476
0.9999874745877863
0.9999873633947203
0.9999872883514392
0.9999874552594553
0.9999872293257547
0.9999872994019577
0.9999873043735675
0.9999870925860527
0.999987267324542
0.9999871388035704
0.9999869520754215
0.9999871556173064
0.999986934857507
0.9999869351977138
0.9999870265583918
0.9999867777910609
0.9999868933191657
0.9999867757540597
0.9999865479758105
0.9999867494563354
0.9999865241753259
0.9999864235429043
0.999986537120521
0.9999862664056444
0.999986361605639
0.9999863339253661
0.9999860761379672
0.999986269590388
0.9999861128823728
0.9999859765385241
0.9999861150101076
0.9999858825576623
0.9999859440032896
0.9999859715931269
0.9999857155654348
0.9999858772632674
0.9999857765253377
0.9999855964173601
0.9999857707946007
0.999985585006527
0.9999855811812559
0.9999856554216068
0.9999854011720409
0.9999855281361406
0.9999854744896921
0.9999852413563817
0.9999854212162695
0.9999852339787898
0.9999851654908036
0.999985310103005
0.9999850761128495
0.9999850942670047
0.9999850739885195
0.9999848414173572
0.9999849639848182
0.9999848590425696
0.9999847191962857
0.9999848429905703
0.999984584762476
0.9999846032413245
0.9999846386129153
0.9999843732855811
0.9999845461831112
0.9999844360807572
0.9999842919165675
0.9999844306651926
0.9999842482541056
0.9999842339243986
0.9999843480251279
0.9999841340117983
0.9999842091923247
0.9999841426863108
0.9999839576642571
0.9999840952000704
0.9999838855717684
0.9999838494452803
0.9999839436264348
0.9999837581524023
0.9999838291169743
0.999983857666855
0.9999836501056917
0.9999837416111332
0.99998362831558
0.999983537428048
0.9999836791761179
0.9999834712833897
0.9999834650896515
0.9999835053940034
0.9999832255149752
0.9999833461306159
0.9999832630685825
0.9999830876370815
0.9999832394014706
0.9999830263360625
0.9999830205042656
0.9999831019351773
0.999982830593964
0.9999829264404657
0.9999829167844804
0.9999827252266631
0.999982873755428
0.9999827409556128
0.9999826857463185
0.999982869418747
0.9999826320921434
0.9999827077508859
0.9999827023246893
0.9999824999585772
0.999982649501686
0.9999825519635834
0.9999824775431234
0.9999826383654872
0.9999824364979681
0.9999824687341753
0.9999825271476428
0.9999823293338281
0.9999824418319309
0.9999823878539101
0.9999822062620705
0.9999823310395216
0.9999821498144691
0.9999821432098892
0.9999822347686953
0.9999819773026152
0.9999820504490715
0.999981993542461
0.9999817834990843
0.9999819269250527
0.9999818196832957
0.999981754899974
0.999981870540913
0.999981642499369
0.9999817164624756
0.9999817511610241
0.9999815201261355
0.9999816612907168
0.9999815728708801
0.9999813919387209
0.9999814842620739
0.99998130323898
0.9999812695129894
0.9999813206625194
0.9999811000912864
0.9999812075402809
0.999981183438353
0.999981011512147
0.9999811235081099
0.9999809788171335
0.999980871410937
0.9999809452317399
0.9999807255998435
0.9999807721349457
0.9999807750978581
0.999980565522389
0.9999807416873546
0.9999806350159067
0.9999804735965203
0.999980614095978
0.9999804571777028
0.9999804691362623
0.9999805089133106
0.9999802920718045
0.9999804212361572
0.9999803386486986
0.9999802307075433
0.9999803886111758
0.9999801943526012
0.9999801190068286
0.9999802045552101
0.9999799798605633
0.9999800949936823
0.9999800042736374
0.999979806899173
0.9999798933616129
0.999979754662112
0.9999797090131626
0.9999798412472164
0.9999796284456701
0.9999796724930801
0.9999796849625606
0.999979451018626
0.9999796183581754
0.9999794664431185
0.9999793510338626
0.9999795234286745
0.9999793144853942
0.9999792692278091
0.9999793245005932
0.999979088732204
0.999979158021967
0.999979111536469
0.9999789671322563
0.9999791601224782
0.999978972237849
0.9999789221944121
0.9999790235553729
0.999978778456828
0.99997883570904
0.9999788259474653
0.9999786033450794
0.9999787610806831
0.9999786491870847
0.9999785244936139
