0.9999998954667697
0.9999995183451326
0.9999995349063014
0.9999997146294509
0.9999993027803701
0.9999994933937053
0.99999949427029
0.9999991213261166
0.9999994302533165
0.999999251928958
0.9999989962897314
0.9999993201617936
0.9999990003889263
0.9999989307206173
0.9999991905647334
0.9999987858202277
0.9999988845570419
0.9999989914425625
0.9999985904435214
0.9999988505401933
0.9999987750838526
0.9999984641051247
0.9999987920140255
0.9999985361999347
0.9999983770560574
0.9999986636868219
0.9999982895382268
0.9999983009841419
0.9999984750176943
0.9999980699313243
0.999998250375196
0.9999982479696861
0.9999978875642825
0.9999981770611053
0.9999980096166412
0.9999977543732642
0.999998052868424
0.9999977563016539
0.9999976666979423
0.9999979110083226
0.9999975222411616
0.999997628354966
0.9999977163969949
0.9999973404584488
0.999997577506071
0.9999974809866817
0.999997165816669
0.9999974773302431
0.9999972641966766
0.9999971022659866
0.9999973823655723
0.9999970452687577
0.9999970476681846
0.9999971883794604
0.9999968100619233
0.9999969947046701
0.9999970052055539
0.9999966542081908
0.9999969126270759
0.9999967486718023
0.9999965247857986
0.9999968263667903
0.9999965512246811
0.9999964664217815
0.9999966756013567
0.9999963184329866
0.9999964231584696
0.9999965059953541
0.9999961368024216
0.9999963756060917
0.9999963018610922
0.9999960139378283
0.9999962912250815
0.9999960456095662
0.999995880526049
0.9999961183712651
0.9999957516392359
0.9999957447031531
0.999995903888331
0.9999955385327028
0.9999956856194119
0.9999956793434025
0.999995360126681
0.999995625536237
0.9999954828626655
0.9999952839916683
0.9999955449180222
0.9999952793387599
0.9999952034788178
0.9999953761820322
0.9999950548374745
0.9999951342313244
0.9999952054554923
0.9999948465403012
0.9999950542754052
0.9999949464779725
0.999994656683588
0.9999949232934965
0.9999947280459648
0.9999945958578323
0.9999948232407702
0.9999945116433996
0.9999945247768385
0.9999946503750885
0.9999943040540364
0.9999944520268116
0.9999944324705815
0.999994140320899
0.999994370755299
0.9999942598437673
0.9999940519893108
0.9999942876117947
0.9999940107267598
0.9999939674604816
0.9999941622690376
0.9999938460334622
0.9999939467988717
0.9999940169341622
0.999993702635748
0.9999938899311842
0.9999938319535611
0.9999935493371066
0.9999937968139956
0.9999935985950575
0.9999934520171974
0.9999936664826954
0.9999933530383467
0.9999933688277132
0.9999935177762251
0.9999931656414097
0.9999932855452038
0.9999932825685104
0.9999929942128387
0.9999932340715474
0.9999930997304984
0.9999928461465468
0.9999930832172222
0.9999928320905752
0.9999927702451215
0.999992952435941
0.9999926273550755
0.9999927148689447
0.9999927772887957
0.9999924331462515
0.9999926366229476
0.9999925938961443
0.9999923447989905
0.9999925744067418
0.9999923610137289
0.999992203842649
0.9999924305257469
0.9999921467196435
0.9999921647277987
0.9999922908161814
0.9999919681919694
0.9999920623198153
0.9999920851406575
0.9999917716743947
0.9999919802827778
0.9999918296262789
0.9999916045303924
0.9999918256646897
0.9999915541000373
0.9999914822999021
0.9999916323355773
0.9999912644127291
0.999991321914133
0.9999914175872382
0.9999910399985233
0.999991168411521
0.9999911089554523
0.9999908425231071
0.9999910951249702
0.9999908816743028
0.9999907213895948
0.9999908953630802
0.9999906252193409
0.9999906158899562
0.9999907080328544
0.9999903583571755
0.9999904507728259
0.9999904407532044
0.999990123753405
0.9999903793532827
0.999990250801195
0.9999900321111869
0.9999902959295077
0.9999900449824337
0.9999899713977866
0.9999901442787918
0.9999898198702414
0.9999898419556345
0.999989910512624
0.9999896195568883
0.9999897678929262
0.9999896801169773
0.9999894418284777
0.9999896680467558
0.9999894396232462
0.9999893031464433
0.9999894955789007
0.9999891775099363
0.9999891574528533
0.9999892941541249
0.9999889784477878
0.9999890687844939
0.9999890579126594
0.9999887633015718
0.9999889784228363
0.9999888183917822
0.9999886471594348
0.9999888978186862
0.999988629901345
0.9999885892851405
0.9999887604551205
0.9999884231476861
0.9999884703681788
0.9999885645868026
0.999988251636534
0.9999884362759771
0.9999883967856273
0.9999881465750294
0.9999883559579767
0.9999881747033148
0.9999880438608567
0.9999882415620641
0.9999879635277918
0.9999879972178357
0.9999881265197502
0.9999878191510395
0.9999879175807769
0.9999879064129599
0.9999876261908068
0.9999878342442906
0.9999876761632883
0.9999874666441273
0.9999876629582672
0.9999873871185381
0.9999872912604998
0.9999874321588995
0.999987107669731
0.9999871682480079
0.9999872109066869
0.9999869343383905
0.9999870759323918
0.9999869829356411
0.9999867474948027
0.9999869943441007
0.999986803453073
0.99998667368753
0.9999868591378059
0.9999865461177138
0.9999865810895902
0.9999867111635887
0.999986452198586
0.9999865860993014
0.9999865641841469
0.9999862374007322
0.9999864430695912
0.9999863113390136
0.9999860894967936
0.9999863095399727
0.9999860976362399
0.9999860658137611
0.9999862217716255
0.9999859209128484
0.99998595904968
0.9999860438313255
0.9999857270308546
0.9999858830726032
0.9999857848979548
0.9999855436523606
0.9999857474539788
0.9999855209424016
0.9999853757043293
0.9999855437627556
0.9999852669096341
0.9999852979495576
0.9999854140966911
0.9999851440266437
0.9999852721185535
0.9999852045967285
0.9999849333882078
0.999985131917292
0.99998502557919
0.9999848211306237
0.9999849842418326
0.9999847244208779
0.9999846637261419
0.9999847463041005
0.9999844358982652
0.9999845240527979
0.9999845650861996
0.9999843408465573
0.9999845554404105
0.9999844668881447
0.9999842357226334
0.9999844575044335
0.9999843148849251
0.99998420845308
0.999984364413826
0.999984098916587
0.9999840605680863
0.9999841625507176
0.9999838741454157
0.9999839394511478
0.9999839131782076
0.9999836712927473
0.9999838571563401
0.9999837006047176
0.9999835178729494
0.9999837070790635
0.9999834948226749
0.9999833822335453
0.9999835285569917
0.9999832628136998
0.9999833696721907
0.9999834125351852
0.9999831155656924
0.9999833251263487
0.99998324167896
0.9999829807010697
0.9999831889093288
0.9999830344642244
0.9999828800387421
0.9999830571070532
0.999982807400653
0.9999828310985578
0.999982898273289
0.9999826104680378
0.9999827149102972
0.9999826841913286
0.9999824586432733
0.999982597385236
0.9999825337015895
0.9999823398359237
0.9999825223103406
0.99998232802341
0.9999822409479782
0.9999823373330662
0.9999820878194917
0.9999821110930888
0.9999821709572327
0.9999818864668412
0.9999820235015711
0.9999819809680307
0.9999817902789473
0.9999820002107388
0.9999818665864648
0.9999817638979106
0.9999819437391235
0.9999816894152433
0.9999817145295726
0.9999817949074142
0.999981517671271
0.9999816154568503
0.9999815536857277
0.999981290871915
0.9999814214319397
0.9999812836172552
0.999981097946912
0.9999812983918525
0.9999810923320943
0.9999810731656769
0.9999811922257188
0.9999809454743166
0.9999810047568256
0.9999810686654728
0.9999808048460991
0.999980961607613
0.9999808784336779
0.99998067252213
0.9999808648979478
0.999980653837455
0.9999805369478993
0.9999806777510825
0.9999804483706721
0.9999804511177719
0.9999805019481218
0.9999802053679469
0.9999802947758035
0.9999802589006525
0.9999800073444586
0.9999801544716379
0.9999800877465777
0.9999799414723902
0.9999800856522473
0.9999799523689384
0.9999799104317235
0.9999799858844937
0.9999797318672131
0.9999798404107495
0.9999798796576501
0.9999796153827825
0.9999797483308379
0.9999797048790453
0.9999795263313216
0.9999796625181512
0.9999795224835698
0.9999793476291526
0.999979551463211
0.9999792766374935
0.9999792701134959
0.9999792872385519
0.9999790799425403
0.9999791351255691
0.9999791613379948
0.999978909932855
0.9999790684630788
0.9999790087568369
0.9999788414207282
0.9999789854841485
0.9999787997741407
0.9999787361836553
0.9999788597716796
0.9999786171206569
0.9999786076793472
0.999978634437655
0.9999784093305724
0.9999785001002012
0.999978444718307
0.9999782926043609
0.9999784759397352
0.9999783080530917
0.9999781290961772
0.9999782430382569
0.9999780356432522
0.9999779949503341
0.9999780464678132
0.9999778115781003
0.9999778462787926
0.9999778473295651
0.9999775756617052
0.9999777097612529
0.9999775982587497
0.9999774099465432
0.9999775196920865
0.9999773573661512
0.9999773077602992
0.9999774213164654
0.9999771459135607
0.9999771521457119
0.999977198359578
0.9999769425961224
0.9999770557514895
0.9999770199675144
0.9999768186865984
0.9999769701542983
0.9999768490293781
0.9999767345473116
0.9999769492115549
0.9999767400239739
0.9999767372390141
0.9999768376327426
0.9999765808611424
0.9999765989142144
0.99997659295629
0.9999763646983232
0.999976477220584
0.9999764081506761
0.9999762174523052
0.999976354144561
0.999976231219981
0.9999761649710436
0.9999762276198143
0.9999760013011367
0.9999760635241852
0.9999760865461231
0.9999758413076274
0.9999759020846853
0.9999758285517246
0.9999756499559522
0.9999758044331193
0.9999756417893355
0.9999755006570846
0.9999756134209533
0.9999753692036456
0.9999753145081295
0.9999753190684931
0.9999750586340587
0.9999751366318645
0.9999751201371117
0.9999749782927019
0.9999749860710001
0.9999749236437905
0.9999747590328266
0.9999748352907613
0.9999746189841143
0.9999745029709973
0.9999745748503213
0.9999743521804099
0.9999743740068522
0.9999744130545224
0.9999741780268762
0.9999742551571482
0.9999742382184439
0.9999740759725592
0.9999742216247055
0.9999741162928385
0.9999740305086435
