0.9999998604839258
0.9999994340675745
0.9999992751070546
0.9999996795346171
0.9999994013608409
0.9999990722763411
0.9999994702839193
0.9999993759412097
0.9999989302760266
0.9999992194489181
0.99999931520074
0.999998817740976
0.9999989272811348
0.9999992045259142
0.9999987483188527
0.9999986797758125
0.999999053656294
0.9999987114308071
0.9999984616892387
0.9999988688358761
0.9999987004740947
0.9999983133919504
0.9999986415776506
0.9999986481550318
0.9999981749208544
0.9999983563981308
0.9999985686086424
0.9999980876786528
0.9999980979130504
0.9999984230612894
0.999998019617661
0.9999978452629823
0.9999982464314111
0.9999979925613923
0.9999976354541453
0.9999980030209079
0.9999979404791652
0.9999974838401035
0.9999977563833907
0.9999978958257316
0.9999974118604482
0.9999975269959397
0.999997808282542
0.9999973487812038
0.9999972692331803
0.9999976525629717
0.9999973311602999
0.9999970630516842
0.9999974236627627
0.9999972897678289
0.9999968908608139
0.9999972187871108
0.9999972374819577
0.9999967597841951
0.9999969527305783
0.9999971726619671
0.9999967140228895
0.9999967240235296
0.9999970613721368
0.999996695932847
0.9999965235570708
0.9999968854844592
0.999996660842499
0.9999962912825674
0.9999966622502731
0.9999966190185241
0.9999961586346184
0.9999963886407829
0.999996517852215
0.9999960552134104
0.9999961347218667
0.9999964233776538
0.9999960017347799
0.9999958971565034
0.9999962635596327
0.99999597413937
0.9999956774827179
0.9999960310857047
0.9999958829078354
0.9999954402612108
0.9999957602446083
0.9999958445603864
0.9999953483277322
0.9999954965996297
0.9999957036654988
0.9999952476187217
0.9999952028021538
0.999995516252942
0.9999951604981423
0.9999949346734467
0.9999953231091604
0.9999951079372938
0.9999947575688378
0.9999950725507849
0.9999950614819095
0.9999946128457752
0.9999948415299801
0.999994994857208
0.99999456514151
0.9999946439863848
0.9999949390210413
0.9999945520323706
0.999994411591691
0.9999947488143345
0.9999944986216678
0.9999942067022043
0.9999945759617296
0.9999944694252532
0.999994040588234
0.9999943247545418
0.9999944048782887
0.999993945248681
0.9999940745476336
0.9999942736504779
0.9999938497414624
0.9999937988753138
0.9999941245866306
0.9999937874826524
0.9999935854527315
0.9999939457187115
0.9999938068158581
0.9999934350991605
0.9999937456206974
0.9999937300899542
0.9999932784641644
0.9999934729876895
0.9999936430082227
0.9999931891549482
0.9999932316664658
0.9999935155224251
0.9999931387996219
0.999992981188479
0.99999335546337
0.9999931072904125
0.9999928180535453
0.9999931105855202
0.9999930189374057
0.9999925864156768
0.9999928516008969
0.9999929441700561
0.9999925170752659
0.9999926171580127
0.9999928300438166
0.9999924232254706
0.9999923691433684
0.9999926435831316
0.9999923535998259
0.9999921582424204
0.9999924549946393
0.9999922825114893
0.9999919119411929
0.9999922160080841
0.9999922198885112
0.9999918195859905
0.9999919871249416
0.9999921674831259
0.9999917730314737
0.9999917416496238
0.9999920204160729
0.9999916786093246
0.9999914960616112
0.999991810580202
0.9999916373526304
0.9999913245125491
0.9999916065723837
0.9999915337731617
0.9999911054860275
0.9999912893078576
0.9999914174751539
0.9999910106078302
0.999991107937767
0.9999913073767362
0.9999909464431379
0.9999908562888769
0.9999911548769652
0.9999908699615957
0.9999906574678455
0.9999909860227671
0.9999908526481435
0.9999905213335438
0.9999907981674517
0.9999908116145751
0.9999904060145557
0.9999905231281131
0.9999907221706887
0.9999903633398626
0.9999903293432908
0.9999905804625019
0.9999902521193934
0.9999900821378297
0.999990381932993
0.999990217475277
0.999989906772484
0.9999901580276577
0.999990083822768
0.9999896992752417
0.9999898780330015
0.9999899668080459
0.9999895868357483
0.9999896244602902
0.9999898549977556
0.9999895094829943
0.9999894005587199
0.9999897105246481
0.9999894526688552
0.9999891900138526
0.9999895069410315
0.9999893875152452
0.9999890380278016
0.9999892431365414
0.9999893194309639
0.9999889402666822
0.9999890341090193
0.9999891880677573
0.9999888103126329
0.9999887705081745
0.9999890487134663
0.9999887549733402
0.9999885923424012
0.9999889129543157
0.9999887800606156
0.9999884706739868
0.9999887451952681
0.9999887551465753
0.9999883510586605
0.9999884905119323
0.9999886253095044
0.9999882680645318
0.9999882917910164
0.999988510721134
0.9999882070157013
0.9999880756712363
0.9999883735407665
0.9999882048122196
0.9999879318732807
0.9999881920837114
0.9999881315698483
0.9999877972402454
0.9999879599228457
0.9999880154561794
0.9999876532611901
0.9999877167170523
0.9999878536440509
0.9999875409771818
0.9999874999370819
0.9999877499609382
0.9999875222644367
0.9999873008297009
0.9999875835412848
0.9999874549230258
0.9999871687437788
0.9999874195271654
0.999987382620867
0.9999870363777389
0.9999871932206075
0.9999873133101354
0.9999869433619928
0.9999869456874759
0.9999871340001809
0.9999868597769539
0.9999867298030627
0.9999870088340764
0.9999868198044345
0.9999866220358039
0.9999868468238297
0.9999867233574574
0.9999864256488942
0.9999865721223455
0.9999866420462148
0.9999862829658231
0.999986311735123
0.9999864513863171
0.9999861281554183
0.999986065646604
0.999986285492115
0.9999859720367926
0.9999857888486935
0.9999859811639464
0.9999858956118703
0.9999856366836068
0.9999858292353605
0.9999858401506054
0.9999854970032983
0.9999856423461688
0.9999857712147862
0.9999854484437817
0.9999854078377147
0.9999856118728156
0.9999853667087938
0.9999852452396789
0.9999854988187397
0.9999853213600943
0.9999850638888911
0.9999852381894412
0.9999851927283243
0.9999848886368099
0.9999849885570189
0.9999851204090398
0.9999848208439633
0.9999848338375446
0.9999850511931219
0.9999847687096853
0.9999846815011902
0.9999848836903532
0.9999846963808235
0.9999844830260056
0.9999846845260469
0.9999845946980458
0.9999843151481634
0.9999845092656222
0.999984596461844
0.9999842566395509
0.9999843828448207
0.9999844972167261
0.9999842082856589
0.9999841304586137
0.9999843665799548
0.9999841349539467
0.9999839707737072
0.9999841997601254
0.9999840031113825
0.9999836919971347
0.9999839164715927
0.9999838975678473
0.9999836066750397
0.9999836946436497
0.9999838003534898
0.9999835000206475
0.999983523452982
0.9999837001596926
0.9999834237898826
0.9999833158488609
0.9999835407767442
0.9999833598395244
0.9999831077422441
0.9999833506650512
0.9999832275666237
0.9999828803146321
0.9999830448134444
0.9999830826360698
0.9999827663030391
0.999982796457652
0.9999829726033604
0.9999826781927683
0.9999826293630216
0.9999828293826499
0.9999826086037112
0.9999824443466838
0.9999826954777634
0.9999825336254089
0.9999822672781045
0.9999824542956555
0.9999824603475647
0.9999821572971332
0.999982225041348
0.9999823121516516
0.9999820044679739
0.9999819651047777
0.999982194988539
0.9999819416685224
0.9999818679576937
0.9999820704651338
0.9999819323108028
0.9999816984578249
0.9999819212425257
0.9999818824960794
0.9999815736740052
0.9999816786631968
0.999981762389021
0.9999814744232702
0.9999814748080209
0.9999815694069457
0.9999813261705639
0.9999812826253998
0.9999815237816709
0.9999813226774282
0.9999811398276761
0.9999813479177116
0.9999812712487564
0.9999809456941867
0.9999811165879676
0.9999810581892051
0.9999807181111738
0.9999807767632217
0.9999809198917361
0.9999806768435704
0.9999806179030012
0.9999807955397838
0.9999805583174539
0.9999804033351439
0.9999806409883348
0.9999804853693222
0.9999802625774031
0.9999804558307055
0.9999804594298153
0.9999801276426165
0.9999802580907156
0.9999803141230031
0.9999800102711304
0.999979993428785
0.999980177100966
0.999979955600656
0.9999798577960834
0.9999800493443499
0.9999799078450119
0.999979649320495
0.9999798688157207
0.9999797398801211
0.9999794378719459
0.9999795992324076
0.9999796163361065
0.999979297460686
0.9999793489109744
0.9999794557156637
0.9999791943883024
0.9999792176915618
0.999979402666833
0.9999792159864672
0.9999790863872141
0.9999793558083331
0.9999792477583613
0.9999790245763498
0.9999792115177168
0.9999791529981457
0.9999788578938652
0.9999789489767111
0.9999790930801331
0.999978844451872
0.9999788716733664
0.9999790670523993
0.9999788234865462
0.9999787479204443
0.9999789077145161
0.9999787206663839
0.9999785551858756
0.9999786887269837
0.9999786012992533
0.9999783621359876
0.9999785281005447
0.9999785301711629
0.9999782005498576
0.9999782532883659
0.9999782879956942
0.9999780328053729
0.9999779696353628
0.9999781596557792
0.9999780092015407
0.9999778298265986
0.9999779920323846
0.9999779047271844
0.999977694391408
0.9999778643569753
0.9999778242012151
0.9999775391687059
0.9999776025312246
0.9999776630136266
0.9999774085656311
0.9999773632246907
0.9999775002697994
0.9999772725491429
0.9999771826731747
0.9999773130194998
0.9999771713015805
0.9999769747629758
0.9999770977709119
0.9999769869488943
0.999976691553208
0.9999767793297738
0.9999767812178398
0.9999765097774043
0.999976574932724
0.9999766871861144
0.9999764735357615
0.9999764682682233
0.9999766493713707
0.9999764948998007
0.9999763106086162
0.9999765013021104
0.9999763849137218
0.9999761560364325
0.9999763382769209
0.999976343370535
0.9999760145436554
0.9999760540194718
0.9999761251835209
0.9999759087488526
0.9999758407740449
0.9999759766648723
0.999975709198704
0.9999755836597196
0.9999757430135444
0.9999756357658447
0.999975454240352
0.9999755743593478
0.9999754685173396
0.9999752287829953
0.9999753594949291
0.9999753982639813
0.9999751800453063
0.9999752090167098
