0.9999998971846512
0.9999995192482621
0.999999571630303
0.9999997501452225
0.999999333126616
0.9999995538741819
0.9999995652241803
0.9999992095230625
0.9999995236604272
0.9999993500379516
0.9999991270269784
0.999999448758938
0.999999124731148
0.9999990804598332
0.9999993234034072
0.9999989274597786
0.9999990647820131
0.9999991559852973
0.9999987617268764
0.9999990376842062
0.9999989496488326
0.9999986480462215
0.999998979313816
0.9999987300355362
0.9999986018665679
0.9999988902688242
0.999998529740547
0.9999985832250844
0.999998758508588
0.9999983488356451
0.9999985635337538
0.9999985766430711
0.9999982093417435
0.9999985256871953
0.9999983608871581
0.9999981314067995
0.9999984460358948
0.9999981395441367
0.9999980941870215
0.9999983152369684
0.9999979240025326
0.9999980439899231
0.9999981374876867
0.9999977577823371
0.9999980220038559
0.9999979402261132
0.999997631424428
0.999997956384936
0.9999976905439715
0.9999975647246506
0.9999978382178835
0.9999974988977157
0.9999975342262921
0.9999977094254393
0.9999973145196782
0.9999975114294086
0.9999975005318023
0.9999971504267116
0.9999974509848613
0.999997294492381
0.9999970760623859
0.9999973828170925
0.999997077836674
0.9999970301769995
0.9999972587002091
0.9999968795893374
0.9999970177245482
0.9999970964463976
0.9999967566430729
0.9999970151539712
0.9999969386374485
0.999996669408527
0.9999969735203533
0.9999967255650624
0.9999965875262729
0.9999968596525278
0.9999965039719639
0.9999965464040077
0.9999967037861531
0.9999963100125353
0.9999965128446543
0.9999964974694084
0.999996174675557
0.9999964518498836
0.9999962722871556
0.9999960734071169
0.9999963646420241
0.9999960737165188
0.9999960377803531
0.9999962380771628
0.9999958707512676
0.9999960065939986
0.9999960858776703
0.9999957387476577
0.9999959741212875
0.9999959103110534
0.999995644504796
0.9999959550348734
0.9999957281059553
0.9999955796356537
0.9999958236914348
0.9999954771759273
0.9999954835221556
0.9999956236319698
0.9999952829407427
0.9999954575169715
0.9999954610984025
0.9999951343273146
0.9999953929879604
0.9999952753189751
0.9999950799278138
0.9999953336806381
0.9999950655154767
0.9999949974727557
0.9999951841563784
0.9999948278741214
0.9999949306290897
0.9999950074455404
0.9999946721135027
0.9999949164716598
0.9999948661171257
0.9999946101418519
0.9999948934092793
0.9999946982135782
0.999994561991404
0.9999948240003692
0.9999945216619308
0.99999455444761
0.9999946990656942
0.9999943245436596
0.9999944886838895
0.9999945079109438
0.9999941892839863
0.9999944329228583
0.9999942828661599
0.9999940590353623
0.9999943291886758
0.9999940792089594
0.9999940377370503
0.9999942486500368
0.9999939148998215
0.9999939964428889
0.9999940643614922
0.9999937128599715
0.999993938330603
0.9999938394608411
0.9999935821910942
0.9999938456002482
0.9999936234556858
0.9999934817730096
0.9999937214666917
0.9999934290501195
0.9999934882157434
0.9999936401059494
0.9999933090133076
0.9999934785820949
0.9999934843579025
0.9999931903244512
0.9999934597180918
0.9999933206151126
0.999993121512678
0.9999933855079636
0.9999931160897464
0.9999930563699974
0.9999932733755051
0.9999929421715028
0.999993054640879
0.9999931356181937
0.9999928134238905
0.9999930352613114
0.9999929372095319
0.999992678033704
0.9999929135653888
0.9999927261392736
0.9999926067506917
0.9999928350831225
0.9999925266105717
0.9999925415601119
0.999992663729386
0.9999923268878791
0.9999924680045073
0.9999924880836721
0.9999921863695077
0.9999924214364373
0.9999923124069826
0.9999921122243682
0.9999923511218706
0.9999920994510992
0.9999920478202929
0.9999922437236816
0.9999919123191291
0.9999919723263954
0.9999920313782913
0.9999916994823506
0.9999919092667321
0.9999918490536464
0.9999915690558091
0.9999918438771854
0.9999916578022857
0.9999915460385844
0.9999917786206726
0.9999914519279667
0.99999146606933
0.9999916263129247
0.9999912839503505
0.9999914223360358
0.9999914335209833
0.9999911375940186
0.9999913559556686
0.9999912273770125
0.9999910086491672
0.9999912642346686
0.9999910049562984
0.9999909462608046
0.9999911458212177
0.9999908685435429
0.9999909287059603
0.9999909952916474
0.9999907096567184
0.9999908885224424
0.99999082441766
0.9999905547645608
0.9999908088983531
0.9999906292931311
0.9999905183984475
0.9999907485056224
0.9999904912170465
0.9999905185888156
0.9999906594142233
0.9999903516671558
0.9999904974243187
0.9999905062463259
0.9999902069029502
0.9999904074101361
0.9999902832500603
0.9999900690495427
0.9999903319412908
0.9999900911679057
0.9999900083559333
0.9999901948365396
0.9999899221317265
0.9999899620919724
0.9999900317308086
0.9999897455162163
0.9999899051128779
0.99998985179708
0.9999896059081359
0.9999898446163633
0.9999896316828547
0.9999895054349482
0.9999897257680562
0.9999894430050743
0.9999894463797091
0.9999895660633289
0.999989271698044
0.9999893950025792
0.9999893938176673
0.9999891140371095
0.9999893217900173
0.9999891714718464
0.9999889904541555
0.9999892353459902
0.9999890001741124
0.9999889348257207
0.9999890459206169
0.9999887786621293
0.9999888429296998
0.999988890502015
0.9999885965762768
0.9999887425556203
0.9999887287129035
0.9999884573901753
0.9999886798649665
0.9999885226702692
0.9999883843336281
0.9999885894371436
0.999988316211411
0.9999883638169863
0.9999884854305986
0.9999881509921422
0.9999883076554411
0.9999883173925322
0.9999880233807157
0.9999882027322521
0.9999880580519478
0.9999878859234125
0.9999880629837223
0.9999878409150972
0.9999877743037942
0.99998791600933
0.9999876567141976
0.999987692613008
0.9999877919842315
0.9999875149500453
0.9999877040534617
0.999987697143542
0.9999875118877583
0.9999877292232764
0.9999875927435268
0.9999874756213367
0.9999876001529436
0.9999873548859808
0.9999874081529743
0.9999875366885803
0.9999872571449689
0.999987389995466
0.9999873550427749
0.9999870825816604
0.9999872921550911
0.999987138762533
0.9999869578121157
0.9999871778154311
0.9999869731855111
0.9999869238197662
0.9999870650691376
0.999986753005098
0.9999868234312096
0.9999868819869505
0.9999865955368243
0.9999867594915265
0.9999867065937861
0.9999864895152453
0.9999867109577818
0.9999865344109901
0.9999864061304724
0.9999865877429877
0.9999863326825554
0.9999863735701684
0.999986438644506
0.9999861754431127
0.999986336683
0.9999863225445292
0.9999860741130779
0.9999862485479839
0.9999861409247613
0.9999859863112168
0.9999861346192225
0.9999858832343353
0.999985857367257
0.9999859972083833
0.9999857251274655
0.9999858108975863
0.9999858830749095
0.999985605321364
0.9999857640138227
0.9999857115444644
0.9999855191221655
0.9999857426469275
0.99998558699356
0.9999855110931675
0.9999856433394232
0.9999854240289934
0.9999854544855129
0.9999855454895922
0.9999852886114923
0.9999853989373099
0.999985351573917
0.9999851188791888
0.9999852697575261
0.999985145902678
0.9999849768020123
0.9999851646049788
0.9999849263827355
0.9999848858629188
0.9999850385455509
0.9999847855673373
0.9999848363960328
0.9999848722690404
0.999984624724925
0.9999847975013219
0.9999847130753599
0.9999845091430178
0.9999847035570968
0.9999845208668277
0.9999843994422531
0.9999845594992097
0.9999843737807462
0.9999843955019648
0.9999845159491045
0.9999842513383427
0.9999843756389065
0.9999843540032379
0.9999841134276397
0.999984306685196
0.9999842336959492
0.9999840572587471
0.999984187330958
0.9999840012936075
0.9999839380124942
0.9999840263525301
0.9999838132412288
0.9999838615857926
0.9999838897121419
0.9999836625637014
0.9999837887205075
0.9999837033867497
0.9999834785453343
0.9999836542388468
0.9999834706082031
0.9999833679587657
0.9999835125374094
0.9999832933530569
0.9999833373725777
0.9999833957517766
0.999983179187658
0.9999832774822488
0.9999833011419444
0.9999830922252528
0.9999832250757894
0.999983112428994
0.9999829651837864
0.9999831104840857
0.9999829047441979
0.9999828627787136
0.9999830091882096
0.9999827541531681
0.9999827961513701
0.9999827935292186
0.9999825929630186
0.9999827074406894
0.9999825974933979
0.99998244954392
0.9999826141956684
0.9999824433442263
0.9999823033353016
0.9999824740029319
0.9999822837297638
0.9999823243723646
0.9999824428577097
0.9999821704204938
0.9999822443452828
0.99998217489918
0.999981911748126
0.9999820675962041
0.9999819277999534
0.9999817768891767
0.9999819524060868
0.9999817584728918
0.9999817088693344
0.9999818275357958
0.9999815713981088
0.9999815884119204
0.9999816611517427
0.9999814179198752
0.9999815846429954
0.9999815830741919
0.9999814456547633
0.9999816187163465
0.999981522233645
0.9999814487406553
0.9999816042312362
0.9999813350653385
0.9999813329298111
0.9999813776328019
0.9999810925623973
0.9999811415890147
0.9999811612007461
0.999980910126038
0.9999810835402646
0.9999809611834185
0.9999808270458405
0.9999809781407488
0.9999807451502187
0.9999807459329966
0.9999808613837439
0.9999806076697567
0.9999807230446209
0.9999807868425015
0.9999805506989643
0.9999806638519337
0.9999806100536581
0.9999804119690311
0.9999805795950854
0.9999804623680995
0.9999803689915557
0.9999805149383508
0.9999803804194358
0.9999803911756533
0.9999804229780952
0.9999802391920477
0.9999803102083489
0.999980273506647
0.9999800516544123
0.9999801835517494
0.9999800370577815
0.9999798993252228
0.9999800118877926
0.9999798185690956
0.9999797945242683
0.9999798979450609
0.9999797183445095
0.9999798216445842
0.9999798448005714
0.9999796603224623
0.9999798140432745
0.9999797431933948
0.9999795487271268
0.9999797222882484
0.9999796142637516
0.9999795076410217
