0.9999990771269333
0.9999985407355232
0.999997310157555
0.9999959502502178
0.9999951616022658
0.9999954246403977
0.9999965559720493
0.9999978621390325
0.9999985794418051
0.9999983483998726
0.9999972919514711
0.9999959013186226
0.9999948619391262
0.9999947727522548
0.9999956699944067
0.9999969673184406
0.9999979375374081
0.9999980368535001
0.9999972201720126
0.9999958932566407
0.999994691433475
0.9999942581020103
0.999994831459112
0.999996054264519
0.9999971837212092
0.9999975976550162
0.9999970776044305
0.9999958543302253
0.9999945348792671
0.9999938123626201
0.9999940801208107
0.9999951654173952
0.9999963830771028
0.9999970692429079
0.999996865908997
0.999995879123811
0.9999945372031442
0.9999935665214745
0.9999934780372285
0.9999943168628027
0.9999955719753784
0.9999964846182522
0.999996596153381
0.9999958340984257
0.9999945765687726
0.9999934243685024
0.99999301105367
0.9999935665687084
0.9999947339108015
0.9999958086305227
0.9999962308234928
0.9999957526468379
0.9999945932084129
0.999993332427492
0.9999926481488305
0.9999928942194118
0.9999938878822149
0.9999950436869781
0.9999956946380004
0.9999954974274736
0.999994527927752
0.999993238624483
0.9999922748770768
0.9999921978600256
0.999993005269312
0.9999941577662063
0.9999950393451965
0.9999951284748982
0.9999943921677579
0.9999931906757127
0.9999920980011113
0.9999917020809259
0.9999922426782066
0.9999933550377905
0.9999943508747822
0.999994730812287
0.9999942513179111
0.9999931627677549
0.9999919614134845
0.9999913205822019
0.9999915272844022
0.9999925126705305
0.9999935990424123
0.9999942349861227
0.9999940833381031
0.999993193598896
0.9999919609402038
0.9999910455596418
0.9999909371904457
0.9999917268546861
0.9999928460159068
0.9999936669729346
0.9999937755022152
0.9999931198481523
0.9999919714712956
0.99999087007641
0.9999905051205931
0.9999910180092189
0.9999920911472752
0.9999930470580736
0.9999933914732126
0.9999929460878991
0.9999919208664516
0.999990774904469
0.9999900843121535
0.9999902882391432
0.9999911939371205
0.9999922603433952
0.9999928465601058
0.9999926674125074
0.9999918029911763
0.9999906564163553
0.9999897945576612
0.9999896636212006
0.9999903935731707
0.9999914752490392
0.9999922689932238
0.999992360849755
0.999991715110993
0.9999905782063093
0.9999895346576136
0.9999891272651688
0.9999895507397389
0.9999905558955833
0.9999915108181678
0.9999918657809042
0.9999914329633238
0.9999904408982901
0.9999893396894474
0.9999886903296675
0.9999888010546963
0.9999896860222988
0.9999907518915818
0.9999913654710307
0.9999911889032462
0.9999903831581834
0.9999892770072961
0.9999884209239951
0.9999882615099827
0.9999889320510049
0.9999899897221354
0.9999907839793016
0.9999909092107316
0.9999902716172329
0.9999892095114232
0.999988212339825
0.9999878094502346
0.9999881799144595
0.9999891175468721
0.9999900730475482
0.999990461112629
0.9999900339058989
0.999989086264847
0.9999879993228534
0.9999874071794752
0.9999875135183218
0.9999883074156424
0.9999893082711901
0.9999898953670916
0.9999897433692412
0.9999889031158936
0.9999878434954689
0.9999870350898225
0.9999869025105942
0.999987477208638
0.9999884332119987
0.9999892118600894
0.9999893047165008
0.9999886768463155
0.9999875998294132
0.9999866614851297
0.9999863074780941
0.9999866634999663
0.9999875177244424
0.9999883979764976
0.9999887945823461
0.9999884141726958
0.9999874756551624
0.9999864539385425
0.9999858848030808
0.9999859892174624
0.9999867029723586
0.9999876302974664
0.9999881988513678
0.9999880711527049
0.9999872659370458
0.999986251507434
0.9999854591905423
0.999985331023236
0.9999858930208099
0.9999868069838815
0.9999875355735139
0.9999876807728396
0.9999870622688141
0.9999860333478204
0.9999851152146557
0.9999847646250821
0.9999851827733703
0.9999860082069896
0.9999868063612695
0.9999871234546216
0.9999867873297538
0.9999859056850561
0.9999848982632213
0.9999842928906831
0.9999844854905343
0.9999852173556151
0.9999860732306336
0.9999866103256733
0.9999865096758245
0.9999857981786666
0.9999847558378152
0.9999839779132016
0.9999838948551917
0.9999844994674973
0.9999853463267545
0.999986000026581
0.9999861064998967
0.9999855442416019
0.9999846117677531
0.9999837578878586
0.9999834304648119
0.9999837940563135
0.999984594710735
0.9999853561239797
0.9999857075649725
0.9999853297921503
0.9999844906635558
0.9999835488813266
0.9999830188810462
0.9999831927913561
0.9999838746182655
0.9999846847337298
0.9999851511627651
0.9999851194001482
0.9999843805653976
0.9999833450304013
0.9999826146539502
0.9999825490887303
0.9999831177427106
0.9999839458466382
0.9999845937801852
0.9999847062047325
0.999984085889393
0.9999830898241474
0.9999822128654583
0.9999818671421526
0.9999823073310722
0.9999830868912302
0.9999838604771994
0.9999841006049555
0.9999837647422103
0.9999829127199555
0.9999819363560806
0.9999814057462599
0.9999815693223696
0.9999823197895635
0.9999831574620603
0.999983582227664
0.9999834906042059
0.9999827660702176
0.9999817072402718
0.9999809700529118
0.9999809148188334
0.9999814948757935
0.9999823177074012
0.999982917192953
0.9999830223712335
0.9999825220759779
0.9999815858688933
0.9999807266169571
0.9999803687036619
0.9999807613052553
0.9999815388481667
0.9999822373664374
0.9999824949615133
0.999982144402803
0.9999813046887511
0.9999803771481597
0.999979794491571
0.9999799574702398
0.9999806363958441
0.9999814426447878
0.9999819513993081
0.9999817881881226
0.9999811498123774
0.9999802134334743
0.9999794952639206
0.9999794360609595
0.9999799871431001
0.9999808160950417
0.9999814719403209
0.9999815860631498
0.9999811407580935
0.9999802619296783
0.9999794317838924
0.9999791587731145
0.9999795185149027
0.9999802414551059
0.9999809881456576
0.999981271685496
0.9999809873594203
0.9999801883319016
0.9999792695243582
0.9999787118669666
0.9999788395237468
0.9999794805402893
0.999980235649255
0.9999807125703142
0.9999806369015173
0.9999799760983906
0.999979025507222
0.999978331017332
0.9999782353564769
0.9999787636784019
0.9999795252475027
0.9999801727593124
0.9999802371676453
0.9999797118980676
0.9999788202829156
0.9999780384697898
0.999977729410328
0.9999780358384125
0.9999787957428099
0.9999794714539375
0.9999797189748447
0.9999794642636409
0.999978689903167
0.9999778568974276
0.9999773962895534
0.9999775473868586
0.9999781737386358
0.9999789152886607
0.9999793454084648
0.9999791909807461
0.9999785391985896
0.9999776761939606
0.9999770285795965
0.9999769535485711
0.9999774466473446
0.999978199576088
0.9999787640156905
0.9999788564476071
0.9999783589636172
0.9999774725897002
0.9999767252451784
0.9999764851399824
0.9999768182443328
0.9999775054523075
0.9999781210638226
0.9999783218392945
0.9999779679870374
0.9999772002190991
0.9999763860008659
0.9999758997280495
0.9999760283085625
0.9999766540922657
0.9999773261824443
0.9999777280862135
0.9999775752408233
0.9999769278792464
0.9999760221992432
0.99997540907444
0.9999753590509299
0.9999759043117253
0.9999766462246157
0.9999771477080455
0.9999771785182134
0.9999766358908493
0.9999758314424376
0.9999751444328809
0.999974927850617
0.9999752505068406
0.9999759289682326
0.999976586791038
0.9999768394451275
0.9999764816112405
0.9999757115936987
0.999974884227289
0.9999744803862192
0.9999746332979591
0.9999752140101733
0.9999758863929048
0.9999762623959036
0.9999761371879393
0.9999754877781248
0.9999746338279514
0.9999740404577586
0.9999740052686291
0.9999743939262103
0.9999751163721164
0.9999756204195194
0.9999757087091148
0.999975242512219
0.9999743831592162
0.9999737169789004
0.9999734661018527
0.9999737663414582
0.9999743962692261
0.9999749426617635
0.9999751439061058
0.9999748061757331
0.9999740868497258
0.999973321596181
0.9999728985047968
0.9999730503750179
0.9999736654128704
0.9999742665095955
0.9999746228954286
0.9999745018088161
0.9999739013579755
0.9999731073923207
0.9999725533186004
0.9999725343997798
0.9999729424157763
0.9999736215719846
0.999974144954839
0.9999741621691596
0.9999736953958968
0.9999729754688937
0.9999722770798932
0.9999720553782856
0.9999723554666684
0.9999729530612993
0.9999735988571038
0.9999738457283425
0.9999735798989038
0.9999728772448544
0.9999721313661225
0.9999716969633338
0.9999718868043821
0.9999725099052185
0.9999731672023064
0.9999736115476059
0.9999734953410101
0.9999729477799636
0.9999721813131394
0.9999715947562375
0.9999715150932574
0.9999719506616346
0.9999725643860014
0.9999731066159556
0.9999731754667053
0.9999726677800155
0.9999719143529707
0.999971239597475
0.9999710646011605
0.9999713576266036
0.9999719653947904
0.9999725220914846
0.9999727502072524
0.9999724337273596
0.9999717424947872
0.9999710218806444
0.9999706958087738
0.9999708603091825
0.9999714044935166
0.9999719312808075
0.9999722801758693
0.9999721350754914
0.9999715755349955
0.9999707387006406
0.9999702638173726
0.9999702311817257
0.9999706150898682
0.9999712026279617
0.9999716395329479
0.9999717074950354
0.9999712451061007
0.9999704891195458
0.9999698475058129
0.9999696818331756
0.9999699394575053
0.999970442903046
0.9999709321430792
0.9999711298942521
0.9999708867620409
0.9999702502380885
0.9999695115426557
0.9999691887568752
0.9999693314697294
0.9999698147602776
0.9999703734895425
0.9999706734425496
0.999970565891544
0.9999699518888339
0.9999692034212644
0.9999687109601788
0.9999686269127689
0.9999690493411021
0.9999696235631645
0.9999700671231866
0.9999700548568328
0.9999696444264276
0.999968880729523
0.999968249211605
0.9999680501945869
0.9999683587622318
0.9999689180072935
0.9999695164649032
