0.9999998727389283
0.9999991906674776
0.9999988728214328
0.999998990470752
0.999998314976671
0.9999979435505064
0.9999980331947315
0.9999973726219814
0.9999969873502124
0.9999970799320291
0.9999964426676861
0.9999959857002487
0.9999961333486038
0.9999956061401137
0.9999951620399471
0.9999953164381008
0.9999947648314721
0.9999943426599075
0.9999945525892119
0.9999939764387334
0.9999935574748616
0.9999936557576508
0.9999931049233949
0.9999925794145454
0.9999927919545303
0.999992290911131
0.9999917619557916
0.9999917768444019
0.9999913178097326
0.9999907747011085
0.9999909214452496
0.9999904125481925
0.9999898590894686
0.9999898856350091
0.9999893420061403
0.9999888382320413
0.9999887737227278
0.9999884545648263
0.9999879261149524
0.9999880490082512
0.9999876353703555
0.9999870967249072
0.999987134665609
0.9999868065438348
0.9999862164840564
0.9999863100609666
0.9999859169978595
0.9999852592830534
0.9999853753913374
0.9999850441263053
0.9999843733094438
0.9999842466985843
0.9999838427119112
0.9999832242771468
0.9999832963686098
0.9999829520045169
0.9999822439312246
0.9999823238418664
0.999981981904785
0.9999813650515194
0.9999813997729988
0.9999811726613964
0.999980467984256
0.9999805198140859
0.9999803116178076
0.9999796871850684
0.9999796825633924
0.999979438590611
0.9999788707482892
0.9999788357289063
0.9999784893018867
0.9999779311257234
0.9999776670536008
0.9999775943405227
0.9999769419099026
0.9999769753269153
0.9999770415590703
0.9999763737489155
0.9999763242459516
0.9999762737303878
0.9999755404263124
0.999975310211484
0.9999753060548983
0.9999746595423122
0.9999743678489826
0.9999744171280224
0.9999738332053162
0.9999735276364428
0.9999735140285722
0.9999728436748759
0.9999727402598226
0.9999726720505753
0.999972176309642
0.9999719096246966
0.9999719345889978
0.9999714193420589
0.9999712021114339
0.9999711579406448
0.9999704830618946
0.9999703274652227
0.9999703717401672
0.9999699413923374
0.9999696207938027
0.9999695520771236
0.9999689763187767
0.9999687500557536
0.9999688662153885
0.999968334007198
0.9999679958015114
0.9999681358761914
0.9999675639619529
0.9999670231943565
0.999966900018737
0.9999664492647253
0.999965932065996
0.9999657776212064
0.9999654819228263
0.9999651450589698
0.9999652023765631
0.9999645470939763
0.9999642439057776
0.9999642846028941
0.9999638589116964
0.9999634624356861
0.9999635545918333
0.9999630695389252
0.9999627838175411
0.9999628497335332
0.9999623663486219
0.9999619653504987
0.9999622334336952
0.999961693411516
0.9999611180176626
0.9999610888365367
0.9999607210910952
0.9999600322611488
0.9999601392715534
0.9999596538799846
0.999958923915739
0.9999589993085207
0.9999589362120535
0.9999584448562138
0.9999583863029969
0.9999581322315663
0.9999575356574063
0.999957753247067
0.9999574397562692
0.9999566689798748
0.9999567898635525
0.9999562342213165
0.9999555273972622
0.9999554756848953
0.9999550938379667
0.9999545093684443
0.9999545793992581
0.9999544006351396
0.9999538785968058
0.9999537641917629
0.9999535135932646
0.9999528205406653
0.9999528885563801
0.9999527300246065
0.9999520574605042
0.9999520224879536
0.9999517010760032
0.999950941069999
0.9999506269841533
0.9999502402196978
0.999949502156414
0.9999492891455497
0.9999490025426216
0.9999484963765517
0.9999481767175085
0.9999478815173097
0.9999472230056113
0.9999471646139177
0.9999471805083905
0.9999463996601631
0.9999462280186682
0.9999462576103798
0.9999457693916812
0.9999454455968563
0.9999453830987683
0.9999445635959715
0.9999443259389277
0.9999443719047136
0.9999436615357726
0.9999433704759968
0.9999434068116636
0.9999427573584585
0.9999423733774003
0.9999423008036253
0.9999415048237305
0.9999412121209427
0.9999411064250534
0.999940676238976
0.999940278657746
0.9999401272401915
0.9999396115397983
0.9999391350762196
0.9999390948403499
0.9999384887460824
0.9999381986933714
0.999938234959099
0.9999375859770822
0.9999373355826087
0.9999374621045783
0.9999369474878282
0.9999366363408757
0.999936572443434
0.9999360483229472
0.999935825480554
0.9999359278015578
0.9999353996547743
0.9999349205205781
0.9999348723696985
0.9999343534243433
0.9999336662724343
0.9999336430568279
0.9999334647880352
0.9999327961893744
0.9999327341673082
0.9999324519261559
0.9999321307902559
0.999932278063127
0.9999319224898436
0.9999313587877957
0.9999313413876749
0.9999308821100157
0.9999302673040097
0.9999303120628876
0.9999298760187559
0.9999292451489644
0.9999292640771587
0.9999287875957379
0.9999283151605678
0.9999282060292454
0.9999277695819465
0.9999273645602192
0.9999273970678788
0.9999268401963571
0.9999264176361796
0.9999265527273833
0.9999263536552877
0.999925838714641
0.9999255479727095
0.9999252819636305
0.9999247563446507
0.9999246839628133
0.9999244370491263
0.999924160290694
0.9999239169888833
0.9999234523859234
0.9999229747460411
0.9999229777624892
0.9999227027034393
0.9999221071386457
0.9999222453773216
0.9999217939579593
0.9999214923514012
0.999921470313534
0.9999211136382653
0.9999207004312999
0.9999208090363035
0.9999205133521889
0.9999197542035088
0.9999196331573543
0.9999191912232591
0.9999187635340026
0.999918673795246
0.9999182787571808
0.9999180728033661
0.9999180799504171
0.9999178226650222
0.9999174188265203
0.999917154302219
0.9999167886724293
0.9999160635094523
0.9999160642405549
0.9999155627393177
0.9999148628663616
0.9999146637717117
0.9999143361441418
0.9999134683645666
0.9999131054110861
0.9999132502262464
0.9999128210533029
0.999912238825598
0.9999122605802019
0.9999116897610034
0.9999114999921106
0.9999113588599376
0.9999109020401296
0.9999106702985161
0.9999103956767692
0.9999099205196093
0.9999095387039268
0.9999093129798747
0.9999089661742835
0.9999086669706141
0.9999085626701354
0.9999080114246189
0.9999076997859631
0.9999073354452571
0.9999070896394586
0.9999065064799861
0.9999064473181369
0.999905883785953
0.9999058236873004
0.9999059781942871
0.9999055774212497
0.9999051174619678
0.999904946651088
0.9999046226866232
0.9999040733824301
0.9999040864222305
0.9999038379722852
0.9999036868812881
0.99990352114032
0.999903180708651
0.999902485353343
0.9999025868618381
0.9999021346620774
0.9999016215619381
0.9999015429892945
0.9999011509707837
0.9999007190590794
0.9999008084461046
0.9999003722170695
0.9998999748981053
0.9998999632672306
0.9998996471384376
0.9998987587706492
0.9998989843316948
0.9998983734206258
0.9998980825713145
0.9998980362730134
0.9998976424763468
0.9998971093835458
0.9998970549329113
0.9998966506948103
0.9998963495357435
0.9998959918228097
0.999895580909033
0.999894868143129
0.9998944757496298
0.9998941750730787
0.9998934824425816
0.999893317407872
0.9998931438708734
0.9998924910506755
0.9998924249002795
0.9998921111563247
0.9998917142464119
0.9998914964696505
0.9998915276846531
0.999891160655879
0.9998908951362747
0.9998907521127844
0.999890534437793
0.9998906187401452
0.9998903981659776
0.9998894614138678
0.9998890745373249
0.99988911517524
0.9998883840102141
0.9998885573853409
0.9998883105638389
0.999887760030849
0.9998878354376967
0.999887690681546
0.9998874910343664
0.9998872340464806
0.9998869701676243
0.9998865607262598
0.9998860668214993
0.9998861122588922
0.9998859805013742
0.9998854412031994
0.9998850680023015
0.9998849054151924
0.9998847256728621
0.9998844641521817
0.9998843904327782
0.999884036473918
0.9998837374357182
0.9998834106895265
0.9998830104217116
0.9998828797878553
0.9998825204362141
0.999882145618094
0.999881836643905
0.9998815082240756
0.9998812261430465
0.9998811351648916
0.9998804822112085
0.9998803066975462
0.9998801285690694
0.9998793647865221
0.9998788262006302
0.9998791948467749
0.9998786869648187
0.9998786550390004
0.9998783987538589
0.9998775370324631
0.9998773647206434
0.9998775322537004
0.9998771070291637
0.9998769395693958
0.99987705341805
0.9998764615125383
0.9998758625490185
0.9998761054655115
0.9998756289669803
0.9998749320001488
0.9998744661057917
0.9998737720676089
0.9998733533011074
0.9998731573033723
0.9998727447582437
0.9998726270670721
0.9998728872014974
0.9998726292371555
0.999872238271353
0.9998719053370139
0.9998715926674248
0.9998712132475913
0.9998712797240363
0.9998709316834777
0.999870590851425
0.9998705832373344
0.9998705291693853
0.9998698570598532
0.9998699571486388
0.9998694375826552
0.9998688108376222
0.9998682230698892
0.9998675270311463
0.999867103352862
0.9998670036815379
0.9998671377284987
0.9998667091251543
0.9998663427017948
0.9998659633266805
0.9998654787001797
0.9998651165768105
0.9998648238749767
0.9998642193588514
0.9998642224876803
0.9998635024865254
0.9998629946765131
0.9998627812104882
0.9998625509945491
0.999861896948838
0.9998614759192668
0.9998608574525845
0.9998602130300233
0.9998603321268295
0.9998599934002157
0.999859774786724
0.9998594945724264
0.9998590472612
0.9998587388655965
0.9998586302818625
0.9998585268114372
0.9998583473398774
0.9998580567141971
0.9998579057243068
0.9998575345770124
0.9998572720636123
0.9998567846663816
0.9998560476998323
0.9998557822923276
0.9998555932555184
0.9998552346225434
0.9998549062427995
0.9998547998871247
0.9998540109511813
0.9998538566134757
0.9998537280635647
0.9998534006500548
0.9998530134170943
0.9998529858531746
0.999852129748374
0.9998518320050302
0.9998516682927433
0.9998510442661422
0.9998513206463105
0.999851004702593
0.9998503604397826
0.9998502694411153
0.9998501471882497
0.9998496991092543
0.9998493301491626
0.9998492305633893
0.9998491259365152
0.9998490888723791
0.9998492450624394
0.9998489790347972
0.9998490907563725
