0.9999999150858468
0.9999992921801824
0.9999991830260617
0.9999988678625074
0.9999983814078689
0.9999983667345034
0.9999977285361813
0.9999976404254584
0.9999973444360526
0.9999968271613734
0.9999968266539536
0.999996089898879
0.9999959757699122
0.9999956824685248
0.9999952399482781
0.9999951631660662
0.999994533026042
0.9999943699782796
0.9999940482032187
0.9999934912721865
0.9999934691836622
0.9999928931232371
0.9999927956966178
0.9999924194174897
0.9999919266769565
0.9999918709791916
0.9999912298830864
0.9999911092106256
0.9999908397075629
0.9999902742009262
0.9999902756153929
0.9999896479598583
0.9999894885147805
0.9999892663071281
0.9999888145908336
0.999988725488665
0.9999881575653021
0.9999879649741447
0.9999876920167466
0.999987160348869
0.9999871232227348
0.9999864915215014
0.9999864711231765
0.9999860824567836
0.9999855650269768
0.9999855244802217
0.9999849084849934
0.9999847751237848
0.9999843457948175
0.9999838041135782
0.9999838630878458
0.9999833762115302
0.9999832846838159
0.9999830186739354
0.9999825542998064
0.9999825063077854
0.9999819076499717
0.9999817288053376
0.9999814579491423
0.999980921636844
0.9999809156320062
0.9999801595416478
0.9999801350434521
0.9999798052009794
0.9999793919866835
0.999979308496859
0.9999785881110661
0.999978603021664
0.9999782701031384
0.9999777576911941
0.9999778156585506
0.9999772964804814
0.9999774159101549
0.9999773210161272
0.9999768031141818
0.9999767970909067
0.9999761536573955
0.9999760013929754
0.9999755601325292
0.9999751977492477
0.999975055343049
0.9999745462078554
0.9999745219368846
0.9999742827764988
0.9999738300651632
0.9999737987025308
0.9999732282482245
0.9999731376713247
0.99997271530273
0.9999721348388738
0.9999720528834198
0.9999714346161145
0.9999712959088789
0.9999710522254389
0.9999706449672553
0.9999706693946833
0.9999702177135807
0.9999699606316627
0.9999696958117257
0.9999692186353051
0.999969055854346
0.9999685035412538
0.9999683176179918
0.9999679509137973
0.9999675016850238
0.9999672661416318
0.9999667673607842
0.9999666588637903
0.999966232841633
0.9999658088337627
0.9999658450101698
0.9999653416511011
0.9999653558137706
0.999965045553567
0.9999646003592693
0.9999644480961947
0.9999639101109662
0.9999638806290222
0.9999636753497857
0.9999634498780576
0.9999633486692437
0.9999629094628733
0.9999628883061255
0.9999623324068038
0.9999618309971026
0.9999616347138461
0.9999610892052084
0.999960839005638
0.9999604777004525
0.9999600338170969
0.9999601681312504
0.9999595880375607
0.999959566946419
0.9999593022339026
0.9999589314102009
0.9999588467007292
0.9999582591825784
0.9999580001049401
0.9999576297097954
0.9999571671491584
0.9999571505928988
0.9999567005819594
0.9999564641943546
0.9999560195833086
0.9999555859896737
0.9999556416441263
0.999955235234776
0.9999552242279164
0.9999549280112863
0.9999544479422234
0.9999544120251984
0.9999539653330829
0.9999538775537673
0.9999534587912097
0.9999529296608115
0.999952994030009
0.9999523211148457
0.9999520438519718
0.9999517428176524
0.9999512955864969
0.9999512513933956
0.9999505141040453
0.9999503675174494
0.999950039297029
0.9999495692926407
0.9999493677400767
0.9999489988037019
0.9999485665077119
0.9999482602830675
0.9999475750251486
0.9999474178243927
0.9999468982362443
0.9999466599189999
0.9999468014437672
0.9999463721051669
0.9999464019083647
0.999945721113748
0.9999458183045892
0.9999455114968389
0.9999451715364949
0.9999450924580389
0.9999446032137573
0.9999443248580533
0.9999439941387178
0.9999435898551503
0.9999434072756825
0.9999428612751855
0.9999428058993773
0.9999423456722853
0.9999418087744711
0.9999416940533524
0.9999411895925201
0.9999411805144568
0.9999404912890137
0.9999400694136561
0.999939857752041
0.9999392417309383
0.9999389835936516
0.9999387711315542
0.9999381381303323
0.9999379027679975
0.9999374658321448
0.9999371711053184
0.9999367453313521
0.9999360609874158
0.9999357243922408
0.9999351809590701
0.999935050047669
0.9999347081851446
0.9999343645026219
0.9999345779138377
0.9999335766448592
0.9999336409035995
0.999933390853169
0.9999332257918856
0.9999332400474589
0.9999324645895412
0.9999322639830399
0.9999316995797032
0.9999312936330297
0.9999311312396623
0.9999305363979814
0.9999302538396865
0.9999301353993912
0.999929826371509
0.9999300705855632
0.9999295019627873
0.9999293778848409
0.999928998070286
0.9999286239527548
0.99992868806525
0.9999281201809653
0.9999280594638824
0.99992773749347
0.9999273290161341
0.9999272120048899
0.9999264957299474
0.999926342222201
0.9999261299207279
0.9999258602100001
0.9999255223955771
0.999925075309125
0.9999249447314625
0.9999244399921752
0.9999237744644343
0.9999236456507516
0.9999229587484493
0.9999228625585745
0.9999225077798533
0.9999218781472546
0.9999218717481548
0.9999213716792329
0.9999212517117376
0.9999209924700769
0.9999205994133609
0.9999203207300429
0.999920051352916
0.9999198286683051
0.9999194350403112
0.9999190330551071
0.9999190702081313
0.9999184653757099
0.9999182751542737
0.9999178862909817
0.9999173483558909
0.9999173814885525
0.9999168575367912
0.9999169533067807
0.9999164978852001
0.9999160824523985
0.9999158690017811
0.9999152362344296
0.9999150865144966
0.9999147235691114
0.9999143161703029
0.9999142150992919
0.9999136684433872
0.99991358834564
0.9999132032862313
0.9999126930585981
0.999912465016571
0.9999120135934467
0.9999117791051995
0.9999113352219816
0.9999108754401727
0.9999106956291723
0.9999105798682568
0.9999103190242622
0.9999102005224565
0.9999098963123086
0.9999100767708797
0.9999095932604163
0.9999093604109291
0.9999092245336941
0.9999086985529647
0.9999086924415544
0.9999081309198501
0.9999079437597495
0.9999074594136081
0.9999069440351058
0.9999068979472674
0.9999063474625428
0.999906406671715
0.9999060918062489
0.9999056871592109
0.999905417631863
0.9999048032676077
0.9999045647777888
0.9999042888486948
0.9999036487704157
0.9999036974162065
0.9999031265353135
0.9999028688239506
0.9999024869281556
0.9999024955802781
0.9999020615093951
0.99990148552603
0.9999012597779021
0.9999008353964921
0.9999004511141713
0.9999001623974683
0.9998998278347548
0.9998993824745888
0.9998991198951855
0.9998985269037984
0.999898805863688
0.9998980448200057
0.9998978736875659
0.9998976556662114
0.9998971159835378
0.9998966300719426
0.9998962676868395
0.9998959219380863
0.9998953525467618
0.9998949404334972
0.9998945408082324
0.9998940444014724
0.9998940174295647
0.999893684902509
0.9998933122515076
0.9998934118973395
0.9998932992114933
0.9998932271926171
0.9998929364607123
0.9998921311605674
0.9998921437297611
0.9998916066727609
0.9998913888716862
0.9998909030225794
0.9998905856647583
0.9998904619708076
0.9998900352151923
0.9998894775997834
0.999888874367779
0.9998882303932443
0.9998879434833703
0.9998870881709083
0.9998868962759622
0.999886577986609
0.9998859898130468
0.9998857345251788
0.9998849447967114
0.9998846862508284
0.9998845235469055
0.9998843228747979
0.9998835929712018
0.9998828988409125
0.9998825825723416
0.999882340903708
0.9998817265748764
0.9998815097021796
0.9998815200715068
0.9998813980475145
0.9998811623080892
0.9998806751601903
0.9998806346433721
0.9998803826424665
0.9998800504584714
0.9998794193818268
0.9998792574944727
0.9998794964508951
0.9998787499731939
0.9998783367684975
0.9998780965916056
0.9998776357735722
0.9998772737627208
0.9998766211977077
0.9998765561131442
0.9998761260149075
0.9998755696614137
0.9998750746303018
0.9998746232569712
0.9998741381184878
0.9998737649407405
0.9998735115624409
0.9998734251468163
0.999872812264501
0.9998724662752025
0.9998721609581974
0.999871465698201
0.9998711958087355
0.9998711055481629
0.9998704988316393
0.9998698475656085
0.9998696670475652
0.9998699122664418
0.9998696404788562
0.9998695094104608
0.9998690220893257
0.9998685219952526
0.9998684318794837
0.9998681569077595
0.9998683403881848
0.9998679524366898
0.9998676926616994
0.9998675474079936
0.999867197003478
0.9998671705390673
0.9998669841757817
0.9998665355938177
0.9998661318846956
0.9998654703403792
0.9998653659372946
0.9998648699248037
0.9998646252199919
0.9998642378746281
0.9998640723561584
0.9998637575451673
0.9998639041962463
0.9998638296196344
0.9998636244268035
0.9998632658145221
0.9998627330119384
0.9998622739071757
0.9998620486605521
0.9998617436654549
0.9998615317342704
0.9998615786484716
0.9998612939662386
0.9998607206840557
0.9998608002303412
0.9998603971725993
0.9998602318813057
0.9998593829711067
0.9998589629578606
0.9998589248484755
0.9998583016380942
0.9998583183318493
0.9998579739639566
0.9998577310176923
0.9998575185982227
0.9998572055070207
0.9998571954058786
0.9998563636172129
0.9998556092441191
0.9998557138326665
0.9998553390184157
0.9998552348618515
0.9998552341083489
0.9998548462803831
0.9998546948088832
0.999854289610267
0.9998540460702939
0.9998538282088288
0.9998533311345879
0.9998534804068342
0.9998526948951145
0.9998528307985074
0.9998525427394458
0.999851995827504
0.9998518240168677
0.9998510832325249
0.9998510352766498
0.9998509133019418
0.9998502034063635
0.9998498948083024
0.9998496219715076
0.9998495563056373
0.9998490300303442
0.9998488693665113
0.9998483447673931
0.9998476965969358
0.9998473954702579
0.9998470617491482
0.9998466419174357
0.9998467730811806
0.9998466125836434
0.9998465446705547
0.9998463558580243
0.9998457318203483
0.9998458400264018
0.9998452985586174
0.9998450032472935
0.9998447829056762
0.9998444337973191
0.9998443580296105
0.9998433436161743
0.9998436633259655
0.9998431819778771
0.9998426495629616
