0.9999997506410896
0.9999829877838491
0.9999672501525073
0.9999515545354475
0.9999359198656386
0.999918394253817
0.9999010244245857
0.9998842063389235
0.999866980105858
0.999849539320125
0.9998317783184716
0.9998136739400354
0.9998009754493532
0.9997843511728689
0.999768045166389
0.9997496606811573
0.9997331048755904
0.9997174937178919
0.9997016314752564
0.9996863632961868
0.9996670148594793
0.999650404269219
0.9996331133826469
0.9996190750155977
0.9996057292246022
0.9995853399846378
0.9995678214337723
0.9995492203959526
0.9995298203709344
0.9995165076067236
0.9994994084983915
0.9994829640241063
0.9994656068912836
0.9994498280387788
0.9994354248404531
0.9994196939463481
0.9994030479339174
0.9993814494603028
0.9993663795333592
0.9993458939052922
0.9993306428374273
0.999309912081415
0.9992932077281849
0.9992707919979669
0.9992592616352514
0.9992424434934775
0.9992245836338431
0.9992098854158378
0.9991915521175768
0.9991739136261306
0.9991582886294221
0.999145230480319
0.9991356578191832
0.9991147604438401
0.9991061889604708
0.9990896930654636
0.9990698870072363
0.999044892096882
0.9990278226930882
0.9990104088758187
0.9989819259864982
0.9989693208698777
0.9989475626221215
0.9989384686701689
0.9989202868528791
0.9989047337064716
0.998878755362115
0.998859523464029
0.9988475384537907
0.9988324306104609
0.9988104899064754
0.9987969580609062
0.9987769630894215
0.9987509507382653
0.9987322185516646
0.9987181114201271
0.9987060994096633
0.9986936238914834
0.9986771767255945
0.9986665728475648
0.9986608690525328
0.9986386253788597
0.9986139050925985
0.9985979630802104
0.9985795834286186
0.9985614794897636
0.9985433618972493
0.9985225045046743
0.998499257369666
0.9984833467598032
0.9984680309214136
0.9984561349548641
0.9984347294985607
0.9984178382041925
0.9984029587593853
0.9983841576012933
0.9983619954772993
0.9983540959197506
0.9983496802582611
0.9983246577372283
0.9983072254427907
0.9982895379277081
0.9982799382694911
0.9982628648856756
0.9982472457571899
0.998235402880133
0.9982302348965196
0.9982048682018189
0.9981802503038976
0.998163420048957
0.9981595271711912
0.998143625248687
0.9981249704672074
0.9981122067941463
0.9981053487245608
0.9980863197333735
0.9980615304357418
0.9980483879087542
0.9980344816804243
0.9980190975875063
0.9980058131598368
0.9979997975430163
0.9979813586033863
0.997959252810353
0.9979440123977171
0.9979355106793736
0.9979181475728726
0.9979005429741004
0.9978762332437933
0.9978494259794655
0.9978447586887041
0.9978284370972909
0.9978159140995063
0.9977974995539395
0.9977769544545846
0.9977671237294756
0.9977559186075825
0.9977497146125187
0.9977329988853147
0.9977140472726648
0.9976914146266039
0.9976701895647678
0.9976554530973897
0.9976412443011605
0.9976251230376821
0.9976086180528172
0.9975932408778277
0.9975770296138906
0.9975466255537572
0.9975416002050563
0.9975354868391864
0.9975283512133083
0.9975074510386068
0.9974874646338829
0.9974681406436713
0.9974508117500782
0.9974368643936251
0.9974211684779873
0.997406528797691
0.9973938239382698
0.9973817195677579
0.9973729198734381
0.9973537129408756
0.9973388314240024
0.9973256541828782
0.9972983971217617
0.9972847622846299
0.9972675819701078
0.9972469062926257
0.9972262886213553
0.9971990231878922
0.9971846265448371
0.9971697418550356
0.9971500487637619
0.9971344884835074
0.9971161674401959
0.9970964171827938
0.9970771489326111
0.9970641683641437
0.9970475431255197
0.9970312425375594
0.9970182142279232
0.9970137197621857
0.9969963899385215
0.9969865235311285
0.9969662426098286
0.9969545610123866
0.9969381159108047
0.996918754593618
0.9968969189128494
0.9968781229998099
0.9968643886226771
0.9968586717295977
0.9968341205576216
0.9968140541271786
0.9968031911557146
0.9967981492506247
0.996771707132417
0.9967520308870109
0.9967222800876778
0.9967184302767257
0.9967078424787567
0.9966934611341385
0.9966743503383666
0.9966619051697843
0.9966491551502635
0.996638379197678
0.9966230241675356
0.9965965478723215
0.9965809476271625
0.9965623002991408
0.9965518024770827
0.9965328095533177
0.9965107928817298
0.9964932588628276
0.9964641381071887
0.9964653398890084
0.9964477918948443
0.9964292337091638
0.9964098465344587
0.996408209014109
0.9963897903581963
0.9963722142474962
0.9963462445211276
0.9963173087612398
0.996288382154612
0.9962738398451503
0.9962544551847837
0.9962428959774063
0.996221911125301
0.9962098432742421
0.9961872909425572
0.9961636923347921
0.996145253384481
0.996123064905258
0.9961089067440894
0.9960912345597676
0.9960830826762497
0.9960664166643516
0.9960514704296846
0.9960360645431523
0.996028892875994
0.9960080947211343
0.9959834015138053
0.9959725510998347
0.9959675826744996
0.9959554822088831
0.995934346318355
0.995925604238746
0.9958957264685346
0.9958847288055096
0.9958635815825733
0.9958559283585249
0.9958190394338682
0.9958117504230694
0.99580236016909
0.9957896569096977
0.9957788395552534
0.9957616354958932
0.995754053010841
0.9957293367027579
0.9957156223533385
0.9957027028922881
0.9956980221515527
0.9956799068395513
0.9956610322414036
0.9956597191651407
0.9956247370937944
0.9956155760738109
0.9956038094308132
0.9955877281353073
0.9955529413586384
0.9955392420179855
0.9955431355098184
0.9955235705138393
0.9955071913570832
0.9954986039424548
0.9954938472817625
0.9954763663383794
0.9954649647835323
0.9954557347776832
0.9954363460677011
0.9954327910538359
0.9954272365861311
0.9954183881670298
0.9953960006965903
0.9953847880637806
0.9953779007600653
0.9953656450702129
0.9953598999662824
0.9953464172294706
0.9953290996231942
0.9953078616746968
0.9952849786029014
0.9952761440377142
0.9952580644360212
0.9952479948141625
0.9952346820862059
0.995216270809977
0.9952029967692428
0.9951846842001989
0.9951613410732099
0.9951519836441677
0.9951546203136619
0.9951491741773627
0.995131865930311
0.9951248389225739
0.995098759560337
0.995074507078917
0.9950607226862943
0.9950390223516702
0.9950179812035667
0.9950203405122454
0.9949998921608904
0.9949729930382059
0.994958688726334
0.9949499302101246
0.994922758257411
0.9949115437696693
0.9949030193475864
0.9948719916040186
0.9948648609769071
0.9948582675281143
0.9948519043216564
0.994815787992681
0.99478464963028
0.9947827587089373
0.9947664823077644
0.9947464600351367
0.9947351825097428
0.9947229264785923
0.9947035914978386
0.9946896868717939
0.9946815700507963
0.9946767718528464
0.9946631217551615
0.9946441520998005
0.9946220587413582
0.9946171824940164
0.9946051981596198
0.9945999034774812
0.9945861824338188
0.9945757675315723
0.9945740985307818
0.9945612561201004
0.9945467040971797
0.994525932394764
0.9944991726879111
0.9945019084508083
0.9944797706966704
0.9944644409354524
0.9944514566819542
0.9944279032064952
0.9944104510764025
0.994396786107869
0.9943607154474151
0.994343885476969
0.9943272350083807
0.9943081590215203
0.9942911942974901
0.994268404577078
0.9942403898260118
0.9942137405811954
0.9941999875332753
0.9941881936477898
0.9941731149589055
0.9941563883738807
0.9941305407839388
0.9941156829984819
0.9940889445540912
0.9940616717014379
0.9940396542484004
0.9940290556070066
0.9940158168321989
0.9940252063483977
0.994003118042068
0.9939936949614682
0.9939682481578912
0.9939496830251612
0.9939222011227364
0.9939081017113696
0.9938850451655924
0.993870868909348
0.9938329585187997
0.9938227921401388
0.9938062681285328
0.9937936138012167
0.9937787756703637
0.9937595876477033
0.9937511221721927
0.9937335591514024
0.9937152199717206
0.9937047098074152
0.9936804829555631
0.9936516380799562
0.9936406943741406
0.9936349897371746
0.9936137940613898
0.9935851674803924
0.9935588249942039
0.9935518961741641
0.9935321369227408
0.9934977565847215
0.9934693948981209
0.9934587388057775
0.993452939282989
0.9934415407436757
0.9934213852275166
0.9934068834396738
0.9933965019105285
0.9933819013198386
0.9933567908198744
0.9933366214087362
0.9933044528005321
0.9932773536438357
0.9932791286229469
0.993263767972745
0.9932531080762755
0.9932381295450541
0.9932083788861833
0.9932003168635759
0.9931843506632255
0.99317696553942
0.9931620924929677
0.9931457979367396
0.9931286784886281
0.9931341342380825
0.99311978906877
0.9931113342397387
0.9931006594519235
0.9930861643759634
0.9930570879315885
0.9930498802397612
0.9930419908462639
0.9930234218515759
0.992991897818254
0.9929761727180197
0.9929650921903124
0.9929420814149236
0.9929083479765081
0.9928957963189895
0.9928798322895542
0.9928644583111428
0.9928375319188173
0.9928272072832202
0.9928079123568123
0.9927911291304713
0.9927693474371213
0.992762475356875
0.9927391192828093
0.9927248306573748
0.9926941961198277
0.9926786446566209
0.992661954010277
0.992645571037665
0.9926420935114096
0.9926387501735576
0.992600073150324
0.9925875842592479
0.992571825381732
0.9925524542029411
0.9925043559374053
0.9925003790806869
0.9924752575895849
0.9924625116933525
0.9924439388501882
0.9924373345607517
0.9924173594834478
0.9924040655413404
0.992394024829392
0.9923514743727553
0.9923385278181113
0.9923115204986571
0.9923095182383166
0.9922996117189329
0.9922816951709097
0.992278436334432
0.9922746085978629
0.9922678433235826
0.99225844103265
0.9922386409059498
0.9922347250597847
0.9922148652355963
0.9921910664833098
0.992167195972807
0.992148485099511
0.9921406031186247
0.9921187899158522
0.9921172695576743
0.9921041618889839
0.9920761411319907
0.9920663367448405
0.9920536619719343
0.9920329736754507
0.9920228817831208
0.9920035308961658
0.9919858869295398
0.9919679525720645
0.9919503352027432
0.9919337180066368
