0.9999998822958569
0.9999994724435646
0.9999994442146066
0.9999997265648062
0.999999295899834
0.999999318019999
0.9999995658213252
0.999999112921945
0.9999991925663755
0.9999994083472195
0.999998942342158
0.9999990614491154
0.9999992406286381
0.9999987817821743
0.9999989442051287
0.9999990660971484
0.9999986141031526
0.9999988021993735
0.9999988979363503
0.9999984492593009
0.9999986805302176
0.9999987102641729
0.9999982898129238
0.9999985605762555
0.9999985391276266
0.9999981446962459
0.9999984354672542
0.999998362427512
0.999997989032328
0.9999983029241793
0.9999981807188274
0.9999978432390256
0.999998161043515
0.9999979919563002
0.9999976992535253
0.9999980074747594
0.9999977966476646
0.9999975373863673
0.9999978649130119
0.9999976126527041
0.9999973927091514
0.999997730973694
0.9999974265396755
0.999997269637387
0.9999975892838938
0.9999972647308876
0.9999971431709329
0.9999974465902239
0.9999970814144474
0.9999969997498968
0.9999972768170683
0.9999969070018752
0.9999968728114728
0.9999971288247143
0.9999967305988925
0.9999967423103809
0.9999969528098929
0.9999965429482012
0.9999966083051313
0.9999967745195738
0.9999963425037529
0.9999964481491442
0.99999658630143
0.9999961562423275
0.9999963075989177
0.9999964340604337
0.999996022306036
0.999996188827756
0.9999962235912526
0.9999958345708998
0.9999960632620204
0.99999609859538
0.9999956788745783
0.9999959163948122
0.9999959023224131
0.9999955032816938
0.9999957706359179
0.9999957086569822
0.9999953596023273
0.9999956403978444
0.9999955222275678
0.9999951869036082
0.999995485349302
0.9999953287939003
0.9999950502403854
0.9999953728562819
0.999995183134974
0.9999949516790364
0.9999952485548266
0.9999950145745926
0.9999948374943107
0.9999951289415924
0.9999948741046717
0.9999947194352263
0.9999949978035733
0.999994718118666
0.9999945719757225
0.9999948698243332
0.9999945492584317
0.9999944736756021
0.9999947459183461
0.9999944112808025
0.9999943442264736
0.999994583406913
0.9999942185989674
0.9999942338804491
0.9999944717121273
0.9999940810145546
0.9999941491303219
0.9999943089439729
0.9999939172773152
0.9999939607910845
0.9999940821703827
0.99999367248697
0.9999938017674829
0.9999939064495745
0.999993528522356
0.999993685707613
0.9999937602087996
0.9999933775634839
0.9999935662007311
0.9999936170689042
0.9999932410621181
0.9999934677791964
0.9999934340739185
0.9999930996343247
0.9999933618500749
0.9999932857158192
0.9999929886113235
0.9999932558764763
0.999993165837523
0.9999928899689793
0.9999931773569779
0.9999929774010109
0.9999926989500015
0.9999929988208595
0.9999928293571932
0.999992609070336
0.9999928804657742
0.9999926314317047
0.9999924264080574
0.9999926585982579
0.999992417120531
0.9999922726047719
0.9999925245289247
0.9999922453662832
0.9999921215253298
0.9999923674057132
0.9999920191667522
0.9999919631280008
0.999992216826277
0.9999918855059905
0.9999918422849118
0.9999920406605695
0.9999917314055692
0.9999917796273083
0.9999919471341934
0.9999915727498624
0.9999916394231886
0.9999917608820955
0.9999913810111987
0.9999914645505256
0.9999916346735482
0.9999913073305177
0.9999914237949686
0.999991536068202
0.9999911957196062
0.9999913101438417
0.9999913291350512
0.9999909901224968
0.9999911282447191
0.999991150475614
0.9999907974107036
0.9999909822299454
0.9999909714245926
0.9999906458572201
0.9999908711656369
0.9999908214547524
0.9999905327913539
0.9999907300666472
0.9999906442813767
0.9999903808291768
0.9999906227230684
0.9999904898301025
0.999990246013462
0.9999904816413919
0.9999902772066281
0.9999900432941966
0.9999903196494874
0.9999901097266197
0.9999899766957415
0.999990225640518
0.9999899909818256
0.9999898666963398
0.9999900832372984
0.9999898127757497
0.9999897057729044
0.9999899722554338
0.9999896639302436
0.9999895910071861
0.9999898254880754
0.9999895480771489
0.9999895523604351
0.9999897278126895
0.999989356038252
0.9999893785005737
0.9999895653852043
0.9999892455017313
0.9999893159151537
0.9999894646998859
0.9999891417539447
0.9999892294300626
0.9999893767303425
0.9999890444434626
0.9999891290148875
0.9999892059550068
0.9999888313555942
0.9999889487391266
0.9999889852727047
0.9999886100200498
0.9999887546286838
0.9999887134953223
0.9999883849659519
0.9999885464443391
0.999988559970334
0.9999882258494451
0.9999884084561523
0.9999883729134164
0.9999880891567788
0.9999882992286943
0.9999882414506825
0.9999879986090351
0.9999882463660683
0.9999881267110616
0.9999878853942248
0.9999880697613868
0.9999879087518818
0.9999876927802395
0.999987911931544
0.9999877091920065
0.9999875120042967
0.9999877380921346
0.9999874964360542
0.9999873432416707
0.999987531667537
0.9999873258102806
0.9999872175797812
0.9999874244001756
0.9999871181167801
0.9999870244812663
0.9999872290954619
0.9999869502966697
0.9999869066602994
0.9999871344833637
0.9999868380066785
0.9999868313856717
0.9999870223666959
0.9999867446317511
0.9999868251738299
0.9999869395257823
0.9999866155711487
0.9999866444872647
0.9999867333810952
0.999986453053332
0.999986556929078
0.9999866835624984
0.999986341502057
0.9999864180439689
0.9999864222754297
0.9999861688508742
0.9999862513705691
0.9999862527063843
0.9999859351014839
0.9999860687029067
0.9999860257541712
0.9999857213677668
0.9999858716677459
0.9999858255541363
0.9999855745332449
0.9999857371985077
0.9999856797857265
0.9999854377053954
0.999985643470377
0.9999855148008955
0.9999852902924968
0.9999855239954084
0.9999853605751857
0.9999851344828494
0.9999853475588032
0.9999851652153809
0.9999850065510044
0.9999852215961279
0.9999850119394675
0.9999848748436753
0.9999850950684822
0.9999848557709804
0.9999847446094979
0.9999849486417207
0.9999846573596104
0.9999845823134831
0.9999847859921243
0.9999844393285544
0.9999843703203615
0.999984554751867
0.9999842485439201
0.9999842144675363
0.9999843601464551
0.9999840586044807
0.9999841266686141
0.999984198004428
0.9999838965194331
0.9999839253930681
0.9999840401128324
0.9999837450181783
0.9999838340494628
0.999983926038482
0.9999836486183429
0.9999837357735578
0.9999837893057015
0.9999834812421229
0.9999836563462683
0.9999836137257412
0.9999832659084116
0.9999834702614846
0.9999834042202077
0.999983116665821
0.9999832918130116
0.9999832585796405
0.9999829962877453
0.999983188991107
0.9999831075972048
0.9999828339772783
0.9999830615488996
0.9999829255533889
0.9999826717468132
0.9999828145947501
0.9999827060089205
0.999982470514151
0.9999826405909158
0.9999824441493581
0.9999823251665336
0.9999825428523089
0.9999823471098149
0.9999822192279083
0.999982404078912
0.9999821855046245
0.9999820971027155
0.9999822309461132
0.9999819945652191
0.9999819577888441
0.9999820660891776
0.9999818199248526
0.9999817970281286
0.9999819369881328
0.9999816643769992
0.9999816787990382
0.999981810174101
0.9999815207494267
0.9999815210303077
0.9999815678577906
0.9999812712473503
0.9999813643968563
0.9999814481302777
0.9999811886609926
0.9999812802970183
0.9999812753119812
0.9999810398873418
0.9999811334749086
0.9999811118821523
0.9999808739188751
0.9999810263796415
0.9999810493124671
0.9999807572859848
0.9999808866200691
0.9999808484712456
0.9999805831227115
0.999980720772984
0.9999806938344739
0.9999804667676432
0.9999806491762383
0.9999805705946391
0.9999803528300454
0.9999804731357254
0.9999803886495633
0.9999802058823466
0.9999803688627494
0.9999802328542146
0.9999800703524967
0.9999802103294064
0.9999800653981232
0.9999799397998282
0.999980115583689
0.9999799473521048
0.9999798311590545
0.9999799942145983
0.9999797877618389
0.9999797188568474
0.9999798571318247
0.9999796244417152
0.999979560285194
0.9999796620502256
0.9999793818062914
0.9999793581932902
0.9999794726780908
0.9999791661791195
0.9999791193397017
0.9999791492250366
0.9999789694916149
0.9999790334466991
0.9999790505694939
0.9999788083029748
0.9999788169363306
0.9999788498166596
0.9999785658141562
0.9999786611761119
0.9999786898755282
0.9999784090672165
0.9999784579433266
0.9999784723925577
0.9999782079879771
0.9999783293140061
0.9999782752138761
0.999978026990031
0.9999781465217388
0.9999781420888777
0.9999778573181237
0.9999779763678697
0.9999779512615294
0.9999777364614628
0.9999778604082296
0.9999778373970126
0.9999776069924163
0.9999777927868668
0.9999776975714335
0.9999775004718168
0.9999775972375982
0.9999775051456818
0.999977320836424
0.9999774342352586
0.9999773055600667
0.999977169346365
0.9999772572477915
0.9999770798539759
0.9999769952533805
0.9999771310533401
0.9999769349023833
0.9999768637053741
0.9999769804830974
0.9999767737262979
0.9999766959277376
0.9999768497562497
0.9999766077193644
0.9999765818858414
0.9999766571126488
0.9999764974618208
0.9999765028744272
0.9999766525428012
0.9999763810885204
0.9999763877654111
0.9999765253313795
0.999976335157689
0.9999763331173799
0.9999764094767506
0.9999761834618868
0.9999762505656923
0.9999763181474047
0.9999761305978776
0.9999762210884148
0.999976193941521
0.99997592415558
0.9999759789015225
0.9999759411901676
0.9999757394140943
0.999975837077293
0.999975790897714
0.9999755598464783
0.9999756515527902
0.9999755949583781
0.9999753524963068
0.9999754690796105
0.9999753958099803
0.99997515917892
0.9999752844891198
0.9999751754671239
0.9999749880492294
0.9999750740441742
0.999974979228148
0.999974780011506
0.9999749237466052
0.9999748244725536
0.9999746741259028
0.9999748516143884
0.9999747462101725
0.9999746403329628
0.999974761880217
0.9999745097310169
0.9999743742343814
0.9999744452769007
0.9999742803820604
0.9999742071085594
