0.9999993166320369
0.9999984820394886
0.999997062301533
0.9999958921337249
0.9999954720043556
0.9999959299629348
0.999996760880576
0.9999971165975247
0.9999964023102207
0.999995035012987
0.9999937987782586
0.9999932793794167
0.9999936324004061
0.9999944049226628
0.999994822324517
0.9999943906938586
0.9999930406203821
0.9999916962818743
0.9999909813311937
0.9999911492812122
0.9999919032144059
0.9999924358604674
0.9999920365166293
0.999990853316633
0.9999894369810263
0.9999886993183188
0.9999888105596758
0.9999894901788243
0.9999900879511296
0.9999898706630265
0.9999887626586569
0.9999873145731012
0.9999864889641176
0.9999864031967126
0.99998700072323
0.9999875603153981
0.9999874088223037
0.9999864045051536
0.9999849635379365
0.9999840901605235
0.9999840613664107
0.9999845839692426
0.9999852089353962
0.9999851435286057
0.9999842348346935
0.999982869540181
0.999981855118112
0.9999816909316056
0.9999820781613763
0.999982872923954
0.9999830845939156
0.9999824086561673
0.9999810560067559
0.9999798417926434
0.9999795787229501
0.9999800694054839
0.9999807415093296
0.9999810320372012
0.999980327262608
0.9999789931999681
0.9999777678491194
0.9999772031059071
0.9999774452658571
0.9999781532211492
0.9999783913352921
0.9999777837689295
0.999976544324493
0.9999752524875546
0.9999746104145899
0.9999748820793806
0.9999754882871442
0.99997592995535
0.9999753388926741
0.9999742317678298
0.9999729742035579
0.9999722995389843
0.999972553285126
0.9999732931771718
0.999973814565467
0.9999735063433194
0.9999725798983325
0.9999711994864963
0.9999703760146983
0.9999701932159915
0.9999706702197392
0.9999710959946595
0.9999710463279472
0.9999700811266746
0.9999685627983501
0.9999676676953994
0.9999675420821962
0.9999680335178609
0.9999687214411787
0.9999687470622113
0.9999679490733463
0.99996667291998
0.999965805175779
0.9999655580578225
0.999966071153889
0.9999666643344987
0.9999667966011686
0.9999659532651316
0.9999647268051747
0.9999635549070622
0.9999632755448763
0.9999637000337833
0.999964354776306
0.999964608221466
0.9999639398900192
0.9999626726148704
0.9999614133162622
0.9999609348458088
0.9999614645744
0.9999622012363233
0.9999625921246695
0.9999621396893669
0.9999611961209669
0.9999599282947602
0.9999594143325644
0.9999596722785902
0.9999603141631849
0.9999608089974296
0.9999604836564568
0.9999593625740614
0.9999582434468689
0.9999573517886596
0.9999573740165418
0.9999580946748403
0.9999584826995794
0.9999583745505246
0.999957608502747
0.9999563241161378
0.9999554306331309
0.9999553690322556
0.9999558343449058
0.9999562566959207
0.9999560359525621
0.999955070394196
0.9999538065174703
0.9999529482009524
0.9999527126659555
0.9999530856507791
0.999953544790455
0.9999536038499804
0.9999528873735536
0.9999516021538841
0.9999506850190986
0.9999505076276123
0.9999508709126412
0.9999513673015731
0.9999514019245882
0.9999506833321137
0.999949440008526
0.99994836709975
0.9999480203446791
0.999948374636042
0.9999487367743213
0.999948850092655
0.9999481945615145
0.9999467732793801
0.9999456813020189
0.9999453227970043
0.9999454658269895
0.9999460616332381
0.9999462993129782
0.9999458751292611
0.9999451438727498
0.9999439910081255
0.9999434111159294
0.9999436818667119
0.9999443082030876
0.9999447057952996
0.9999444073059227
0.9999434082850808
0.9999424437458617
0.999941802055083
0.9999416611993464
0.9999420177384838
0.9999422174129176
0.9999418486436021
0.9999407339009501
0.9999396139085968
0.9999388291669135
0.9999387849085601
0.9999393381944681
0.9999397350266872
0.9999395322285999
0.9999385564104531
0.9999372386727581
0.999936461328382
0.9999362155877575
0.9999365720270289
0.9999369943129691
0.9999367602271003
0.9999360023848606
0.9999347761786831
0.9999340366064106
0.9999336527745222
0.9999341519796061
0.9999344955800559
0.99993446698527
0.9999337359236032
0.9999324471580051
0.9999314221177207
0.9999310387391056
0.9999312239900483
0.9999320891069154
0.999932301359737
0.9999317718785465
0.9999308709876947
0.9999298826338896
0.9999295361122791
0.9999296894735913
0.9999303100869263
0.9999305431665989
0.9999302906993278
0.9999292445493031
0.9999279662608027
0.9999272797816868
0.9999270665064259
0.9999275321065764
0.9999278271389328
0.999927455012357
0.9999264934501344
0.9999255968703948
0.9999249121680266
0.9999253618693283
0.9999255283089722
0.9999260555143247
0.9999257071386833
0.99992481304933
0.9999238235136241
0.9999231577921716
0.9999231599780172
0.9999233436447613
0.9999236212143755
0.9999232417685265
0.9999221144212227
0.999921025401133
0.9999201286471335
0.999920083152912
0.9999203380406549
0.9999206657987724
0.9999205424371735
0.9999197987824099
0.9999188806370577
0.9999180778361898
0.9999180445415022
0.9999186295166551
0.9999188694322456
0.9999190042160109
0.9999187570858775
0.9999177736479239
0.9999168405621681
0.999916611469059
0.9999169373493716
0.9999174765566125
0.9999175848857423
0.9999169834864161
0.9999160451011398
0.9999149371177832
0.9999146913999815
0.9999150379669652
0.9999158915981284
0.9999160680041925
0.9999156306053887
0.9999147533795473
0.9999137958357533
0.9999132330759024
0.9999130740829067
0.9999136168857816
0.9999134801688105
0.9999130425954758
0.9999122048992989
0.9999114014557835
0.9999105881968167
0.9999104923628279
0.99991096087461
0.9999113641284947
0.9999112055682361
0.9999102888783796
0.999909146404134
0.9999084082675743
0.9999083523202242
0.9999086722816665
0.9999091136869696
0.9999093224330791
0.9999085164478232
0.9999073611219699
0.9999066065462225
0.9999062796176904
0.9999069239675785
0.9999072831800327
0.9999071877051368
0.9999064863318456
0.9999054591175575
0.9999045996984894
0.999904433571286
0.9999048543952791
0.9999052220296024
0.9999051253133793
0.9999047231528803
0.9999037552881809
0.9999028619932557
0.9999026160509654
0.9999030688723605
0.9999033443947063
0.9999033041078137
0.999902923791665
0.9999024014424404
0.9999014724014623
0.9999008631677448
0.9999013532903975
0.9999017387508472
0.9999018968609654
0.9999015128745683
0.9999007822920329
0.9998999428507442
0.999899528758375
0.9999000238411824
0.9999003401335904
0.9999002810200048
0.9998999889634929
0.9998992107278064
0.9998980415674887
0.9998976055325627
0.9998979499344978
0.9998981225430258
0.9998983476273962
0.9998979659038677
0.999897159807241
0.9998961236566415
0.9998957104646556
0.9998953585770517
0.9998953825645942
0.9998957731463458
0.9998953611872374
0.9998946256099631
0.9998938066494503
0.9998931101868433
0.9998930355918192
0.9998934158890587
0.9998937965531779
0.9998934239749423
0.9998928492774596
0.9998917111771732
0.9998908892111262
0.9998905272942336
0.9998906540701595
0.9998909121021872
0.9998906672335847
0.9998897536354003
0.9998886054613375
0.9998876013135196
0.9998871319003086
0.9998873517787397
0.9998879687501334
0.9998879973747258
0.9998872321543941
0.9998861316824386
0.999884975266741
0.9998842492932578
0.9998843940358346
0.9998844053734577
0.9998842207466339
0.9998838988654184
0.9998831103238393
0.9998820661935797
0.9998814013623294
0.9998814283990599
0.999881595145339
0.9998815012124533
0.9998809067824858
0.9998800544272942
0.9998790438331857
0.9998782881459178
0.9998782207568924
0.9998783992760719
0.999878505051857
0.9998780001483735
0.9998773004388265
0.9998767031626132
0.9998759812111025
0.9998761609758048
0.9998763287770768
0.999876422949622
0.9998763289863603
0.9998758684706167
0.9998751180906802
0.9998743001029007
0.9998740421770582
0.9998741644779923
0.9998746554945755
0.9998743554347954
0.9998737830177351
0.9998727125179725
0.9998720712435589
0.9998717434797405
0.999872023136258
0.9998723586334977
0.999872278838898
0.9998717461544461
0.9998706771402497
0.9998696351727111
0.9998695854370463
0.9998696839629138
0.9998700029486137
0.9998700832755807
0.9998697031989869
0.9998687823803054
0.9998676436609492
0.9998674041030479
0.999867570546155
0.999867767102431
0.9998675550670877
0.9998673100514273
0.9998662124766001
0.9998653682392264
0.9998647238578012
0.9998647446031206
0.9998647184819244
0.9998651844588807
0.9998649496597898
0.9998642133349425
0.9998633996358859
0.9998626203871518
0.9998628326674581
0.9998632276854923
0.9998633264912457
0.9998628613507704
0.9998620148103045
0.9998610345525603
0.9998606215985236
0.999860354918656
0.9998604811429659
0.9998602951460764
0.9998599310826601
0.9998590903428514
0.9998581367934042
0.9998572560501293
0.9998569710065459
0.9998569875142335
0.9998568571303171
0.9998567610740979
0.9998561307035432
0.999855205074665
0.9998547477879782
0.9998543844884369
0.9998546888246711
0.9998549129463081
0.9998545128079679
0.9998544943791081
0.9998534975795911
0.9998532702913234
0.9998532414061293
0.9998536037373826
0.9998538947249319
0.999853644500864
0.9998529423353207
0.9998521769114004
0.9998515320941112
0.9998514112376894
0.9998519254968187
0.9998519888521837
0.9998520565680957
0.9998518564863645
0.999850873147427
0.9998497966000841
0.9998497429211161
0.999849492273168
0.9998494498337965
0.9998491903186266
0.9998485310224106
0.9998476601088321
0.999846985483342
0.9998466753737079
0.9998465952147805
0.9998468125194172
0.9998468308686689
0.9998467467377986
0.9998464999415826
0.9998457751272972
0.9998452336095286
0.9998454662578913
0.9998459344559526
0.9998458613706217
0.9998456137800323
0.9998452027722204
0.9998444603449357
0.9998439960143704
0.9998438964128714
0.9998437787092374
0.9998435927085583
0.9998432347345209
0.9998429856806615
0.9998420467927468
0.9998417268564215
0.9998418331829371
0.9998420626999062
0.9998420249708435
