0.999999860578731
0.9999994229401984
0.9999993096496004
0.999999704859132
0.9999994254067952
0.9999991283154004
0.9999995069127435
0.9999994217507386
0.9999989734467428
0.9999992776611286
0.9999993914318334
0.9999988909682362
0.999999037439897
0.9999993150716697
0.9999988450192931
0.9999988217437134
0.9999991791555178
0.9999988427456291
0.9999986236423212
0.9999990155285999
0.9999988606385177
0.9999984733328822
0.9999988034670482
0.9999988257145986
0.9999983501568723
0.9999985696019802
0.999998774620061
0.9999983001837478
0.9999983503333462
0.9999986777965008
0.9999982866725194
0.9999981500360134
0.9999985291236357
0.9999982938494661
0.9999979719817466
0.9999983165553776
0.9999982656530849
0.9999978426802841
0.999998105516059
0.9999982293531161
0.9999977494256783
0.9999978749000086
0.9999981562683445
0.9999977310627268
0.9999976728412617
0.9999980206341451
0.9999977237803775
0.9999974805445205
0.9999978385894793
0.9999977203634193
0.9999973481003432
0.9999976271769863
0.9999976896091936
0.9999972379887043
0.9999974086521255
0.9999976263158963
0.9999971940345399
0.9999972018718682
0.9999975334763426
0.9999971713529133
0.9999970108964661
0.9999973700350147
0.9999971579757295
0.9999968369834131
0.999997162324406
0.9999971376532155
0.9999967291842191
0.9999969452867291
0.9999970964427115
0.9999966569914608
0.9999967356365645
0.9999969936014422
0.9999966202280612
0.9999965357459476
0.9999968762992723
0.9999966115785233
0.9999963726061857
0.9999967162286152
0.9999965968171357
0.9999962352295738
0.9999964999380082
0.9999965620567371
0.9999961286044722
0.9999962645363878
0.9999964561286367
0.9999960416256429
0.9999960304828442
0.9999963170310172
0.9999960372841002
0.9999958569757165
0.9999961524999108
0.9999959958479077
0.9999956941269873
0.999995977327487
0.9999959794578006
0.9999955636009561
0.9999957402543127
0.9999958889708424
0.9999954613276373
0.9999955470848783
0.9999958004085867
0.9999954402642739
0.9999953157707175
0.9999956157256771
0.999995358324042
0.9999951172257612
0.9999954245545881
0.9999953548264745
0.9999949938364955
0.9999952282569106
0.9999953164006659
0.9999949126998234
0.9999950341090219
0.9999952708595813
0.999994881042163
0.9999948376306432
0.9999951305821154
0.9999948306432116
0.9999946283321416
0.9999949473200181
0.9999947982207927
0.9999944706956648
0.9999947709939725
0.9999947864963233
0.9999944064098708
0.9999945778185545
0.9999947370555405
0.9999943314834362
0.9999943560900963
0.9999946149108743
0.9999942841013937
0.9999941626379396
0.9999944716199239
0.999994264730521
0.9999939965022949
0.9999942829704239
0.9999942449749495
0.9999938741060094
0.9999940794251655
0.9999941579448769
0.9999937375606582
0.9999938094753643
0.9999940228332636
0.9999936869145718
0.9999936511918089
0.999993921759582
0.9999936855133764
0.9999934743957881
0.9999937518148551
0.9999936474507216
0.9999933397539804
0.9999935693631263
0.9999935995641441
0.9999932078057193
0.9999933339744221
0.9999935282471765
0.9999931544801404
0.9999931529099672
0.9999934067980356
0.9999931112282363
0.9999929630707312
0.9999932439071159
0.9999931043066891
0.9999928297252705
0.9999931026471495
0.9999931120125995
0.9999927337959171
0.9999929566194969
0.999993071172014
0.9999926911512766
0.9999927439460528
0.9999929731702806
0.9999926446236397
0.9999925713272757
0.999992845989038
0.9999926004652532
0.9999923558383337
0.9999926067572803
0.9999925394722005
0.9999922144633838
0.9999924445421655
0.9999924838665452
0.9999921100558626
0.9999922079828826
0.9999923791416367
0.9999920332673221
0.9999919996238358
0.9999922487022878
0.9999919622510826
0.999991807288533
0.999992041611478
0.9999919106045455
0.9999916537695244
0.9999918693068304
0.9999918341827004
0.9999914596313995
0.9999916039121788
0.9999917580842751
0.9999913756053092
0.9999914172861369
0.9999916696480187
0.999991344834672
0.9999912587238141
0.9999915078091698
0.9999913319083691
0.9999911261369333
0.9999914007803217
0.9999913382170661
0.9999910025022982
0.9999912024713958
0.9999912951583512
0.9999909294256725
0.9999910219509687
0.9999912158179216
0.9999908741920512
0.9999908396291867
0.9999910667980634
0.9999907972581099
0.99999062657019
0.9999909092829431
0.9999908134980926
0.9999905085563822
0.9999907273393537
0.9999907551921485
0.9999904039356459
0.9999905343004738
0.9999906875680578
0.9999903438076427
0.9999903275443418
0.9999905434088576
0.9999902799985694
0.9999901829024013
0.9999904417449732
0.9999902956331688
0.9999900691368416
0.9999902777516875
0.9999902440103499
0.9999898912737826
0.9999900378512757
0.9999901057594893
0.9999898114584687
0.999989837635692
0.9999900096176273
0.9999897175928775
0.9999896483569014
0.9999898804581422
0.9999896577670527
0.9999894899542553
0.999989695514365
0.9999895551948756
0.9999892840430441
0.9999894833776596
0.9999894947030742
0.9999891490699269
0.9999892760565833
0.9999894130126215
0.9999890742654907
0.9999890529459142
0.9999892622023275
0.9999890154303195
0.9999888828518245
0.9999891185410583
0.9999889890000332
0.9999887436605145
0.9999889286909825
0.9999889398141044
0.9999885965000116
0.9999887467511223
0.999988867017272
0.9999884838870915
0.999988572209307
0.9999887754584504
0.9999884939945449
0.9999884196490739
0.999988631383252
0.9999884196041985
0.9999881974986417
0.9999884561055435
0.9999883868718148
0.9999881034121203
0.9999882591888554
0.9999883153434331
0.9999879805453873
0.9999881109614736
0.9999882696874686
0.999987981103396
0.9999879435756687
0.999988150576393
0.9999879064756911
0.9999877437595696
0.9999879573815298
0.9999878404974449
0.999987582970234
0.9999877736882467
0.9999877821407858
0.9999874777414552
0.9999876024789923
0.9999876953786989
0.9999874122016674
0.999987412182737
0.9999875438415777
0.9999872812599357
0.9999871537920679
0.9999873301332628
0.9999871662227676
0.9999870010873854
0.9999872042364768
0.999987138328992
0.9999868100763154
0.9999869774895529
0.999987029925574
0.9999867167908955
0.9999867775891265
0.9999869222835819
0.9999866515768544
0.9999865987671989
0.9999867795400469
0.9999865993790127
0.9999864592662692
0.9999866271053268
0.9999865516066889
0.9999863044705665
0.9999864601197235
0.9999864624606232
0.9999861867311542
0.9999862655056629
0.9999863668859985
0.9999860653411733
0.9999860243134924
0.9999862378085906
0.9999859881577984
0.9999858580200339
0.9999860063504141
0.9999859013477975
0.9999856968324092
0.9999858849944498
0.9999858664354526
0.999985583101676
0.9999856839273876
0.9999857603328043
0.9999854765261592
0.9999854947249301
0.9999856368286544
0.999985400026371
0.9999852990873549
0.9999854829436057
0.9999853350885884
0.9999851711301514
0.9999853632259345
0.9999852201680139
0.99998498145733
0.9999851045738185
0.99998514057265
0.9999848261709151
0.9999849185194241
0.9999850424623318
0.999984829776114
0.999984805843459
0.9999849923191179
0.9999847552528572
0.9999846422404244
0.9999848555685213
0.9999846883962604
0.9999844527297266
0.999984576911635
0.9999845928376209
0.9999843237549938
0.9999843940065767
0.9999844459156512
0.9999841745844299
0.9999841833842192
0.9999843286396735
0.9999840831910933
0.9999840153868412
0.9999841908575535
0.9999840149573371
0.9999838989214979
0.9999840692245474
0.9999840051533275
0.9999838160806568
0.999983960678508
0.9999840321069371
0.9999837338955796
0.9999837583225492
0.9999838996717948
0.9999835903228665
0.9999835827363388
0.9999836857550926
0.999983494598603
0.9999833691113799
0.9999835811287542
0.9999834599264444
0.9999832605325354
0.9999834083777266
0.9999834467338793
0.999983163811779
0.9999832668140898
0.9999833499414357
0.9999830731868992
0.999983074202197
0.99998324005486
0.9999830173643152
0.9999829410247101
0.9999830723976895
0.9999829477204539
0.999982794485239
0.9999829857070108
0.9999829314522588
0.9999826894841836
0.9999827981554815
0.9999828528039005
0.9999825781327225
0.9999826247851591
0.9999827262259857
0.9999824508399372
0.999982446726991
0.9999826377786669
0.9999823988325577
0.9999822680105901
0.9999824229301115
0.9999823035862341
0.9999820589136228
0.9999821374253854
0.9999821766039835
0.9999819802631293
0.999982062494756
0.9999822006968799
0.999981971425247
0.9999819756902505
0.9999821105763301
0.9999819159085168
0.9999818384084381
0.9999820050677634
0.9999818812874585
0.9999817126443602
0.9999818615379585
0.9999818124888776
0.9999815155185924
0.9999816058851511
0.9999816835206106
0.9999814594692658
0.999981465686636
0.999981549769524
0.9999812559635803
0.9999812305942953
0.9999813805288549
0.9999812105964182
0.9999810480261859
0.9999812301620021
0.9999811290716051
0.9999809207070005
0.9999809891638572
0.9999809897332433
0.9999807355257497
0.9999808319812173
0.9999808776735913
0.9999806201887723
0.9999806141880098
0.9999807191311476
0.9999805063145232
0.9999804271283891
0.9999805841058376
0.9999804990892857
0.99998030191929
0.9999804714518093
0.9999804460745806
0.9999802088864062
0.9999802849516809
0.9999803435486215
0.9999801597978085
0.9999802082409455
0.9999803384134714
0.9999801115788157
0.9999800222373264
0.9999801363816194
0.9999800266230245
0.9999798685763328
0.9999800687013612
0.9999799891197415
0.9999797455335832
0.9999798906165956
0.9999798774040385
0.9999796120272075
0.9999796928848522
0.9999797652131186
0.9999795039889625
0.9999795260902111
0.9999796488821314
0.9999794882589473
0.9999793712450201
0.999979621454234
0.9999794734015424
0.9999793660505637
0.9999794998848162
0.9999794401506948
0.9999791853730771
0.9999793147828613
0.9999793753089699
0.9999791202067738
0.999979127748882
