0.999998859378657
0.999998300255311
0.9999969892584853
0.999995421250371
0.9999942683514617
0.9999940753977924
0.9999949678730776
0.9999964918093398
0.9999978258001742
0.999998354083895
0.9999978636237765
0.9999966124340208
0.9999950635023586
0.9999938616914408
0.9999935742487419
0.9999943856874066
0.9999958594814914
0.999997234801819
0.9999978283902448
0.9999974269759113
0.9999962777527176
0.9999947853649873
0.99999354600053
0.9999931311111377
0.9999938161506978
0.999995245190593
0.999996629058503
0.9999972696754604
0.9999969598156647
0.9999959017285109
0.9999944554376375
0.9999932003151821
0.9999926958631815
0.9999932693698299
0.999994615782634
0.9999959730982121
0.9999966677777813
0.9999964384538683
0.9999954529254486
0.9999940137059574
0.9999927422902001
0.9999921785614971
0.9999926497826421
0.9999939135685216
0.9999952756964097
0.999996052731562
0.9999959303352797
0.9999949916226016
0.9999935966806007
0.9999922936815334
0.9999916834143752
0.9999920472627853
0.9999932273478618
0.9999946098857577
0.999995465810657
0.9999954193269818
0.9999945395870956
0.9999931870828445
0.9999918703881904
0.9999911588523601
0.9999914109163692
0.9999925491318794
0.9999939379901976
0.9999948538093661
0.9999948830303991
0.9999940762480185
0.9999928115070896
0.9999915364773245
0.9999907473657285
0.9999908778603375
0.99999191353838
0.999993285038612
0.9999942765029219
0.9999944033147067
0.9999936850277583
0.9999924396935314
0.9999911083064211
0.9999902265512102
0.9999902504970366
0.999991195468504
0.999992532836143
0.9999935608713665
0.9999937970603527
0.999993159601749
0.9999919805386458
0.999990685732546
0.9999897528496233
0.9999896828641482
0.9999905767208187
0.9999919020757271
0.9999929913494436
0.9999932385911832
0.9999926827914337
0.9999915603636754
0.9999902494954456
0.9999892925158586
0.9999891976454205
0.9999899703466042
0.999991295636036
0.9999923910616632
0.9999927328183692
0.9999922210517566
0.9999911421955212
0.9999898801198288
0.9999888883701249
0.999988617363781
0.9999893146873857
0.9999906093110665
0.9999917869525105
0.9999921871250292
0.9999917397712121
0.9999906981754882
0.9999894375425268
0.9999883838063998
0.9999880306153819
0.9999886217266756
0.9999898801122667
0.9999910986418917
0.9999915961026472
0.9999912092786688
0.9999901996876975
0.9999889524190022
0.999987864237856
0.9999874886295506
0.9999880397628227
0.999989264381637
0.9999904927117771
0.9999910308944673
0.9999907318627839
0.9999897408201884
0.9999885144755206
0.9999874527174848
0.9999870188859871
0.999987560906442
0.9999887530328638
0.99999000684313
0.9999905992661172
0.9999903666663079
0.9999894546772392
0.9999882538129835
0.9999871778644012
0.9999866573420447
0.9999870280500361
0.9999882085772671
0.9999894437523513
0.9999901035269252
0.999989878591658
0.9999889975162257
0.9999878109663983
0.9999867195986099
0.9999861689921227
0.9999864324654901
0.999987535368791
0.9999887458998136
0.9999895210946796
0.9999894280255507
0.9999885995832052
0.9999874316284731
0.9999863352349412
0.9999857204354433
0.9999860004532044
0.9999870236454454
0.9999883027350873
0.9999890647411448
0.9999889625474015
0.999988210735358
0.9999870546157692
0.999985920237901
0.9999852352258163
0.9999853793132729
0.9999862709261587
0.9999875131756206
0.9999883501722034
0.9999883826142579
0.9999877022609863
0.999986527393766
0.9999854120186522
0.9999846412967057
0.9999847091589205
0.9999856350145157
0.9999868491511461
0.9999877052163971
0.9999878427704456
0.9999872172327395
0.9999861532554921
0.9999849919854927
0.9999841670778971
0.9999841288266975
0.9999849361918813
0.9999861187491815
0.9999870367266511
0.9999872249216583
0.9999866858006711
0.999985626751155
0.9999845181654334
0.9999836944641932
0.9999835627838187
0.9999842957349183
0.9999854287674221
0.9999863358547076
0.9999865979822642
0.9999861267445759
0.9999851730017963
0.9999840831021566
0.9999832313003774
0.9999830769740763
0.9999837090490069
0.9999848289374628
0.9999857975133916
0.9999861284731665
0.9999857158347261
0.9999847815381513
0.9999836194134428
0.99998277223309
0.9999824994436658
0.9999830434025009
0.9999841070495489
0.9999851110209925
0.9999855202995479
0.999985186829337
0.9999842568760939
0.9999831445622516
0.9999822516335997
0.9999819469609631
0.9999824624034362
0.99998351575083
0.9999845479206103
0.9999849856058831
0.9999847099841357
0.9999838662906574
0.9999827498211784
0.9999818027752498
0.9999814136358257
0.9999818301722779
0.999982793903097
0.9999838020802657
0.9999843379600389
0.9999841371711075
0.999983333635105
0.9999822039883626
0.9999812479143291
0.9999808071612943
0.9999811711850916
0.9999821476666697
0.9999832009815542
0.999983777240894
0.9999835886706879
0.9999828251040267
0.9999817785193158
0.9999807551692086
0.9999802498276357
0.9999805349945787
0.9999814575155275
0.9999824951070231
0.9999830683365818
0.9999829268979264
0.9999821616530773
0.9999811402508743
0.9999802227812322
0.9999796601011564
0.9999798945459113
0.9999807130616777
0.9999817238292052
0.9999823692660023
0.9999823417261181
0.9999817230227096
0.9999807630925106
0.9999797717601314
0.9999791262819057
0.9999792539461099
0.9999800428640256
0.999981091838116
0.9999817621402194
0.9999818242082846
0.999981263875738
0.9999803587882586
0.9999794103985131
0.9999787708507357
0.9999788455520793
0.9999795654030238
0.9999806023669837
0.9999813228734833
0.9999813603649159
0.9999808403477898
0.9999799232755017
0.9999789537504318
0.9999783024492458
0.9999782461893084
0.9999788994898603
0.9999798389303258
0.999980592403127
0.9999807730834598
0.9999803065188432
0.9999794224419893
0.9999784557812125
0.9999777637161379
0.9999776815884628
0.9999782730522124
0.9999791928074552
0.9999799996833632
0.99998025317931
0.9999797859560676
0.9999789142815526
0.9999779189107181
0.9999771981218343
0.99997705830638
0.9999776014795639
0.9999784405245566
0.9999792878493514
0.9999796161937294
0.9999792445358089
0.999978417437996
0.9999774519685479
0.9999767186592131
0.999976523214639
0.9999769605751494
0.9999778611929231
0.9999786960982163
0.9999790199094559
0.9999787114582982
0.9999779228668941
0.9999769891900192
0.9999762126409653
0.999975963672782
0.9999763498571062
0.9999771213466585
0.9999779418168065
0.9999783600559394
0.9999781779346041
0.9999774797255536
0.9999765744899021
0.9999758110459918
0.9999755610607074
0.9999759190644352
0.9999767051072098
0.9999775508088512
0.9999779534434198
0.9999779186727944
0.9999772513864043
0.9999763155428676
0.9999755476766223
0.9999752173830845
0.9999754465342329
0.9999762131496598
0.9999770484109409
0.999977615864355
0.9999776038526778
0.999976968242372
0.9999760195593251
0.9999751695033628
0.9999747752913948
0.9999749264894273
0.9999756026027878
0.9999764847707753
0.9999770893320045
0.9999770881870063
0.9999764883889803
0.9999756032415126
0.9999747542841352
0.9999742326025923
0.9999743136707531
0.9999749478682288
0.9999757919223794
0.9999763817886912
0.9999764685912383
0.9999759508891516
0.9999750404666873
0.999974178995192
0.9999736146552834
0.9999736428079212
0.9999742121620424
0.9999750466422722
0.9999757544658505
0.9999758558093904
0.9999753470414153
0.9999744297021211
0.9999735239524686
0.9999729795608531
0.9999729808396584
0.9999735216081822
0.9999743586028076
0.9999750727509321
0.9999751927229449
0.9999747153565622
0.9999738833311992
0.9999729928755069
0.99997239535465
0.9999723237813207
0.9999727579608735
0.9999736132795742
0.9999743562134062
0.9999746310090462
0.9999742680112627
0.999973423528226
0.9999725257531465
0.9999719169859657
0.9999718119233184
0.9999722799297264
0.9999731040514934
0.9999739468387234
0.9999742028095324
0.9999738509785829
0.9999730751279011
0.9999721758086035
0.9999714631878704
0.9999712447509281
0.9999715919360753
0.9999723787957332
0.9999731587397369
0.9999735060972486
0.9999732831838768
0.9999725909619089
0.9999717218571077
0.9999710224361847
0.9999706899902724
0.999970935542797
0.9999716765177913
0.9999724658406142
0.9999729295613392
0.999972744183497
0.9999721112418426
0.999971300156574
0.9999706230718831
0.9999703063214246
0.9999705281280004
0.9999712310361446
0.9999720457380967
0.9999725068477044
0.9999723600657568
0.999971694848271
0.9999708296923391
0.999970146784696
0.9999698180507794
0.9999699673452271
0.9999706099179928
0.9999714086816153
0.9999719333278394
0.999971839456864
0.9999712479820706
0.9999704706327092
0.9999697022360233
0.9999693478354631
0.9999695017787731
0.9999700813092989
0.9999708337619925
0.9999713130576193
0.9999713381585219
0.9999708421924496
0.9999700327984
0.9999693145488636
0.9999688370516377
0.999968868004558
0.9999694210701371
0.9999702572326754
0.9999708064411009
0.9999708390579074
0.9999702863847362
0.9999695054756286
0.9999688340801897
0.9999683567975144
0.999968307637866
0.9999687971065795
0.999969548113469
0.9999702074343153
0.9999703231652421
0.9999698352344392
0.9999690820948259
0.9999682785902217
0.9999678000784148
0.9999678163423283
0.9999682346585483
0.9999689959964594
0.9999695677810445
0.9999697454627282
0.9999693348102572
0.9999686052449708
0.9999679053300808
0.9999673589236017
0.999967224320564
0.9999675967141878
0.9999683071255763
0.9999689325257349
0.9999691357703236
0.9999688107435699
0.9999681280265956
0.9999674146306156
0.9999668441175584
0.9999666794261648
0.999967069637129
0.9999677544274646
0.9999683614246881
0.9999685507710151
0.9999682963159187
0.9999677310106196
0.9999669365923902
0.9999663604900579
0.9999662353718518
0.9999665873433256
0.9999672171659184
0.9999678472110907
