0.9999991944494538
0.9999822496473869
0.9999652296690614
0.9999468634341503
0.9999317600788372
0.9999151961853433
0.999897637571752
0.9998811891126084
0.9998643534511316
0.9998460349082813
0.9998304467588726
0.9998137137457098
0.9997959381114616
0.9997826113505413
0.9997686885410657
0.9997514628426093
0.9997343663121717
0.9997177033873643
0.999698209821039
0.9996855206284072
0.999667413489844
0.9996535666622225
0.9996426385842281
0.9996258053597724
0.9996076650859511
0.9995919899766063
0.9995780992727756
0.9995635795959934
0.9995494017810829
0.9995317956182602
0.999513505518158
0.9994950377173829
0.9994761167881905
0.9994576099317077
0.9994356815756945
0.9994213006440427
0.9994036138734183
0.999388030925715
0.9993705498960235
0.9993543753305206
0.999335751239612
0.9993119078339392
0.9992988393772405
0.9992840474694351
0.9992626996712706
0.9992494255092486
0.9992330097048717
0.9992115587838575
0.9991959376895408
0.9991813679983818
0.9991645192295733
0.9991508405469165
0.9991325919973535
0.9991149368618036
0.9991032514565846
0.9990900430778599
0.9990677436051303
0.9990553234928592
0.9990322397318675
0.9990171238232256
0.9989966230163144
0.9989838543719415
0.9989696630055663
0.9989552266294601
0.9989381752842873
0.9989216612456838
0.9989081575482155
0.9988876672381997
0.9988723880601119
0.9988562832436144
0.9988375011215249
0.9988250337207045
0.9988093475381645
0.9987973789572603
0.9987698883507581
0.9987565160482615
0.9987445918634229
0.9987264176288994
0.9987042896068221
0.9986895060696949
0.9986723008943074
0.9986570667826148
0.9986388652688865
0.9986257576486665
0.9986147929044598
0.9985900396127523
0.9985815862219714
0.9985647513538588
0.9985537519373023
0.9985306180169402
0.9985146272476522
0.9984974720709309
0.99847983906622
0.9984718235012557
0.9984521263045714
0.9984428486376133
0.9984271023513985
0.9984126597421111
0.9983959851149922
0.9983858767537462
0.9983641297048654
0.9983420627138039
0.9983187014316611
0.9983000527049244
0.9982948959279268
0.998286997958181
0.9982628691387532
0.998245136824394
0.9982250357110001
0.9982119854912037
0.9981885727373909
0.9981686742625402
0.9981476202695886
0.9981296300147191
0.9981174292447255
0.9980933073532973
0.998077727027624
0.9980575669758732
0.9980303977088555
0.9980113889585263
0.9979988826819467
0.9979801388455689
0.997958367783883
0.997952782057637
0.9979270426162454
0.9979086972981402
0.9978994016080718
0.9978822600568982
0.997871931015689
0.997850161388819
0.9978365672414218
0.9978184060698524
0.9977960634789365
0.9977797990695468
0.9977622516526405
0.9977460269459468
0.9977358411480495
0.997719831323771
0.9977096287955562
0.997688249461044
0.9976610810489766
0.9976401840163683
0.9976205220894804
0.9976052948987431
0.997608488808169
0.9975965455026524
0.9975702557949452
0.9975634872478517
0.9975516687451111
0.9975286644508049
0.997502532527151
0.9975007026665302
0.9974756276678298
0.9974570332673793
0.9974357049543553
0.9974178553288597
0.997407552188519
0.9973752730242449
0.9973486594578533
0.9973360153824485
0.9973081055156346
0.9972950043833851
0.9972705450332356
0.9972489640449513
0.9972293805476913
0.997205770644955
0.9971911387539715
0.9971821747522752
0.9971771077098663
0.9971620082352644
0.9971410857843798
0.9971242153625445
0.9971029810027477
0.9970806106417013
0.997060518813685
0.9970411597692407
0.9970225901237585
0.9970083088897373
0.9969898229108776
0.9969752986026565
0.9969664233120985
0.9969472675595562
0.9969388480330492
0.9969248644494707
0.9969112294298181
0.9969009262575401
0.9968909274484024
0.9968742725585507
0.9968537844971859
0.996835914226471
0.9968123761887907
0.996797645342949
0.9967684238066239
0.9967554860045689
0.9967297951972197
0.9967024173899878
0.9966825459718344
0.9966761335076675
0.9966547146644913
0.9966372329165191
0.9966152688278597
0.9965857830401317
0.996558024263181
0.9965353301485956
0.9965157750984784
0.9964981659617338
0.9964733017004547
0.9964599975477627
0.9964420001904446
0.9964137621464222
0.9964126508872498
0.996393236348866
0.9963684958110915
0.9963481806289388
0.9963356576846222
0.9963173907294438
0.9963023486802763
0.9962951464904789
0.9962822334805342
0.9962630494885565
0.996243582678743
0.9962388799350387
0.9962210475432575
0.9961904008838885
0.9961762561162298
0.9961624043549941
0.9961537061094095
0.9961423388828101
0.9961284146381986
0.9961148000796202
0.996091176532193
0.9960693283329651
0.9960623073568963
0.9960625724698545
0.9960579668295056
0.9960349731756813
0.9960094798666785
0.995992689239001
0.9959843772444287
0.9959786989194702
0.995964479058519
0.9959476802992077
0.9959270016661327
0.9959166756437531
0.9959088831410312
0.9958927823546133
0.9958678866803181
0.9958507270697489
0.9958362642859363
0.9958093797036096
0.9957881979597708
0.9957711800524169
0.9957427800029655
0.9957321414711487
0.9957125524064785
0.9957109831088039
0.995691383844896
0.9956837253421051
0.9956715586620946
0.9956590384229236
0.995639184708445
0.9956338471408
0.9956192035073711
0.9956010378501063
0.9955871338599133
0.9955564492363416
0.9955594795026679
0.9955407643488581
0.9955194736831685
0.9955122468630797
0.9955085325758922
0.9955007875080367
0.9954771780296033
0.9954685275663038
0.9954497024935612
0.9954280929051743
0.9954131300045356
0.9953888226809586
0.9953810910444834
0.9953678491969461
0.9953661767331341
0.9953365592753107
0.9953231984112625
0.9952996768978476
0.9952718137934566
0.995258616643412
0.9952271189172648
0.9952190561765576
0.9951988289970759
0.9951849589362237
0.9951713511334176
0.9951592326905158
0.9951397094013912
0.9951216204785299
0.995095404321357
0.9950801463684412
0.9950438918184582
0.9950180645827168
0.9950020357848142
0.994998071985147
0.9949812585263793
0.9949749520687478
0.9949547186443262
0.9949419303945869
0.9949265406838609
0.9949210515372634
0.9949163542277609
0.9949017239900232
0.9948885899303366
0.9948556634369131
0.9948262886321956
0.9948107430779697
0.9947811319156978
0.9947628882940869
0.9947508031429796
0.9947482088257363
0.9947228777419334
0.9947095509727526
0.9946941900817518
0.9947017783648887
0.994686854539898
0.9946717655642985
0.9946542084690918
0.9946375092764823
0.9946190005225788
0.994607229251424
0.99459905440968
0.9945770852815962
0.9945447453413317
0.9945335280654967
0.9945212197626317
0.9945091576950255
0.994481162311847
0.994458584556068
0.9944445922915681
0.9944215285619079
0.9943993030276747
0.9943747954846862
0.9943634119074093
0.9943401417094534
0.9943322789051119
0.9943219065688205
0.9943014538633889
0.9942745454501265
0.9942514504921207
0.9942477094720052
0.9942326423350203
0.9942331613035007
0.9942179918370431
0.9942124847860772
0.9941823604744389
0.9941752939405986
0.9941557390238189
0.9941420044054756
0.9941435741051504
0.9941262791578903
0.9940994308617784
0.9940880860874327
0.9940650720735008
0.9940400914485026
0.9940277111658943
0.9940099473995755
0.9940004796025584
0.9939726434923062
0.9939763860226938
0.993964923575531
0.9939528999272075
0.9939377617926557
0.9939100042315858
0.9938820992085367
0.9938462541287358
0.9938278216753152
0.993815581855212
0.9937980754253976
0.993775537541477
0.9937618911589254
0.9937496669561776
0.9937204630419443
0.9937161920776826
0.9936963260864771
0.9936718255485004
0.993660301881336
0.9936523550428868
0.993642845739521
0.9936298937305675
0.9935998798318689
0.9935947966043104
0.9935778493985699
0.9935444682993201
0.99352622872234
0.9935127165818495
0.9935099044353531
0.9934789775731637
0.993468380307548
0.9934564026950262
0.9934379987550861
0.9934172149542602
0.9933909252790055
0.9933786234508851
0.9933544316083897
0.9933266584712942
0.9933032624991829
0.9932809614006659
0.9932609868856052
0.9932463444709145
0.9932339818432202
0.9931927798861712
0.9931868867101981
0.9931647522094962
0.9931535483336777
0.9931498196484646
0.9931356713514835
0.9931172035399629
0.9930992300450762
0.993089854752975
0.993077972633225
0.9930523386121375
0.9930570877314163
0.9930467059906491
0.9930310993201241
0.9930153534666873
0.9930118524285179
0.9930017877295291
0.9929865693853783
0.992979844792299
0.9929658590817134
0.9929508315576582
0.9929139047297811
0.9928829665883923
0.992885329517428
0.992868172190878
0.9928410837623023
0.9928238900253661
0.9928129646336449
0.9927876942959206
0.9927727055811078
0.9927546683520658
0.9927488363108687
0.9927219102206027
0.9927010297171346
0.992686939216315
0.9926548151792912
0.9926481673294868
0.9926325355492651
0.9926185835931964
0.9926088895503464
0.992600321825719
0.9925829182736198
0.9925849494716271
0.9925675004292253
0.992554364874099
0.9925481591910813
0.9925508539953257
0.9925291795786544
0.9925269826447248
0.9925184781878855
0.9924943551320464
0.9924657855220536
0.9924294217010271
0.9924082183329608
0.9923775215725064
0.9923477340653839
0.9923341051958464
0.9923065601735112
0.9922828584957668
0.9922565805743951
0.9922230003421282
0.9922256766297468
0.9922156415960548
0.9921949985042912
0.9922028936509315
0.9921826980968371
0.9921453734192344
0.992141378445092
0.9921182866451702
0.9921110445873206
0.9920970036749783
0.9920865116732817
0.992065841450251
0.9920762673893934
0.992063102242559
0.9920679378861851
0.9920548623404655
0.9920471223857373
0.9920421213857455
0.992047601030637
0.9920281373352973
0.9919924489449173
0.9919483483491884
0.9919135412262238
0.9919062030650473
0.9919062269097071
0.9919061514140577
0.9918911059174065
0.9918695388571541
0.9918648185199718
0.9918512820430399
0.9918293714416658
0.9918019157344471
0.9917820211062164
