0.9999996223100766
0.999999085027884
0.9999982477343178
0.999998055686647
0.9999986848337281
0.9999993223860545
0.9999990255636066
0.9999981639118802
0.99999774235186
0.9999981867409852
0.9999989419244444
0.9999989164443502
0.9999981241168309
0.999997522602985
0.9999977418397423
0.9999985282549168
0.9999987883585311
0.9999981007933241
0.9999973840665417
0.9999973471948215
0.9999980620813486
0.9999985539923774
0.9999980716242796
0.9999972545055875
0.9999969988179097
0.9999975671986342
0.99999822958032
0.9999979918901047
0.9999971579314804
0.9999967204338454
0.9999970955615898
0.9999978537455132
0.9999978978429301
0.9999971452182983
0.9999965357187719
0.9999966893407694
0.999997430792112
0.9999977201598068
0.9999970976934001
0.999996360358128
0.9999963050331372
0.9999969522734727
0.9999974644980798
0.9999970490039352
0.9999962446807273
0.9999959650388004
0.9999964751822674
0.9999971361232847
0.9999969685033996
0.9999961662125876
0.9999956806457534
0.9999960117897987
0.9999967525905569
0.999996845312584
0.9999961317340759
0.9999954876229712
0.9999955915081946
0.9999962817600628
0.9999966025736289
0.9999960164123138
0.9999952742978631
0.9999951837225373
0.9999958103835863
0.9999963547360886
0.9999959977240008
0.9999952078287946
0.9999949089479846
0.9999953893619068
0.9999960261321654
0.9999958966902659
0.9999951206963853
0.999994655715388
0.9999949492358918
0.9999956453309795
0.9999957637301542
0.999995103910367
0.9999944698432586
0.9999945424471376
0.9999951987150971
0.9999955525056792
0.9999950388761296
0.9999942951824314
0.9999941798244705
0.9999947407164231
0.9999952869430025
0.9999950045142703
0.9999942160476497
0.9999938861869928
0.9999942984647148
0.9999949071064577
0.9999948407630956
0.9999940894291439
0.9999935536785736
0.9999938169234733
0.9999944826143089
0.9999946876248638
0.9999940516216953
0.9999934542842652
0.9999934929067871
0.9999941183221804
0.9999945064669554
0.9999940401294654
0.9999933281502869
0.9999931400648977
0.9999936742547281
0.9999942026874137
0.9999939691917913
0.999993236550603
0.9999928768146095
0.9999932112023393
0.9999938180039851
0.9999938132876857
0.9999931327010766
0.9999926147909245
0.9999927993260683
0.9999934360813856
0.9999936702176322
0.9999930913032192
0.9999924257830289
0.9999924355115595
0.9999930030360372
0.9999933994278695
0.9999930077300339
0.9999922942101541
0.9999920959432959
0.9999925750462383
0.9999931069286024
0.9999929575932511
0.9999922286773977
0.9999918471749883
0.9999921562235533
0.9999927553138884
0.9999928144479387
0.9999921338681748
0.9999915849124902
0.9999917222695588
0.9999923234047611
0.9999925933902155
0.9999921226267493
0.9999914501693005
0.9999913866874253
0.9999919315868468
0.9999923764415474
0.9999920690253217
0.9999913913553266
0.9999910873960779
0.999991463919286
0.9999919963067918
0.9999918867752409
0.999991201211597
0.9999907706111758
0.9999909991884046
0.9999916284031116
0.9999917358647377
0.9999911618857079
0.9999906065280806
0.9999906652742585
0.9999912306604606
0.9999915277571305
0.9999910551236838
0.9999904004578049
0.9999902844531412
0.9999907709578244
0.9999912414365306
0.9999909525648153
0.9999903198901565
0.9999900413080937
0.9999903583825616
0.9999908715171233
0.9999908373175505
0.9999901690223996
0.9999896672547985
0.9999898211089093
0.9999903760264848
0.9999905150522393
0.999989991335222
0.9999894395863018
0.9999894240977075
0.9999899154481316
0.9999902582447875
0.9999898723462394
0.9999892009431605
0.9999890810925336
0.9999895188084065
0.9999899806435756
0.9999897562206883
0.9999890867196407
0.9999888081426124
0.9999890708164826
0.9999896040622013
0.9999896331758634
0.999989009207852
0.9999885855328919
0.9999886934670967
0.9999892060107199
0.9999893733110934
0.9999888671308996
0.9999883136243529
0.999988311783192
0.9999887882577473
0.9999891366044066
0.9999887648461808
0.9999881523541816
0.999987982894747
0.9999883824442236
0.9999888383356974
0.9999886782838618
0.9999880372668034
0.9999877085628339
0.9999879989018831
0.9999884882059956
0.9999884903392824
0.999987914224747
0.9999874863010184
0.9999876179366114
0.9999880809014796
0.9999882849679786
0.999987822108298
0.9999872317380171
0.9999872027440195
0.9999876035941281
0.9999879594336099
0.9999876377015712
0.9999870730755107
0.9999869352088783
0.9999872240176021
0.9999876358281383
0.9999875733834173
0.9999869408980295
0.9999866326020468
0.9999868536281067
0.9999872806082151
0.9999873368853831
0.9999867969385564
0.9999863469544535
0.9999864492905004
0.9999868439443517
0.9999871241637525
0.9999867597486626
0.9999861986872437
0.9999861397828346
0.9999865276289356
0.9999868561274239
0.9999866447681012
0.9999860337259978
0.999985826538565
0.999986118701358
0.9999865355961589
0.9999864435575705
0.9999859124677687
0.9999855968213456
0.9999857652816002
0.9999862110203215
0.9999863050773641
0.9999858077295132
0.9999853132712144
0.999985341803591
0.9999857446556056
0.9999859747940264
0.999985621152371
0.9999850406188556
0.9999849282299855
0.9999853242368597
0.9999856761538228
0.9999854796009837
0.9999849138416698
0.999984618753021
0.9999848915476215
0.9999853354432134
0.9999853172568003
0.9999848452099995
0.9999844682292638
0.9999846018041294
0.9999850772871408
0.9999852958803769
0.9999849114339509
0.9999843847347496
0.9999843698610578
0.9999848157875225
0.9999850879896292
0.9999847494547682
0.9999842107031235
0.9999840009490121
0.9999843438632712
0.9999847180797443
0.9999845402775659
0.9999839403820693
0.9999836087507791
0.9999838388185942
0.9999842741954394
0.9999842524728139
0.9999837776386354
0.9999833370022664
0.9999834433130274
0.999983888118632
0.999983986689312
0.9999836134832872
0.9999830895748396
0.9999830460620366
0.9999834673962773
0.9999837036347687
0.999983449651251
0.9999829341609686
0.9999827548557412
0.9999830477564053
0.9999834055528909
0.9999832596066297
0.9999827613313736
0.9999824617780829
0.9999826315193447
0.9999830083768354
0.999983031243708
0.9999826609900987
0.9999821985786763
0.9999822522146818
0.9999826757801511
0.9999828551403583
0.9999825406194559
0.9999820361115179
0.999981945216046
0.9999822771589394
0.9999825618091684
0.9999823732045213
0.9999818519505191
0.9999816272005184
0.9999819636891568
0.9999823192445386
0.9999822171018142
0.9999817194452039
0.9999814495885865
0.9999815698480716
0.9999819157394334
0.9999819846876765
0.9999815782407715
0.9999811559545294
0.9999811836725434
0.9999815365850162
0.9999816995877384
0.9999814207754965
0.9999809792586337
0.9999808831812595
0.9999812189801858
0.9999815546517041
0.9999813051900068
0.9999808152194772
0.9999806353611188
0.9999808762028712
0.9999812402863469
0.9999811644744265
0.9999806844481168
0.9999803357412026
0.9999804461093372
0.9999807867888616
0.9999808548864225
0.9999804579958413
0.9999800475392084
0.9999800906884869
0.9999804236068859
0.9999806535224302
0.999980333583593
0.9999798544434382
0.9999797404288815
0.9999800560233122
0.9999803862574712
0.9999801749175452
0.9999796876618025
0.9999794778401518
0.9999797743940996
0.9999801045274277
0.9999800448582077
0.999979630041256
0.9999793256389445
0.9999793813151828
0.9999797453160285
0.9999798466490945
0.9999794152214
0.999979069852508
0.9999790779559394
0.9999794243994827
0.9999796484103792
0.9999793857021823
0.9999789060378881
0.9999788082025811
0.9999791323283405
0.999979408869547
0.9999792362215579
0.99997878850391
0.9999785927547725
0.9999787745487877
0.9999791470408337
0.9999791469923928
0.9999787504858207
0.9999783916423397
0.999978458260972
0.9999788159264317
0.9999789350991884
0.9999785528285572
0.9999781491962626
0.9999780908075313
0.9999784035928191
0.9999785979336366
0.999978342804826
0.9999779078086127
0.9999777244882085
0.9999779742016145
0.9999782316023712
0.9999780850710164
0.9999775962939412
0.9999773554356631
0.9999775338065868
0.9999778583486801
0.9999779131066854
0.9999775400127295
0.9999771554631002
0.9999772749293524
0.9999775905117054
0.9999776804472138
0.9999773394800543
0.9999768675137596
0.9999768301305573
0.9999770777054069
0.9999773509443118
0.9999771105286422
0.9999766228081487
0.9999764704663324
0.9999767101021261
0.9999769765556485
0.9999768500702024
0.9999764069907383
0.9999760625480841
0.9999761530959113
0.9999764425425005
0.9999764226207312
0.9999760789804724
0.9999756533863794
0.9999756768176676
0.9999759986400211
0.9999761120550887
0.9999757729529651
0.9999753883444115
0.9999752487172566
0.999975558441375
0.9999758680562737
0.9999756392218986
0.9999751760546771
0.9999749568558012
0.9999752195943927
0.9999755610346632
0.9999755057173281
0.9999751446026638
0.9999748294191356
0.9999749046166305
0.9999751988550767
0.9999752656035449
0.9999749161769466
0.9999745537375533
0.9999745181550764
0.9999748576709002
0.9999749879408396
0.9999747392891083
0.9999743691935167
0.9999741914119574
0.9999744407019584
0.9999747404259636
0.9999745471424198
0.9999741894865497
0.9999739277806009
0.9999740956776063
0.9999743621440164
0.9999743534871867
0.9999739680479025
0.9999737036782331
0.9999737808642645
0.9999740533216643
0.9999741455807917
0.9999738459801315
0.9999734553214326
0.9999734562388349
0.9999737319447943
0.99997390815725
0.9999736420184349
0.9999732322470287
0.9999730966808267
0.9999732865917761
0.9999735348891383
0.9999733879145177
0.9999730117757462
0.9999727663510124
0.9999729133814266
0.999973257636121
0.9999733044598182
0.9999729595337075
0.9999726542616707
0.9999727078476849
0.9999730323530094
0.9999731517143796
0.9999729057440621
0.9999725446983452
0.9999725138887601
0.9999727639249595
