0.999999807069968
0.9999990527654811
0.9999983870639422
0.999998597500916
0.999998498620012
0.9999976215916673
0.9999972631781565
0.9999975355183877
0.999997109480606
0.9999962096558144
0.9999961329332812
0.9999963482322046
0.9999956851597268
0.9999949552921573
0.9999950765584222
0.9999950183733868
0.9999941633127207
0.9999937842895025
0.9999940115508464
0.9999937349792212
0.9999928023950273
0.9999925474861278
0.9999928096637197
0.9999922745781712
0.9999914608749292
0.9999914803652573
0.9999915640437756
0.9999908138920698
0.9999902593894529
0.9999904526759196
0.9999902174634827
0.9999894116783188
0.9999891154946903
0.9999893360657609
0.9999889292289618
0.9999881185861563
0.9999880161590332
0.999988236228123
0.9999875691933346
0.999986888477035
0.9999871082409033
0.9999870479891448
0.9999862096059287
0.9999857960768515
0.9999861489874411
0.99998571375029
0.9999848435146224
0.9999846547361533
0.9999847702183065
0.9999841506621611
0.9999834915467973
0.9999837067685377
0.9999837005952414
0.9999829286527887
0.999982425580157
0.9999827614652078
0.9999824473585563
0.9999816210444475
0.999981413577416
0.9999816001899098
0.999980944867993
0.9999802286947662
0.9999803131006547
0.9999802665135562
0.9999795817933042
0.9999789074168246
0.9999791339094024
0.999978844199997
0.9999779012002071
0.9999775150478156
0.9999777405214801
0.9999773294416209
0.999976553664953
0.9999765594174783
0.9999766725351331
0.9999761002366655
0.9999755379467475
0.999975724514513
0.999975725048313
0.9999748795133125
0.9999744037021184
0.999974705874622
0.9999746427510662
0.9999739186730796
0.9999737109493138
0.9999737918910891
0.999973172035673
0.9999722437238178
0.9999723065917411
0.9999723415062114
0.9999715429521508
0.9999709137732457
0.9999710059173936
0.9999707009764679
0.9999699030974902
0.9999695818457454
0.9999698041613816
0.9999693815210434
0.9999686557357852
0.9999686461036547
0.9999686731195813
0.9999679369269057
0.9999672235179503
0.9999674037787282
0.9999673972234225
0.9999665938008383
0.9999662406402773
0.9999665777567269
0.9999664464202481
0.9999656398518179
0.9999654077344481
0.9999654439085139
0.9999649372381114
0.9999644024395609
0.9999644737282335
0.9999643702553833
0.9999635370558954
0.9999631132133397
0.9999632148966038
0.9999626995118309
0.9999617366483449
0.9999614498515831
0.9999616186789636
0.9999612987961702
0.99996070281114
0.9999606559688675
0.9999607764150369
0.9999601862235303
0.9999597087091929
0.9999600332118297
0.9999597964705962
0.9999591876247164
0.9999588082986499
0.9999591396332409
0.9999587360645693
0.9999579675804955
0.9999579639192547
0.9999579258797866
0.9999573840046305
0.9999569530035743
0.9999572700236576
0.9999573504034803
0.9999566290691101
0.9999560215331357
0.999956273130598
0.9999559504838289
0.9999552278347247
0.9999551136172453
0.9999552520367384
0.999954785567881
0.9999542272382294
0.9999543478365843
0.9999542016835103
0.9999535802830812
0.9999531176107803
0.9999534198518799
0.9999530916038614
0.9999524896259352
0.9999522362796269
0.9999521962451953
0.9999517320834359
0.9999507729254296
0.9999506199945014
0.99995074653904
0.9999501122692536
0.9999496441025256
0.9999498566442202
0.9999497365700668
0.9999489354672357
0.9999486286255391
0.999948927469103
0.9999485182182744
0.9999476476228799
0.9999475138128582
0.9999473743572089
0.9999468521810414
0.9999462875051709
0.9999462062793562
0.9999459334777862
0.9999451218998313
0.9999447217228975
0.9999450504677723
0.9999448431280157
0.9999441113632817
0.9999437880304599
0.9999442622597626
0.9999436482754211
0.9999431237313297
0.9999428548895599
0.9999430640889301
0.9999421707647402
0.9999415686001492
0.9999417052586037
0.9999414442776738
0.9999407004080769
0.9999404591841965
0.9999403972762584
0.9999400524652008
0.9999392979280853
0.9999390778066807
0.9999389904523773
0.9999383083701676
0.999937785692258
0.999937887359078
0.9999375442555324
0.9999366929101045
0.9999361542552433
0.9999363582156985
0.9999358349517257
0.9999350787360698
0.9999350427165443
0.9999350260050441
0.999934562039274
0.9999337995897916
0.9999336391981827
0.9999336535744526
0.9999329098400408
0.9999327685648441
0.9999328031908717
0.9999324888090858
0.999931887465478
0.9999314465983518
0.999931587898066
0.9999310625082715
0.9999304636774562
0.9999302217538667
0.9999302395665084
0.9999296518065123
0.9999289710984436
0.9999288183745033
0.9999286486347729
0.9999278209677106
0.999927434408215
0.999927274625202
0.9999269756654785
0.9999263438578226
0.9999261459931474
0.9999261052181174
0.9999252851886944
0.9999246528015399
0.9999247987377478
0.9999246351140247
0.9999239259931194
0.9999233724258494
0.9999235970614158
0.9999232343581713
0.9999224065671819
0.9999221884291294
0.9999223982973188
0.9999218821037956
0.999921243073422
0.9999211419745254
0.9999210996919883
0.999920229077861
0.999919652804849
0.9999198273942987
0.9999194612293812
0.9999188551124892
0.999918604616925
0.9999185075265995
0.999918184300435
0.9999171184915954
0.9999171284465558
0.9999170380323726
0.9999165153654959
0.9999159295891656
0.999915961400092
0.99991569709983
0.9999150922498424
0.9999150231901787
0.999915128185742
0.9999148866052314
0.9999143780175288
0.9999141347728429
0.9999142627703846
0.9999135835315447
0.9999131460983459
0.9999132797229223
0.9999131023576325
0.9999121562211615
0.9999118464371433
0.9999118192687381
0.9999118257963229
0.9999111249769498
0.9999107974800865
0.9999108496091861
0.9999104170113533
0.9999095857258347
0.9999097013397029
0.9999096119884333
0.9999088445727904
0.9999081548111587
0.9999080630823832
0.9999079068252765
0.9999072971649874
0.9999069145999935
0.9999069702566536
0.9999062985934088
0.9999054621766624
0.9999053726742747
0.9999052990918013
0.9999044726543803
0.9999040354226933
0.999903740624394
0.9999037305405025
0.9999029048010419
0.9999026185119887
0.9999027932254495
0.9999023049434013
0.9999015637770421
0.9999013396362877
0.9999012454592302
0.9999007969700551
0.9999002565125514
0.9999003515241307
0.9999003064907143
0.9998995812569443
0.9998993273851423
0.9998996684588256
0.999899415218532
0.999898548302113
0.999898218034431
0.9998982850932499
0.9998979370436993
0.9998974562478148
0.9998975909430916
0.9998974886252049
0.9998968496712467
0.9998963707055996
0.9998963323114034
0.9998960550578936
0.999895746460943
0.9998955519079062
0.9998953852228135
0.9998950463852605
0.9998941207068348
0.9998939646641837
0.9998942102362589
0.9998939534029924
0.9998936668363437
0.9998932320013151
0.9998932610775308
0.9998924824812951
0.999892185147827
0.9998918678148616
0.9998915352619356
0.9998909266770438
0.9998904201555872
0.9998904798641066
0.999889830240507
0.9998895759681214
0.9998894920289751
0.9998891995726943
0.9998886284833117
0.9998879482421037
0.9998877246276164
0.9998875497264003
0.9998865522557844
0.9998863923832437
0.9998863884279003
0.9998857070052418
0.999884892062534
0.9998850248115054
0.9998845444905958
0.9998841695153273
0.9998834063400251
0.9998836514414597
0.9998836009608126
0.9998827107365078
0.9998823615531288
0.9998827816075528
0.9998822246148349
0.9998815737516322
0.999881649609435
0.999881811272281
0.999881703211853
0.9998815565779867
0.999881492050127
0.9998813047965087
0.999880945506877
0.9998807291884227
0.9998808670165045
0.9998807778748889
0.9998800610582037
0.9998798969613062
0.9998798165699524
0.9998790967866716
0.9998790587403429
0.9998791981952313
0.9998790135645735
0.9998780082923671
0.9998776039427661
0.9998774466215388
0.9998773518425206
0.9998767817088747
0.9998765429740823
0.9998765380297876
0.9998760853920807
0.9998750312481356
0.9998747866070575
0.9998748076075247
0.999874103892263
0.9998734637355853
0.9998731921866458
0.9998731911225784
0.9998727031248007
0.999872280909768
0.9998722305850257
0.9998718335170188
0.9998709659304925
0.999870721889684
0.9998708473843263
0.9998701127081379
0.9998699815110123
0.999870042543514
0.9998699819609596
0.9998694402405677
0.9998690823946583
0.9998689261413292
0.999868507679822
0.9998674629356586
0.9998672795779848
0.9998668212199961
0.9998665251713951
0.9998660476209004
0.9998659575201911
0.9998658207599928
0.9998655168710995
0.9998648621669801
0.9998648703297939
0.9998643699326318
0.9998635280230914
0.9998633258869278
0.9998631227051858
0.9998625561443023
0.9998619847248353
0.9998618838529966
0.9998617556866275
0.9998611988271491
0.9998605415195723
0.9998604756432438
0.9998606374850019
0.9998599722621783
0.9998596745268163
0.9998596230525439
0.9998589513053946
0.999858450772271
0.9998582399068793
0.9998578593264681
0.9998574219353886
0.9998568899847874
0.9998569486891737
0.9998566480603405
0.9998555389859308
0.9998549689719741
0.9998548526595747
0.9998544420586665
0.9998539961488827
0.9998542855505773
0.9998544696997205
0.9998539873667481
0.9998536218577385
0.9998533571877791
0.9998533608424434
0.9998529959926218
0.9998527827637046
0.9998523565650332
0.999852017958532
0.9998510396215639
0.9998504858234796
0.9998501595352941
0.9998497636627449
0.9998489460650294
0.999848778847351
0.999848486275082
0.9998478415269435
0.9998475619826791
0.9998478330631674
0.9998474022798391
0.9998464900981109
0.9998466646568893
0.9998468021861016
0.9998464711250944
0.9998459254395613
0.9998456469140579
0.9998454809379846
0.999844981472068
0.9998446230697902
0.9998446659442333
0.9998445366299137
0.9998437533385557
0.9998435805164916
0.9998438085719122
0.9998436427803228
0.9998428763339604
0.9998422684982097
0.9998424090012434
0.9998418716977672
0.9998413848632546
0.9998410327596038
