0.9999849412006003
0.9999841574033825
0.9999822299240635
0.9999791766149879
0.9999752827699466
0.9999705312787968
0.9999651726355857
0.999959253461231
0.9999530972158294
0.9999470646153965
0.9999411009346549
0.9999354904167821
0.9999305540071992
0.9999263578243723
0.9999230904007093
0.9999208422330758
0.9999194762683776
0.9999189564958354
0.9999194400191098
0.9999208897565626
0.999923124752952
0.9999260232460835
0.9999297251059479
0.9999339141659487
0.9999383534270812
0.9999430356456648
0.9999479346019392
0.9999526748607116
0.9999571324823003
0.9999609383349795
0.9999642189635106
0.999966611689207
0.9999682277530607
0.9999688126808561
0.9999684819619677
0.9999670167687846
0.9999645772604044
0.9999611839275586
0.9999570533907792
0.9999522581143448
0.9999469855040259
0.9999415137275955
0.9999360919461235
0.9999308234685753
0.9999257883620746
0.999921105358976
0.9999170880472172
0.9999136201046639
0.9999110334191313
0.9999092098660061
0.9999084663188247
0.9999084019924026
0.9999092894889442
0.9999109368916295
0.9999133877704263
0.9999163956089121
0.9999201548964228
0.9999243414709781
0.9999286691099993
0.9999332877499689
0.9999377691806189
0.9999421118048977
0.9999461053983416
0.9999494410322131
0.999952025337964
0.9999536823684316
0.999954585333285
0.999954478112959
0.9999533171984814
0.9999512918449259
0.9999481742632346
0.9999442798621205
0.999939905216812
0.9999351893019395
0.9999301461333422
0.9999248755640354
0.9999195613407931
0.9999145780138596
0.9999098477597902
0.9999056748086843
0.999902171683187
0.9998994252733967
0.9998973275320561
0.9998959584131465
0.9998953819847552
0.9998957915048874
0.9998970649002005
0.999899120737318
0.9999018524611173
0.9999050883720488
0.9999089921256423
0.999913128733918
0.9999174978801897
0.9999217931324421
0.9999260345782721
0.9999300473450837
0.9999335451306941
0.9999363217660803
0.9999381822159592
0.9999393102630477
0.99993946208184
0.9999384112073286
0.9999366835957283
0.9999340698796125
0.9999306363941628
0.9999267501651685
0.9999221524615932
0.999917224869575
0.9999121891645049
0.9999071597374539
0.9999022620884367
0.9998978347436638
0.9998937597134964
0.999890305182895
0.9998872557182088
0.9998851033158582
0.9998836255779989
0.9998828733409447
0.99988311485362
0.9998838625120595
0.9998854184066724
0.9998878095453064
0.9998906900407751
0.9998940071750025
0.9998976160865776
0.9999014487198423
0.9999055071783858
0.9999094066728486
0.9999129699009657
0.9999162534850817
0.9999191328807286
0.9999212729929844
0.999922783854904
0.9999233973885197
0.9999230998005897
0.999921977273849
0.9999197369590348
0.999916898233312
0.9999131818539437
0.9999090863470357
0.9999048620485795
0.9998999828856621
0.9998953510268603
0.9998904771987619
0.9998860076011004
0.9998819011505491
0.9998782175166994
0.9998752154329067
0.999872437313599
0.9998707333038925
0.9998696661770198
0.9998694577137358
0.9998701110108756
0.9998712924001559
0.999873180179538
0.9998757114032962
0.9998789501891039
0.9998822333470927
0.9998856596763127
0.9998894577527749
0.9998933419533663
0.9998966759313789
0.9998999117125832
0.9999027843290776
0.999905377273387
0.99990688487614
0.9999076705865302
0.9999077105612261
0.99990708774162
0.999905647255624
0.9999032180906611
0.9999000946499786
0.9998965537863204
0.9998924156927842
0.999887738939363
0.9998831226153471
0.9998785544763023
0.999874000793206
0.9998697463060298
0.9998661970040996
0.9998631191981219
0.999860599439433
0.9998588357195798
0.999857942960282
0.9998574673911973
0.9998582116314858
0.9998592906585475
0.999860772490495
0.9998629392151952
0.9998654256649028
0.9998681874604525
0.9998713200319514
0.9998744928047357
0.999877723922195
0.999880804423766
0.9998839666032667
0.9998867970239188
0.9998890826329292
0.9998908133037271
0.9998919725684314
0.999892295478194
0.9998920640918508
0.999891058200217
0.9998893995464007
0.9998864566627529
0.999883277831976
0.9998798286874718
0.9998756829778114
0.999871294112912
0.9998669822980374
0.9998626672529197
0.9998586157341475
0.9998550332835299
0.9998518793438875
0.9998494830822534
0.9998472832039554
0.9998459382769331
0.9998449664496089
0.9998450109661776
0.999845891463899
0.9998474092488455
0.9998492968969404
0.9998515392911265
0.9998544124076075
0.9998573661082277
0.9998607757034152
0.999863589575902
0.9998665106069593
0.9998694445093145
0.9998721519430293
0.9998745906738616
0.9998760495019924
0.999877202298113
0.9998779647815489
0.9998778425950429
0.999876750216422
0.9998749394331328
0.9998726424473396
0.9998693648905944
0.9998662701031412
0.9998624364472535
0.999858317307143
0.9998539519496135
0.9998499694619112
0.9998457589160001
0.9998422570269779
0.9998390221850741
0.9998361255034502
0.9998338864134064
0.9998323162374146
0.9998316427033204
0.9998312220610605
0.9998315375709993
0.9998324634670473
0.9998339810001725
0.9998362747807782
0.9998390239741118
0.9998419914323398
0.9998450254745056
0.9998483836088418
0.9998514521688063
0.9998544826615284
0.9998573187564165
0.9998596117365204
0.9998612186354179
0.9998625659248437
0.9998633197070678
0.999863205037298
0.9998625703681558
0.9998611414567825
0.9998592438504273
0.9998564312837194
0.9998533701318253
0.9998496294913275
0.9998453916025886
0.9998415259594596
0.9998376416498285
0.9998339517082867
0.9998304869511452
0.9998273403650845
0.999824594209218
0.9998223207636
0.999820824066691
0.9998195220626193
0.9998190603196887
0.9998193942364786
0.999820021886246
0.9998212881405147
0.9998232749801369
0.9998253470677305
0.9998277923692482
0.9998305936458084
0.9998334109817856
0.9998359502097386
0.999838309186519
0.9998408953489623
0.9998430300742764
0.9998449802348209
0.9998463890625418
0.9998473665693185
0.9998476819817784
0.9998471917158244
0.9998458057308139
0.9998441605865069
0.9998416268316167
0.9998388551274809
0.9998357547238703
0.9998320170809724
0.9998281750219814
0.99982433510699
0.9998199058312055
0.9998159289998646
0.999812543164402
0.9998096563814278
0.9998070208327015
0.9998053187908071
0.999804072779202
0.9998033668746646
0.9998033726616337
0.9998036101663307
0.9998046408788648
0.9998064428564575
0.9998083234890197
0.99981069892107
0.9998131451010192
0.9998156620018835
0.9998184332959223
0.9998208124458451
0.9998233626991976
0.9998256364111815
0.9998279067941196
0.9998297467172981
0.999830949111334
0.9998314605203159
0.9998311902879695
0.9998305371102584
0.9998288932924253
0.9998268086303647
0.9998244400914905
0.9998215383786453
0.9998180259835302
0.9998144604170097
0.9998105599008247
0.9998070113641088
0.9998035714475627
0.9998003332679751
0.9997973471527504
0.9997947804992356
0.9997927039180123
0.9997914330216378
0.9997906185455672
0.9997900167103567
0.999790156493366
0.9997906261314659
0.9997915514613644
0.9997930562396078
0.9997949501169657
0.9997970563593764
0.9997989277460766
0.9998016299940498
0.9998037023958742
0.9998061099568751
0.9998085402829813
0.9998102409195575
0.9998117468290644
0.9998129658559931
0.9998139519485805
0.9998142064730512
0.9998137951860147
0.9998127567307719
0.9998107173177099
0.9998087493871405
0.9998062137144327
0.9998030884741765
0.9997999278197623
0.9997966638921887
0.9997932332439128
0.9997896413163625
0.999786218285665
0.9997835861860839
0.9997808137342419
0.9997788852127597
0.9997771486549427
0.9997762917937637
0.9997757851166691
0.9997757453813648
0.9997760821471002
0.9997771240617401
0.9997780544858343
0.9997798146020003
0.9997819535785394
0.9997838596559404
0.999786154802569
0.9997882830638058
0.9997909023071715
0.9997928595357287
0.9997944631681445
0.9997959582811611
0.9997972081203699
0.9997981288137087
0.9997984721735518
0.9997981229100198
0.9997973508718252
0.9997959487868464
0.9997941817988552
0.9997919516983463
0.9997891633942748
0.9997862245188143
0.9997829082533312
0.9997793409561196
0.9997758112618386
0.9997728345774344
0.9997701632248185
0.9997674982319777
0.9997651847301025
0.9997638215597094
0.9997627343917908
0.9997621996164177
0.9997622340286775
0.9997620672270982
0.9997625522444603
0.9997635468956017
0.9997642923324517
0.9997662726250564
0.9997679267973403
0.9997698607946162
0.9997718563579472
0.9997743115094192
0.9997759245459633
0.9997779277841826
0.9997792893020593
0.999780335686758
0.9997813614596772
0.9997820196200048
0.9997822223641285
0.999781326730627
0.9997802559356291
0.9997786236866061
0.9997769114187365
0.9997744288299366
0.9997716980322546
0.9997687774141326
0.9997659940910819
0.9997634346018032
0.9997608918738159
0.9997575316306501
0.9997551839778072
0.9997530432018603
0.9997510214498637
0.9997499885629162
0.9997490127094079
0.9997486577377395
0.999748725236881
0.9997489550075285
0.9997494791099869
0.9997505270344851
0.9997518715384216
0.9997531939408695
0.9997548435118502
0.9997564751929187
0.9997583226681291
0.9997602220772367
0.9997616506256959
0.999763029525455
0.9997640314156321
0.999765328798317
0.9997661985924929
0.9997664222903563
0.9997660006218526
0.9997651215658279
0.9997634837345771
0.9997620160365118
0.9997595394209126
0.9997568343963366
0.9997543714901329
0.9997516353238891
0.9997489944576785
0.9997463965686072
0.9997441655676385
0.9997419174340546
0.9997400442519586
0.9997382375970022
0.9997368333780743
0.9997355122753098
0.9997347614266535
0.9997340004211394
0.9997338508266554
0.9997346015926976
0.9997354243710603
0.9997364289182845
0.9997375944588267
0.9997389698536886
0.999740619106148
0.9997425961960043
0.9997442168707973
0.9997460216913572
0.9997470711389442
0.9997479930060446
0.9997490115210965
0.9997493204271057
