0.9999999333448674
0.9999837287249604
0.9999673949788775
0.999951338312244
0.9999341048022584
0.9999178109286189
0.9999036528560796
0.9998865734052196
0.9998703477888274
0.9998533005047502
0.9998376594091681
0.9998219798183208
0.9998041276245919
0.9997902884730484
0.9997751190510881
0.9997549879816718
0.9997389025493729
0.9997192528863919
0.9997048245478731
0.9996872247422114
0.9996727367109158
0.9996560944302046
0.9996411879226851
0.9996231443454557
0.9996084806811288
0.9995948894115599
0.9995788462500642
0.9995640232733775
0.9995505858219942
0.9995353228516702
0.9995222414435805
0.9995048899611523
0.9994819179476562
0.9994711681759099
0.9994511514223959
0.9994378056027294
0.9994168108391974
0.9994032168040503
0.9993898716839408
0.9993753380470136
0.9993543079029837
0.9993413971652043
0.9993248066344618
0.9993099906529269
0.9992960344982581
0.9992861705627146
0.9992707150581193
0.9992519162595155
0.9992382298751905
0.999228264248171
0.9992065377848953
0.9991845571511211
0.9991717811666533
0.9991530505209928
0.9991357620528851
0.9991206952447753
0.999105767133337
0.9990868098652645
0.9990718285594249
0.9990518775255315
0.9990461645014626
0.9990325125844116
0.999014924859131
0.9990039249774946
0.9989818275305247
0.9989624586249407
0.9989446569711847
0.9989267820985211
0.9989152150100826
0.9989028103861275
0.9988861343660718
0.9988741983742508
0.9988609648644935
0.9988477840159762
0.9988271748720203
0.9988030976031524
0.998785932722159
0.9987678780430974
0.9987542759754484
0.9987437900351148
0.9987277675706403
0.998717120799016
0.9987040237081712
0.9986859464684658
0.9986698903319761
0.9986516593745917
0.9986392565370533
0.998628580335346
0.9986104725481518
0.9985885996867683
0.9985712594735994
0.9985551428973581
0.9985400174177393
0.9985258845435513
0.9985145839576061
0.9985001136633234
0.9984803390125276
0.9984618706537922
0.9984497711098288
0.9984331285879792
0.9984205587686414
0.9983973927521692
0.9983765631093786
0.9983590144851621
0.998340749297893
0.9983279278182614
0.9983148991078418
0.9982950036910246
0.9982802845238028
0.9982625427234982
0.9982409876510854
0.9982255082403025
0.9982091719678058
0.9981890299161307
0.9981733063290825
0.9981488374312119
0.9981307443715111
0.9981078566826803
0.9980892030570417
0.9980653298623322
0.9980379463125567
0.9980257735570374
0.9980088160486819
0.9979988380339831
0.9979861135763756
0.9979648569678714
0.9979459765393838
0.9979326561018523
0.9979097660373508
0.9979027703321274
0.9978893684178064
0.9978760216658643
0.997858646251157
0.9978345670315962
0.9978233443427161
0.9978163800759589
0.997800585615689
0.9977798236701552
0.9977658448667098
0.9977467161010102
0.9977233866619034
0.9977024795434666
0.9976740086829984
0.9976571202799756
0.9976444090843927
0.997627235328797
0.9976166440532237
0.9975994253770928
0.9975812811087984
0.9975719890223491
0.9975581458184567
0.997540604721223
0.9975222886408807
0.99750523214121
0.9974866707147179
0.9974747737101578
0.9974610015393972
0.9974424880316554
0.997425256540968
0.9974019635849398
0.997386861837284
0.9973824681480893
0.9973828625801642
0.9973603966849596
0.9973515486291274
0.9973339641968146
0.9973041947430609
0.9972782719448072
0.9972676540802667
0.9972556052949969
0.9972314023709133
0.997225517010924
0.9972082692094099
0.9972036959988891
0.9971904400744205
0.9971835388270461
0.9971632179970338
0.9971518074016328
0.9971364971234685
0.9971119608759732
0.997103910313046
0.9970927082325227
0.9970702028132312
0.9970538923170027
0.9970296131844217
0.9970109049233337
0.9969892963076408
0.9969720534384626
0.9969511963775178
0.9969321117706605
0.9969233943208083
0.9969087958072576
0.9968914543056527
0.9968717299883306
0.996863478686419
0.9968425080253726
0.9968170038386563
0.9967871665586364
0.9967836575305803
0.9967686477131475
0.9967356697481556
0.9967173689884841
0.9966870320475693
0.9966754644760557
0.9966596303344141
0.9966460302953142
0.9966119249993721
0.9965994067632823
0.996593005379021
0.9965759563435749
0.996556216686657
0.9965492228505577
0.9965354790819139
0.9965255121006857
0.996505766843664
0.9964783687062266
0.9964527386180844
0.9964417801085667
0.9964259726006006
0.996400324831577
0.9963824328003357
0.9963588930269425
0.9963352945515176
0.9963202483841269
0.9963096978947057
0.9962898259243889
0.9962688572165082
0.9962577266233928
0.9962392944307911
0.9962204051743222
0.9961942561708853
0.9961800786901582
0.9961728417949125
0.9961733902782766
0.9961480275740835
0.9961399590028159
0.996129907277008
0.9960969796435946
0.9960885954941512
0.9960721321162246
0.9960406607168387
0.9960100168647372
0.9959913352927143
0.9959644733597243
0.9959379114558174
0.9959145538754494
0.9958953165306651
0.9958740908913188
0.995849562829116
0.9958331801288178
0.9958178654896842
0.9958102989411104
0.9957859046169903
0.9957633718987444
0.99574365417958
0.9957176089683165
0.9957011425090365
0.9956743736586885
0.9956567063693411
0.9956280154112067
0.9956240569143984
0.9956070357736491
0.9955959244885154
0.9955759772576062
0.9955609598180648
0.9955511029674808
0.9955320732041645
0.9955138187002478
0.9954949351460243
0.9954823327082815
0.9954639015464837
0.995441817549659
0.9954279634375991
0.9954169023774969
0.9954051942452788
0.9953924871212453
0.9953633591965957
0.99534814651938
0.9953416593861757
0.99534029215312
0.9953244420775473
0.9953096518312711
0.9952931593762231
0.9952813738776505
0.9952561085327294
0.9952342740427561
0.9952062660088365
0.995189619285575
0.9951603400744823
0.995157519347038
0.9951326894823536
0.9951064444058229
0.9950733250051949
0.9950644220025098
0.995060286330676
0.995052510677645
0.995029976530316
0.9949977114693416
0.9949814796315137
0.9949716323622804
0.9949517937980513
0.9949440049370747
0.9949359004218278
0.994906673621694
0.9948950535310676
0.9948620930116605
0.9948600378563662
0.9948397614174033
0.9948357761292638
0.9948211853702517
0.994807031632332
0.9947920472923376
0.994773479821553
0.9947558540197499
0.994742212617108
0.9947325813413078
0.9947220528348882
0.9947120073903412
0.9946873087721525
0.9946709350037369
0.9946604285996095
0.9946468260584667
0.9946088381902738
0.9945931371906123
0.9945684426132968
0.9945657372727497
0.9945515624056671
0.9945367705154518
0.9945183537315985
0.9944969597820832
0.9944853430521602
0.9944780126974906
0.9944526006178979
0.9944274123235349
0.9944247619429077
0.9944060357732688
0.9944002797522448
0.9943938689610048
0.9943785361770423
0.9943679458313089
0.9943504353943086
0.9943489210908977
0.9943319757027737
0.9943275312611749
0.9943171973902171
0.9942914843240283
0.9942656016932406
0.9942592383363231
0.9942462430040665
0.9942283809218607
0.9942253964772657
0.9941880132411517
0.9941640604535874
0.9941518208343524
0.9941213115519493
0.9940915284948205
0.9940680227733927
0.9940616889051131
0.9940479204376785
0.9940179602312321
0.9939912656434469
0.993980186780438
0.9939632276383168
0.9939571650956418
0.9939178857603996
0.9938839280019827
0.9938553022471869
0.9938418976147111
0.9938336395784378
0.9938170327430437
0.9937991634579117
0.9937812299942139
0.9937810150435512
0.993748231689171
0.9937283503264881
0.9937014143966699
0.9936710904188687
0.9936505032818087
0.9936309955363277
0.9936222062609397
0.9936088081170686
0.9935809787086844
0.9935589949717105
0.9935549413799527
0.9935359677845803
0.9935019066296014
0.9934908264742748
0.9934996834661239
0.9934842113987018
0.9934654654090267
0.9934413831030503
0.9934375874268613
0.9934107484364216
0.993387052742068
0.9933792632565143
0.993369733517002
0.9933770117360864
0.9933288130797004
0.993321855379613
0.9933106816141497
0.9932910398159619
0.9932710610041399
0.993262920110659
0.9932696810140017
0.9932483645886646
0.9932379156254441
0.9932109820256311
0.9932094482663693
0.9931979264534494
0.9931740496586459
0.9931611206095146
0.9931462953026513
0.9931199302873321
0.9931000320199445
0.9930931547207799
0.9930833948230203
0.9930697050706864
0.9930646221092947
0.9930336202629648
0.9930107980161226
0.9929890465019905
0.9929668293768208
0.9929687049254117
0.9929408317283293
0.9929325600544249
0.9929100771191389
0.9928901254848417
0.9928911262541353
0.9928774275041428
0.9928771966072706
0.992851732944508
0.9928115785507725
0.9927887763229022
0.9927977320317407
0.992775956531442
0.9927634727370266
0.992747096168086
0.9927299957251062
0.9927205404738106
0.9927039852055046
0.9926855327316843
0.992662388137568
0.9926345165383039
0.9926087210456312
0.9925964564909584
0.9925843013537206
0.9925865568448252
0.9925666332942105
0.9925623982850037
0.9925496662783747
0.9925338729185602
0.9925160105431416
0.9925029610328647
0.9924853618634435
0.9924683863802259
0.9924662729378629
0.9924418779780828
0.9924279272911355
0.9923998419534482
0.9923742855288992
0.9923257328460604
0.9923235793146836
0.9923218428278074
0.9923093091078703
0.9922980066655511
0.9922734241868704
0.992253878083743
0.9922222935512667
0.9922118050738166
0.992198861412268
0.9921935163543394
0.9921790089725663
0.9921580732487095
0.9921497003982752
0.9921285595361122
0.9921105827815837
0.9921078627843125
0.99209483333146
0.9920832057380535
0.992081509444721
0.9920601150450842
0.9920367031830631
0.9920121654317346
0.9919925624973068
0.991970781402381
0.9919512694494297
0.9919269237135898
0.9919048562609099
0.9918934437199384
0.9918858824314426
0.9918765338530297
0.9918442539846083
0.9918429592987013
0.9918225709597875
0.9918065899480156
0.9918011001102635
0.9917975383407097
0.9917717063471714
0.9917494515411421
0.9917365955881356
