0.9999999293169178
0.9999996026529175
0.9999997930366883
0.9999995758875014
0.999999607422734
0.999999585202967
0.9999994099805524
0.9999995693942244
0.9999992587329497
0.9999994865960775
0.999999180862154
0.9999993238175452
0.9999991653205159
0.9999991189240665
0.9999991567532284
0.9999989225022216
0.9999991075746597
0.9999987969693874
0.9999990095374518
0.9999987575619146
0.9999988334093212
0.9999987493846391
0.9999986374965659
0.9999987478602373
0.9999984739601294
0.9999986804688439
0.9999983689092091
0.9999985537743167
0.9999983527155316
0.9999983875270009
0.9999983482450807
0.9999981800009604
0.9999983383034919
0.9999980305144966
0.999998247818221
0.9999979498840615
0.9999980692505656
0.9999979282102355
0.9999978999848516
0.9999979419295815
0.9999977250422208
0.9999978945205267
0.9999975586578064
0.9999977718658404
0.9999975188299391
0.9999975831995378
0.9999974857156196
0.9999973900283353
0.9999975018818249
0.999997243641978
0.9999974520437621
0.999997126518215
0.9999973021981917
0.9999971003410829
0.9999971355655766
0.9999971310182265
0.9999969620772158
0.9999970924860035
0.9999967997432158
0.9999969777065754
0.9999967112072288
0.999996836563282
0.9999966860108297
0.9999966631673372
0.9999966794904681
0.9999964586106128
0.9999966023229643
0.9999963015922966
0.9999964889378897
0.9999962577805697
0.9999963319268301
0.9999962394926843
0.9999961481785395
0.9999962390254429
0.9999959788707941
0.999996206235629
0.9999958975309649
0.9999960338636639
0.9999958190355226
0.9999958409907431
0.9999958234054735
0.9999956994989674
0.9999958348083131
0.9999955511740237
0.9999957695095243
0.9999954938865993
0.9999956195130747
0.9999954592789164
0.9999954570670879
0.9999954563226431
0.9999952652268087
0.999995427739681
0.9999951578340425
0.9999953484393488
0.9999950995842781
0.9999951570346277
0.9999950789326802
0.9999949832417587
0.9999950482778978
0.999994786262873
0.9999949792383394
0.9999947080017813
0.9999948728969402
0.9999946753555783
0.9999946726919645
0.9999946578413841
0.9999945113510209
0.9999945991873045
0.9999943272556016
0.9999945040203427
0.9999942324240398
0.999994369532655
0.9999942350885117
0.9999941960323034
0.9999942090050296
0.9999940024428473
0.999994203432539
0.9999938953752405
0.9999940484216897
0.9999938366442045
0.9999939135904408
0.9999938164104616
0.9999936975778987
0.9999937911252617
0.9999935608737619
0.9999937220855887
0.9999934329320392
0.9999935899081681
0.9999934298351021
0.9999934476723977
0.9999933954156514
0.9999932332314412
0.9999933567353965
0.999993104012597
0.9999933059134831
0.9999930460148239
0.9999931453874419
0.9999930021493876
0.9999929603343749
0.9999929919481154
0.999992797129427
0.9999929738126647
0.9999927418813953
0.9999929061461518
0.9999926740620564
0.9999927546033994
0.9999926706495958
0.9999925597750204
0.9999926422016441
0.9999924106495487
0.9999925598069332
0.9999922922668554
0.9999924547134418
0.9999922962272817
0.9999922906116151
0.9999922910981063
0.9999921194307934
0.9999922234652595
0.9999919527818907
0.9999921267810347
0.9999918742488056
0.9999919635968918
0.9999918341163542
0.9999917749224403
0.9999918136495609
0.9999916035381493
0.9999917542726019
0.9999915143254345
0.9999916939236144
0.9999914715382353
0.9999915199793868
0.9999914437117488
0.9999913515184617
0.9999914159522265
0.9999911776104862
0.999991340780736
0.9999910853775115
0.9999911804628381
0.9999910231887026
0.9999910365560741
0.9999909894930673
0.9999908230294019
0.9999909372133826
0.999990636548173
0.9999908229501128
0.999990548609733
0.9999906779088907
0.9999905350053865
0.9999904759010704
0.9999905548159955
0.9999903414045067
0.9999904370772593
0.9999901755640873
0.9999903360791639
0.9999901652073858
0.9999902257113186
0.9999901636481551
0.9999900835355955
0.9999901380862084
0.9999899312831904
0.9999901218315893
0.9999898917849378
0.9999899886707422
0.9999898375286699
0.9999898182250948
0.9999898681442655
0.9999896749140049
0.9999897890469427
0.9999895619204296
0.9999896954910571
0.9999894705535409
0.9999895748853966
0.9999894187457615
0.9999893405966981
0.999989353899464
0.9999891825090084
0.9999892920261956
0.9999890212065587
0.999989148825531
0.9999889116942099
0.9999889727167989
0.9999888927576713
0.9999887800140786
0.999988829986155
0.9999886049776231
0.999988723165544
0.9999884441726844
0.9999885794007105
0.9999883909481286
0.9999883864262726
0.9999883580750971
0.9999882025972836
0.9999883274131848
0.9999880755205433
0.9999882034599187
0.9999880186042598
0.9999880933044345
0.999987963242772
0.9999879416301657
0.9999879660773153
0.9999877645139155
0.9999879118648347
0.999987630862167
0.9999877708586767
0.9999875592917484
0.9999876734132986
0.9999875788604676
0.9999874465858261
0.9999875137807795
0.9999872945921092
0.9999873828822003
0.9999871413075866
0.9999872453451712
0.9999870631849588
0.9999870328076873
0.999987053139434
0.9999868562232657
0.9999869567784065
0.9999866721549883
0.9999868417477132
0.9999866129468986
0.9999866964016754
0.9999865864435747
0.9999865174544347
0.9999865906743336
0.9999863806697736
0.9999865277565083
0.9999862700784717
0.9999863949214024
0.9999862282678953
0.9999862512155191
0.9999862093453016
0.9999860858608601
0.9999862231163686
0.9999859829236555
0.9999861680300177
0.999985929381285
0.9999860265741346
0.9999859039142525
0.9999859147338168
0.9999858902108539
0.999985725179265
0.9999858248622774
0.9999856055054326
0.9999857270235505
0.9999855216558855
0.9999856171892505
0.9999854936829884
0.9999854726999726
0.999985493767773
0.9999853021736873
0.9999854288007283
0.9999851810843241
0.9999853194443501
0.9999850928980103
0.9999850825403845
0.9999850082763211
0.9999849234113812
0.9999849730257123
0.999984774935517
0.9999848552386901
0.9999846180768068
0.9999847710689105
0.9999846173516374
0.9999845879804862
0.9999845881244677
0.9999844409360442
0.9999844538096933
0.9999842332998611
0.9999843406442732
0.9999841585699639
0.9999842541561209
0.9999841455881006
0.9999840842403335
0.9999840987607043
0.9999838909869144
0.999984021004777
0.999983770354853
0.9999838691038098
0.9999836649038243
0.9999836958756061
0.9999836632373011
0.9999835423761884
0.9999836741888869
0.99998350170751
0.99998360187621
0.9999834393261087
0.9999835294626968
0.9999834009546245
0.9999834106271537
0.9999833981170384
0.9999832186843481
0.9999832993203085
0.9999830602893837
0.9999832163246101
0.9999830468338913
0.999983129933213
0.9999830643434005
0.9999830438252802
0.9999830800202777
0.9999829170387281
0.9999830068204782
0.9999827907062813
0.999982912426232
0.9999827384955008
0.9999827824926889
0.9999826789440515
0.9999825335955768
0.999982569858723
0.9999823444027403
0.9999824361191733
0.999982253754541
0.9999824067004246
0.9999822345624747
0.9999822623163821
0.9999822515376603
0.9999821318292356
0.9999821913907847
0.9999819712660016
0.9999820397051749
0.9999818352599852
0.999981879285783
0.99998179042128
0.9999817526577158
0.9999817707387572
0.9999816052960171
0.999981698173773
0.9999814341471325
0.9999815238291951
0.9999813183489262
0.9999813309975897
0.9999812729481773
0.999981161706481
0.9999811771642951
0.9999809883175182
0.9999811240218649
0.9999809333338548
0.9999810122605458
0.9999808606721801
0.9999808354561145
0.9999808279946122
0.9999807119555632
0.9999807877019583
0.9999806196003356
0.9999807645285659
0.999980591675362
0.9999806498643425
0.9999805597778848
0.9999805105179747
0.999980507861773
0.99998029663712
0.999980460556424
0.9999802233944182
0.9999803465005327
0.9999801961468184
0.9999802592842358
0.9999801761179025
0.9999800972811824
0.9999801863469246
0.9999799919844174
0.9999801706170424
0.9999799593332415
0.9999800686098598
0.9999798865166227
0.9999798874553274
0.9999798441807549
0.9999796890092049
0.9999797428416547
0.9999795473556962
0.9999796452273085
0.9999794348451533
0.9999794681707829
0.9999793332243555
0.9999792585921005
0.9999792972395528
0.9999791448368335
0.9999792345635273
0.9999790555881907
0.9999790693220623
0.9999788569390816
0.9999788995192713
0.9999787436128047
0.9999786212304871
0.999978696623134
0.9999785075647586
0.9999786069583977
0.9999784326624701
0.9999785295431519
0.9999783813386154
0.9999783032417024
0.9999782425516072
0.9999781136663465
0.9999782212262449
0.9999780630591976
0.9999781590647698
0.9999779842691984
0.9999780085876532
0.9999778895136451
0.9999778005233398
0.9999777908430689
0.9999776472789176
0.9999777430652874
0.9999775099282339
0.9999776103350987
0.9999774776227105
0.9999774765950962
0.9999773829035848
0.9999772469527318
0.999977292129541
0.9999770843524489
0.9999772269051967
0.9999770509396508
0.9999771029312352
0.9999770083185008
0.9999769622309919
0.9999770306412546
0.999976876745044
0.9999769586898704
0.9999768182402451
0.9999770111628232
0.9999768048747534
0.9999769389396469
0.9999768764888931
0.9999767522414978
0.9999767664056748
0.9999765598564911
0.9999767099486976
0.999976567175368
0.9999767172616575
0.9999765430134782
0.9999766054127947
0.9999765707846411
0.9999764959106257
0.9999765874841158
0.9999764153699026
0.9999765543919397
0.9999764600009048
0.9999765362081697
0.9999764417098143
0.9999764066015016
0.9999764054559553
0.999976250333519
0.9999763745343286
0.9999761484394656
0.9999761997846783
0.9999760253579904
0.9999760778245164
0.9999759340138513
0.9999759267055353
0.9999759302474734
0.9999757525756613
0.9999758547332109
0.9999756487958056
0.9999757185115736
0.9999755528859264
0.9999755608489873
0.9999754477306443
0.9999753664040413
0.999975376450558
0.9999751612185667
