0.999985039366609
0.9999844575797592
0.9999827857139216
0.9999800466175348
0.9999763599465346
0.9999719016321976
0.9999667830277612
0.9999612596576247
0.99995561528073
0.9999499432333265
0.9999445154210055
0.9999395075690294
0.9999350550276139
0.9999313354962287
0.9999283939988917
0.9999262696992237
0.9999250309183104
0.9999247500551547
0.9999253464610688
0.999926885926268
0.9999292460497274
0.9999324261446771
0.9999362183748723
0.9999405762352809
0.9999453631643641
0.9999503294403004
0.9999553653902014
0.9999603651878751
0.9999650503404153
0.9999692706098093
0.9999728213019167
0.9999755825977663
0.9999774543551593
0.9999782896101225
0.9999780799028831
0.9999767982453655
0.9999744925385898
0.9999713118184141
0.9999673129570678
0.9999626418909945
0.9999575411854266
0.99995220828813
0.9999468055403531
0.9999415909791849
0.9999367401736798
0.9999323795084584
0.9999286184065991
0.999925573821503
0.9999232560679292
0.9999218124564708
0.9999212402532183
0.9999215805343785
0.9999228098271219
0.9999248710223101
0.9999276235157977
0.9999310125954589
0.9999349333595655
0.9999392323027747
0.9999438731934854
0.9999486290740065
0.9999533378362515
0.9999578036359212
0.9999618555234293
0.9999653955868419
0.9999682597314774
0.99997033446054
0.9999714970292262
0.9999716794944893
0.9999708361677376
0.9999690614969582
0.9999664010146092
0.9999628707471522
0.9999587452323891
0.9999541591129091
0.9999492531383866
0.9999442143322422
0.9999392285800255
0.9999345136114263
0.9999301301140546
0.9999262629588749
0.9999230576362339
0.9999205493023217
0.9999188431167509
0.9999179510529366
0.9999179485002836
0.9999187410430119
0.999920334795887
0.9999226742651576
0.9999256553691758
0.9999291728890418
0.9999331659143285
0.9999375592528391
0.9999420803161492
0.9999465959241874
0.9999508776713892
0.9999548336773945
0.9999583276039017
0.999961138102828
0.9999632017546571
0.9999643778261595
0.999964655507419
0.9999640203549657
0.9999625139599988
0.9999601513025789
0.9999570734550971
0.99995340829517
0.9999492696757188
0.9999448085387905
0.9999402520306387
0.9999356889226255
0.9999312811798688
0.9999271915354092
0.9999235152076503
0.9999203694485901
0.9999178214588585
0.9999160196923984
0.999914929980159
0.9999146365178613
0.9999151391460487
0.9999163786536818
0.9999183549378308
0.9999210153256419
0.9999242244336445
0.9999277859849081
0.9999317006393504
0.9999357730461117
0.999939874861834
0.9999438750181966
0.9999476153693
0.9999509364318839
0.9999537013828375
0.9999557461922929
0.99995700210814
0.999957510696635
0.999957185122216
0.9999559870361104
0.9999539866938103
0.9999512634898765
0.9999479251735343
0.9999441017096972
0.9999399490547457
0.9999355804232617
0.999931183023
0.9999269485887866
0.99992297458433
0.9999194706106331
0.9999164608543757
0.999914124255287
0.9999124348312303
0.9999115175103709
0.9999112741467902
0.9999118229286984
0.9999129989297112
0.9999147979976878
0.9999171320691802
0.9999199824414735
0.9999232209562623
0.9999266926139004
0.9999303225939057
0.9999339459372216
0.9999375653141926
0.9999408955088691
0.999943971461908
0.999946609262167
0.9999487082421934
0.9999501790733316
0.9999509210513954
0.9999509436898111
0.9999502323063524
0.9999487698286401
0.9999466280991679
0.9999438712878231
0.9999405705891494
0.9999369016456231
0.999932943006637
0.999928824829721
0.9999247076219879
0.9999207096611318
0.9999170814525089
0.9999138206614654
0.999911149217294
0.9999090391846744
0.9999076360583516
0.999907006029634
0.9999070919618307
0.9999079171100146
0.9999094552738172
0.9999116049716357
0.9999142545188935
0.9999173756722022
0.9999207878754599
0.9999243586116172
0.9999280149682284
0.9999315543073463
0.9999349429698596
0.9999379436380096
0.9999405552026138
0.9999426932761204
0.9999442920559863
0.9999451762441354
0.9999454485385315
0.9999449646447501
0.9999437970213233
0.9999419859483836
0.9999395238592514
0.9999365718379446
0.9999331120113407
0.9999293290968132
0.9999253566964651
0.9999212857915165
0.9999173570758593
0.9999137086835269
0.9999103627728105
0.9999075160520816
0.9999051620584678
0.9999035005959267
0.9999025298882981
0.9999022520677822
0.999902740404037
0.9999038731791199
0.9999056620659007
0.9999080070722234
0.9999107862273745
0.9999138891229316
0.9999172363137625
0.999920604852235
0.9999240044160298
0.9999272086119523
0.9999301827190393
0.99993281306481
0.9999349811869084
0.999936575946562
0.999937639054484
0.9999381066637666
0.9999379436440813
0.9999371260626884
0.999935604622189
0.9999335201182673
0.999930877644072
0.9999277611878442
0.9999243205330078
0.9999206392099936
0.9999169624518717
0.9999132963722872
0.9999098155681638
0.9999066706966029
0.999903875110891
0.9999016052121049
0.999899931479447
0.9998988838491747
0.9998984355932862
0.9998986364895678
0.9998994613842856
0.9999007961752776
0.9999027151324011
0.9999050225207947
0.9999076780666544
0.9999106058385182
0.9999136769848679
0.9999168143482007
0.9999198273986336
0.9999227216651415
0.9999252642485844
0.9999274344553573
0.9999290851221146
0.9999302152957196
0.9999307617409717
0.9999306352897238
0.9999298914266445
0.9999286114976773
0.999926760898116
0.9999244400488532
0.999921646129753
0.9999186230139722
0.9999153725863091
0.9999120265813697
0.99990861815331
0.9999054308400447
0.9999024897481033
0.9998998754881059
0.9998976765030225
0.9998959385196458
0.9998947315116368
0.9998942195551257
0.999894286631239
0.9998948936849344
0.9998960382360841
0.9998976564868954
0.9998997564419122
0.9999021596627982
0.9999048027525254
0.9999074724600363
0.9999102471299401
0.999913008678744
0.9999156775540375
0.9999180671207897
0.9999201308437077
0.9999218175577798
0.9999231108788591
0.9999238127030871
0.9999239901666659
0.9999236052808337
0.9999226157840159
0.999921103536004
0.9999191511086082
0.9999165856723284
0.99991370909515
0.9999106025490794
0.9999072848426807
0.9999039607572172
0.9999007858537731
0.9998977740604841
0.9998950356425229
0.9998927682275246
0.999890938637081
0.9998896859441886
0.9998889755258882
0.9998889090637681
0.9998892644262122
0.9998902512452695
0.9998916562222734
0.9998934896230846
0.9998956417025078
0.9998980530430881
0.9999006357644283
0.9999032616185463
0.999905831913359
0.9999082583031906
0.9999105001432655
0.9999125342664018
0.9999141858520763
0.9999154030491016
0.9999161951311588
0.9999164885370594
0.9999163410703475
0.9999156500948634
0.9999144252377123
0.9999126376034847
0.9999104119746017
0.9999078389699291
0.9999049703905728
0.9999018990374797
0.9998987523870957
0.9998955162570704
0.9998924758264932
0.9998896830310555
0.9998872855322875
0.9998853289280348
0.9998839389249208
0.999883181942194
0.9998831612835316
0.9998836984350892
0.9998847665266735
0.9998863345650577
0.9998882255867799
0.9998904705060346
0.9998929037648515
0.999895388660786
0.9998977807667957
0.9999001425789946
0.9999023923468556
0.9999044106960069
0.9999061375847473
0.9999075624716762
0.9999087156131363
0.999909478784703
0.9999097763264219
0.9999096796805779
0.9999090953166838
0.9999080170408372
0.9999064403112717
0.9999043161923398
0.9999018380517535
0.9998989964358892
0.9998959324029753
0.9998927769317287
0.9998897227676773
0.9998867657789658
0.9998840857879251
0.9998818548828576
0.9998800062887508
0.9998787550530829
0.9998780546709861
0.9998780624440448
0.9998786889360268
0.9998797715913555
0.9998813470811461
0.9998832930507198
0.9998854806272854
0.9998877258046256
0.9998901047557225
0.9998923491560204
0.9998946211530391
0.9998965958860363
0.9998985214011354
0.9999002450925122
0.999901740513006
0.9999029265776533
0.9999038484580268
0.9999044705600638
0.999904700563996
0.9999044867141632
0.9999038250919631
0.9999027574608718
0.9999012038022373
0.9998992105436126
0.9998967651514932
0.9998940168164681
0.9998910191926896
0.9998878874934564
0.9998849104527938
0.9998820477485659
0.9998794532671541
0.9998772716248655
0.9998756405178197
0.9998746113954103
0.9998742286538896
0.999874439964526
0.9998752150597277
0.9998764724079356
0.9998780897415251
0.9998800297561811
0.9998821043393659
0.9998842268367425
0.9998863195612251
0.9998884580947884
0.9998905148700691
0.9998923677818138
0.9998939664070469
0.9998954055349866
0.999896632773585
0.9998976027097335
0.9998983324489993
0.9998986717395666
0.9998985988405628
0.9998981496908632
0.9998972411631901
0.9998958150040934
0.9998939235429755
0.9998916592572603
0.9998890165240736
0.9998861525507011
0.9998830645133526
0.9998799628142849
0.9998770100318494
0.9998743421444468
0.9998720136214058
0.9998701774104984
0.9998689478630929
0.9998682616584915
0.9998681170284195
0.9998686083894032
0.9998696086066745
0.9998710044732798
0.9998726445833724
0.9998745215573053
0.9998765548015169
0.9998785608726679
0.9998806601861255
0.9998826096958512
0.9998845174208703
0.9998862459284318
0.9998878014152692
0.9998890871506045
0.9998901731352741
0.9998908899017175
0.9998913362743157
0.9998913801232623
0.9998909616877637
0.9998901889251931
0.9998890549048758
0.9998873946786616
0.9998853420570942
0.9998829159369823
0.9998802426738473
0.9998774306046061
0.9998745503097163
0.999871714815709
0.9998691759074899
0.9998668031412602
0.9998648961572434
0.9998635886827394
0.9998628650437357
0.9998626951127357
0.9998630781967356
0.9998640431616108
0.9998654432746346
0.9998671334671849
0.9998690542847236
0.9998710553419794
0.9998730626135311
0.999874929831975
0.9998767056048554
0.9998783454589113
0.9998797752137304
0.9998809360394182
0.9998820081502938
0.999882833252204
0.9998835150595796
0.9998839322353991
