0.9999999268489518
0.9999996075956108
0.9999997722086307
0.9999996032024753
0.99999955070641
0.9999996213241649
0.9999993646687642
0.9999995884824255
0.9999992692394665
0.9999994407584812
0.9999992550873741
0.9999992185317871
0.9999992633587838
0.9999990212794447
0.9999992292007711
0.9999989068563145
0.9999990909046885
0.9999988853218769
0.9999988725812209
0.9999988978806799
0.9999986567371192
0.9999988630495795
0.9999985525282727
0.9999987371094146
0.9999985353774118
0.9999985288709611
0.9999985444281158
0.9999983242230623
0.9999985090986913
0.9999982101860742
0.9999984079112607
0.999998177196532
0.9999981894453881
0.9999981844070235
0.9999979807784418
0.9999981642122068
0.9999978598311802
0.9999980534805788
0.9999978190265525
0.9999978487403987
0.9999978165840208
0.9999976263828001
0.999997787933107
0.9999974868351901
0.9999976880796023
0.999997441867349
0.99999750306617
0.9999974603588943
0.9999972719196298
0.9999974227562687
0.999997134348957
0.9999973373542238
0.9999970909924845
0.9999971504356202
0.9999970950071169
0.999996956265276
0.9999971047922823
0.9999968082310858
0.9999970131815384
0.9999967478028037
0.9999968234779045
0.9999967595657027
0.9999966384369335
0.9999967707023832
0.9999964634885588
0.9999966655535139
0.9999963967024725
0.9999964896430611
0.999996402372485
0.9999962662979324
0.9999963935563941
0.9999961392548209
0.9999963634009602
0.999996092038669
0.9999961859013761
0.9999961004292358
0.9999960037897075
0.9999960877749066
0.9999958312075501
0.999996009926976
0.999995731801236
0.9999958569272966
0.9999957377543882
0.9999956617366889
0.999995760994814
0.9999954972185237
0.9999957104974683
0.9999954040713227
0.9999955253387537
0.99999541194059
0.9999953312990733
0.9999953976990894
0.999995169980827
0.9999953540491491
0.9999950750945783
0.9999952006229468
0.9999950622187714
0.9999950009570875
0.9999950693976282
0.9999948330044268
0.9999950151476158
0.9999947490430678
0.9999948714772144
0.9999947237618134
0.999994689504829
0.9999947291442329
0.9999945402833013
0.999994720993818
0.9999944660010818
0.9999945958740301
0.9999944488095782
0.9999944453617101
0.9999944626915057
0.9999942454304097
0.9999944178636513
0.99999410362079
0.9999942604538792
0.9999940813157725
0.9999940847056402
0.9999941111858622
0.9999939210342077
0.9999940524644568
0.9999937866247838
0.9999939573026535
0.9999937710652339
0.999993770611246
0.999993778428981
0.9999935932919215
0.9999937613604291
0.9999934768844163
0.9999936380031108
0.999993442176007
0.9999934531305524
0.9999934433189039
0.9999932228078678
0.9999933350297198
0.9999930854264809
0.9999932529235322
0.9999930694897964
0.9999930909432516
0.9999930616616186
0.9999928683565764
0.9999929882907972
0.9999927282943434
0.9999928910996866
0.999992672358513
0.9999927057824007
0.9999926683265541
0.9999925150040577
0.9999926197656853
0.9999924151454839
0.9999925502686258
0.999992310866403
0.9999923956904715
0.9999923357091927
0.9999921795596858
0.9999922774311889
0.9999920102980823
0.9999921585993848
0.9999919324375549
0.9999919947313922
0.9999919629373518
0.9999918643271825
0.9999919494872211
0.999991741351376
0.9999918756243579
0.9999916220708822
0.9999916889099452
0.9999916134790408
0.9999915329844643
0.9999916084759641
0.9999913728635587
0.9999915264982671
0.9999912818680893
0.9999913812649511
0.9999913302141177
0.999991253887702
0.9999913070859777
0.9999911173408568
0.9999912235766679
0.99999099764784
0.9999910763705707
0.9999909678355232
0.9999908955095439
0.9999909455250003
0.9999907576826637
0.99999090126169
0.9999906834095791
0.999990775258449
0.9999906602857299
0.9999905914013759
0.9999906400947037
0.9999904288982319
0.9999905500661966
0.9999903369816558
0.9999904282120751
0.9999902648020643
0.9999902267101946
0.9999902757604324
0.9999900579236889
0.9999901878346105
0.9999899125499377
0.9999900124957398
0.9999898286438247
0.9999897861303468
0.999989762755917
0.9999895050747768
0.9999896237299851
0.9999894063643948
0.9999895032396962
0.9999893541518926
0.9999892976666422
0.9999893028636908
0.9999891523959543
0.999989267313919
0.9999890187423466
0.9999891148247099
0.999988950727218
0.9999889118532974
0.9999889300341835
0.9999887250846738
0.999988864343462
0.9999886300623524
0.9999887278202909
0.9999885305498107
0.9999885168565031
0.9999885364424904
0.9999883992415263
0.9999884997927193
0.9999882421361885
0.9999883377356367
0.9999881488066779
0.9999881468829369
0.9999881290541333
0.9999879856763567
0.9999880887708008
0.9999878247842524
0.9999879615974031
0.9999878154152811
0.9999878354007565
0.9999877889006191
0.9999876621441095
0.9999878268107552
0.999987553601943
0.9999876492155584
0.999987452504893
0.9999875244756747
0.9999874771731182
0.9999873797566384
0.9999874675585882
0.9999872574342509
0.9999873612706992
0.9999871688269791
0.9999872243187423
0.9999871754388547
0.999987091496495
0.9999872046671343
0.9999869678195402
0.9999870815085814
0.999986895925454
0.9999869244110755
0.9999868609755239
0.9999867674981886
0.9999868718591166
0.9999866556657264
0.9999868187333144
0.9999866355794462
0.9999867098655907
0.9999866185863993
0.9999865056816848
0.999986549864762
0.999986358431189
0.9999865125685925
0.9999863358971309
0.9999863865747475
0.9999863543193532
0.9999862611515576
0.9999862806832027
0.9999860111236218
0.9999861273495573
0.9999859233659852
0.9999859127285201
0.9999858261715793
0.9999857275547398
0.9999857913596399
0.999985614279182
0.999985774440496
0.9999855521187939
0.9999855570309282
0.9999854587235774
0.9999853293539422
0.9999853603264853
0.999985177683084
0.9999853168411728
0.9999850991477067
0.9999851619595269
0.9999850361903634
0.999984999705499
0.9999850588937363
0.9999848936360327
0.999984990914875
0.9999847709697289
0.9999848624287863
0.999984788160341
0.9999847382697648
0.9999847442361252
0.9999846234926322
0.9999847484783216
0.999984594542815
0.9999846667608211
0.999984547310338
0.9999845379678414
0.9999846022395814
0.999984444504998
0.9999845372871704
0.9999843160377077
0.9999843849458779
0.9999842131323511
0.9999842288552551
0.9999842139891851
0.9999840544701792
0.9999841647847896
0.9999839648851141
0.9999840886937664
0.9999839725389136
0.9999839593901662
0.9999840053102627
0.9999838589119934
0.9999839956780696
0.9999837639765317
0.9999838896356251
0.9999837163473481
0.9999837556893335
0.999983778446989
0.9999836058673978
0.99998370620777
0.9999834926151678
0.9999836071645763
0.9999835004483785
0.9999834719020297
0.9999834080512666
0.9999832756106789
0.9999833457139451
0.9999831263653172
0.9999831976394205
0.9999830848059893
0.9999830625751875
0.9999829718339646
0.9999828976648615
0.9999829632277097
0.999982769684764
0.9999828416915252
0.9999826516007447
0.9999827100971077
0.999982688512246
0.999982544257246
0.9999826010615029
0.9999823896862763
0.9999824548886442
0.9999822227492804
0.9999822018237141
0.9999821273050425
0.9999820491159894
0.9999821435857441
0.9999819370283681
0.9999820576837556
0.9999819098814055
0.9999819003233289
0.9999818452540542
0.9999817105893388
0.9999817821676641
0.9999815869043377
0.9999816483235459
0.9999814986936928
0.9999815385444525
0.9999814551038191
0.9999814218180781
0.9999814299834062
0.9999812260670233
0.999981254680964
0.9999810778739948
0.9999811045082349
0.9999810190663628
0.9999809430511454
0.9999809995160093
0.9999808288907839
0.9999808425464636
0.9999806743303771
0.9999807299536118
0.9999805979215269
0.9999805025121971
0.9999805384754478
0.9999804060089814
0.999980445631416
0.9999802652951835
0.9999803110528847
0.9999802297076167
0.9999801809559151
0.9999801443868481
0.9999799493891981
0.9999800560943405
0.9999798610525411
0.9999799064540092
0.9999798390608193
0.9999797906414816
0.99997976941661
0.9999796191565626
0.9999796625144316
0.9999794763778707
0.9999795232797641
0.9999794321740291
0.9999793600685517
0.9999792998995021
0.9999791240611753
0.999979235423334
0.9999790251643194
0.9999790538217881
0.9999789804393345
0.9999789595810055
0.9999789683836869
0.9999788293243606
0.9999788563351198
0.9999786584911033
0.9999786877940449
0.9999785236091725
0.9999784900233681
0.9999784999568186
0.9999783847456931
0.9999784162627785
0.9999782024297434
0.9999782239139838
0.9999780827868275
0.9999780426443592
0.9999780179708468
0.9999779213805847
0.9999780408282952
0.999977888822756
0.9999779281725194
0.9999778729927851
0.9999778651504004
0.9999778204155323
0.9999776841929897
0.999977750819601
0.9999776433074733
0.9999777131221952
0.9999775852533395
0.9999775912173187
0.999977597765562
0.9999775413779701
0.9999776383049083
0.9999774792924508
0.9999775848982254
0.9999774439795158
0.9999773712180762
0.999977325829062
0.9999772254702438
0.9999772656807427
0.9999771237365854
0.9999771412239633
0.9999769691489044
0.999976956986001
0.9999769361875936
0.9999768778680533
0.9999769571960202
0.9999768244710582
0.9999769002269091
0.9999766993240812
0.9999766494179688
0.9999765887902787
0.9999764965872342
0.999976556968076
0.9999764780468912
0.9999766113610775
0.9999765259231544
0.9999764981469568
0.9999764451826885
0.9999763457622362
0.9999763336715386
0.9999762151594007
0.999976263991071
0.9999761248143081
0.9999760882570474
0.9999760396039071
0.9999759170590674
0.9999759811337013
0.9999758063417167
0.9999758142671846
0.999975671785027
0.9999757105680321
0.9999756310614101
0.9999756005772976
0.999975644859361
0.9999754266711329
0.999975494192535
0.9999753150743699
0.9999753351406564
0.9999752482969998
0.9999752129725487
0.9999751979606637
0.9999750508023643
