0.9999999020046006
0.9999995166961773
0.9999996228532899
0.9999997412741125
0.9999993405495966
0.999999614709087
0.9999994942043714
0.9999992524050358
0.99999955572392
0.9999992230051091
0.9999992284279374
0.9999994134414734
0.9999990019970624
0.9999992216941181
0.9999991865606866
0.9999988690538392
0.9999991846601495
0.9999989333392879
0.9999988488555046
0.9999991010082744
0.9999987064306108
0.9999988604827635
0.9999989172615564
0.9999985418997314
0.9999988366501318
0.9999986648452756
0.9999984926385859
0.9999987757006438
0.9999984040524027
0.9999984707947974
0.9999986083427528
0.9999982208482359
0.9999984646561457
0.9999983791622358
0.9999981139621226
0.9999984160351187
0.9999981223026955
0.99999809180627
0.999998281386227
0.999997878929448
0.9999980773903824
0.9999980873006921
0.9999977550695096
0.9999980547028323
0.9999978285917456
0.9999977033375035
0.9999979627607082
0.9999975956275372
0.9999977047752512
0.9999977862763295
0.9999974196837603
0.99999770507992
0.9999975495406642
0.9999973287784952
0.9999976025717221
0.9999972654147297
0.9999973044761712
0.9999974474774448
0.9999970704699774
0.9999972954093835
0.999997235985356
0.9999969693669268
0.99999727678636
0.9999969913878642
0.9999969410857117
0.9999971481411212
0.9999967608076753
0.9999969201609749
0.9999969208911516
0.9999965910511225
0.9999968587778872
0.9999966757274107
0.9999965415113146
0.9999968076470356
0.9999964548184086
0.9999965568453035
0.9999966396131227
0.9999962905121152
0.9999965469405107
0.9999964402932423
0.9999962285957271
0.999996521510005
0.9999962019569635
0.9999962083683684
0.9999963921342613
0.9999960213409465
0.9999962504509667
0.9999962048010528
0.9999959091392552
0.9999961957423423
0.9999959584890158
0.9999958852202567
0.9999960929742546
0.99999574597091
0.9999958859175481
0.9999959190306987
0.9999955941416001
0.9999958598844633
0.9999956862941961
0.9999955298170822
0.9999957799903154
0.9999954641278052
0.999995554641346
0.9999956522444552
0.9999952941480281
0.9999955105282379
0.999995414319477
0.9999951955206812
0.9999954914679952
0.9999951971787184
0.9999951963201466
0.9999953541663745
0.9999949963339785
0.999995166864458
0.9999951502726345
0.9999948558208653
0.9999951405204298
0.9999949363572254
0.9999948395462468
0.9999950633209593
0.9999947027125934
0.9999947968782302
0.9999948633398368
0.99999455073152
0.9999947941301315
0.9999946016611191
0.9999944547619505
0.9999946861285773
0.9999943703833944
0.9999943981654515
0.9999945069598157
0.999994187456387
0.9999943753530245
0.9999943278387712
0.9999940753100601
0.9999943203177138
0.9999940473467316
0.9999939986977081
0.9999942070850144
0.9999938830379996
0.9999940025709152
0.9999939988487756
0.999993699684617
0.9999939708557923
0.9999937595557677
0.9999936275014417
0.999993846301635
0.9999935188262857
0.9999935963084988
0.999993678772697
0.9999933734977928
0.9999936069728884
0.9999934812203655
0.9999932884227144
0.9999935371125988
0.9999932646189917
0.9999933416664282
0.9999934773773935
0.9999931494452594
0.9999933412919686
0.9999932889008827
0.9999930675751192
0.9999933022069085
0.9999930689676548
0.9999930133183567
0.9999931774724546
0.9999928175439483
0.9999929887637474
0.9999930126623884
0.9999927415993402
0.9999929613570995
0.9999928095987878
0.9999926975730161
0.9999929326934184
0.9999926057197198
0.9999926789273954
0.999992741554444
0.9999924226028517
0.9999926195052666
0.9999925075940561
0.9999922941209708
0.9999924990835399
0.9999922154413097
0.9999922125139106
0.9999923233574454
0.9999919993269561
0.9999921715655645
0.9999921441902497
0.9999918976755146
0.9999921016936583
0.9999918801999755
0.9999917958813558
0.9999920080796751
0.9999917049325956
0.9999917795804815
0.9999918124046288
0.9999915348720081
0.9999917848066343
0.9999916136854997
0.9999914970666738
0.9999916918920784
0.9999914213592604
0.9999914942304143
0.9999916070491102
0.999991278968
0.9999914610921272
0.999991354760733
0.9999911539099999
0.9999913770605348
0.9999911350203229
0.9999910960952253
0.9999912152856512
0.9999908743987195
0.9999909977181188
0.9999910009672016
0.9999907533487425
0.9999909636567526
0.9999907808621343
0.9999906749997302
0.9999908888340566
0.9999905991803815
0.9999906653426929
0.9999907104948653
0.9999904210846142
0.9999906191287002
0.9999904960323732
0.9999903318524759
0.9999905313757245
0.9999902443972154
0.9999902549301164
0.9999903478945191
0.9999900244168899
0.9999901715267008
0.9999901292472783
0.9999899040068623
0.9999900879179368
0.9999898542320015
0.9999897979333974
0.999989927922714
0.9999896001622037
0.9999897095524072
0.9999897017407575
0.9999894428936722
0.9999896498813772
0.9999894832043663
0.9999893918209475
0.9999895575929686
0.9999892656774425
0.9999893802280925
0.9999894323273667
0.9999891569398605
0.9999893135916467
0.9999891735847324
0.9999890535146214
0.9999892766489324
0.9999890228150583
0.9999890339668053
0.9999891620833675
0.9999888395397859
0.9999890324804914
0.9999889891006877
0.9999887929672417
0.9999889734712244
0.9999887736820566
0.9999887003404356
0.999988853894926
0.9999885602098375
0.999988667494447
0.9999886487503763
0.9999883563377331
0.9999885576732372
0.9999884316085927
0.9999882892690678
0.999988462736399
0.9999881575507376
0.9999882095887788
0.9999882715322336
0.9999879839707471
0.9999881622108456
0.999988090042001
0.9999879040908944
0.9999880938678384
0.9999878318853292
0.9999877911336443
0.9999878918996987
0.9999875811341039
0.9999877382220057
0.9999877311273924
0.9999874954099002
0.9999876919029614
0.9999875223516103
0.9999874503481534
0.9999876170716809
0.9999873004835006
0.9999873961267008
0.9999874561837837
0.9999871520179295
0.9999873050306796
0.9999871637393154
0.9999869687353015
0.9999871673953171
0.9999869288713947
0.9999869881347141
0.9999870607798031
0.9999867710885775
0.9999869683594474
0.9999868755661199
0.9999866605436485
0.9999868487595622
0.9999866603960434
0.9999866396572444
0.9999867603329977
0.9999864990340309
0.9999866396848396
0.9999866907208131
0.9999864643516749
0.9999866433686628
0.9999865197758405
0.9999864522935464
0.9999865994633276
0.9999863741741387
0.9999864360978553
0.9999864897867526
0.999986235696674
0.9999863894738872
0.999986284331032
0.9999861135555322
0.9999862723882718
0.9999860257500491
0.9999860550209922
0.9999861366340925
0.9999858569324684
0.9999860144642939
0.999985932583372
0.9999857246561096
0.9999858940108758
0.9999857204567364
0.999985665698389
0.999985799859991
0.9999855492863766
0.9999856668176236
0.9999856505923874
0.9999854183480549
0.9999856026366305
0.9999854869770385
0.9999853906324878
0.9999855425811869
0.9999852970862002
0.9999853569692397
0.9999853840032186
0.9999851038914588
0.9999852384160876
0.9999851652992869
0.9999850130980995
0.9999851538498566
0.9999849572424218
0.9999849493180977
0.9999850349123988
0.9999847861657042
0.9999849164949
0.9999848783961682
0.9999846277316808
0.9999847929874873
0.9999846308088519
0.9999845923858343
0.9999846901463553
0.9999844114546522
0.9999845172701716
0.9999845655001285
0.9999843402173553
0.999984487570342
0.9999843607882767
0.9999842408340577
0.999984396695608
0.9999841709764613
0.999984197574306
0.9999842160250668
0.9999839756025034
0.999984126474303
0.9999840079117323
0.999983799361318
0.9999839760501853
0.9999837843361101
0.9999837758812943
0.9999838679198443
0.9999835717629303
0.99998365565372
0.9999836361542721
0.9999834168269711
0.9999835604942338
0.9999833672351465
0.9999833134323113
0.9999834350512081
0.999983197523978
0.9999832505311756
0.999983243579893
0.9999829935849779
0.9999831246824714
0.9999829828631965
0.9999828675868632
0.9999829990785257
0.9999827794111843
0.9999828036419891
0.9999828470226663
0.9999825881460397
0.9999827174648386
0.9999826559436131
0.9999824395822999
0.9999825948873343
0.9999823707435344
0.9999823390559267
0.9999824513067204
0.9999821921837596
0.9999822857429321
0.9999822777777937
0.9999820886150337
0.9999822637831561
0.9999821628121153
0.9999820590649061
0.999982195712326
0.9999819827871486
0.9999820394129465
0.9999820535411919
0.9999818013507041
0.9999819267807416
0.9999817672749192
0.9999816075930755
0.999981778708955
0.9999815946460292
0.9999815778471325
0.999981654777383
0.9999814411538287
0.9999815711734407
0.9999815062260929
0.999981308984759
0.9999814851478953
0.9999812618726753
0.9999811951103189
0.9999812616686982
0.9999809784056412
0.9999810950937877
0.9999810620950581
0.9999808729542354
0.9999810390013318
0.9999809429213508
0.9999808424727759
0.9999809991762834
0.9999807870442432
0.9999808365974892
0.999980861402996
0.9999805668831888
0.999980698108952
0.9999805826152154
0.9999804598973583
0.9999806160251616
0.9999804158314323
0.9999803457181596
0.9999804359900947
0.9999801987386059
0.9999803346781098
0.9999803072070826
0.9999801204757648
0.9999803068589498
0.999980099361437
0.9999800504335161
0.9999801450040909
0.9999798969262879
0.9999800036319291
0.9999800050520586
0.9999797875763227
0.9999799152223663
0.9999797661388927
0.9999796042868608
0.9999797067276553
0.9999794759289843
0.9999794907943007
0.999979472621544
0.9999792448556174
0.9999793997812446
0.9999793253919026
0.9999792134060312
0.999979308863513
0.9999791241939997
0.9999791132128834
0.9999792092006176
0.9999789094178261
0.9999789943709059
0.9999789529581209
0.9999787212802962
0.9999788211273976
0.9999786860857887
0.9999786182336206
0.9999787619271521
0.9999785212835784
0.9999785590498255
0.9999785661979248
0.9999783602195187
0.9999784746854592
0.999978407351994
0.9999782725801396
