0.9999998983713506
0.9999992520862745
0.9999990647969732
0.9999989302033326
0.999998246207895
0.9999982804461062
0.9999978963930959
0.9999974023053589
0.9999974419332459
0.9999968010993919
0.9999965274393285
0.9999964977217645
0.9999958365282522
0.9999958603731613
0.9999955873548915
0.9999950669323552
0.9999951063197285
0.9999945674733798
0.9999942351440732
0.9999942999526343
0.9999936737961957
0.9999935297563975
0.999993288009363
0.999992609315735
0.9999926778250541
0.9999923498159211
0.999991868003255
0.9999918989012415
0.9999913320009255
0.9999911977883396
0.9999910228538996
0.9999903618975641
0.9999903043582029
0.9999899422295345
0.999989383075461
0.9999893785679377
0.9999888532696337
0.9999885367720193
0.9999884019737142
0.9999877188629164
0.9999875897824989
0.9999872559619897
0.9999866610209442
0.9999867371889906
0.9999861641638299
0.9999857439136948
0.9999857602269785
0.9999852239909903
0.9999850849106139
0.9999849238530414
0.9999843225256958
0.9999843768226999
0.9999839000493701
0.9999834168104057
0.9999835431586939
0.9999828337711212
0.9999826671598656
0.999982585978997
0.9999818834945597
0.9999818359232525
0.9999815469286806
0.9999809415953678
0.9999809467310139
0.9999802821805721
0.9999800352787237
0.9999799436343826
0.9999792193977256
0.9999790757216188
0.999978776803405
0.9999782751271429
0.999978277017556
0.9999778190188436
0.9999772820377865
0.9999773263718003
0.9999769215275135
0.999976692210154
0.9999765378942447
0.9999757149649375
0.9999757522714247
0.9999754645111658
0.9999749228935648
0.9999748013762056
0.9999742772205488
0.9999739231176681
0.9999739245599047
0.9999731603536647
0.9999732004482245
0.9999729014375905
0.9999725087963226
0.999972506157301
0.9999719954267654
0.9999717961532052
0.9999716397331537
0.9999710630570765
0.9999706675521028
0.9999703353530175
0.9999697048566514
0.9999696866154646
0.9999692200576759
0.9999688340078369
0.9999688643056508
0.9999681038187941
0.9999679369404364
0.9999678454186003
0.9999672624614955
0.9999670577030184
0.9999666349529979
0.9999661384047608
0.9999663087030454
0.9999656604347887
0.9999654337059971
0.9999653641236352
0.9999647722608999
0.999964644646691
0.9999643396632294
0.9999637228369512
0.9999637874623726
0.9999633381133731
0.999962871780423
0.9999625163296418
0.9999620424044084
0.9999618332578505
0.9999615364107618
0.9999609705056481
0.9999609318110976
0.9999605456286763
0.9999599479478056
0.9999599288760469
0.999959354214281
0.999959049783986
0.9999588990137571
0.9999581977874801
0.9999582290824245
0.999957753173685
0.9999572793309027
0.9999572270159364
0.9999568269439392
0.9999563289335118
0.9999562147032346
0.9999556832474226
0.9999555272522593
0.9999551681668947
0.9999546258710876
0.9999545747331171
0.9999541340383085
0.999953805631578
0.9999538823328107
0.9999532097015179
0.9999531705061911
0.9999529058314619
0.9999524797404186
0.9999522866958499
0.9999517359002551
0.999951178469962
0.9999509144207518
0.9999501418978964
0.9999496730775709
0.9999495804346414
0.9999489394426937
0.9999488027288128
0.9999485474507553
0.9999480773534858
0.9999479608739557
0.9999474716596816
0.999947099188483
0.9999468225441075
0.9999459353104008
0.9999455447104535
0.9999452325274251
0.9999447038834139
0.9999446857003703
0.999944113211613
0.99994387177677
0.9999437411272775
0.9999433757971783
0.999942964170026
0.9999427114823113
0.9999423317474276
0.9999423422332007
0.9999418956975802
0.999941273531231
0.9999413075747055
0.9999408773652129
0.9999406734535286
0.9999405754005314
0.9999401311398823
0.9999397734377952
0.9999395190602693
0.9999389651881362
0.9999388242571271
0.9999384132872369
0.9999382167558124
0.999937923266095
0.999937174353937
0.9999370269585154
0.9999368527374293
0.9999361890424621
0.9999361087562257
0.9999355996142294
0.9999353117155954
0.9999353074203681
0.9999347941857941
0.9999348703137492
0.9999346772199524
0.9999340722957443
0.9999342092931927
0.9999340574109065
0.9999334667845763
0.9999335175025856
0.9999330990772198
0.9999327072192465
0.9999324002775755
0.9999315924342941
0.9999317442401013
0.9999315098414869
0.9999309959958481
0.9999310373724246
0.9999306546433411
0.9999300617582697
0.9999301338552818
0.9999296413457387
0.9999295876323595
0.9999293395301422
0.9999287188569742
0.9999286094350932
0.9999282435688431
0.9999277695180749
0.9999278565033723
0.9999275353079314
0.9999273602892077
0.9999272498334493
0.9999268559733404
0.9999266828107669
0.9999264081688533
0.9999256431244207
0.9999255931980991
0.9999253308829824
0.9999251320331932
0.9999250512408103
0.999924656444863
0.9999242627514955
0.9999240736358237
0.9999236116733662
0.9999235673598112
0.9999230470113685
0.9999226458708963
0.9999227317650019
0.9999220835267123
0.9999217269247362
0.9999214305554024
0.9999207691967571
0.9999206575609779
0.9999201999179967
0.9999199339619246
0.9999196594268762
0.9999191524658527
0.9999188315093966
0.9999188279998111
0.9999181627518521
0.9999180437274536
0.9999175277926484
0.9999171316377986
0.9999172858061454
0.9999167664902692
0.9999162571199899
0.9999161588219908
0.9999156247235199
0.9999153044725005
0.9999150671789183
0.9999145055991476
0.9999146169000689
0.9999140344853631
0.9999135967392755
0.9999137041998829
0.9999131101610523
0.9999129619207804
0.9999123880392227
0.999911821418173
0.9999117533048959
0.9999115004942188
0.9999110875365113
0.9999111995230916
0.9999106338312151
0.9999102909249868
0.9999099450268075
0.9999092751507211
0.9999089414889063
0.99990878698715
0.9999081860564007
0.9999082030213754
0.9999073651911254
0.9999070677605162
0.9999068424448551
0.9999063070736439
0.9999062326056289
0.9999061719065336
0.999905918146619
0.9999058039084109
0.9999053530839108
0.9999049630758877
0.9999047789312698
0.9999043410138415
0.9999043237437032
0.9999040562934981
0.9999031586243067
0.9999030499081615
0.9999025795325693
0.9999022660900239
0.9999022451914102
0.9999016443456326
0.9999007944613018
0.9999005302226879
0.9998998082617213
0.9998995859231457
0.9998991610605222
0.999898463029579
0.9998982595694482
0.9998977503997778
0.9998973087889126
0.9998968772547391
0.9998961813078692
0.9998955007031416
0.9998950072693807
0.9998945194777075
0.9998943766167845
0.9998942259056463
0.9998937367533054
0.9998934494660195
0.9998928246545005
0.9998921856029728
0.9998918866813631
0.9998915439005154
0.9998912708274265
0.9998909651894471
0.9998905453316032
0.9998904423378433
0.9998900780248593
0.9998898669274938
0.9998895055621598
0.9998886172718042
0.999888186981239
0.9998878709085637
0.9998872360087772
0.9998869958045801
0.9998865772591251
0.9998862246022577
0.9998860290210488
0.9998853302924245
0.99988507866941
0.9998851163455416
0.9998847507351026
0.9998848933975288
0.9998844574882892
0.9998840699166619
0.9998838865435952
0.9998833476250055
0.9998834247692013
0.9998831838089409
0.9998824599015053
0.9998822264806618
0.9998817924284094
0.9998815090232047
0.9998817020939336
0.9998812789378237
0.9998811074194559
0.9998810290707781
0.9998801579694728
0.9998798153789127
0.9998792948157391
0.9998787950174617
0.999878410047051
0.9998780145360897
0.9998775366434326
0.9998773977756948
0.9998766324572572
0.9998763933923145
0.9998759055173293
0.9998757060719993
0.9998755799719572
0.9998751132770463
0.9998748140620364
0.9998748143244377
0.9998741418141983
0.9998740297548909
0.9998738537502125
0.9998735504392932
0.9998731070894245
0.9998731352068955
0.9998727123908739
0.9998728076083889
0.9998724821796002
0.9998720599303179
0.9998718520085119
0.9998713272053772
0.9998708676456594
0.9998707459786448
0.999870430113212
0.9998705503728033
0.9998697542477987
0.9998692496752685
0.9998688809212664
0.9998685603763625
0.9998680153744732
0.9998676585569615
0.999867111138763
0.9998668305915909
0.9998661600328721
0.9998655721676944
0.9998653661774161
0.9998650339569791
0.9998644213662788
0.999864194051401
0.9998639998647469
0.9998637623260125
0.999863523013703
0.9998628613383268
0.9998625877622817
0.9998623711437934
0.9998618954787308
0.9998622726357311
0.9998617824752667
0.999861570735395
0.9998612952792935
0.9998605884218942
0.9998608644105375
0.9998604733648696
0.9998597482750284
0.9998595964458602
0.9998594606571476
0.9998587706223088
0.9998586240781789
0.9998584756929493
0.9998580332949202
0.9998578455229641
0.9998575607477461
0.999857515596131
0.9998569078660864
0.9998565413486427
0.9998562175162726
0.9998555904327497
0.9998551077448988
0.9998551835745911
0.9998546026407424
0.9998547028256827
0.9998543162292801
0.9998542531789704
0.9998540558524499
0.9998537983293533
0.9998538380172339
0.999853761560953
0.9998535244870259
0.9998534415593521
0.9998531021186874
0.9998523621084232
0.9998521453789744
0.9998520639749195
0.9998518594827474
0.999851767139774
0.9998512123230072
0.999850819861853
0.9998504847312313
0.9998501084494796
0.9998499416117526
0.9998495300532068
0.9998494646370574
0.9998494001627714
0.9998488941205536
0.999849143220974
0.9998492162177579
0.9998490088500741
0.9998487014463935
0.9998483956231974
0.9998480676163444
0.9998479616394625
0.9998473870017811
0.9998475960784471
0.9998476621251167
0.999847317084264
0.9998471912105849
0.9998463076714219
0.9998462648927564
0.9998460369678493
0.9998457160295176
0.999845795741417
0.9998455114117979
0.9998450529203434
0.9998449959028721
0.9998452409629085
0.9998449908260719
0.9998447319123936
0.9998445505364192
0.9998443476300979
0.9998438971765354
0.9998435678877529
0.9998434178959137
0.9998430909981336
0.9998425599966757
0.9998426406287718
0.9998419386108618
0.9998415654439069
