0.9999998937486699
0.9999831004526033
0.9999667063300878
0.9999507367814087
0.9999328305546242
0.9999167261154008
0.999900187072206
0.999884245650906
0.9998714641236695
0.9998571494707587
0.9998402374048619
0.9998250677151462
0.9998096333465716
0.9997950483426392
0.9997825824605201
0.9997646710696473
0.9997503941991983
0.9997320633782844
0.9997127674377988
0.9996977099484424
0.9996791105532867
0.9996633872908833
0.9996490811914843
0.9996281015763299
0.999614547533501
0.9995993133932918
0.9995813249441368
0.9995688337636273
0.9995537713777063
0.9995366789183473
0.9995196657833196
0.9994962844996879
0.9994767636048087
0.9994542480943868
0.9994348842520233
0.9994157797966985
0.9994055477756394
0.9993871701051076
0.9993742818750517
0.9993587501372907
0.9993399069183686
0.9993344578409172
0.9993214771995035
0.9993037589598858
0.9992869470520332
0.9992807879740688
0.9992663171617455
0.999250451968023
0.9992341073474933
0.9992178460563951
0.9992036521614129
0.9991861551113252
0.9991741082594248
0.999163716141072
0.9991471076467998
0.9991298818574128
0.9991098889748469
0.9990927038745192
0.9990743599755181
0.9990585332077937
0.9990296373235696
0.9990183128187589
0.9990075262364901
0.9990000279579861
0.9989833985409645
0.9989673746896061
0.9989543713130808
0.9989382284329398
0.9989211054080247
0.9989068265541163
0.998888703174641
0.9988808480013878
0.9988665970705974
0.9988495461555126
0.9988319765355701
0.9988146243962469
0.9987993119123797
0.9987749887693664
0.9987518234756869
0.9987342111939173
0.9987246912605645
0.9987065385471822
0.9986928519624034
0.9986722164781432
0.9986515774505522
0.9986425049331681
0.9986295205409481
0.9986085661886579
0.9985943924272969
0.9985813381556133
0.9985764687600754
0.9985621937231249
0.9985403209861737
0.9985128094239566
0.9984940865638178
0.9984721065472392
0.9984565372237872
0.9984349065571015
0.9984271934528092
0.9984089169366611
0.9983941994953065
0.9983714612754131
0.9983586258460946
0.9983358772299524
0.9983200575101028
0.998300362290816
0.9982749692886712
0.9982509293903434
0.9982286775707276
0.9982180721720374
0.9981955360303164
0.9981812688847322
0.9981677851262777
0.9981380766112855
0.9981140974952777
0.99810031881544
0.9980882209833887
0.9980773099730017
0.9980612287600782
0.9980405900746259
0.9980192127758077
0.9980019295121066
0.9979912024876211
0.9979773545287568
0.9979569415586915
0.9979463243433974
0.9979286973566543
0.9979044781556016
0.997889274199163
0.9978793818291689
0.9978576462593766
0.9978367537085778
0.9978125484892911
0.9977907277922945
0.9977777310639012
0.9977650515563675
0.9977391925182999
0.997728205299884
0.9977214467909328
0.9976938543588904
0.9976704437882075
0.9976552693913928
0.9976369185978078
0.9976256288428786
0.9976034545053669
0.9975869008719174
0.9975694926316127
0.9975411430020672
0.9975319221444925
0.9975090096103879
0.9974961104748075
0.9974851230380599
0.9974769056560236
0.9974585010018864
0.9974378956468273
0.9974251419182698
0.997417362984934
0.9974007251121958
0.9973861646898973
0.9973694655180835
0.9973587683571019
0.9973506706572522
0.9973290164372954
0.9973156773343411
0.9972982669783004
0.9972809615782828
0.997266173320541
0.9972609821388654
0.9972430328878332
0.9972170981173535
0.9971965989567334
0.9971746773153447
0.9971629330694501
0.9971382361941216
0.9971180222255247
0.9971122771568675
0.9970858788398193
0.9970808341406624
0.9970507354877182
0.997034990236711
0.9970202138530171
0.997006320148348
0.9969999279000924
0.996982184644287
0.9969611807044032
0.9969427841949722
0.9969363988251461
0.9969258123229632
0.9968978416750875
0.996892668873331
0.9968731309142945
0.9968524319691524
0.9968321745363466
0.9968164218299761
0.9968004954221886
0.9967810445953452
0.9967724890299704
0.9967522143967117
0.996730326223034
0.9967027863298463
0.9967026611953987
0.9966783047172799
0.9966513527399211
0.9966404131167685
0.9966164430982982
0.9965859056828822
0.9965742461891892
0.9965575530136742
0.996539278579317
0.996513510989539
0.9964884757098179
0.9964726299178627
0.9964565531159711
0.9964322571966688
0.9964253560037872
0.9964060603664081
0.9963891364228566
0.9963780251943053
0.9963625468620693
0.9963600526040426
0.9963318356702712
0.9963226364527865
0.9963006657193266
0.9962816509597475
0.9962799544712416
0.9962585143814239
0.9962357835179082
0.9962173501000279
0.9962043533967948
0.9961755961282314
0.9961730830028699
0.9961374024064493
0.9961287148420737
0.9961183374629926
0.9961127146888937
0.9961171394908954
0.996124037985458
0.9961161292368059
0.9961090100381074
0.9960849439653192
0.9960584207038798
0.9960398462065062
0.9960196968848725
0.9960112158105058
0.9959877636245087
0.9959678849348228
0.9959494236602144
0.9959400595392771
0.9959247591418343
0.995911910130535
0.995904214888439
0.9958914634412578
0.9958737494077414
0.9958516987678945
0.9958306328952161
0.9958363004683013
0.9958302012733629
0.9958145122271685
0.9958059296082189
0.9957855925200033
0.9957734225768621
0.9957717822831812
0.995756799303555
0.995754961721323
0.995742243617605
0.9957293165513895
0.9957221421017446
0.9957030247241565
0.9956871921464144
0.995668177357576
0.9956423770646178
0.9956338990895008
0.9956309280889343
0.9956166871081557
0.9955923060632773
0.9955893172936918
0.9955696193915291
0.9955556291674542
0.9955435231289458
0.995521503655163
0.9954904151837551
0.99546896807794
0.9954478047340455
0.9954390319564422
0.9954269529472444
0.9954222205022262
0.9953972349355781
0.9953709970022617
0.9953580041336189
0.9953314542541242
0.9953113158925786
0.9953004586407544
0.9952859380859402
0.9952635136628624
0.9952490597179449
0.995231406242227
0.9952002265063381
0.9951780485421046
0.9951549423293129
0.9951415313973293
0.9951106849700645
0.9951085243126626
0.9950892902932749
0.9950713051199765
0.9950414130657927
0.9950124102467627
0.9949903086112227
0.9949933933837118
0.9949905998345718
0.994960317188191
0.9949405208506334
0.9949233525079316
0.9949094211340097
0.9948889896406122
0.9948716534339059
0.9948439097527776
0.9948424139152258
0.9948372153855716
0.9948326186538716
0.9948200363207332
0.9947999721066423
0.9947649973395913
0.994735847441884
0.9947221468957242
0.9947251517340556
0.9947059605560479
0.9946843964245726
0.9946646614357986
0.9946512295867388
0.9946319525040093
0.9946284770007183
0.9946145916569176
0.9945990621310536
0.9945730823266726
0.9945432259114654
0.9945351640481885
0.994525218591301
0.994523524644459
0.9944965519108354
0.9944643414588444
0.9944410189097601
0.9943990634385876
0.9943989078410327
0.9943847380787971
0.9943643481450378
0.9943295215539536
0.9943210335318884
0.9943183736254039
0.9943048049005523
0.9942871372099487
0.994262055381706
0.9942460535976312
0.9942429786655859
0.9942265816582757
0.9942040095307397
0.9941832887657088
0.9941651790893901
0.9941449522267506
0.9941286119360953
0.994133159927283
0.9941238894678698
0.9941088363792827
0.9940805191916541
0.9940654989020729
0.9940513743709647
0.9940194971515609
0.9940084624913409
0.9939879485357971
0.9939761175845249
0.9939432950653665
0.9939424162383486
0.9939323010046388
0.9939007373941022
0.993878497850861
0.9938747127204122
0.9938586211897489
0.9938449123785835
0.9938176845242411
0.9938084478458685
0.9938028944693716
0.9937829711421077
0.9937542757187082
0.9937507563458348
0.993747149473756
0.9937394006578756
0.9937350684787728
0.9937108618901215
0.9937004804874177
0.9936769452075471
0.9936401990245971
0.9936178787141156
0.9935885254135031
0.9935734833801628
0.993542352644631
0.9935231188616209
0.9935052334898739
0.9934950005981057
0.9934732934773945
0.9934697688636749
0.9934492343995859
0.9934245624904938
0.9934015747301548
0.9933905934191427
0.9933765383078338
0.9933532864458975
0.9933444795226704
0.9933321823923322
0.9933241337460699
0.9933144134761608
0.9932957740591906
0.9932905622854586
0.9932715970468108
0.9932732614038472
0.9932611897964609
0.9932373698628858
0.9932129513747953
0.9931900179971582
0.9932026286398382
0.9931713654324471
0.9931366017727606
0.993110704500557
0.9930826861565969
0.9930658962649159
0.9930503119472005
0.9930153881422837
0.9930026510187916
0.992982787438402
0.9929577173227763
0.9929693530976367
0.9929533392249605
0.9929449147657275
0.9929143897608993
0.9929142624920972
0.992913261132902
0.9928984681296855
0.9928748106724121
0.9928577504091353
0.9928347650078877
0.9928052168773615
0.9927751945971396
0.9927538176572962
0.9927271233305557
0.9927108737973912
0.9927117660105915
0.9926849064300202
0.9926585402123264
0.9926415086200335
0.9926125313716128
0.9925881927913874
0.9925610368560998
0.9925442956306506
0.9925211268022925
0.9925276213072861
0.992488025324578
0.9924895676810566
0.9924710158579885
0.9924396897503928
0.9924195922510156
0.9923972157911551
0.9923796252223697
0.9923457346197471
0.9923248619273368
0.9923250860875266
0.9923050827544959
0.9922710856294145
0.9922530573365768
0.9922377912386227
0.9922158967667448
0.9922031961509106
0.9921912605842992
0.9921553529692707
0.9921341355096588
0.9921186914472618
0.9921172700399054
0.9920901047037165
0.9920722732421317
0.9920669108452186
0.9920259546072696
0.9920201233887377
0.9920024026439523
0.9919898616895361
0.9919862831285583
0.9919839733448543
0.9920003455775942
0.9919796999915922
0.991961307125955
0.9919560350177282
0.9919150276197188
0.9919009998367609
0.9918735156590591
0.991854798461617
0.9918327455959586
0.9918087212063011
0.9917712903977144
0.9917649519387669
0.9917507451642816
0.991732210727983
0.9917156571248973
0.9916918541440163
0.9916746520707415
