0.9999995244380572
0.9999987036982488
0.9999974272290904
0.99999665535861
0.9999968739833932
0.9999975642631064
0.9999976663749924
0.9999967699789157
0.999995489239959
0.9999948472464417
0.9999951271324953
0.9999957481974469
0.999995658697015
0.9999946621608227
0.999993444901371
0.9999929218356354
0.9999933097514718
0.9999939070300826
0.9999938072331286
0.9999927269568661
0.9999915283257186
0.999991197517903
0.9999917016129225
0.9999922219188508
0.9999918820237501
0.9999908251106927
0.9999896901059198
0.9999894089692668
0.9999898322252971
0.999990217517284
0.9999898357059213
0.9999886493148925
0.9999875535109235
0.999987344509452
0.9999878438231591
0.9999881309243758
0.9999875572874886
0.9999862678881808
0.9999852466310882
0.9999852083916322
0.9999857815665811
0.9999861008141913
0.999985410773785
0.999984183080733
0.9999833347230138
0.9999833958362601
0.9999839197216546
0.9999840916517622
0.9999832361191355
0.9999820911579171
0.9999813755701947
0.9999813531687375
0.9999817755619329
0.9999819641424138
0.9999811749306011
0.9999799665724113
0.9999792782423818
0.9999794722865081
0.9999800361872159
0.9999800347290554
0.9999792651666605
0.9999782094965827
0.9999776287225939
0.9999778776550328
0.99997839311791
0.999978247000853
0.9999774012693116
0.9999762433719867
0.9999756752893312
0.9999760479381098
0.999976418035507
0.9999762062341264
0.9999751624554917
0.9999740757313086
0.9999737695179394
0.9999741998412491
0.9999745075000613
0.9999741174307992
0.9999730426394482
0.9999719375152781
0.9999716494476839
0.9999721875072777
0.9999725661666515
0.9999718634815647
0.9999708689699436
0.9999698760524881
0.9999698442378929
0.9999704808613419
0.999970892374284
0.9999701510908785
0.9999691663768905
0.999968363430528
0.9999681874219308
0.999968877380272
0.9999690206674521
0.999968448919943
0.9999671614930045
0.9999663700935281
0.9999665398623606
0.9999671553150802
0.9999673440089181
0.9999666736064401
0.9999654242715731
0.9999647956261349
0.9999648633067281
0.9999653788291
0.9999654413898587
0.9999646773199139
0.9999634844702561
0.9999628688012997
0.999963312122784
0.9999639163613585
0.9999639155824561
0.9999630403579535
0.9999619418084232
0.9999613767088104
0.9999615528267999
0.9999620873524352
0.9999618582189198
0.9999610515429017
0.9999600234895748
0.9999596269859077
0.9999598614367312
0.9999602397964067
0.9999600572365542
0.9999591922281253
0.9999583016334515
0.9999581491916916
0.9999585446788775
0.9999589419178383
0.9999584153701546
0.9999575612694789
0.9999568351843547
0.9999566235823409
0.9999569524536402
0.9999571781315646
0.9999564861786505
0.9999554287385074
0.9999544731613121
0.9999542940666416
0.999954592864515
0.9999548861388555
0.9999543104212921
0.9999530642418265
0.999952092500995
0.9999518716894759
0.9999522960033689
0.9999526106852329
0.9999520913791591
0.9999511739427439
0.9999505955665505
0.9999505347012877
0.9999510430668445
0.9999510289438842
0.9999504417304567
0.9999492700289379
0.9999487375661733
0.999948955264239
0.9999493525832142
0.9999493220826512
0.9999484907407811
0.9999474517596807
0.9999471217430402
0.999947421707176
0.9999476098519766
0.999947476903949
0.9999468977854996
0.9999458726712012
0.9999452909007142
0.9999454536524938
0.9999457621128878
0.999945601844397
0.9999447921491377
0.9999438623605563
0.9999433904060366
0.9999436656560643
0.9999439834156383
0.9999434915183953
0.9999424521381753
0.9999414936077341
0.9999411365268209
0.9999414259230937
0.9999418277852014
0.9999414401151537
0.9999403887211351
0.999939494487793
0.9999394214902969
0.9999398146002731
0.9999399767094628
0.9999391593668429
0.9999380926173211
0.9999372281870608
0.9999370442253299
0.9999373772245282
0.9999375418083439
0.9999368939956756
0.9999359067912607
0.9999354316044627
0.9999354948681268
0.9999361750727034
0.9999360987524573
0.9999354061725964
0.9999345638598589
0.9999340897737437
0.999934157428002
0.9999344904373646
0.9999342825905547
0.9999332820002513
0.9999320986207376
0.9999317353632657
0.9999318717476443
0.9999323695069796
0.9999320625635975
0.9999310981773959
0.9999299815343259
0.9999296089611267
0.9999299340922471
0.999930279207994
0.9999300824660609
0.9999289979211611
0.9999280969618434
0.9999278524891886
0.9999280078565346
0.9999282807863508
0.9999278539599645
0.9999267580406778
0.9999257437964764
0.9999258834678464
0.9999259155974292
0.9999263581829446
0.9999259051177402
0.9999247828505865
0.9999239013692477
0.999923738847099
0.9999238926325485
0.9999238789389809
0.99992323876937
0.9999223124132132
0.9999214915207914
0.9999216949823877
0.9999220362589702
0.9999222034238121
0.9999215535961251
0.9999205531415741
0.9999197603530959
0.9999195749428219
0.9999198347976226
0.9999198292539623
0.9999192113441525
0.9999185832563093
0.9999177751817897
0.9999177405431885
0.9999182687242586
0.9999180315326908
0.9999171816098957
0.9999160584794258
0.9999154873352831
0.9999155967224604
0.9999160081579879
0.9999155834437367
0.9999149199053312
0.9999137200666535
0.9999129993257292
0.9999131440965003
0.999913381298548
0.9999132193755146
0.9999126559295617
0.9999121479911074
0.9999116588680017
0.9999118070900812
0.9999120481847122
0.9999119907414789
0.9999110591184612
0.9999103842336892
0.9999097686827121
0.9999100593840934
0.9999098844583709
0.999909680709695
0.9999087378413503
0.9999079313850446
0.999907548617774
0.9999076448818376
0.9999082820223466
0.9999079069882922
0.9999068960973662
0.9999056607770659
0.9999055356206235
0.9999058866234967
0.9999059946111615
0.9999053524793885
0.9999044807775155
0.9999037747508991
0.9999039212771803
0.999904458242813
0.9999045055964023
0.9999037062021087
0.9999027430670548
0.9999019600219439
0.9999016707703801
0.9999018566887452
0.9999018495204243
0.9999011224515136
0.9999000515093197
0.9998996374055386
0.9998996145009781
0.9998997937278811
0.9998995443926645
0.9998989543553427
0.9998980819077664
0.999897627603081
0.9998975930338461
0.9998979518680977
0.9998977846473076
0.9998971961437396
0.9998961335499557
0.9998956630826237
0.9998963290782532
0.9998965623338467
0.999896538415889
0.9998956970268663
0.9998950140278011
0.9998944329832514
0.9998944442373221
0.9998945666680569
0.9998941228457287
0.9998937265379798
0.9998927608231667
0.9998925713461513
0.9998931656359196
0.9998932153602843
0.9998930820556698
0.9998922076586854
0.9998917303332328
0.9998912663708369
0.9998914882422786
0.9998912184159833
0.9998909663467528
0.9998902185855212
0.9998891232313123
0.9998891109482843
0.9998895594344055
0.9998896103442242
0.9998892321196647
0.9998881969628872
0.9998876622489331
0.9998874649689845
0.9998877334303238
0.9998877361972461
0.9998874157350554
0.9998869453510973
0.9998863178631656
0.9998864040845562
0.999886713847724
0.9998867464855825
0.9998862304822119
0.9998851667380637
0.9998841639245941
0.9998844180470107
0.9998845305381973
0.9998844036056653
0.9998835288353799
0.9998828050561045
0.9998821673172595
0.9998821524023006
0.9998823610690896
0.9998824706068588
0.9998816454494556
0.9998810636571833
0.9998804100219214
0.9998800973109285
0.999880351087104
0.9998803857987181
0.9998798842282073
0.9998790547112674
0.9998785800655036
0.9998786435167485
0.9998787044895691
0.999878360320261
0.9998777600209674
0.9998773521155431
0.9998771708830884
0.9998770310475541
0.9998773717597007
0.9998775863310128
0.9998769409995487
0.9998757697556097
0.9998755672940939
0.9998759899575776
0.999875573843777
0.9998751655106953
0.9998744930616784
0.9998737037255295
0.9998736317546218
0.9998736317707785
0.9998735005378343
0.9998729667695607
0.9998720978339277
0.999871563887882
0.9998714258303998
0.9998712954147766
0.9998710554500545
0.9998707322966223
0.9998698259472512
0.999869012774288
0.9998687263440876
0.9998686450605959
0.9998687186536882
0.9998682383674512
0.9998677606515635
0.9998674788280385
0.9998669283083559
0.9998672903620226
0.9998669200821045
0.9998662374157661
0.9998655976247648
0.9998650863965094
0.9998649669075778
0.9998649927069577
0.9998650383511718
0.9998643095498237
0.9998636055653917
0.9998630186092187
0.9998629832561984
0.9998630712110104
0.9998627363037349
0.999862145481538
0.9998616376945798
0.999861109000464
0.9998610589886239
0.9998614288632797
0.9998610596461583
0.9998599551530735
0.9998590457993973
0.9998586832104436
0.9998586892237825
0.9998585821754019
0.99985810650695
0.9998577463052444
0.9998571157116066
0.9998566361205888
0.9998571363470102
0.9998571581163179
0.9998565492104613
0.9998553228127508
0.9998549583969017
0.9998547425656773
0.9998545108984234
0.9998540400272178
0.9998533317108992
0.9998526993732278
0.9998518236562596
0.9998516023943494
0.9998513951691043
0.9998513604237447
0.9998510204162512
0.9998506887744355
0.9998504667665344
0.9998503882293965
0.9998504311505355
0.9998502799202427
0.9998496405949856
0.9998489828082128
0.9998486119799527
0.9998481951157273
0.9998484941305811
0.9998480873185538
0.9998475227575992
0.999846804727684
0.9998461702790615
0.9998461875982724
0.9998463691621532
0.9998463493557627
0.999845925322351
0.9998449440052392
0.999844382819441
0.999844322566247
0.9998441897843976
0.9998437559375065
0.9998431140114925
0.9998423991735811
0.9998421655705038
0.9998424682620629
0.9998423099039676
0.9998420338451433
0.9998416188560769
0.9998410998624826
0.9998407091848651
0.9998405895044016
0.9998410433471943
0.9998408843360744
0.9998398988081743
0.9998392313468119
0.9998390736142834
0.9998389137364562
0.9998387692345415
0.999838524450121
0.9998374971424318
0.9998370342051383
0.9998365493620999
0.9998368036810977
