0.9999999355375333
0.9999996399808729
0.9999998347369621
0.9999995852643239
0.9999997075738437
0.999999561542268
0.999999569751753
0.9999995385346881
0.9999994214469143
0.999999504734142
0.999999281385339
0.9999994531856929
0.999999175237515
0.9999993831397731
0.9999990928115002
0.9999992695342261
0.9999990496413369
0.9999991412847014
0.9999990262987921
0.9999989988222434
0.9999990014720032
0.9999988660981491
0.9999989845751792
0.9999987390272689
0.9999989124109373
0.9999986321271415
0.9999988196017248
0.9999985508881479
0.9999987011352618
0.9999984970599111
0.9999985557765307
0.99999846971544
0.9999984321260637
0.9999984721097425
0.9999983071783317
0.9999984428177573
0.9999981849087256
0.9999983719601548
0.9999980920524563
0.9999982767566415
0.9999980252063314
0.9999981694500542
0.9999979972757849
0.9999980295656786
0.9999979508808101
0.9999978791478803
0.9999979182830542
0.9999977283396901
0.9999978805081904
0.9999976180865617
0.9999977937595231
0.9999975279900377
0.9999976938248227
0.9999974605867576
0.9999975745956664
0.9999974458580241
0.9999974510602335
0.9999974095455206
0.999997309676882
0.9999973887973425
0.9999971908326022
0.9999973518652506
0.999997087820327
0.9999972733285751
0.999996996089449
0.9999971709063232
0.999996971795419
0.999997045010191
0.9999969175309261
0.9999968685044386
0.9999968503591483
0.9999967179474356
0.9999968147332225
0.9999965927443858
0.9999967590739445
0.9999964883577905
0.9999966712195862
0.9999964094854495
0.9999965522350257
0.9999963462723815
0.9999963968364652
0.9999963195409789
0.9999962707379724
0.9999962766119376
0.9999961273850397
0.9999962581450836
0.9999960491131995
0.999996226162966
0.9999959641175358
0.9999961439490975
0.9999958818541854
0.9999959779349422
0.99999581224018
0.9999958356472298
0.9999957776079677
0.9999957187946026
0.9999957631603941
0.9999956039611066
0.9999957344484222
0.9999955016752617
0.9999956872967535
0.9999954204483595
0.9999955799150739
0.9999953500401532
0.9999954449044032
0.9999953101427007
0.9999953041947622
0.9999952561564559
0.9999951453800018
0.9999952309165295
0.9999950393603307
0.9999951580392055
0.9999948908676894
0.999995057814105
0.9999947979432048
0.9999949481552579
0.9999947577513317
0.999994824023841
0.9999947224988637
0.9999946982343897
0.9999946683394704
0.9999945391098403
0.9999946141304928
0.9999943959743345
0.9999945494216481
0.9999942935377152
0.9999944550250981
0.999994204551577
0.9999943240917947
0.9999941279563721
0.9999941880029564
0.9999940968754206
0.9999940445893786
0.9999940531538754
0.9999939029495841
0.9999940073857024
0.9999937994226318
0.9999939592608045
0.9999937146988853
0.9999938701721078
0.9999936302402144
0.9999937591849768
0.9999935843851746
0.9999936075632874
0.9999935369414886
0.9999934514163158
0.9999934820657728
0.9999933320517708
0.9999934346593038
0.9999932111282395
0.9999933305983414
0.9999930842748119
0.9999932456603542
0.9999930167368059
0.9999931122165128
0.9999929813579993
0.9999930035373732
0.9999929512918336
0.9999928578288724
0.9999929080652621
0.9999927241428972
0.9999928871051801
0.9999926298146194
0.999992796179782
0.9999925495687519
0.9999927028844644
0.9999924866993557
0.9999925908825592
0.9999924669155458
0.9999924272796159
0.9999923961769228
0.9999922952866553
0.9999923753245383
0.9999921687718384
0.9999923194200978
0.9999920750607483
0.9999922711833406
0.9999920651745042
0.9999921453726899
0.9999919702968058
0.9999920248597259
0.9999919994785782
0.9999919662401965
0.9999919629315197
0.999991815877406
0.9999919112687249
0.9999917102142383
0.9999918285493594
0.9999916026614749
0.9999917383616344
0.9999915317820873
0.9999916621547992
0.9999915251560635
0.999991558589738
0.9999915230531782
0.9999914556966761
0.9999915496691977
0.99999139210313
0.999991501137536
0.9999912881827339
0.9999914023524242
0.9999911446918845
0.9999912899513332
0.9999911197232857
0.9999911641575097
0.9999910525087246
0.9999910317836086
0.999990989842564
0.9999909184579033
0.9999909886274174
0.9999908196992792
0.9999909456743359
0.9999907143947041
0.9999908704611659
0.9999906624957594
0.9999907925933865
0.9999906335883805
0.9999907194804416
0.999990640598427
0.9999905909248572
0.9999905992646476
0.9999904642800158
0.999990540929842
0.9999903800123516
0.9999904820685347
0.999990250104658
0.9999903942712209
0.9999901695440111
0.9999902566841902
0.9999901085456891
0.9999901480955888
0.9999901219010304
0.9999900934365228
0.9999900966056896
0.9999899792739683
0.999990045763158
0.9999899155641304
0.9999900530685436
0.9999898567877534
0.9999899750628706
0.9999898020586949
0.9999898597181819
0.9999897115926839
0.9999897043227209
0.999989647899295
0.9999895958743378
0.9999896038437038
0.9999894622453684
0.9999895600229542
0.9999893641402546
0.9999894831461479
0.9999892375122463
0.9999893362402812
0.9999891820196283
0.9999892691888774
0.9999891554431898
0.9999891325964506
0.9999891071381395
0.9999890342099813
0.9999890919401998
0.9999889196398397
0.9999889894963387
0.9999888028305663
0.9999888876551648
0.999988708678674
0.9999888079482214
0.999988643794027
0.9999886653445297
0.9999885800194926
0.9999885209788706
0.9999885156751188
0.9999884129635
0.9999884314132814
0.9999882682875104
0.9999883624569652
0.9999881309713122
0.9999882446898118
0.9999880980103956
0.9999881464768796
0.9999880070490106
0.9999880386965112
0.9999879810290465
0.9999879315954527
0.9999879063220946
0.9999877331091724
0.9999878076677752
0.9999876057182465
0.9999877149763616
0.9999875112134269
0.9999876407837097
0.999987425901736
0.9999875249900193
0.9999874016593904
0.9999874108617457
0.9999873640389021
0.9999872715081315
0.9999872956943288
0.9999871662424425
0.9999872252394201
0.9999870593629981
0.9999871775200944
0.9999869592843635
0.9999870549319415
0.9999869410196776
0.9999869961578844
0.9999868861488268
0.9999868712469661
0.9999868371630318
0.9999867573312269
0.999986764657908
0.9999866000864661
0.9999867223681128
0.999986555084197
0.9999866539283072
0.9999864962022219
0.9999866163183984
0.9999864721308334
0.9999865263656318
0.9999864956512783
0.9999864548418943
0.9999864557819206
0.9999863280091503
0.9999864410361757
0.9999862482511257
0.999986344415054
0.9999861246538957
0.9999862108084441
0.9999860278144773
0.9999861149772792
0.9999859975340042
0.9999859890624714
0.9999859397760289
0.9999858694134451
0.999985900624679
0.9999857799325389
0.9999858335326056
0.9999856434468994
0.9999857478965327
0.999985562686899
0.9999856425337833
0.999985499215934
0.9999855559592243
0.9999854134895787
0.9999854110068935
0.9999853392617477
0.9999852661008649
0.9999852620447207
0.9999851545127296
0.9999852052909869
0.9999850003011223
0.9999851051855976
0.9999849168439334
0.9999850548983461
0.9999849064887036
0.9999849754078713
0.999984872704042
0.9999848448299835
0.9999848111354706
0.999984704397024
0.999984779936063
0.9999846329292982
0.9999846853701476
0.9999845090126793
0.999984608609248
0.9999844671382625
0.9999845459570246
0.9999844381672747
0.9999844732451191
0.9999844244756021
0.9999844041507695
0.9999843743609781
0.9999842596668386
0.9999843407500596
0.9999841705239466
0.9999842532558917
0.9999840962629525
0.9999841875421047
0.9999840196514733
0.9999840977458966
0.9999839528124194
0.9999839909208805
0.9999839193511036
0.9999838849733091
0.9999838723534087
0.9999838089976948
0.9999838592000347
0.9999836812245876
0.9999837829225015
0.9999836286820286
0.999983702559641
0.9999835235396901
0.9999835155985856
0.9999833746630301
0.9999833461460246
0.9999833040710867
0.9999831904800152
0.9999831919082313
0.9999830813152283
0.9999831361187698
0.9999829447280192
0.9999830313540756
0.9999828957156803
0.999982942542491
0.9999827969501238
0.9999828658101229
0.9999827480313223
0.999982724513512
0.9999826934680873
0.9999826450856377
0.9999826670153751
0.9999825943238518
0.9999826922404673
0.9999825180599694
0.9999826205578658
0.9999824898900765
0.9999824823656072
0.9999823420354954
0.9999823493911542
0.9999822665963455
0.9999822024972053
0.999982183789814
0.9999821103224411
0.9999821039638807
0.9999819849277167
0.9999820319103145
0.999981901020139
0.9999818931839134
0.9999817443767465
0.9999817946146485
0.9999816607768065
0.9999816534602202
0.9999815608440427
0.9999815110300748
0.9999815078064408
0.9999814014686684
0.9999814553220114
0.9999813272507593
0.9999814138111853
0.9999812466893692
0.9999813597633671
0.9999811898628818
0.9999811948680256
0.9999811316239655
0.9999811590504512
0.9999810991248572
0.9999810135501692
0.9999809993854855
0.9999808884134233
0.999980873542182
0.9999807202616054
0.999980757950828
0.9999806537199496
0.9999807541132969
0.999980585475485
0.9999806061866191
0.9999805330705736
0.9999804972281938
0.9999804578919986
0.9999803657052849
0.9999803734407915
0.9999803068155615
0.9999804241686722
0.9999802563108434
0.9999802817697881
0.9999801247304784
0.9999801424698351
0.999980009890163
0.9999800225988182
0.9999799561429924
0.9999799482722703
0.9999799203865161
0.9999797964799901
0.9999797960855856
0.9999796115542122
0.9999796553805442
0.999979505858469
0.9999795931302913
0.9999794345616313
0.9999794862604046
0.9999794132851236
0.9999793964992238
0.9999793658829012
0.999979294686714
0.9999792887034666
0.9999791627985088
0.9999791955424362
0.9999790650340359
0.9999791140729528
0.9999789138067686
0.9999789319250184
0.9999788461093105
0.9999788898509717
0.9999787500648267
0.9999787301090765
0.9999787224195257
0.9999786913657966
0.999978705274773
0.9999786212088754
0.9999786666025529
0.9999784868624336
