0.999998627566718
0.9999810230602673
0.9999640213666913
0.999946480690666
0.9999314254289683
0.999914160202523
0.9998988324909918
0.9998870424524864
0.9998742891241078
0.9998609288241268
0.9998445117743926
0.9998272882365125
0.9998103666265086
0.999791285477855
0.9997746747913798
0.9997603220596389
0.9997446106813132
0.99972932003907
0.9997167375719004
0.9996985499292917
0.999684882220958
0.999669333425445
0.999653171837038
0.9996364383964715
0.9996188947561013
0.9996062381240686
0.9995938281936115
0.9995791697278099
0.9995622383303592
0.9995521831272335
0.9995350195176
0.9995179460022747
0.99949865062904
0.9994790463680671
0.9994566878083238
0.9994399164230126
0.9994238140314955
0.9994068835453322
0.9993892998225249
0.9993800602496773
0.9993657065711247
0.9993529697040551
0.9993320215622844
0.9993172723367885
0.9992985421862278
0.9992811074705225
0.9992675402114726
0.9992570570895772
0.9992383408203647
0.999226636564692
0.999212655871535
0.9991981906855406
0.9991832382062585
0.9991650670330593
0.9991525515994095
0.9991352496824204
0.9991249003330287
0.9991142903767657
0.9991056126292033
0.9990918242869069
0.999069669576928
0.9990519863086894
0.9990330625445356
0.99901575067176
0.9989972274837198
0.9989788880485897
0.9989614783355926
0.9989415332743601
0.9989283323401452
0.9989078898643102
0.9988869366441542
0.9988694498098347
0.9988587194340129
0.9988342905489016
0.9988227093656408
0.9988036586319984
0.9987837765604096
0.9987682533967323
0.9987565094724223
0.9987408903341917
0.9987248490436076
0.9987094952350657
0.9986943264657212
0.9986755168618905
0.9986563268826644
0.9986340752112902
0.998623862552947
0.9986151977607715
0.9985979906326825
0.9985801905643974
0.9985641943288951
0.9985469192114004
0.9985246414079988
0.9985009333702347
0.9984843438905606
0.9984787117518162
0.9984608321182726
0.9984583484593652
0.9984403967300259
0.9984230871988751
0.9984106939903081
0.9983927382100195
0.9983774709136805
0.998362642419055
0.9983294290608598
0.9983095561507628
0.9982924336664457
0.9982811868774981
0.9982617597731827
0.9982460288349192
0.9982219462036604
0.9982030188407783
0.9981800110534078
0.9981631780777868
0.9981414522751928
0.9981353369251977
0.998116142506082
0.9980975297667138
0.9980763792713363
0.9980607382410768
0.9980391576487252
0.9980182364942403
0.9980024227853126
0.9979868935952206
0.99797311738253
0.9979533188760804
0.9979404390577852
0.9979328420751058
0.9979082466705878
0.9978853507085094
0.9978840115800771
0.9978662954439727
0.997852659371209
0.9978275502301035
0.997797612479717
0.9977743750286543
0.9977542103671412
0.9977425683306801
0.9977232897285141
0.9977157301582275
0.99770343230518
0.9976808543351016
0.9976647883607882
0.997642929673797
0.997629763646378
0.9976088692776724
0.9975818224958711
0.9975627463606368
0.9975414222963145
0.9975318244657018
0.9975176332414132
0.9975004716293026
0.9974882171628837
0.9974769486533611
0.9974708771232078
0.9974563999527114
0.997448243072612
0.997435179437575
0.9974229669785591
0.9974161792774288
0.9974051442569707
0.9973939074924616
0.9973717573133001
0.9973468457986806
0.9973262995526233
0.9973048912458499
0.9972876176566208
0.9972751477265845
0.9972721081552778
0.9972628480107272
0.997244870466715
0.9972177188641546
0.9971991302190659
0.9971807232822805
0.9971600651245908
0.9971399038798243
0.9971170612507478
0.9971026452472574
0.9970870621609594
0.997062621247917
0.9970421754344942
0.9970261740614323
0.9970064042477077
0.9970067985494967
0.9969900537905931
0.996975503188174
0.9969521238263752
0.9969397594638969
0.9969215889140569
0.9969070399439705
0.9968837678915327
0.9968708576921399
0.9968594012317847
0.9968438151560354
0.99681877887815
0.9968053755896089
0.9967813111654453
0.9967760954076074
0.9967620959366833
0.9967356164977359
0.99671002509355
0.9966992027569125
0.9966826627546703
0.9966753232950892
0.9966631762186189
0.9966524387297606
0.9966350225923276
0.9966206306627777
0.9966169160784772
0.9966080081441827
0.9965935195619037
0.9965738411909915
0.9965539828519479
0.9965357251991
0.996524854265574
0.9965069517679341
0.996495341200477
0.9964838597285199
0.9964710044006702
0.9964426872636105
0.996411077889228
0.9963931723003642
0.9963681379457044
0.9963453393752679
0.9963306830644292
0.9963277511961328
0.9963101924055083
0.9962891793887769
0.9962691247873962
0.9962642614178547
0.9962534097380331
0.9962279325679327
0.9962131342749901
0.9961860877837618
0.9961596281972636
0.9961323089410294
0.9961241818873515
0.9961105202018573
0.9960902183114025
0.9960939403328999
0.9960751734221274
0.9960572703194484
0.9960395148728732
0.9960334161456063
0.9960280974025959
0.9960042355712888
0.9959854994746506
0.9959657910994654
0.9959401053299503
0.9959192378483389
0.9959032760451771
0.9958852722990522
0.9958679346566518
0.9958456438530815
0.9958306890538109
0.9958074374830619
0.9957872369189522
0.9957753590564273
0.995762129902704
0.9957410330513452
0.9957249341889443
0.9956992501535182
0.9956859502763363
0.995668726824201
0.9956529222728863
0.9956388633871649
0.9956180792236529
0.9955994599763659
0.9955873718136945
0.9955590860267716
0.995539715805143
0.9955343803537349
0.9955027094380615
0.9954962702322789
0.9954777463351476
0.9954517721864403
0.9954424638091086
0.9954205481030949
0.995406853862554
0.9953923560353487
0.9953716802831482
0.9953632532942563
0.9953551721819894
0.9953368089731909
0.9953195693599162
0.9953126522582947
0.9953053666300895
0.9952920359229643
0.9952764758363772
0.9952459015215767
0.9952154167077354
0.9951876987159824
0.9951669894577323
0.9951410073193673
0.9951308951340422
0.9951178434034128
0.9950963018774829
0.9950802738269813
0.9950620075954025
0.9950390621463965
0.9950198687070032
0.9950069654414582
0.9949801947475897
0.9949593655097885
0.9949458526603993
0.9949381972816496
0.9949244449979405
0.9949018877303811
0.9948835612924838
0.9948730930350477
0.9948451080830419
0.9948170538704095
0.9947903949109878
0.9947723250558157
0.9947503607075485
0.9947569354457894
0.994741558748342
0.9947082895354298
0.9946898297223902
0.9946729619679802
0.9946578767796281
0.994645741249847
0.9946184198662043
0.9946072926809659
0.9945803095580646
0.9945568597255459
0.9945322848396786
0.9945125940890722
0.994488409286263
0.9944748195495648
0.9944402884909909
0.9944269612432001
0.994404126972599
0.9943858659397604
0.9943733901055668
0.9943530016935899
0.9943390333298912
0.9943168309790206
0.9942923895646522
0.9942840175890748
0.9942678366483833
0.9942397866915805
0.9942048108861271
0.9941929024625085
0.9941916542924928
0.9941738367532933
0.9941448014596314
0.9941169462988757
0.9941051699945179
0.9940972032363723
0.9940895100189805
0.9940546890325815
0.9940404801574435
0.9940321022977623
0.9940063303264496
0.9939795393851801
0.9939503062674064
0.9939332025280943
0.9939042511811855
0.9938664519294587
0.9938299904469245
0.9938082919466271
0.9937938500942286
0.9937844550181739
0.9937511422681341
0.9937317095641084
0.9937164579535588
0.9937178650003079
0.99369748751104
0.9936673691181067
0.9936632587988058
0.9936420463125958
0.9936326224912693
0.9936208048697361
0.993609580895486
0.9935986600096448
0.9935815644601778
0.9935585075715632
0.9935481619602473
0.9935427004991124
0.9935190468568358
0.9935054627633398
0.9934742474709434
0.9934487012702405
0.9934413202954676
0.9934430284646412
0.993438903121466
0.9934153619969813
0.9933893085069283
0.9933669606067833
0.9933569328140299
0.9933433553994664
0.993324445060261
0.9932968116454655
0.993286286580875
0.9932759050557576
0.9932734869859511
0.9932516111005828
0.993237619913706
0.9932148141965794
0.9932003925616422
0.9931711421679813
0.9931571131099056
0.9931386423428902
0.9931065185847443
0.9930976976572141
0.9930888371478093
0.9930772822164409
0.9930485332439823
0.9930384804936145
0.9930217604649191
0.9930054763980365
0.9929908065492257
0.9929929929624632
0.9929885406590739
0.9929909019428469
0.9929822051936805
0.9929884683456456
0.9929686970208577
0.99296107381648
0.9929398994326291
0.9929123384049839
0.992880200152829
0.9928687270428578
0.9928452867706963
0.9928335366880388
0.9927828587193069
0.9927661791799968
0.9927637351709444
0.9927534676887941
0.9927382841257352
0.9927144489862869
0.9926887745942474
0.992670248170674
0.9926407144584477
0.992629205677462
0.9926246148390293
0.9926150341643514
0.9926030495007235
0.9925972463663214
0.9925934545046176
0.9925936397908993
0.9925656689722713
0.9925299026171768
0.9925149156414418
0.992512421476807
0.9925000347147417
0.9924799982090371
0.9924544500671402
0.9924235596501283
0.9924109186530683
0.9923917760529425
0.9923871453019311
0.9923725944049252
0.9923702042933487
0.9923706307182595
0.992337280685791
0.9923054869102818
0.9922914484242269
0.9922573586616894
0.9922356820821623
0.9922145399706533
0.9922008217770811
0.9921940281481801
0.9921584827455342
0.9921439816440001
0.9921143769210822
0.992100089528427
0.992075377182823
0.9920478237070215
0.9920308326761998
0.9920166634625552
0.9920081526705247
0.9919875803948491
0.9919688401808308
0.9919516634339993
0.9919249877809395
0.9918883026427234
0.9918667209825365
0.9918394089724535
0.9918156370719322
0.991809083062832
0.9918028477948632
0.9917966214451711
0.9917784366342237
0.9917658764811349
0.9917557783200736
0.9917562374178066
0.9917488319028802
0.9917354253619439
0.9917395532098945
0.9917095205316858
0.9917035159456254
0.9917014038447971
0.9916878900640221
0.9916760437461721
0.9916635392111349
0.9916457316515448
0.9916249285367144
0.9916235582284053
