0.9999997654468916
0.9999834832487785
0.9999673070913396
0.9999513640823215
0.9999353802882283
0.9999198539715632
0.9999044751878116
0.9998905061239712
0.9998742101994536
0.9998572425961322
0.9998418942465322
0.9998243614237174
0.9998079045460384
0.999790651440233
0.9997753411064597
0.9997604238614269
0.9997481999617471
0.9997285484926095
0.9997118245457619
0.9996919189553647
0.9996786608998872
0.9996641506062198
0.999647833899403
0.9996263813967056
0.9996141894531333
0.9995998746981857
0.9995814985714715
0.9995632640537444
0.9995474048243355
0.9995345508669263
0.99952183392982
0.999504669996498
0.999491650994446
0.9994785547942775
0.9994674852874901
0.9994490358477179
0.9994314908648397
0.9994150695865486
0.9993989364304194
0.9993793410562865
0.9993629315706708
0.9993493509522084
0.9993349676484564
0.9993160972197898
0.999297499770362
0.9992793912735635
0.9992637550125623
0.99925295482697
0.9992393421313651
0.9992281235632877
0.9992145178188105
0.9992014550843961
0.9991846523403772
0.9991711794899779
0.9991577359887063
0.9991442782122173
0.9991234558580938
0.9991109806974854
0.999096452947892
0.9990810929204527
0.9990661675039862
0.9990547853650131
0.9990411342973441
0.9990195065747127
0.9989969899271657
0.9989838911571355
0.9989639253233034
0.9989444444060657
0.9989289633049945
0.9989054693945612
0.998890640108237
0.9988771371379052
0.9988620553668768
0.9988416349653614
0.9988222015562139
0.9988042610641827
0.998787489021977
0.9987680706084145
0.9987436105719073
0.9987288253248798
0.9987107082852751
0.9986881861430803
0.9986716169199764
0.9986571436608284
0.998630873615268
0.9986144198236137
0.9986012238256831
0.9985863455560277
0.998578452081338
0.998562256846038
0.9985404640719917
0.9985191091092922
0.9985035886986805
0.9984856511011441
0.9984704467442023
0.9984545999740498
0.9984364481799769
0.9984180668823899
0.9983969521985872
0.9983751221086549
0.9983560392686881
0.9983447951672744
0.9983215578987247
0.9983078600226564
0.998291221700095
0.9982699264912456
0.9982579300060215
0.9982528693548426
0.9982498965224088
0.998238799920249
0.9982110268868338
0.9981918292459041
0.9981692759881328
0.9981431490149996
0.998125647944151
0.9981218352009832
0.9981088786910932
0.9980844577654826
0.9980735340246883
0.9980597501867139
0.9980428322235034
0.9980346899551473
0.9980158688565056
0.9980026549743491
0.9979744448152246
0.9979614998829898
0.9979420532523738
0.9979234200934496
0.9979203219269696
0.9979047314073649
0.997882551255977
0.997868849178522
0.9978490216855507
0.9978267814524409
0.9978138554671414
0.9977947705287533
0.9977829145985676
0.9977673371339503
0.9977404873337001
0.9977280937853449
0.9977149894233455
0.9976995424043347
0.9976928802251226
0.9976731299612384
0.9976570034124048
0.9976568032422073
0.9976359864316403
0.9976144951538585
0.9976048155652733
0.9975913245092215
0.9975789504933736
0.997559174659827
0.9975489606583215
0.9975475043096019
0.9975309339630928
0.9975216236100507
0.9975063413337216
0.99749527360337
0.9974870659521272
0.997475927251061
0.9974603200445895
0.9974414795425952
0.9974276382090504
0.9974132006502845
0.997400490685177
0.9973838183640963
0.9973747801572531
0.9973620542418029
0.9973499775997972
0.9973289010816918
0.9973077446387116
0.9972877473256271
0.9972666570338727
0.9972532544520692
0.9972420021540255
0.9972260579545206
0.9972163505792637
0.9972034557761642
0.9971960637151015
0.9971761322753722
0.9971572405343675
0.9971304235175135
0.9971233574925146
0.9971094215753664
0.9970916569742455
0.9970784051412742
0.9970691212136791
0.9970508578814895
0.9970393388700247
0.9970282082479217
0.997006872454347
0.9969865514493016
0.9969722648048259
0.9969532389874094
0.9969350904874767
0.9969140976367793
0.996899200467766
0.9968924078358422
0.9968812568641345
0.9968791831891879
0.9968641566785048
0.9968482583797849
0.9968379580481023
0.9968251368437858
0.9968211535981485
0.9968124408353269
0.9967853113894666
0.9967625204198016
0.99674111231083
0.9967274328608395
0.9966959067986793
0.9966723362854415
0.9966579662191021
0.9966388685462243
0.996626540948565
0.9966141308409446
0.996615262025106
0.9966000486343201
0.9965856865692118
0.9965617883310635
0.9965367618262562
0.9965333478743088
0.9965226306072581
0.9965045545942751
0.9964892772981059
0.9964827633855825
0.9964581763460212
0.9964453698588975
0.996416489204498
0.9963962058406577
0.9963688014018635
0.9963470536990889
0.9963251975829065
0.9963069639377136
0.9962852853029811
0.9962573209729698
0.9962529760511093
0.996245568277651
0.996227411852369
0.9962051875766165
0.9961975230381701
0.9961851648609474
0.9961875315921757
0.9961642735784657
0.996146093581944
0.9961313380907347
0.9961158524169087
0.9960850200990525
0.9960636895151482
0.9960603172874072
0.9960380924519207
0.9960103746949378
0.9959994495497801
0.9959843296836941
0.9959642238182194
0.9959436447456055
0.9959372557974105
0.9959223624272908
0.9959166147869664
0.9959134225013289
0.9958865794903471
0.9958726099954094
0.995871317416862
0.9958475020760971
0.9958309746006022
0.9958106664937274
0.9957912025329614
0.9957714691409817
0.9957516337564148
0.9957241779080056
0.9957169155809659
0.9957096879493564
0.9956958597002691
0.9956873678557459
0.9956634509313252
0.9956629292417654
0.995660295209713
0.9956501355943994
0.9956272044468744
0.9955972429952289
0.995584873589972
0.9955701518864266
0.9955597601884699
0.9955419816348531
0.9955397790373786
0.9955159253173917
0.9954881652101609
0.9954829595369886
0.9954554922161822
0.995439362608945
0.9954147490193481
0.9953979075087996
0.9953665059437835
0.9953459943278494
0.9953292759214305
0.9953189742068927
0.9952897849726926
0.9952780202158139
0.9952600414283845
0.9952354698738302
0.9952109517665351
0.9952036681233647
0.9951803861997004
0.9951561438952135
0.9951333378049986
0.9951289289243005
0.9951158973226938
0.9951033654459325
0.9950797143802417
0.9950716788114461
0.995062648123516
0.9950475985442064
0.9950215947375888
0.9950111827989305
0.994989732012473
0.9949762956810854
0.9949592967531482
0.9949413169577557
0.9949117124326365
0.994896399050626
0.9948706914242965
0.9948485828793795
0.9948360299944394
0.9948308650956902
0.9947994103542697
0.9947763243057428
0.9947362458241067
0.9947035112405105
0.9946898750460648
0.9946690614428179
0.9946354888642602
0.9946174803628032
0.9945878111255152
0.9945741140183741
0.9945561246174235
0.9945328362513871
0.994536129298834
0.9945212886306525
0.9945090918932525
0.9945020210478416
0.9944819758147686
0.9944658651312537
0.9944567612229688
0.9944464722175148
0.9944404055053584
0.9944103169645746
0.9943969714288949
0.9943974842305495
0.9943802923073735
0.9943667364743385
0.994351521156908
0.9943523778616667
0.9943283525810555
0.9943010832919033
0.9942741466602457
0.9942542895702559
0.9942289310756982
0.9942240174888092
0.9942178766773051
0.9941885674885422
0.9941564138004938
0.9941436871731462
0.9941256156391244
0.9941201487713399
0.9940975475520267
0.9940683923300225
0.994054302080603
0.9940465763320069
0.994040000963613
0.9940165997655604
0.9939933940439784
0.9939722298598697
0.9939646020367648
0.9939607777086304
0.9939524739677975
0.9939441107170938
0.9939237057951668
0.9939080452478111
0.9938961428881538
0.9938773351278448
0.9938580366923044
0.9938397580933794
0.9938121377785336
0.9937943361968139
0.9937808211223726
0.9937847763784081
0.9937686495894698
0.9937620503553866
0.9937470101793202
0.993747985531107
0.993727572145924
0.9937090252181322
0.9937072517907469
0.9937015933769432
0.9936805316891811
0.993660709613983
0.9936432918978164
0.9936244705536276
0.9936245766979267
0.9936145938716882
0.9936023646878193
0.9935945528639918
0.9935629645747601
0.9935440271144669
0.9935364182250486
0.9935046800647506
0.9934877647832133
0.9934656414863615
0.9934454945192686
0.9934372317960188
0.993413994190386
0.9934050456528775
0.9933886614769145
0.9933785181150696
0.993367107513072
0.9933368237389866
0.9933131852934499
0.9932862537573521
0.9932616631224227
0.9932502380725149
0.9932351729943842
0.9932361288710652
0.9932177878079754
0.993216607572506
0.9932058480188641
0.9932038640061029
0.993185889879474
0.9931712472151157
0.993160255059372
0.9931578754383031
0.9931570157717452
0.9931306490446248
0.9931242244509855
0.9931117865285949
0.9930906440888355
0.9930855603585467
0.9930582608299567
0.9930772816926127
0.993078006504352
0.9930484144988617
0.993027725312624
0.9929977867385287
0.9929883072981543
0.9929829217242554
0.9929646383484184
0.9929307901483164
0.9929207143934626
0.9929080290956066
0.9928753428976218
0.9928688375967073
0.9928678728674519
0.9928551808160756
0.9928294837852162
0.9928114804414591
0.9927905051677491
0.9927828902127059
0.9927689819325854
0.9927442587279256
0.9927322078762002
0.9927205888159676
0.9926944671646103
0.9926873387854998
0.9926735942677908
0.9926379443480147
0.9926159453701467
0.9925967540805842
0.99257237835589
0.992547522208553
0.9925356685079352
0.9925054527597256
0.9924736912576013
0.9924612081753975
0.992441127483524
0.9924232663182723
0.992421339738557
0.9924111080413146
0.9923977536668456
0.992374395211376
0.9923808443970226
0.9923634076333885
0.9923465522251329
0.9923095375113095
0.9922835200165245
0.9922621707194009
0.9922439478814319
0.9922418566524486
0.9922423481856859
0.9922462183381605
0.9922268006002912
0.9922211536854763
0.9921989709702594
0.9921907431140455
0.9921838588626705
0.9921792696883487
0.9921521545752529
0.9921524404391479
0.9921285247872628
0.9921006582201826
0.992073992998067
0.992046474649502
