0.9999998891840322
0.9999994898063121
0.9999995204242775
0.9999997525289567
0.9999993186572846
0.9999994603926626
0.9999995852348567
0.9999991563095123
0.9999993945683205
0.9999994111339321
0.9999990260381404
0.9999993235855773
0.9999992223739541
0.9999989068763748
0.9999992382297634
0.9999990145123389
0.9999988133483169
0.9999991387818726
0.9999988193946948
0.9999987270797953
0.9999990142892611
0.9999986315691268
0.9999986713863377
0.9999988947644971
0.9999984855326497
0.9999986160559379
0.9999987487623136
0.999998326995857
0.9999985707701537
0.99999860064409
0.9999982346092541
0.9999985203128283
0.9999984232193321
0.9999981069719486
0.9999984239285568
0.999998223457705
0.9999980059615182
0.9999983099115082
0.9999980331625447
0.9999979454077494
0.9999982329866339
0.9999978520097691
0.9999978827032241
0.999998108599759
0.9999977093084558
0.999997808536987
0.9999979406840214
0.9999975453579072
0.9999977562493437
0.9999977777490322
0.9999974099798108
0.9999976761578764
0.9999975822953397
0.999997283033765
0.9999975915935989
0.9999973786928646
0.9999971586974605
0.9999974663447545
0.9999971845060407
0.9999970937390048
0.9999973699534349
0.9999970056795943
0.9999970153566555
0.9999972124204505
0.9999968288836978
0.9999969644028246
0.9999970669708956
0.9999966693879452
0.9999968667547912
0.9999968956352913
0.99999653122589
0.999996800159757
0.999996713886826
0.9999964328912604
0.9999967506768948
0.9999965618220386
0.9999963429551152
0.9999966338192966
0.9999963453300563
0.9999962284875529
0.9999965036391333
0.9999961416027423
0.9999961552022715
0.9999963607135611
0.9999959789582891
0.9999960910770921
0.9999962289328173
0.999995835768435
0.999996043455726
0.9999960793287109
0.9999957215854126
0.9999959809177282
0.9999958948539
0.9999956136082019
0.9999959122718073
0.9999957284979237
0.9999955199375673
0.9999958027143121
0.9999955264110627
0.9999954393027858
0.9999956579426469
0.9999953235755789
0.9999953250659179
0.9999955184352307
0.9999951437206217
0.9999952514579001
0.9999953663388813
0.9999950065454111
0.999995191769853
0.999995198818256
0.999994856787504
0.9999951185964769
0.9999950322822235
0.9999947883735715
0.9999950949827132
0.999994916430282
0.9999946909797987
0.9999949874337878
0.9999947324434856
0.9999946272478863
0.9999948878234042
0.9999945738492375
0.9999945836406914
0.9999947683448658
0.999994371191249
0.9999944519272768
0.9999945611789964
0.9999941855558399
0.9999943503469024
0.9999943759353918
0.9999940196991002
0.9999942440731048
0.9999941750185364
0.9999938808210053
0.9999941492098255
0.9999940080316957
0.9999938189039946
0.9999940862164867
0.9999938562801032
0.9999937582255476
0.9999940006447119
0.9999936989029857
0.999993668899504
0.9999938644384736
0.9999935214675759
0.9999936170233377
0.9999937172028528
0.9999933380898551
0.9999935202837105
0.9999935202591118
0.9999931995373773
0.9999934371814241
0.999993354268769
0.9999930815077163
0.999993320278275
0.9999931549140822
0.9999929624263925
0.9999932166780753
0.9999929781198673
0.9999928659072513
0.9999931013294782
0.9999928097097529
0.9999927899699111
0.9999929435419002
0.99999259522577
0.9999926926019854
0.9999928010954143
0.9999924491550164
0.9999926216327081
0.9999926497170715
0.999992348362021
0.99999255548938
0.9999924745272348
0.9999921810245199
0.999992442947184
0.999992279941766
0.9999920820466145
0.9999923352143039
0.9999921086500466
0.9999919934188038
0.9999921847641268
0.9999918858239087
0.9999918673369348
0.9999920624405249
0.9999917226594104
0.9999918083111047
0.9999919048806414
0.9999915604175952
0.999991691915512
0.9999917000353074
0.9999913725988294
0.9999915927109032
0.9999915291106407
0.9999912693863661
0.9999915317354935
0.9999913561265006
0.9999911640582952
0.9999914179154569
0.9999911912032984
0.999991041990935
0.9999912858585372
0.9999909755169334
0.9999909645822893
0.9999911501212204
0.9999907930123721
0.9999908629185884
0.999990943528035
0.9999906074580595
0.9999907640414742
0.9999907861734112
0.9999904696686237
0.999990666634223
0.9999906135077171
0.9999903420390022
0.999990562910038
0.9999903541087207
0.9999901512821283
0.9999903920272991
0.9999901502346824
0.9999900646736558
0.9999902955630562
0.9999900394491726
0.9999900453665589
0.9999902423529996
0.9999899182288462
0.9999900007783892
0.999990062621443
0.999989712208858
0.9999898601169336
0.9999898730834776
0.9999895626672104
0.9999898004094633
0.9999897211574976
0.9999894547540736
0.9999896734763284
0.9999895207120972
0.9999893285833341
0.9999895922545464
0.9999893811819492
0.9999892598061189
0.9999894892976541
0.9999891749207087
0.9999891710090387
0.9999893366956727
0.9999890106352127
0.9999890280694783
0.9999891352499959
0.9999888261438158
0.9999889628971541
0.9999890145206802
0.9999887269241914
0.9999889105597454
0.9999888831060726
0.9999886182468783
0.9999888482895203
0.9999887130801426
0.9999884992325628
0.9999887480486574
0.9999885249788343
0.9999884172371518
0.9999886211773721
0.999988328794157
0.9999883196970099
0.9999884841421286
0.9999881826823089
0.9999882718777424
0.9999883799243661
0.9999880874855882
0.9999882230777389
0.9999882445154158
0.9999879703569361
0.9999881255647725
0.999988074932863
0.9999877906073388
0.9999880059596815
0.9999879128679281
0.9999877213349314
0.9999879106377091
0.9999876592153499
0.9999875494008147
0.9999877614942027
0.9999875275150686
0.9999874897070434
0.9999876132558467
0.9999873072931554
0.9999874200334823
0.999987515596828
0.9999872228376391
0.9999873723386663
0.9999873349876907
0.9999870819072935
0.9999872667225262
0.9999872088745541
0.9999869399518102
0.9999871822613527
0.9999870522196297
0.9999868545684235
0.9999870772406567
0.99998687063206
0.999986727637975
0.9999869321999273
0.9999866560444369
0.9999866180289335
0.9999868207690339
0.9999865209506822
0.9999865592857315
0.9999866178868259
0.999986337851637
0.9999864053549974
0.9999864146530196
0.9999861528460603
0.9999863380769843
0.999986301797121
0.9999860934035399
0.9999862845265637
0.9999861302928503
0.9999859279675409
0.9999861258295228
0.9999859221920793
0.999985783144469
0.9999859915847658
0.999985739544707
0.9999857096211446
0.9999858652772085
0.9999855503611713
0.9999856354423281
0.999985758724074
0.9999854465041406
0.9999855474065158
0.9999855816622072
0.9999853107906408
0.9999854661813982
0.9999854210105065
0.9999851835150215
0.9999854266003053
0.9999852515605505
0.9999850706989036
0.9999852746398303
0.9999850424551834
0.9999849291116563
0.9999851104686852
0.9999848160823251
0.9999847906345627
0.9999849505800243
0.9999846460685738
0.9999847321728028
0.9999847564005219
0.9999845022042607
0.9999845813850192
0.9999846307597997
0.9999843645116309
0.9999845462041744
0.9999845025656535
0.9999842863905783
0.999984425545205
0.9999842695499799
0.9999840814587742
0.9999842478793854
0.9999840638240532
0.9999839638425626
0.9999842105732737
0.9999839590784337
0.9999839547826022
0.9999841089356258
0.9999838115905832
0.999983850759479
0.9999839092664919
0.999983663809155
0.9999837783928314
0.9999838092194094
0.9999835112565356
0.999983715865117
0.9999837044152701
0.9999834857537215
0.999983708650219
0.9999836068632507
0.9999834399980809
0.9999836288630849
0.9999834145813352
0.9999833659545286
0.9999835304146377
0.9999832653258063
0.9999832346093479
0.9999833829950052
0.9999830943376129
0.9999831566873609
0.9999832118107153
0.9999829462101039
0.9999830373540971
0.9999830616365556
0.9999827888327232
0.9999828814331561
0.9999828080370077
0.9999825861268561
0.9999827526449915
0.9999826118501561
0.9999825104934575
0.9999826674404249
0.9999825425587846
0.9999824626295123
0.999982589638441
0.9999823802365849
0.9999823631937691
0.9999824854915405
0.9999822159802203
0.9999822822540061
0.9999823494379617
0.9999820762730843
0.9999821464326026
0.9999821744306908
0.9999819438847779
0.9999821070381877
0.9999820550561043
0.9999818498686244
0.9999820850275607
0.9999819727524221
0.9999818120610373
0.9999819852990469
0.9999818058608573
0.9999816923515787
0.9999818198783988
0.9999816256532533
0.9999816381488176
0.9999817249047679
0.9999814505729808
0.9999815132902007
0.9999815821038497
0.9999813469466706
0.9999814455013742
0.99998147897422
0.9999812222875427
0.9999813570524786
0.9999813187965978
0.9999811444654847
0.9999812698636591
0.9999811429221149
0.9999810078800689
0.9999811476768068
0.999980946997342
0.9999808841365775
0.9999810333974787
0.9999808305950284
0.9999807910194912
0.9999809295149064
0.9999807370275141
0.9999807280740259
0.9999808128904482
0.9999805623543738
0.9999806220939875
0.9999806412408883
0.9999804271915604
0.9999805718526318
0.9999805363346197
0.999980307342179
0.9999804268446779
0.9999802773955135
0.9999801101789045
0.9999801967436508
0.9999799693074213
0.9999799498884078
0.9999800853460552
0.999979886928915
0.9999798284113447
0.9999798911493389
0.9999796117190665
0.9999796730011107
0.9999797759919744
0.9999795562835165
0.999979652502829
0.9999796252685422
0.9999793741052473
0.9999794910588374
0.9999794863600044
0.9999792795710303
0.999979403317918
0.9999792761753531
0.9999791350518183
0.9999793317431462
0.9999791904585031
0.9999790734384023
0.9999792409450898
0.9999789688865257
0.9999790091465736
0.9999791393961391
0.9999788705054709
0.9999789170598832
0.9999789961121862
0.9999787520044185
0.9999788424968283
0.9999788904255857
0.9999786710925208
0.9999787557186492
0.9999787282831037
0.9999785376372983
0.9999786489259745
0.9999785376874745
0.9999783338000381
0.9999784702720242
0.9999782693235724
0.9999781771581963
