0.999999877163537
0.9999994652787002
0.9999993903947477
0.9999997244365857
0.9999993242533056
0.99999923671764
0.9999995731265645
0.9999991925704748
0.999999068629037
0.9999994147580404
0.9999990452370412
0.9999988966019455
0.9999992497706796
0.9999989052191905
0.9999987257420099
0.9999990818870464
0.999998768649619
0.9999985780999437
0.9999989399642354
0.9999986358196099
0.9999984066770798
0.9999987555023631
0.9999984847159008
0.9999982495814072
0.999998604829304
0.99999835169558
0.999998091391706
0.9999984675857247
0.9999982441914957
0.9999979615299907
0.9999982970615501
0.999998088675859
0.9999977876785148
0.999998121688807
0.9999979548411819
0.9999976453197293
0.9999979745585287
0.9999978431169458
0.9999975304844457
0.9999978676405886
0.9999977513218427
0.9999974048147451
0.9999977090327454
0.999997588257499
0.9999972394697708
0.9999975334459019
0.9999974618090208
0.9999970874379894
0.9999973617396504
0.9999973088873401
0.9999969205467015
0.9999972121133046
0.9999971864341719
0.9999967917506826
0.9999970397543917
0.9999970593420785
0.9999966599321326
0.9999968962434663
0.999996915978184
0.9999965138075582
0.9999967187117238
0.999996779023711
0.999996369875885
0.9999965737426137
0.9999966420301959
0.9999962194349752
0.9999963801545774
0.9999964716169552
0.9999960457583882
0.9999962062840356
0.9999963237520414
0.9999959046435949
0.9999960381208611
0.9999961989018027
0.9999957473873855
0.9999958437199563
0.9999959767074762
0.9999955754027534
0.9999956612441709
0.9999958612102904
0.9999954504685091
0.9999955382433418
0.9999957366753637
0.9999952973236587
0.9999953447988116
0.9999955444367373
0.9999951357746689
0.9999951766579875
0.9999953902242916
0.9999949978038717
0.9999950432445269
0.9999952762785635
0.999994910766518
0.9999948989258
0.9999951786955896
0.9999948429921117
0.9999947929394595
0.9999950647586376
0.999994701328516
0.9999946660563261
0.9999949333221559
0.9999945861558679
0.9999945209035815
0.9999948112546414
0.9999944744224859
0.9999943840525244
0.9999946880037122
0.9999943564845419
0.9999942521740617
0.9999945405207235
0.9999942148109314
0.9999940547699007
0.9999943361728126
0.9999940559546776
0.9999938926245799
0.9999941928693984
0.9999939245693824
0.9999937268907603
0.9999940245677117
0.9999937364872309
0.9999935545930299
0.9999938509958254
0.9999936055025462
0.9999933753410915
0.9999936912686385
0.9999934443872327
0.9999931794601397
0.9999934670452385
0.9999932560966605
0.9999930169500618
0.9999933177260795
0.9999931327338938
0.9999928476158991
0.9999930829902094
0.9999929317526444
0.9999926568428855
0.9999929465274938
0.9999928275205983
0.9999925510067567
0.9999928084487681
0.9999927364935597
0.9999924032092781
0.9999926641244893
0.9999925749121696
0.999992299160084
0.99999255764903
0.9999924908403689
0.9999921612741608
0.9999924117021012
0.9999923607684403
0.9999920335575878
0.999992189685548
0.9999921537756732
0.999991818883725
0.9999920363014618
0.9999920456967522
0.999991702538951
0.9999918873811469
0.9999919066618238
0.9999915385695426
0.9999917249352805
0.9999917481970166
0.9999913925577512
0.9999915769026883
0.9999916171774703
0.9999912572768267
0.9999913302984431
0.9999914112626853
0.9999910688746494
0.9999912346836642
0.999991316696614
0.9999909348245715
0.9999909999843238
0.999991084948122
0.9999907465661501
0.9999908205267342
0.9999909579179824
0.9999906014258538
0.9999906778911877
0.9999908348669758
0.9999905174459424
0.9999905878710246
0.9999907258284093
0.9999904114007832
0.9999904480574666
0.9999905933274824
0.9999902608165553
0.9999903004396785
0.99999049875774
0.999990199319412
0.999990190473897
0.9999903779246835
0.9999900836902702
0.9999900322294155
0.9999902772019502
0.9999899802875499
0.999989957988434
0.999990171041815
0.999989856987375
0.9999898150442249
0.9999900497666252
0.9999897575899385
0.9999896943951799
0.9999899140752414
0.9999896332933376
0.9999895417652824
0.9999897767849122
0.9999895028197738
0.9999893800083439
0.9999895940021096
0.9999893381233891
0.9999892402425845
0.9999895061300369
0.9999892959389997
0.9999891371447855
0.9999893920205856
0.999989148654897
0.999988970939494
0.9999891912391914
0.9999889658413633
0.9999887627838354
0.9999890223033482
0.9999887808393912
0.9999886211606793
0.9999888589056901
0.9999886690521291
0.9999884614834413
0.999988703879258
0.999988503509661
0.9999882757130857
0.999988488268453
0.999988349589055
0.9999880705926264
0.9999883171495229
0.9999881819627636
0.9999879434034598
0.9999881821239425
0.9999880692824408
0.9999877915512407
0.9999880102131323
0.9999879165639469
0.9999876543602436
0.999987854325007
0.9999877654905936
0.9999874880117955
0.9999876374864405
0.9999875665239695
0.9999872821436043
0.9999874231713213
0.9999874016974099
0.9999870850149101
0.9999872368398027
0.999987174412287
0.9999868789477488
0.9999870835354563
0.9999870719628248
0.9999867403954141
0.999986910433155
0.9999869460151751
0.9999866290273868
0.9999868037863573
0.9999868238700623
0.999986510490525
0.999986601997378
0.99998665257731
0.9999863208327886
0.9999863823743205
0.9999864550712861
0.9999861383782174
0.9999862615904339
0.9999863343460969
0.9999860144293661
0.9999860933583481
0.9999861844451993
0.9999858671404006
0.9999859336457976
0.9999860295209937
0.9999856839747766
0.9999857059584338
0.9999858718060789
0.9999855658656975
0.9999856024009584
0.9999857402195409
0.9999854447395428
0.9999854549308017
0.999985644934242
0.9999853675262744
0.9999853846113936
0.9999855438252124
0.9999852799128884
0.9999852804294851
0.9999854295959512
0.9999851563894909
0.9999850947912802
0.9999852885977993
0.9999849953338803
0.9999849128616823
0.9999850780605442
0.9999848154033812
0.9999847191823337
0.9999849136607147
0.9999846980548348
0.9999846097869837
0.9999848150906943
0.9999845639481144
0.9999844401490614
0.9999846477417198
0.9999843540764031
0.9999842346263786
0.9999844330256232
0.9999842250366159
0.9999840830140888
0.9999842495210806
0.999984032820317
0.9999838652850672
0.9999840826352802
0.9999838572072427
0.9999837100232072
0.99998388874415
0.999983658717504
0.9999834741745675
0.9999836697252389
0.9999834899888083
0.9999833163987585
0.9999835739135827
0.9999833536247454
0.9999832120535302
0.9999833816388737
0.9999832462556341
0.9999830384216299
0.9999832415798505
0.9999831379447891
0.9999829502504216
0.9999831294813278
0.999983023038395
0.9999827553182347
0.9999829432791391
0.9999828405007557
0.9999826150955412
0.9999827707010969
0.9999827023458446
0.9999824943681976
0.9999826559211321
0.9999826017033491
0.9999823521627246
0.9999824853206575
0.9999823904670527
0.999982201468488
0.999982373016034
0.9999822932321474
0.999982072159344
0.9999822616313383
0.9999822224686451
0.9999819370389016
0.9999820562044976
0.99998203979306
0.9999817325249815
0.9999818706391637
0.9999818834995136
0.9999816169942094
0.9999816989006759
0.9999816550903735
0.9999813575961166
0.9999813680114783
0.9999814014250997
0.999981122578781
0.9999812396796672
0.9999812700068316
0.9999810044146179
0.9999811245244682
0.9999812444140749
0.9999809390394103
0.9999809986800569
0.999981039762736
0.9999807546532961
0.9999808291284046
0.9999808927674075
0.99998062607725
0.9999806446387539
0.9999807730578719
0.9999804825523093
0.9999804909035097
0.9999805565504554
0.9999802914947004
0.9999802393926845
0.9999803745431884
0.999980128238357
0.9999801214259544
0.999980216520044
0.9999799135195745
0.9999798897008663
0.9999799776140551
0.999979719048892
0.9999796803956525
0.9999798544001628
0.9999795929262572
0.999979554746783
0.9999796570067648
0.9999793981658759
0.9999792751040697
0.9999794495089063
0.9999792387496275
0.9999791616770826
0.999979358318421
0.9999791295270176
0.9999789806464549
0.9999791624555182
0.9999789594174975
0.999978908328666
0.9999790779825247
0.9999788267656657
0.9999787891048346
0.999978999477145
0.9999788323314552
0.999978696719753
0.9999788649152002
0.999978681038072
0.9999785393126784
0.9999787359769243
0.9999784974374258
0.9999783861202528
0.9999785685678796
0.9999783409144979
0.9999781504375883
0.999978327971577
0.9999781697522707
0.9999780131676336
0.9999782581799647
0.9999781073561159
0.9999779634011143
0.999978131676915
0.999977968952377
0.9999778205549803
0.9999779940287552
0.9999778553344715
0.9999776932931038
0.9999778153308033
0.9999777342862894
0.9999775465856685
0.9999776793737013
0.9999775483746832
0.999977355258517
0.9999775539395608
0.9999774338888009
0.9999772586306418
0.9999773640135124
0.9999772596742088
0.9999770158870179
0.9999772094254298
0.9999771528620305
0.9999769349739418
0.9999770646304361
0.9999769801136031
0.9999767464825193
0.9999768970221965
0.9999768686962418
0.9999766547064212
0.9999768208187203
0.999976769707459
0.9999765578565841
0.999976661474847
0.9999766303778437
0.999976346900287
0.9999764159400133
0.9999763387322067
0.9999760810772281
0.9999761646991718
0.9999761630953032
0.999975939036266
0.9999759788164994
0.9999759342598392
0.9999755703719144
0.9999756365221155
0.9999756734006522
0.9999754196541715
0.9999755596234955
0.9999755488023543
0.9999752926648465
0.9999753458106571
0.9999753895287545
0.9999750851475151
0.9999751393335262
0.9999752431136264
0.9999750049138552
0.9999750159183065
0.9999752161105341
0.9999749649290186
0.9999750208406994
0.9999751422837581
0.9999748995717388
0.9999748720439505
0.9999750307287887
0.999974810206566
0.9999748221696202
0.9999749394768054
0.9999746836136837
0.9999746167205553
0.9999747538086243
0.9999744681034797
0.9999744248238035
