0.9999998212581833
0.9999993510811992
0.9999990518949725
0.9999995235958195
0.9999995586651547
0.9999989580574301
0.9999990638209558
0.999999513189211
0.9999991542156258
0.9999987406989922
0.9999991626145653
0.9999993169103589
0.9999987378825537
0.9999987105608815
0.9999991903852735
0.9999989607635494
0.999998477903408
0.9999988131842705
0.999999087837038
0.999998558563815
0.9999983995285895
0.9999988827304314
0.9999987742850814
0.9999982228116835
0.9999984428103788
0.9999988083771388
0.9999983450117408
0.9999980768034279
0.999998536231672
0.9999985518216643
0.9999979870827188
0.9999980955346363
0.9999985387467616
0.9999981870317247
0.9999978002790053
0.9999981846685164
0.9999983350484679
0.9999977863909539
0.9999977691389956
0.9999982343232735
0.9999979941794294
0.9999975281056008
0.9999978158620871
0.9999980623225333
0.9999975499365246
0.9999973724293063
0.9999978468650067
0.9999977301639061
0.9999972157936347
0.9999974136838807
0.9999977518344563
0.9999973189276066
0.9999970302367446
0.9999974543804933
0.9999974755702611
0.9999969418905467
0.9999970114574276
0.9999974032017892
0.9999970611157778
0.9999966870171456
0.9999970634818758
0.9999971926683126
0.9999966700563382
0.9999966287575478
0.9999970812415683
0.9999968608820323
0.9999964104235912
0.9999967002300558
0.99999692980169
0.999996457503489
0.9999963306638353
0.9999967656576578
0.9999966655998286
0.9999961822464031
0.999996350241103
0.999996681923602
0.9999962838644294
0.9999960271973098
0.9999964377050257
0.9999964307147096
0.9999959007186733
0.9999959825797746
0.9999963686975868
0.9999960498127745
0.9999956806245429
0.9999960739851027
0.999996173571786
0.9999956752620298
0.9999956388069408
0.9999960599110107
0.9999958519298356
0.9999954183296558
0.9999957185653756
0.9999959424524567
0.9999955001021336
0.9999953377384396
0.9999957381236179
0.999995645386741
0.9999951547810025
0.9999953139080707
0.9999956434260976
0.9999952216681085
0.9999949724599884
0.9999953426860355
0.9999953449156883
0.9999948789506132
0.999994943134022
0.9999953297115466
0.9999950321884574
0.9999947148693082
0.9999950267267386
0.9999951542906641
0.999994668717294
0.9999946277921947
0.9999950064548396
0.9999947971588002
0.9999943711001673
0.9999946266967469
0.9999948514734717
0.9999943944330558
0.9999942512153095
0.9999946348711091
0.9999945485543649
0.9999940803034876
0.9999942487102799
0.9999945535012724
0.9999941839475566
0.9999939576705077
0.9999943044785413
0.9999943181757409
0.9999938336767087
0.9999939292394395
0.9999942753878964
0.9999940048899338
0.9999936773957782
0.999993978644893
0.9999940748640287
0.9999935874907717
0.9999935670054503
0.9999939517545883
0.9999937186457403
0.9999933076238826
0.999993576598867
0.9999937953309528
0.9999933816099722
0.9999932316757816
0.999993617772405
0.9999934982989717
0.9999930523080132
0.9999932262325957
0.9999934955728708
0.999993127136772
0.9999928917756843
0.9999932225438252
0.9999932023224741
0.9999927179407536
0.9999927891978831
0.9999931114395788
0.9999928147673757
0.9999925173593263
0.9999928006400928
0.9999929178169289
0.9999924672091783
0.9999924368606533
0.9999927791539829
0.9999925761044034
0.9999922035624126
0.9999924587476665
0.9999926287686681
0.9999922325223858
0.9999921094825716
0.9999924500383464
0.9999923517009154
0.9999919159417583
0.9999920539317291
0.9999923272953218
0.9999919998590667
0.9999917876416937
0.9999921128175394
0.9999921219246241
0.999991656830896
0.9999917396989377
0.9999920737069656
0.9999917942503497
0.9999914950284373
0.9999917662632616
0.9999918526366259
0.9999914563616229
0.9999914113360003
0.9999917865196749
0.9999916260825019
0.999991259239928
0.9999915127262993
0.9999916502488437
0.9999912681505904
0.9999911643980637
0.9999915367501919
0.9999914521741173
0.9999910369932763
0.9999911565173404
0.9999914142079157
0.9999910921572146
0.999990828426758
0.9999911780155156
0.999991196145706
0.99999074234781
0.9999907979576611
0.9999910894039649
0.9999908178111114
0.999990512784119
0.9999908092932572
0.9999909217122387
0.9999905401193342
0.9999905134677612
0.999990820829188
0.9999906629094137
0.9999903084834367
0.9999905305413432
0.9999907026693771
0.9999903288161649
0.9999902083352541
0.9999905303613833
0.9999904308664146
0.9999900345515028
0.9999901743026156
0.9999904033055653
0.9999900698721872
0.9999898490794595
0.9999901616961676
0.9999901710538189
0.9999897716774785
0.9999898065366046
0.9999900992261024
0.9999898366117764
0.9999895465911087
0.9999898031604691
0.9999899174391642
0.9999895460365209
0.9999895073688208
0.9999898259220033
0.9999896746090944
0.9999892946921474
0.9999894789453543
0.9999896472492937
0.9999892856135054
0.9999891228700094
0.9999894439585886
0.9999893847760141
0.9999890322094585
0.9999891543204636
0.9999893911662582
0.9999890590309043
0.9999888596984551
0.9999891658358089
0.9999891422544359
0.999988752665604
0.9999887537109154
0.9999890043856859
0.9999887821369513
0.9999884960189664
0.9999887161182028
0.999988791225984
0.9999884052403429
0.9999883659639717
0.999988671262588
0.9999885080633354
0.9999881265695624
0.9999883187215943
0.9999884846263108
0.9999881176935108
0.999987986486079
0.9999882696828062
0.9999882175761977
0.9999877749561555
0.9999878885473665
0.9999880953872589
0.9999878183071693
0.9999876314849219
0.9999878936879639
0.9999878975350145
0.9999875327393494
0.9999875180513921
0.9999877536980204
0.9999875034913334
0.9999871818717941
0.9999874218711915
0.9999874946268135
0.9999871100065982
0.99998703548003
0.9999873374770026
0.9999871506909753
0.9999868385635485
0.9999870239308418
0.9999872060302467
0.9999868764470954
0.999986752435212
0.9999870315376792
0.9999869204176436
0.9999865291741306
0.9999866245631536
0.9999868576069041
0.9999865754486953
0.9999863630810598
0.9999866761798011
0.9999867246297259
0.9999863356523563
0.9999864161776587
0.9999866651590041
0.9999864381939482
0.9999861814300566
0.9999863656524918
0.9999864424236258
0.9999860700084269
0.9999859772728171
0.9999862763515778
0.9999861319452849
0.9999858245909273
0.9999859434933739
0.999986117116489
0.9999857832364918
0.9999855829744199
0.9999858586616337
0.9999857952431794
0.9999854287123471
0.9999854337161658
0.9999856476658775
0.9999853369967953
0.9999851036584966
0.99998536703606
0.9999853638759966
0.9999850084067674
0.9999850111176359
0.9999852636403955
0.9999850597909855
0.9999847688539625
0.9999850044166871
0.9999850469710493
0.9999847464165897
0.999984654861005
0.9999849874452076
0.9999848667683081
0.9999845605556297
0.9999847036937883
0.9999848677572741
0.9999845420415192
0.9999843813516985
0.9999845865135155
0.9999844987082613
0.9999841682518555
0.9999842107230613
0.9999844618353494
0.9999842095817918
0.9999839421835236
0.9999842161613575
0.9999842707877158
0.9999839347380347
0.9999839471582305
0.9999842196511647
0.9999840453643263
0.9999837134694067
0.9999839419568177
0.999984081134673
0.999983738511597
0.9999836545837328
0.9999839082003722
0.9999837997263598
0.9999835001264238
0.9999836509071529
0.9999838340096049
0.9999835337765226
0.9999833995008974
0.999983664321426
0.9999836305177842
0.9999832375356177
0.9999833217865206
0.9999835071018821
0.9999832542474288
0.9999829908846964
0.9999832767174904
0.9999832602335147
0.999982914913166
0.9999829220203571
0.9999830991367575
0.9999829109842776
0.9999825773318219
0.9999827731196477
0.9999829096278077
0.999982564554281
0.9999825313782166
0.9999828137968733
0.9999826473663713
0.9999823496426431
0.9999825181483856
0.9999826524245304
0.9999823786207555
0.9999821992457946
0.9999824362325418
0.9999823629385137
0.9999820240056984
0.9999820402854214
0.9999822726528774
0.9999820490445264
0.9999818682196657
0.9999821086730222
0.9999821413175809
0.9999818444312467
0.9999818590511527
0.9999821347173244
0.9999819416457395
0.9999816551974444
0.9999818559312394
0.9999819705409826
0.9999816483079776
0.999981603413489
0.9999818381207489
0.9999817187114126
0.9999814471966735
0.9999815866384155
0.9999816624609765
0.999981401580493
0.9999812391161067
0.9999814408852764
0.9999813849703374
0.999981077608935
0.999981134055637
0.9999813169751164
0.9999810849935806
0.9999808735802865
0.9999810747686052
0.9999810529947302
0.9999807664584298
0.9999807515293627
0.9999809284861884
0.9999807273204193
0.9999805031390909
0.9999807042105128
0.9999807818641437
0.9999805037703441
0.9999803702837297
0.9999805836449435
0.9999804763515
0.999980235003704
0.9999803716570198
0.999980486697054
0.9999801791650373
0.9999800510429645
0.9999802781475214
0.9999802074637759
0.9999799378755365
0.9999800216410086
0.9999801462609312
0.9999799219428741
0.9999797114032198
0.9999799065175197
0.9999798914563495
0.999979575975556
0.9999795489794722
0.9999796888293955
0.9999795124000865
0.9999793078053929
0.9999795233375992
0.9999795873879659
0.9999793478328186
0.9999792902110479
0.9999794892631254
0.9999793042639838
0.999979051315005
0.9999792122494849
0.9999792629569525
0.9999789750016006
0.999978801899956
0.9999789985880083
0.999978929700963
0.9999786360733082
0.9999786603573144
0.9999788170741448
0.9999786043205261
0.9999783876851092
0.9999785381752554
0.9999785519809021
0.9999782764817029
0.9999783318638585
0.9999785225252561
0.9999783853385336
0.99997820523624
0.9999783321497251
0.9999783359989781
0.9999780679579916
0.9999780493534116
0.9999782513006157
0.9999781593053663
0.999977909894219
0.9999780169406085
0.9999781596439835
0.9999779000972799
0.9999777673135694
0.9999779014417851
0.9999778939207173
0.999977556756668
0.9999776682681841
