0.9999998158406554
0.9999990887820136
0.9999984836514616
0.9999986216400004
0.9999985083145753
0.9999976794064214
0.9999973292154737
0.9999975398041804
0.9999971468004688
0.9999963754161754
0.9999962812503732
0.9999964978545176
0.999995872136948
0.9999951387316233
0.9999952799777142
0.9999952626373091
0.9999944878964194
0.9999940523751742
0.9999942453711208
0.9999939434745928
0.9999931258604138
0.9999929087008109
0.9999931279250748
0.9999926355224661
0.9999918614829411
0.9999918070174977
0.9999918245062135
0.9999911703570212
0.9999906861579824
0.9999907661843992
0.9999905820457415
0.9999898402517716
0.9999896413739409
0.9999898644346686
0.9999893961239233
0.9999886015659204
0.9999885330583138
0.9999887091426352
0.9999880942920204
0.9999874460107661
0.9999875724136678
0.9999875003470265
0.999986722588922
0.9999864235749537
0.9999866408974277
0.9999862846790841
0.9999855368753559
0.9999854066711386
0.9999855316118917
0.9999849582306818
0.9999843760659853
0.9999843767072607
0.9999843343041073
0.9999835790449957
0.9999831320288817
0.9999832644171092
0.9999830009420244
0.9999821998644414
0.9999818428760091
0.9999820228434572
0.9999815268838511
0.999980893483141
0.9999808169835449
0.9999808926099982
0.9999802125000199
0.9999797670833471
0.9999799017124539
0.9999797775827531
0.9999789837752004
0.99997864732911
0.9999786892122965
0.9999783488083145
0.9999774918517266
0.9999773510204488
0.999977355316839
0.9999766898860774
0.999976171401643
0.9999761758358376
0.9999761110609184
0.9999752030604099
0.9999748056203601
0.999975065196463
0.9999747306333221
0.999973976358484
0.99997367097324
0.9999738514374408
0.9999732662271107
0.9999725191957066
0.9999724338349067
0.9999725089537457
0.9999718115605775
0.9999712563602055
0.9999713834663101
0.9999711509116523
0.9999703638922091
0.999970252440484
0.9999703019206543
0.9999697534279519
0.9999691898667054
0.9999692103479334
0.9999694074188271
0.9999687682828107
0.9999682216648073
0.9999682482349246
0.9999680255069501
0.999967310523314
0.999966901806047
0.9999671124887991
0.9999668502221543
0.9999659983756487
0.9999659770214934
0.9999659508586277
0.9999654773520891
0.9999649188430337
0.9999649618792105
0.9999647423113901
0.9999641435303657
0.9999636034907806
0.9999634640818788
0.9999632853592871
0.9999627203379092
0.9999624359370333
0.9999625285081989
0.9999619129193809
0.9999614614899982
0.9999613325397488
0.999961389155589
0.9999607591998515
0.9999601181635797
0.999960012543661
0.9999597309199451
0.999959216139616
0.9999588764462455
0.9999590201545232
0.9999585788551982
0.9999579716393086
0.999957931260483
0.9999579553132038
0.999957499247545
0.9999569438897875
0.9999569563718838
0.9999569310601477
0.9999560633285923
0.9999558126063124
0.9999559030464255
0.9999554435246417
0.9999547274176094
0.9999545521780479
0.9999544497664021
0.9999537175191674
0.9999531453566612
0.999953347714295
0.9999534292937837
0.9999528719823453
0.9999523869224493
0.9999523668893722
0.9999521189698765
0.9999514100684633
0.9999512927884457
0.9999512979518415
0.9999510341614359
0.9999502196975126
0.9999501132133684
0.9999501842225477
0.999949595848101
0.9999491183174921
0.9999491852851136
0.9999490949485105
0.9999485566507189
0.9999482295688473
0.9999482749431704
0.9999479688022876
0.9999474218079161
0.9999471666633194
0.9999471263616067
0.9999465460956676
0.9999459733813966
0.9999458431122566
0.9999455661144111
0.9999448820947029
0.9999444976767448
0.9999446566445
0.9999442202443758
0.9999437309238824
0.9999433791493267
0.9999433477162091
0.9999427447263391
0.999942177116994
0.9999419388282077
0.9999418859374534
0.9999412336297862
0.9999409293604172
0.9999410877752566
0.9999407181844305
0.9999402640936934
0.999940030811055
0.9999400881632293
0.9999398662672617
0.999939106944903
0.999939089071066
0.999939096821149
0.9999384415835846
0.9999378050905083
0.9999377654695256
0.9999373542787472
0.9999365917633875
0.9999361561869655
0.9999363739991184
0.9999360855722838
0.9999356292334192
0.9999356308206897
0.9999357432428664
0.9999353534295702
0.9999348394039533
0.9999345169461321
0.9999342247106375
0.9999336623195094
0.9999329958064045
0.9999331132669247
0.9999327119301414
0.9999318269886142
0.9999313670709321
0.9999315055385258
0.9999311534283891
0.9999303394673957
0.9999300331044554
0.999930086736134
0.9999294566201142
0.9999290005144248
0.9999290053148371
0.9999291410582273
0.9999283793042526
0.9999279153079638
0.9999280279103738
0.9999277777375312
0.9999272188075382
0.9999270306235193
0.9999272264726113
0.999926710057443
0.9999262301738662
0.9999260133151148
0.9999258820413174
0.9999253831292119
0.9999246485422938
0.9999245250674551
0.9999243289491232
0.9999235169957696
0.9999231901284302
0.9999231065115889
0.9999226383041655
0.9999223620343848
0.9999222230027938
0.9999217696219033
0.9999210368148025
0.9999206160457229
0.9999206088103704
0.9999205902001765
0.999919874238492
0.9999195621589162
0.9999196879012737
0.9999189574615029
0.9999181818351297
0.9999181242944953
0.9999180522416276
0.9999176110669719
0.9999173031822081
0.9999172359733852
0.9999168845959373
0.9999162174140649
0.999916090280276
0.9999164373094226
0.9999161336556495
0.9999156287434839
0.999915261284646
0.9999151762233283
0.9999148933842409
0.9999143699329514
0.9999142107169227
0.9999139349734238
0.9999135266860807
0.9999130003453889
0.999913054990008
0.9999127893064379
0.9999121626395507
0.9999116902485597
0.9999115799044593
0.9999112209464952
0.9999110407488986
0.9999107214710448
0.9999103982293841
0.9999098530913527
0.9999094120487858
0.9999093434349198
0.9999091554514608
0.9999083807821677
0.9999078038692518
0.9999078164167845
0.9999075716861772
0.9999071761485784
0.9999068045073887
0.9999069439163235
0.999906205323826
0.9999055592157878
0.9999055355806583
0.9999054991694316
0.9999051721565904
0.9999048046901673
0.9999048092261077
0.9999042029487847
0.9999037641574752
0.9999034099376951
0.9999031419539186
0.999902485481136
0.9999020197085305
0.9999021136802334
0.9999021039100139
0.9999017390339434
0.9999012677246356
0.9999014914451239
0.9999012110215829
0.9999005713796706
0.9999000122641852
0.9999002947873662
0.9999002599021418
0.999899798388039
0.9998998147698743
0.9998995889509366
0.9998989530501396
0.9998984192887277
0.9998981258609995
0.9998978272247067
0.9998972096150545
0.9998970660303395
0.9998969026678901
0.9998965353724932
0.9998959773535316
0.9998953880178425
0.9998952853720366
0.9998946498379939
0.9998940781391021
0.9998935700544328
0.9998934955692289
0.9998924733453299
0.9998920488849701
0.9998919942798263
0.9998917044777901
0.9998912350278052
0.999891274470873
0.9998913810958276
0.9998909418243276
0.9998903498939508
0.9998903759747536
0.9998901778023395
0.9998894038364654
0.9998891092428291
0.9998890700583726
0.9998886637120293
0.9998882668133516
0.9998877774163618
0.9998875825322505
0.9998870092052394
0.9998863945191898
0.9998863117819207
0.9998861518699846
0.9998857049373632
0.9998850678699346
0.9998851391928016
0.999884758648135
0.9998840781280971
0.9998834962013682
0.9998837118679953
0.9998834019745497
0.9998830524107785
0.9998830153049546
0.9998828793064404
0.9998825251882775
0.9998819102719548
0.9998818918523211
0.9998816333487575
0.9998811231899429
0.99988064819135
0.9998802238628326
0.9998799347063684
0.9998793025259969
0.9998789610475016
0.9998790128015385
0.9998786532975481
0.9998777701325513
0.9998775897404858
0.9998773857252219
0.9998768163949692
0.9998759501140526
0.9998757373435032
0.999875635059484
0.9998747814365673
0.9998744296715877
0.9998745118693688
0.9998739604931907
0.9998736396702232
0.9998734778040292
0.9998734757335987
0.9998731880164704
0.999872558208286
0.9998722760148098
0.9998721630728193
0.9998716757254645
0.9998713314170989
0.9998711093280571
0.9998708419601757
0.9998704716365452
0.9998702716129523
0.9998700908356031
0.9998700619038959
0.9998697156972115
0.9998694995231004
0.9998693082244885
0.9998689974525027
0.9998681902111699
0.9998680147555448
0.9998677137627859
0.9998670017099699
0.9998666774234646
0.9998666415825418
0.999866275851067
0.9998657259209434
0.9998653830214033
0.9998650453700424
0.9998644215340268
0.9998637609246526
0.9998633779648942
0.9998632849124123
0.9998631185388469
0.9998628423944431
0.9998628704973346
0.9998621425470665
0.9998611652435796
0.9998604699529641
0.9998604815317945
0.9998601049938167
0.9998598497528682
0.999859437826332
0.9998596902908057
0.9998593378097689
0.9998590972103945
0.9998590308290368
0.9998584216798212
0.9998580078849859
0.9998575888727557
0.9998577474114965
0.9998572174297153
0.9998566492292426
0.9998565731187458
0.9998565536688909
0.999855895202403
0.9998551009277208
0.9998548826629888
0.999854545785506
0.9998541889723398
0.999853952798052
0.999853972937249
0.9998537625943179
0.9998531005362032
0.9998531368284924
0.9998529234733945
0.9998523862408529
0.9998520035761401
0.999851685078901
0.9998511939460467
0.9998505021695466
0.9998499159995113
0.999850057882871
0.9998495436534149
0.9998486924523519
0.9998486087340418
0.9998481911741478
0.9998478450431957
0.9998473657180716
0.9998472093518254
0.9998470110904181
0.9998464457473837
0.99984611548413
0.9998457290857463
0.9998451121173106
0.9998448687311595
0.9998440599129027
0.9998438675089473
0.9998435838069886
0.9998431938975603
0.9998427949783898
0.9998420406007447
0.9998411089544335
0.9998408112323236
0.9998408586799495
0.9998402357463045
0.9998397707444585
0.9998394170465619
0.9998392257397222
0.9998390755698997
0.9998386731935027
0.9998385154716195
