0.9998659066776705
0.9998656413841264
0.9998644379768433
0.9998622181794526
0.9998586894334117
0.999854187485461
0.9998484985774544
0.9998416353024026
0.9998339215945825
0.9998248301670101
0.9998148712737162
0.9998042310109084
0.9997924920122688
0.9997797105545928
0.9997661334732917
0.9997519062633621
0.9997369101308247
0.9997212637444147
0.9997048525688919
0.9996878627551773
0.9996702919392794
0.999652524660896
0.999634283462259
0.9996158982087253
0.9995970767185341
0.9995782015965181
0.9995594297372588
0.9995407691379457
0.9995223964171793
0.9995043344622907
0.9994867010297532
0.9994693608820905
0.9994524364158783
0.9994359312645185
0.9994202465481844
0.9994053051859731
0.9993909155948726
0.9993772746477653
0.9993646973980541
0.9993527790246913
0.9993418552348444
0.9993318248563022
0.9993229227142213
0.9993151533543456
0.9993078931078938
0.999302120786743
0.9992973912951865
0.9992931870021827
0.9992901814359678
0.9992879020278655
0.9992866051558533
0.9992865361322091
0.9992874761657096
0.9992894863142303
0.9992922202264873
0.999295954795072
0.9993006636838065
0.9993061199652828
0.9993124053344328
0.9993191260406041
0.9993268373208749
0.9993352919790089
0.9993440252552767
0.9993532866933663
0.9993634104213984
0.9993738330652695
0.9993846119548826
0.9993958172205044
0.9994073817770966
0.9994195064833455
0.9994316371247816
0.9994440377743721
0.9994566112012798
0.9994689967751327
0.9994815616007199
0.9994946964835958
0.9995072741928098
0.9995195998154083
0.9995322054984619
0.9995446300695576
0.999556890369122
0.9995686665833429
0.9995804414248309
0.999591779120889
0.9996028104860861
0.9996133406453428
0.999623798223806
0.9996332308651222
0.9996422887194585
0.9996507382801989
0.9996584811264095
0.9996657461920379
0.9996723432864243
0.9996778293661805
0.9996829274362142
0.9996873853862529
0.9996908993976634
0.9996934363712537
0.9996954219945556
0.9996958627752583
0.9996956290695799
0.9996946056186571
0.9996931235632992
0.9996904885534249
0.9996868304456725
0.9996822152304033
0.999676844083071
0.9996707626565975
0.9996635053651949
0.999655403992495
0.9996469332002814
0.999637477529405
0.9996271850663423
0.9996164846863622
0.9996050082151073
0.9995931479815086
0.99958085373739
0.9995677491633035
0.999554195014369
0.9995407350683458
0.999527064002529
0.9995128908515543
0.9994981092766653
0.9994834116699668
0.9994686405232265
0.9994538677655789
0.9994389697573081
0.9994243692986352
0.9994098295618419
0.9993952385665651
0.9993813421595525
0.9993672986248124
0.99935376114339
0.9993407635678744
0.9993278639415552
0.999315830253991
0.999304632841821
0.999293240106248
0.9992823577328567
0.9992726714965083
0.9992637019654547
0.9992552926960743
0.9992481621173355
0.9992412175533626
0.9992349557870218
0.9992297947333479
0.999225155209375
0.9992215673183044
0.9992184019952866
0.9992162105345058
0.9992150409845266
0.9992143829038567
0.9992145266073469
0.9992158118658071
0.9992174507406969
0.9992201173951287
0.9992237091794757
0.9992277549463922
0.9992325574438504
0.999237957757544
0.9992438593928049
0.9992501459143958
0.9992571385205674
0.9992648253928784
0.9992725426163868
0.9992806963050216
0.9992893303274789
0.999298203331854
0.9993073752540835
0.9993164533471843
0.9993261700527897
0.9993358873571369
0.999345825800819
0.9993558872992436
0.9993660107052548
0.9993762875363635
0.9993864885442436
0.9993970082040087
0.9994074692959641
0.9994177968722491
0.9994279186666318
0.9994377329262816
0.9994475748889595
0.9994571226558965
0.9994659336122307
0.9994742499113437
0.9994824230810874
0.9994900336417007
0.999497232593453
0.9995039310317508
0.9995099209512895
0.9995153007981792
0.9995203056588973
0.9995246287454856
0.9995285725617844
0.9995319658010874
0.9995345159741552
0.9995370393617161
0.9995382931253926
0.9995385565315508
0.9995388063028325
0.9995379877499733
0.9995364853429711
0.9995337272203366
0.9995300378195161
0.9995257483017894
0.9995211093358761
0.9995153930632646
0.999508910420568
0.9995019693090336
0.9994943158755645
0.9994855949293744
0.9994763327932279
0.9994670665921205
0.9994567886583277
0.9994456540252714
0.9994339534224282
0.9994219435480336
0.9994097871579912
0.9993972624510552
0.9993844184402855
0.999371666327828
0.9993581234063174
0.9993443638741415
0.9993312649452928
0.9993179724514626
0.9993042652267121
0.9992908336577665
0.9992771040686179
0.9992639500750553
0.9992514290024633
0.9992388010986581
0.999226433057938
0.9992145854683508
0.9992032066501759
0.9991920496226628
0.99918146820542
0.9991710867260137
0.9991616763562959
0.9991527441081267
0.9991446326497995
0.9991367323883408
0.9991297317412258
0.9991233649905109
0.9991174873845066
0.9991122387338621
0.9991079697802412
0.9991045036643479
0.9991012897344592
0.9990988339699832
0.9990969628309
0.9990962755532734
0.9990962201145673
0.9990968068324204
0.9990981994797167
0.9991002973146293
0.9991026816371731
0.9991056797587927
0.9991093800963392
0.9991136886661546
0.999118135561163
0.9991235219708581
0.9991294187602877
0.999135813960572
0.9991424522055808
0.99914962147497
0.9991565401083448
0.9991642247756756
0.9991719484784503
0.9991798547789418
0.9991882450192193
0.999196747090097
0.9992055723962524
0.9992140063468357
0.9992228746206729
0.999231891903706
0.9992403211914083
0.9992492545156366
0.9992581029039673
0.9992665662528599
0.9992749065468637
0.999283393990425
0.9992916201379649
0.9992992023338471
0.9993066862339823
0.9993138069659754
0.999320751950302
0.9993268981962976
0.9993329217414751
0.9993387562966717
0.999344143758036
0.9993492456100449
0.9993537166356645
0.9993575976000456
0.9993606964011587
0.9993633944919117
0.9993656001732124
0.9993669790547806
0.99936800448138
0.9993688495712563
0.9993682768651246
0.9993670634712656
0.9993656928284433
0.9993631593683283
0.9993595381043135
0.9993560031105141
0.9993510324287675
0.9993458529487147
0.9993401471524872
0.9993330803635269
0.9993260300865185
0.999317802748558
0.9993091323585177
0.9993003841430526
0.9992907764306663
0.9992806310751607
0.9992699255480064
0.9992589200837932
0.9992475152607813
0.9992356261408982
0.9992234918548614
0.9992112792186827
0.9991989106918373
0.9991862458421488
0.9991737440532236
0.9991613197324507
0.9991488688284001
0.999136445924432
0.9991237803186203
0.9991117612190175
0.9990999868480747
0.9990878948206176
0.9990764943590037
0.9990661055582261
0.9990558544598097
0.9990461168476336
0.999036984649286
0.9990284832097857
0.9990205407678376
0.9990128379417463
0.9990062947077553
0.9990000460871756
0.9989949815319503
0.9989899071148399
0.9989858214080783
0.9989822713652258
0.9989797940637944
0.9989778294985356
0.9989760368088443
0.9989753060583766
0.9989756316745249
0.9989763899000392
0.9989776792320841
0.998980021887049
0.9989821113609774
0.9989847608281254
0.9989879719430448
0.9989909581540913
0.9989946288687827
0.9989988765603272
0.9990034296169796
0.99900852408469
0.9990137418347744
0.9990191544951392
0.9990247510997212
0.9990304143487189
0.999036977857215
0.9990432692057046
0.9990501586607491
0.9990567436822337
0.9990640825401954
0.9990716748509016
0.9990782497064595
0.9990851675624577
0.9990922565966411
0.9990992967738509
0.9991064285620089
0.9991129719195758
0.9991197551840173
0.9991264814221126
0.9991327457047869
0.9991388335637391
0.9991447091265561
0.9991508026303991
0.9991564478380973
0.9991614435206903
0.9991662598084553
0.9991713897256345
0.9991747574143383
0.9991789273352559
0.9991822562656285
0.9991854908216803
0.9991879786816343
0.9991905187752776
0.9991926550313159
0.9991940927005551
0.9991945801034388
0.999195055433201
0.9991946430199039
0.9991941732946397
0.9991933185223504
0.9991915923312701
0.9991893470375055
0.9991860909392205
0.9991829229223123
0.999178983830876
0.9991747345854917
0.9991703216954123
0.9991650285139019
0.9991588752512226
0.9991520065274663
0.9991453863342912
0.9991378440818776
0.9991300793002399
0.999122239326656
0.9991137844712319
0.999105385212485
0.9990964122855465
0.9990879319042377
0.999078495891377
0.9990695244478651
0.9990600469070915
0.9990508016948028
0.999040728149921
0.999030654297911
0.9990206403646721
0.9990109074417555
0.9990010965822979
0.9989911211649626
0.9989811046033941
0.9989718277707494
0.9989634250225571
0.9989550350525642
0.9989465982179235
0.9989383328160125
0.9989303477194665
0.9989232176789554
0.9989164514283775
0.9989098979938162
0.9989035285113068
0.9988975621617264
0.9988917108635882
0.9988873670491609
0.9988831495329165
0.9988794386336476
0.9988767079303879
0.9988736844533993
0.9988711109828625
0.9988693039232917
0.9988682007644474
0.998867749016052
0.9988681635863554
0.9988682728714726
0.9988689741247969
0.9988703102150943
0.9988727803197122
0.9988748868002626
0.9988777918847727
0.9988809550445026
0.998883989961352
0.9988868943284684
0.998891289612183
0.9988952594532438
0.9988992724574942
0.9989038695823172
0.9989089399193358
0.9989141712682805
0.9989198549995789
0.9989253983900044
0.9989308792890403
0.9989367140903188
0.9989423047412077
0.9989483009896455
0.9989540362238466
0.998960572504317
0.9989661929903533
0.9989718255568826
0.9989774458110012
0.9989829138149067
0.9989884450828928
0.9989939605289239
0.998998708017936
0.9990033576097763
0.9990084979610381
0.9990129037379782
0.9990169775930049
0.999020786676378
0.9990244816063101
0.9990273917822668
0.9990305009362819
0.999032745476946
0.999034672881022
0.9990361793544036
0.9990375934017323
0.9990380866340322
0.9990393711501029
0.9990400397284671
0.9990397620636663
0.9990392284361698
0.9990380390169777
