0.9999988864530245
0.9999983355006303
0.9999969736990842
0.999995419985674
0.999994402041875
0.9999943650713097
0.9999952409632591
0.9999966148191948
0.999997870718652
0.9999984007931542
0.9999979475057765
0.9999966391791238
0.9999951078413571
0.9999940590371797
0.9999939269589797
0.999994718892184
0.9999960206782139
0.9999972996134641
0.9999979230220459
0.9999975457215429
0.99999631569332
0.9999947979805822
0.999993712148955
0.9999935173566568
0.9999942000060627
0.9999954600924971
0.9999967439837348
0.9999974323614825
0.9999971448251912
0.9999959966199758
0.9999945031196992
0.9999933456576275
0.9999930205120829
0.9999936058226783
0.9999948441255478
0.999996140698005
0.9999969170354464
0.999996737120645
0.9999956495348258
0.9999942065265697
0.9999930484480879
0.9999926402448385
0.9999931135717369
0.9999942555033872
0.9999955725495557
0.9999964050851371
0.9999963030413236
0.9999952790711638
0.99999385793353
0.9999926683965946
0.9999922048531059
0.9999925911366956
0.9999937013075785
0.999995000022613
0.9999959051882322
0.9999959008108313
0.9999949496834344
0.9999935382247114
0.9999923323002913
0.9999917980033214
0.9999920941054529
0.9999931060807881
0.999994388251011
0.9999953551912579
0.999995463724347
0.9999946089712058
0.9999932476936849
0.9999920182925096
0.9999914082023532
0.9999916507072059
0.9999926006782336
0.9999938806600324
0.9999948556673424
0.9999950460458328
0.9999942885413426
0.9999929357566014
0.9999916602947182
0.9999909743932172
0.9999911251435228
0.9999919807257243
0.9999932220166761
0.9999942677246134
0.9999945198237588
0.9999938277750668
0.9999925562496227
0.999991289907714
0.9999905501660578
0.9999906008422907
0.9999914161976999
0.9999926584683474
0.9999937484833756
0.9999940629436066
0.9999934661590194
0.999992211114063
0.9999909301589419
0.9999901319195227
0.9999901156926784
0.9999908620928942
0.9999920473291056
0.9999931282522474
0.9999935533010911
0.9999930711109093
0.9999918881819719
0.9999905984102135
0.9999897669770068
0.9999896550867863
0.9999903501407679
0.9999915001665397
0.9999926355895656
0.9999931379951277
0.9999927189626534
0.9999915843644415
0.999990302432712
0.9999894336982096
0.9999892868388032
0.9999898835611796
0.9999910109258952
0.9999921030176437
0.9999926582280918
0.999992297945956
0.9999912337264938
0.9999899816089703
0.9999890814689881
0.999988882400202
0.9999894250308093
0.9999905081885713
0.9999916217169341
0.999992236757629
0.9999919576144481
0.9999909490026714
0.9999897093579224
0.9999888118212643
0.9999886028380401
0.9999891169709892
0.9999901315845096
0.9999912536558381
0.9999918343307257
0.9999916164563588
0.9999906569099873
0.9999894720703139
0.9999885728302956
0.9999882498963831
0.9999886597311523
0.9999896167792912
0.9999906993851585
0.999991371801041
0.9999912419302541
0.9999903963700687
0.9999892695099758
0.9999883420751247
0.999987934783152
0.9999882294552846
0.9999891001045572
0.9999901589597338
0.9999908793347191
0.99999080590655
0.9999899955059306
0.9999888707325117
0.9999879151714922
0.9999875038914893
0.9999877427688921
0.9999885769335
0.9999896618405159
0.9999904309382986
0.9999904542859066
0.9999896775601002
0.9999885363870364
0.999987560062375
0.9999870883459541
0.999987292434182
0.9999881033016124
0.9999891548362173
0.9999899618468299
0.9999900328551108
0.9999893462064819
0.9999882555486869
0.99998730047484
0.9999868013957595
0.9999869053814152
0.9999876179294707
0.999988614832412
0.999989420399178
0.9999895314549461
0.9999889293896465
0.9999878916678229
0.9999869222466203
0.9999864027437411
0.9999864588019339
0.9999870474219555
0.9999880228812815
0.9999888506270597
0.9999890725376545
0.9999885214921508
0.9999875220037914
0.9999865413411875
0.9999859704333904
0.9999859604007777
0.9999865237377846
0.9999874583993204
0.9999883275717749
0.9999886376311143
0.9999881700619728
0.999987194120494
0.9999861659252405
0.9999855590021997
0.9999855180683536
0.9999860550510893
0.9999870120158003
0.9999878700469417
0.9999882148407391
0.9999877390180231
0.999986822158802
0.9999858740173607
0.9999852925052549
0.9999852173466073
0.9999856742823698
0.9999865887945828
0.9999874626248856
0.9999878072260655
0.9999874173104528
0.999986492202637
0.999985493477596
0.9999848133838153
0.9999846812109803
0.9999850844023132
0.9999859207352524
0.9999868142201681
0.9999872489358081
0.9999869657307665
0.9999860802796899
0.9999850908790081
0.9999843695331768
0.999984169728633
0.9999845669283812
0.9999853948858914
0.9999862811609332
0.9999867608227903
0.9999865351638797
0.9999856972653371
0.9999846635168425
0.9999839097185401
0.9999837080161875
0.9999840502921756
0.9999848117939251
0.9999856948383784
0.9999862521420211
0.9999861363757966
0.9999853220658063
0.9999842782620257
0.9999834831729869
0.9999832218850707
0.999983524316304
0.9999842144023308
0.9999850967396404
0.9999856937692486
0.9999856629972365
0.9999849399654848
0.9999839211001001
0.9999830821429965
0.9999827192940467
0.9999829548206082
0.9999836456781206
0.9999845277483085
0.9999851425553451
0.9999851389618599
0.9999844502235312
0.9999834721139499
0.9999826208338288
0.9999822442464185
0.9999824464931856
0.9999831194092041
0.9999839654539275
0.9999845940571739
0.9999846416180175
0.9999840530790246
0.9999830588827188
0.9999821438813664
0.9999817033270433
0.9999818684501693
0.9999825312377802
0.9999833694342066
0.9999840924951283
0.9999842517660938
0.9999837182874431
0.9999827186275144
0.9999817886095875
0.9999813603818966
0.9999814632374637
0.9999820583262665
0.9999828707723961
0.9999835928172777
0.9999838183155286
0.9999833976537543
0.9999824543695451
0.9999815066729191
0.9999809727351653
0.9999809995529431
0.9999815182188134
0.9999822852554467
0.9999830436119578
0.9999833966987558
0.9999830245412061
0.9999821104350114
0.9999812157760828
0.9999806081482694
0.9999805550281164
0.9999809931985566
0.999981750882213
0.9999824988219567
0.9999828605072032
0.9999825495753173
0.9999816163319254
0.9999806314842595
0.9999800504779024
0.9999799898517382
0.9999803901631571
0.9999810861473364
0.9999818859047945
0.9999823239834548
0.9999820907548029
0.999981243362902
0.9999802639381359
0.9999796159442985
0.9999795185508167
0.999979892704641
0.9999805418691348
0.9999813073262159
0.9999817508960539
0.9999816350618678
0.9999808826864124
0.9999798185549297
0.9999790942369621
0.9999789855791572
0.9999793569013077
0.9999799683719589
0.9999806643086185
0.99998123522509
0.9999811874347718
0.9999804121146777
0.9999794200664135
0.9999786803638857
0.9999785247798195
0.9999788391213568
0.9999794654056492
0.9999802136026803
0.9999807301642489
0.9999806954264853
0.9999800600754727
0.9999790678854346
0.9999783192980849
0.9999781186085125
0.999978408977258
0.9999790186645751
0.9999797544235659
0.9999802687983742
0.9999803085131816
0.9999796832440785
0.9999786802521936
0.9999778557439826
0.9999776075823085
0.9999778322996893
0.9999783424639139
0.9999789978347665
0.999979579931172
0.999979747361988
0.9999792496961905
0.9999783139198418
0.9999774733233675
0.9999771756825243
0.9999773774052464
0.9999779335101523
0.9999786089575828
0.9999791459924346
0.9999792500865277
0.9999787241496445
0.9999777883112874
0.9999769388834165
0.9999766209290173
0.9999768203643656
0.9999772900498387
0.9999779272942594
0.9999785039241669
0.9999787305403798
0.9999782926975342
0.999977372354997
0.9999765377335403
0.9999761875973175
0.9999763029377486
0.9999767934441669
0.9999773722664101
0.9999780343994932
0.9999783564361717
0.9999779938039405
0.9999771229908258
0.9999762424518578
0.9999758266654319
0.9999759718672244
0.9999763528781086
0.9999769115211101
0.9999775272008683
0.999977794123905
0.9999775239313728
0.9999767281482564
0.999975849421391
0.9999754245147522
0.9999754616091181
0.9999758656372663
0.9999764436731021
0.999977071061194
0.999977353298075
0.999977117452804
0.9999763118264068
0.9999754415190014
0.9999749432188274
0.9999749709370759
0.9999753157917345
0.9999758692645502
0.9999764574987601
0.9999768324850569
0.9999766400052609
0.9999758944407527
0.9999749731086921
0.9999744855468179
0.9999745076476803
0.9999748640408671
0.9999753978110412
0.9999760438925556
0.9999764149298511
0.9999762755517756
0.999975572547182
0.9999747129724038
0.9999741287503755
0.9999740847778116
0.9999743970830748
0.999974970266431
0.9999755687676078
0.9999759814982517
0.9999758733996702
0.999975185657467
0.9999743058015376
0.9999737322970804
0.9999737211960952
0.9999740782120725
0.9999746441535488
0.9999751976836391
0.9999756771939072
0.9999755917450615
0.9999749739384046
0.9999741153321886
0.9999735215691947
0.9999733921902307
0.999973723491812
0.9999741809386047
0.9999747451252393
0.9999752186031575
0.999975216491854
0.9999745952785486
0.9999736518138895
0.9999730081228723
0.9999728621336691
0.9999731384362552
0.99997362601828
0.9999741998702528
0.9999746561781838
0.9999746924065619
0.999974123092375
0.9999732517590538
0.9999725003396986
0.9999723081214675
0.9999726023564917
0.9999730907199011
0.9999736031457404
0.9999741058731689
0.9999741861086128
0.9999736732969441
0.9999728141946819
0.9999720977866232
0.9999719166809232
0.9999721855675845
0.9999726394545086
0.9999731675916714
0.9999736331404598
0.9999738174726431
0.9999733626538684
0.9999724758644332
0.9999717526099274
0.9999715974007761
0.9999718180883349
0.9999723243278305
0.9999728148657235
0.9999732496204146
0.9999734337049495
0.9999730351553398
0.9999721922948971
0.999971351227986
0.9999711153410205
0.9999713430176657
0.9999718014341096
0.999972261930608
0.9999727968616711
