0.9999996249852494
0.9999991159654428
0.9999982262884067
0.9999980720900148
0.9999987637380193
0.9999993613424958
0.9999991058268383
0.9999982220049517
0.999997804454461
0.9999983407640625
0.9999990554630266
0.9999990369759554
0.9999982237194351
0.9999975977761312
0.9999979077462372
0.999998674895806
0.9999989022447455
0.999998244560563
0.9999974679127205
0.9999975148737859
0.9999982378852571
0.999998684743889
0.9999982288058546
0.9999973807902196
0.9999971866320969
0.999997811202333
0.9999984171046826
0.9999982182498592
0.9999973773792529
0.9999969261385409
0.9999973804663008
0.999998074262909
0.9999981202317102
0.99999736294567
0.9999967218952951
0.9999969773165372
0.9999976970434484
0.999997968039193
0.9999973617895994
0.9999965992278612
0.9999966025261313
0.999997270537596
0.9999977188261249
0.9999973320085032
0.9999965196915057
0.9999962788358945
0.9999968318067866
0.999997444987087
0.9999972890719278
0.9999964939534043
0.9999960593038018
0.99999644943487
0.9999971198875133
0.9999971994319516
0.999996503019005
0.9999958771589026
0.9999960788453587
0.9999967544087166
0.9999970525155012
0.999996501331744
0.9999957384715028
0.999995698111527
0.9999963246437091
0.9999967762072813
0.9999964541337876
0.9999956407627256
0.9999953799368507
0.9999959018051586
0.9999964985234644
0.9999963816266886
0.999995589312869
0.9999951012470605
0.9999954740461658
0.9999961504596376
0.9999962563997953
0.9999955826324617
0.9999949328993741
0.9999950928725018
0.9999957609990195
0.9999960726673791
0.999995578253314
0.9999947963639529
0.9999947200542575
0.9999953194972977
0.9999957987946488
0.999995530556526
0.9999947413528009
0.9999944219899546
0.9999949334800406
0.999995529584885
0.9999954692653993
0.9999947170178378
0.9999941788076967
0.9999945058244712
0.9999951704750644
0.999995338227623
0.9999947128761368
0.9999940039484535
0.999994122905196
0.9999947757513107
0.9999951221617457
0.9999946684210167
0.9999938935027833
0.9999937353186658
0.9999943321989861
0.9999948420523599
0.9999945919141003
0.9999938195888424
0.9999934647336892
0.9999939230766571
0.9999945484282121
0.9999945289205456
0.9999938100856729
0.999993251365074
0.9999935272787084
0.9999941802653248
0.9999943790570215
0.999993822304745
0.9999931063818973
0.9999931661462123
0.9999938100220752
0.9999941916901823
0.9999937993588307
0.9999930568102182
0.9999928841833611
0.9999934532542277
0.9999939741882515
0.9999937894176205
0.999993032990079
0.9999926620037016
0.9999930601537129
0.9999936725417568
0.9999936553686445
0.9999929701073516
0.9999924061646527
0.9999926421911849
0.9999932339179727
0.9999934660588519
0.9999929353345631
0.9999922366870787
0.9999922192085825
0.9999928036894011
0.9999932314514921
0.9999929072407251
0.9999921743900368
0.9999919339779505
0.9999924501993072
0.9999929936877816
0.9999928571081832
0.9999921570572083
0.99999174088343
0.9999920987996883
0.9999927186629944
0.9999927757590152
0.9999921607314464
0.9999915756031972
0.9999917285644104
0.9999923335225808
0.9999925818876825
0.9999920852949735
0.9999914270835808
0.9999913817539019
0.9999919258996717
0.9999923566440151
0.9999920482181808
0.9999913694091985
0.9999910962764413
0.9999915665708055
0.9999920910917259
0.999992022593141
0.9999913515393384
0.9999908987862435
0.9999911930725505
0.9999917562604225
0.9999918424967386
0.9999912283620886
0.9999906553159453
0.9999907701157366
0.9999913504282921
0.9999916410703956
0.9999912092617544
0.9999905309745167
0.9999904562986015
0.9999909717664119
0.9999914118776468
0.9999911287953447
0.9999905027950983
0.9999902159617526
0.9999906098378311
0.9999911278543179
0.9999910998597054
0.9999904489531497
0.9999899556848763
0.9999902172597224
0.9999907826926032
0.9999909305929224
0.9999903923902866
0.9999897938612521
0.9999898763549031
0.9999904103469217
0.9999907070381413
0.9999903432654763
0.9999896827031752
0.9999895256153485
0.9999900098210912
0.999990430780583
0.9999901910015935
0.9999895745063145
0.9999893000128394
0.9999896417567004
0.9999901685427447
0.9999901384284918
0.9999895342012627
0.999989065821853
0.9999892722900717
0.9999897701307445
0.9999898966453752
0.9999894559566432
0.9999888600836324
0.9999888866613119
0.9999894125870435
0.9999897195409624
0.9999893605149386
0.9999887177756839
0.9999885286113899
0.9999889620785021
0.9999893773958728
0.9999892243885271
0.9999886114888253
0.9999882574262318
0.9999885463040772
0.9999890662999854
0.9999890662243933
0.9999885220217667
0.9999880716630337
0.999988202532048
0.999988735004661
0.9999888948331858
0.999988456340868
0.9999878533016433
0.9999878407399103
0.9999883286592153
0.9999886738436323
0.9999883444008657
0.9999877159409153
0.9999874914233275
0.9999878897732409
0.9999883544669526
0.9999882088041561
0.9999876073119073
0.9999872187255852
0.9999875340498929
0.9999880470286931
0.9999880948260876
0.9999875797415985
0.9999870687878348
0.9999871765213572
0.9999876745927592
0.9999878970204638
0.9999874712620432
0.9999868861207815
0.9999868021510082
0.9999872989612556
0.9999876498646274
0.9999874135385626
0.9999868254355426
0.999986603310835
0.9999870070170818
0.9999874513249097
0.999987360306531
0.9999868309167532
0.9999864226878369
0.9999866199883638
0.9999871444521826
0.9999872513384026
0.9999867850728243
0.9999862579279128
0.9999863265167472
0.9999868196012401
0.9999870727160914
0.9999867477791827
0.9999861676739118
0.9999860609089228
0.9999864708583117
0.9999868451797718
0.9999866201476858
0.9999860604218037
0.99998574106607
0.9999860662140332
0.9999865450055139
0.9999864820453233
0.9999859595111954
0.9999854872168212
0.9999857027843351
0.9999862190585296
0.999986366165061
0.9999859836085341
0.9999854057642964
0.9999854335039817
0.999985914037448
0.9999862205696556
0.9999859376287683
0.9999853459587802
0.9999851998251249
0.9999856405860487
0.9999860047880662
0.9999858818628737
0.9999853094227522
0.9999849721270155
0.9999852751197557
0.9999856928367905
0.9999857517142094
0.9999852236691945
0.9999847698484644
0.999984891102626
0.9999853836305593
0.9999855958444428
0.9999852415690893
0.999984666604114
0.9999846506561555
0.9999850879947979
0.9999854017065428
0.9999851300140151
0.9999845537237193
0.9999843806940706
0.9999847583863366
0.9999851631683586
0.9999850649519937
0.9999845255079706
0.9999842000779335
0.999984468433618
0.9999849202249212
0.9999850066033568
0.9999844841943011
0.9999839589268311
0.9999840732273108
0.9999845088302134
0.9999847505695653
0.9999844139363554
0.9999838782318663
0.9999838102796281
0.9999842523001594
0.9999845580095666
0.9999843277315933
0.9999837547796493
0.9999835387474398
0.9999838925359296
0.9999842756976858
0.9999841817501743
0.9999836315206172
0.999983267067864
0.9999834739899433
0.9999839248231881
0.9999840234207445
0.9999835954123449
0.9999830812547157
0.9999831274526133
0.9999835227179178
0.9999837225891288
0.9999834496423022
0.9999828701541557
0.9999827444143102
0.9999831311632604
0.9999834142069965
0.9999832364979133
0.9999826898456669
0.9999824295592561
0.9999827019867389
0.9999830891960404
0.9999830673551444
0.9999825636031265
0.999982184258423
0.9999823598604931
0.999982770492971
0.9999829039858161
0.9999824868540309
0.99998196038572
0.9999819757157925
0.9999823607775422
0.9999826343588888
0.99998236899795
0.9999818197427719
0.999981655758943
0.9999820263757996
0.9999823482628224
0.9999822292573686
0.9999816882459645
0.9999814288579084
0.9999816884176022
0.9999820645433418
0.9999820505479471
0.9999815667749257
0.999981161292256
0.9999813252146017
0.9999817108170831
0.9999818799982447
0.9999815225047539
0.9999810243536322
0.999981079068241
0.9999815281297889
0.9999817316362198
0.9999814729183258
0.9999809309378798
0.9999807923072173
0.9999811721537485
0.999981466749548
0.9999814260900534
0.9999809376868971
0.9999806392735454
0.9999808879665458
0.9999812553299527
0.9999812947785407
0.9999808403667444
0.9999804055664732
0.9999805067055826
0.9999808784641163
0.9999809772995657
0.9999805948406917
0.9999801155220874
0.99998010341027
0.9999804465344305
0.9999806864375224
0.9999804618188206
0.9999799703636043
0.9999797641119377
0.9999800827106349
0.999980428057026
0.9999803534904746
0.9999798912980404
0.99997958132163
0.9999797552325941
0.9999800556075119
0.9999801222838841
0.9999797808249675
0.9999793536353763
0.9999794821582852
0.9999798217259642
0.9999799948305379
0.9999797207232403
0.9999792674121005
0.9999791857931934
0.9999795623439296
0.9999798207399259
0.9999796527474072
0.9999791727415963
0.9999789816659435
0.9999793121275731
0.999979594641239
0.999979503900939
0.9999790855592213
0.9999787235693925
0.9999788579991084
0.9999792355406785
0.9999793426341513
0.9999789823512941
0.9999784918506291
0.9999785536565374
0.9999789689748505
0.9999791462714942
0.9999789178195218
0.9999784575322023
0.9999783029881754
0.9999786720860796
0.9999789355343685
0.9999788423202193
0.9999784191609646
0.9999781836410595
0.9999784332821503
0.9999787410000172
0.999978657171003
0.9999782374289641
0.9999778610568231
0.9999779897758302
0.9999784080130513
0.9999784791962388
0.9999781904069939
0.9999777688081134
0.9999777705025024
0.9999781374605151
0.9999782940669144
0.9999780535310717
0.999977620951303
0.9999774984256128
0.9999778001334457
0.9999780750692986
0.9999778978940101
0.9999774393804249
0.9999771871903986
0.9999774283567543
0.9999777393629693
0.9999777361816857
0.9999773736907065
0.9999770494678174
0.9999771727981811
0.9999775054163795
0.9999776302734346
0.9999773545887902
0.9999769059496229
0.999976886642453
0.9999772035934688
