0.9999999552758682
0.9999997371968529
0.9999998560305042
0.9999996913391773
0.9999997296230454
0.9999996611010833
0.9999995860279451
0.9999996319011957
0.9999994659227964
0.9999995877739276
0.9999993692501145
0.999999505096024
0.9999993051890387
0.9999993946411819
0.9999992675334243
0.9999992545555394
0.999999236946656
0.999999102993665
0.9999991954181597
0.9999989951651301
0.9999991211742129
0.9999989061223683
0.9999990312713507
0.9999988718062781
0.9999989080604911
0.9999988396881164
0.9999987684362787
0.9999988143861523
0.9999986392897432
0.9999987572576603
0.999998540630763
0.9999986761104005
0.9999984838992857
0.9999985682353452
0.9999984552232257
0.9999984390310716
0.9999984359743698
0.9999983102681136
0.999998390034974
0.9999981917443221
0.9999983203799718
0.9999981126725019
0.999998215232601
0.9999980529225201
0.999998082192449
0.9999980182489068
0.999997957244136
0.9999979968103476
0.9999978382411008
0.999997946887687
0.9999977421851386
0.99999786232755
0.9999976786229512
0.9999977474928317
0.9999976252361902
0.999997599307557
0.9999975837255561
0.9999974596527066
0.9999975361584558
0.9999973628051838
0.9999974930881801
0.9999973067831835
0.9999974191556708
0.9999972604653597
0.9999972932316417
0.9999972289885017
0.9999971547661386
0.9999971825248366
0.9999970191106556
0.9999971132975621
0.999996912481
0.9999970351449455
0.9999968334696094
0.9999968957419345
0.9999968043933594
0.9999967934671925
0.9999967899841563
0.9999966848217454
0.9999967618232968
0.9999965773943423
0.9999966995136164
0.9999964970719362
0.9999966002440283
0.9999964486886993
0.9999964710279783
0.999996399810402
0.9999963379890601
0.9999963606304394
0.9999962194102696
0.9999963319370937
0.9999961283035294
0.9999962230047573
0.9999960707963862
0.999996125697238
0.999996027168235
0.9999960215106136
0.9999960147110106
0.9999959203265829
0.9999959792412345
0.9999958009763263
0.9999959096638349
0.9999957223366485
0.999995819401305
0.9999956899955897
0.9999957161661891
0.9999956555241742
0.9999956013313505
0.9999956416024985
0.9999955060212478
0.9999956131032129
0.9999954338222803
0.9999955186319384
0.9999953343456609
0.9999954042039261
0.9999953005903122
0.999995277096533
0.999995266916088
0.9999951757859505
0.9999952294521955
0.9999950560566606
0.9999951463182607
0.9999949625548249
0.9999950408661807
0.9999948766012435
0.9999948965689452
0.9999948147893655
0.9999947129701002
0.9999947451530489
0.9999945991217937
0.9999946793584413
0.9999944913981
0.9999946010008998
0.9999944367716114
0.9999944960310883
0.9999943980398777
0.9999943540515884
0.999994323067593
0.9999942075810906
0.9999942852715504
0.9999941206744335
0.9999942262954895
0.9999940628655318
0.9999941279901527
0.9999939963744916
0.9999940139537642
0.9999939633906393
0.9999938769327429
0.9999939264458674
0.9999937490378756
0.9999938290315169
0.9999936393250897
0.9999937297370737
0.9999935813886052
0.9999935831660229
0.9999935168564034
0.9999934645970501
0.9999934406958984
0.9999933194799755
0.9999933794871287
0.9999931868562777
0.9999932799368736
0.9999931073721343
0.9999932087714362
0.9999930827890489
0.999993098051736
0.9999930626136402
0.9999930159593776
0.9999930517690518
0.9999929271297889
0.9999930315900597
0.9999928314211369
0.9999929421317437
0.9999927918468345
0.9999928330760687
0.9999927310726483
0.9999927319887728
0.9999926874416443
0.9999925964069267
0.9999926698827545
0.9999925128810659
0.9999926188895742
0.9999924516607389
0.9999925248114014
0.9999923966308562
0.9999924349206918
0.9999924080708059
0.9999923253705795
0.9999923351432187
0.9999921946231997
0.9999922430633325
0.999992069833072
0.9999921449883146
0.9999919860777625
0.9999920658897244
0.9999919630088906
0.999991931978949
0.9999919338507494
0.9999918316295585
0.999991862406866
0.9999916964128209
0.9999917693495315
0.9999916508790507
0.9999917287622968
0.9999916153578454
0.9999915958426949
0.9999915293871097
0.9999914586361187
0.9999914964183108
0.9999913554853381
0.9999914477855977
0.9999912816066436
0.9999913129354628
0.9999911458840214
0.9999912332530562
0.9999911296122861
0.9999911035188941
0.9999910967448283
0.999990982320692
0.9999910538315341
0.9999908716092545
0.9999909575899234
0.9999908016343154
0.9999908803460047
0.9999907560105364
0.9999907671986191
0.9999907049629728
0.999990633523993
0.9999906602581594
0.9999905054565673
0.9999905941201875
0.9999904164727311
0.9999904864337368
0.9999903495326029
0.9999904145558843
0.999990309702463
0.9999902627739775
0.9999902767193775
0.9999901702256603
0.9999902095556125
0.9999900288383422
0.9999901484147609
0.9999899774418582
0.9999900422595867
0.999989916879505
0.9999899069869155
0.9999898527749197
0.9999897761133637
0.9999897943452634
0.9999896416103885
0.9999897416945707
0.9999895968679167
0.9999896953838704
0.9999895638583142
0.9999895699924791
0.9999894814820022
0.999989419829171
0.9999894105788911
0.9999893047153479
0.9999893381912776
0.9999891906009705
0.9999892872605888
0.9999891749138842
0.9999892468544131
0.9999891703915562
0.9999891945629753
0.9999891166483791
0.9999890353596944
0.9999890358075756
0.9999888768223997
0.9999889699172371
0.9999888151545071
0.9999889029236682
0.9999887512429844
0.9999888119537559
0.9999887401161875
0.9999887300322658
0.999988690595466
0.9999885527778833
0.9999886133901206
0.9999884946826146
0.999988587346171
0.9999884231711839
0.9999885050176971
0.999988369799113
0.9999883432798392
0.9999882694739589
0.999988205208876
0.9999882083925559
0.9999881059005356
0.999988193980702
0.9999880299413594
0.9999880987529645
0.9999879415486996
0.9999879819838756
0.9999878963205727
0.9999878620103066
0.9999878586696326
0.9999877426500717
0.9999878014446261
0.99998764914026
0.9999877320643067
0.9999875796450313
0.9999876315579311
0.9999874814129791
0.9999874753260806
0.9999874736558414
0.999987398001657
0.9999874019632529
0.9999872796339644
0.9999873513741452
0.9999872542547895
0.99998730555271
0.9999871631480762
0.9999872441852333
0.9999871799897565
0.9999871196974427
0.9999870911306996
0.9999870266152415
0.9999870588677194
0.9999869438230543
0.9999870205429341
0.9999868734979289
0.9999869445018973
0.9999868078339638
0.9999868177917987
0.9999868006338901
0.999986716168868
0.9999867081426739
0.9999866137402333
0.9999866631476122
0.9999864915667389
0.9999865874532217
0.9999864422783079
0.9999864498405181
0.9999863583481421
0.999986309145874
0.9999862635551854
0.9999861846350236
0.9999862147882977
0.999986065937876
0.9999861353765512
0.9999859680326371
0.9999860211704054
0.9999858468649228
0.9999858831989346
0.9999858322804359
0.999985747621281
0.9999857215509004
0.9999855849733871
0.9999856532431243
0.9999855048953824
0.9999855917582072
0.9999855189811794
0.9999855815553144
0.9999854918434493
0.9999855171605249
0.999985479014301
0.999985378357578
0.9999854177575043
0.9999852842303346
0.9999853846565543
0.9999852138796896
0.9999852720722632
0.9999850985590363
0.9999851147639983
0.9999850060123067
0.9999849484727427
0.9999849728810539
0.9999848684378926
0.9999849193826281
0.9999847839529549
0.9999848778808075
0.9999847588301766
0.9999847840248607
0.9999846732222774
0.9999846417246019
0.9999846519080926
0.9999845667457167
0.9999846209338903
0.9999844884215573
0.9999845319729911
0.9999843517890145
0.9999844215294351
0.9999843272305272
0.9999843231198394
0.9999842909269381
0.9999842073269732
0.9999842550582673
0.9999841082546732
0.9999841496874816
0.9999840311799875
0.9999840680261719
0.9999839534381565
0.9999840061819654
0.9999839192104224
0.9999838867460791
0.9999838633662944
0.9999838180818539
0.9999838564758576
0.9999837311496083
0.9999838264645609
0.9999836793101317
0.999983733095078
0.9999836300526305
0.99998362661758
0.9999835845365032
0.9999835227281634
0.9999835564073394
0.9999834532806617
0.9999834929318663
0.9999833452232398
0.9999833772650231
0.9999832693293613
0.999983316383799
0.9999831939510588
0.9999831641606008
0.9999831631901226
0.9999831093065974
0.9999831052369489
0.9999829768413548
0.9999830621541081
0.9999829011204181
0.9999829119472519
0.9999827965048145
0.9999828158205133
0.9999827580804644
0.9999827169798333
0.9999826888805357
0.9999825772966536
0.9999826156496755
0.9999824689444706
0.9999824997395853
0.9999823711359503
0.9999823640821135
0.9999823141521816
0.9999822963386328
0.9999822805447858
0.9999821827103728
0.9999822380892862
0.999982132037316
0.9999821493461424
0.9999820236403426
0.9999820820691115
0.999981975973576
0.9999819897163539
0.9999819071515949
0.9999818044944616
0.9999817810519683
0.999981752678466
0.9999817788092945
0.9999816170408449
0.9999816305939191
0.9999815055525465
0.9999814910432178
0.9999814375975571
0.9999813719844567
0.9999813925267568
0.9999813230318655
0.999981319518256
0.9999812181007214
0.9999812444755518
0.9999811461137703
0.9999811832155897
0.999981036045783
0.9999810511624689
0.9999810334016241
0.9999810134385905
0.9999809816962131
0.9999808814580339
0.9999809023438887
0.9999807545113238
0.9999807818600703
0.9999806474347605
0.9999806515658226
0.9999805715653444
0.9999805547086676
0.9999805447095652
0.999980504108785
0.9999805657537603
0.9999804578552909
0.9999804974638787
0.9999803289378496
0.9999803587404671
0.9999802870144491
0.9999802917511335
0.999980276345642
0.9999802529180204
0.999980246077411
0.9999801704418209
0.9999802146383254
0.99998005518895
0.9999801005863436
0.9999799695910331
0.999979979810008
0.9999799401636327
0.9999798986100036
0.9999799316853483
0.9999798451318128
0.9999798465063654
0.9999796775948966
