0.9999995824779824
0.9999990281179738
0.9999981126036668
0.9999978921264878
0.9999984266430176
0.9999991769511649
0.9999992187001426
0.9999983606677515
0.9999976791154893
0.999997826112531
0.9999985482642244
0.9999990855100475
0.9999986491625096
0.9999977326066039
0.9999974136025539
0.9999978680769221
0.9999986258686316
0.9999987961853231
0.9999980057647799
0.9999972590220723
0.9999973228079467
0.9999979879853188
0.9999985901929046
0.9999982745121092
0.999997350228159
0.999996935130292
0.9999973218753405
0.9999980624005719
0.9999983203371312
0.9999976138387342
0.9999968399149455
0.9999967963291191
0.9999974026821578
0.9999980492297691
0.9999978307295596
0.9999969668138482
0.9999964790334935
0.9999967652611499
0.9999974958237885
0.9999978284274567
0.9999972109645793
0.9999964077738628
0.9999962596766099
0.9999968170123069
0.9999974757635993
0.9999974012716234
0.9999965896712909
0.9999960090385694
0.9999962082297461
0.9999969176825637
0.999997322755438
0.9999968110212507
0.9999959954276736
0.9999957573256026
0.9999962435362709
0.999996949290877
0.9999969490232186
0.9999961709312233
0.99999552590824
0.99999566609614
0.999996343230264
0.9999967861638035
0.9999963908995422
0.999995552172431
0.9999952386012333
0.9999956565030871
0.999996359793029
0.9999964609815541
0.9999957594768657
0.999995055135277
0.9999950738974753
0.9999957047618694
0.999996225283484
0.9999959212279027
0.9999950896809381
0.9999947033708874
0.9999950591071523
0.9999957417643976
0.9999959708682693
0.9999953207140297
0.999994601151952
0.9999945740864855
0.9999951606453242
0.9999957517742493
0.9999955220814563
0.9999947084030988
0.9999942542273776
0.9999945303686919
0.999995201763999
0.9999954867443497
0.9999949222658965
0.9999941561295611
0.9999940180962904
0.9999945359782804
0.9999951456407026
0.9999950563384724
0.9999942854590131
0.9999937569160241
0.999993949720937
0.9999945942801922
0.9999949979891928
0.9999945254900838
0.9999937405684453
0.9999935241382852
0.9999939814655838
0.9999946110641741
0.9999946202203671
0.9999938921447394
0.9999933047641218
0.999993426929431
0.9999940556055433
0.999994489390919
0.9999941247575028
0.9999933255806233
0.9999930367755783
0.9999934446033956
0.9999940761461483
0.9999942053211869
0.9999935582577306
0.9999929039917005
0.9999929542080315
0.9999935477019808
0.9999940333150285
0.9999937591548593
0.9999929823060532
0.9999926062899861
0.9999929253104246
0.999993567701199
0.9999937596644475
0.9999931544114078
0.9999924610089884
0.9999924365499886
0.9999929792267571
0.9999934918058677
0.9999933140172081
0.9999925708080348
0.9999920955601839
0.9999923700590995
0.9999929985957341
0.999993283474295
0.9999928090520176
0.9999920734261566
0.9999919460558742
0.9999924677385974
0.9999930329060959
0.9999929335451168
0.9999922065963723
0.9999916953742123
0.9999919076800482
0.9999925160053706
0.999992845427379
0.9999924329821366
0.9999917394858178
0.9999914844474349
0.9999919223958961
0.9999924991729549
0.9999924890661156
0.9999918505682085
0.999991275241939
0.9999913931690324
0.9999919975085678
0.9999923960990358
0.9999920545951061
0.9999913212924474
0.9999910203094817
0.999991405046424
0.9999920300274576
0.9999921226467396
0.9999915225825249
0.999990917261833
0.9999909202864085
0.9999914860847994
0.9999919204227544
0.999991632479612
0.9999909300241434
0.9999905618635514
0.9999908760044391
0.9999914723643303
0.999991648645521
0.9999910761440658
0.9999904313893492
0.9999903552869568
0.9999908941973017
0.9999913736683994
0.9999911801099923
0.9999904777315236
0.9999900166299962
0.9999902845213299
0.9999908872099896
0.9999910981669484
0.9999905905040343
0.9999899310205389
0.9999897801597469
0.9999902812022563
0.9999908105156438
0.999990693907581
0.9999900154294975
0.9999895592377263
0.9999897350077356
0.9999903468450636
0.9999906163618464
0.9999901900227978
0.9999895613374433
0.9999893659317702
0.9999897657429655
0.9999903302691358
0.9999903082948736
0.9999896455126767
0.9999891398783127
0.9999892338585893
0.9999897964183484
0.9999901824109112
0.9999898417179873
0.9999891434043836
0.9999888618848619
0.9999892346955057
0.9999897880714217
0.9999898506684315
0.99998927582651
0.9999886878638111
0.9999887187646028
0.9999892139927424
0.9999896439894745
0.9999893816884193
0.9999886992090513
0.9999883326173097
0.9999886343273073
0.9999892132195041
0.9999893610679411
0.9999888287070148
0.9999881956222731
0.9999881125279163
0.9999885676216432
0.9999890444427536
0.9999888712316872
0.999988209276035
0.9999878007616938
0.9999880302497489
0.9999886323400163
0.9999888660886652
0.999988417176565
0.9999878005364317
0.9999876228185498
0.9999880003403653
0.999988529608254
0.9999884448518997
0.9999878268645632
0.9999873612937602
0.9999875124093931
0.9999880886002793
0.9999884279888603
0.9999880348696536
0.9999873948537347
0.9999871815145698
0.9999875427992729
0.9999880555922754
0.9999880281606748
0.9999873964709537
0.9999869344474944
0.9999870024167176
0.9999875405802495
0.999987916678956
0.999987564303164
0.9999869365345504
0.9999866847954892
0.999986975661515
0.9999875005687113
0.9999875815354402
0.9999870276399643
0.9999864957839857
0.999986529009047
0.9999869967252158
0.9999873906710669
0.9999871220373743
0.999986454366307
0.9999861568895794
0.9999863968304878
0.9999869365544342
0.9999871143626674
0.9999866290849759
0.9999860771655775
0.999986007154642
0.9999864265705337
0.9999869086073566
0.9999867074033679
0.9999861123806759
0.9999857509597195
0.999985952132499
0.9999864696774436
0.9999866863991832
0.9999861994899559
0.9999856711597357
0.9999855240893794
0.9999858846172769
0.9999863700423269
0.9999862755414902
0.9999856911121043
0.9999852728339916
0.9999853765067896
0.9999858598015694
0.9999861367430092
0.9999857188478996
0.9999851626266755
0.9999850017521772
0.9999853230274284
0.9999858408198657
0.9999858278421495
0.9999852560730838
0.9999848547091218
0.9999849331819727
0.9999854205165799
0.9999857130162332
0.9999853668111021
0.9999848278128383
0.9999846051918517
0.9999848422025717
0.9999853504792104
0.9999853913856995
0.9999848127490466
0.9999843552935842
0.9999843218871621
0.9999847441201442
0.9999851102639774
0.9999848044784302
0.9999842138315723
0.9999839601807023
0.9999841772135107
0.9999846596687053
0.9999847396647676
0.9999842912817958
0.9999838129589911
0.9999837640770247
0.9999841408945019
0.9999845625099364
0.9999843365848603
0.9999837836741976
0.9999834774131916
0.9999836151808016
0.9999841268679714
0.9999842699700857
0.9999838172300094
0.9999832929465499
0.9999832052254826
0.9999835650518776
0.9999840632200753
0.999983893257913
0.99998330207164
0.9999829536923673
0.9999830466353304
0.9999835235871696
0.999983803517973
0.999983421661809
0.9999828857367549
0.9999827318680504
0.9999830252605404
0.9999834872009064
0.9999834104123005
0.9999828463256519
0.9999824595665006
0.9999824694190397
0.9999829420280582
0.999983255564107
0.9999829661064036
0.9999824347852673
0.9999822509478394
0.9999825172911507
0.9999829684425092
0.9999830139816613
0.9999824471322913
0.9999820357877249
0.9999820511067469
0.9999824028282515
0.999982748174398
0.9999825144008948
0.9999819866968261
0.999981737311336
0.9999818999080913
0.9999823295651885
0.9999824477925489
0.9999819936377319
0.9999815289388639
0.9999815204028125
0.9999818442520075
0.9999822355248152
0.9999821290501241
0.9999815995839877
0.9999812816760243
0.9999814449842631
0.9999818160159276
0.9999820364157632
0.9999816640998023
0.9999811655507286
0.9999810784138187
0.9999814054574904
0.9999818124318017
0.9999817459817042
0.9999811648175008
0.999980865983519
0.9999809832905747
0.9999813462585575
0.9999815841886874
0.9999812561472524
0.9999807858301986
0.9999806079736752
0.9999808431690779
0.9999812714935432
0.9999812364122858
0.9999808059989387
0.9999804716831872
0.9999804909640226
0.9999808553842403
0.9999811588973554
0.9999809090705984
0.9999804277376414
0.999980226415084
0.9999804439523693
0.9999808734223231
0.9999809370159194
0.9999804613950174
0.9999800561029449
0.999980024983333
0.9999804066493765
0.9999807070301834
0.9999804762757718
0.9999800275794304
0.9999798194053222
0.9999799861856742
0.9999803909112586
0.9999805263459943
0.9999801052571093
0.9999796741244704
0.9999795928107083
0.9999799291134451
0.9999802710579434
0.9999801095668381
0.9999796421790966
0.9999792784658007
0.9999794056279285
0.9999798588296097
0.9999800213574771
0.9999796179842728
0.9999791389126755
0.9999790184982655
0.9999793431159116
0.9999797341954014
0.9999796756460326
0.9999791844080109
0.9999788449419105
0.9999789018379874
0.999979348720479
0.9999795796976774
0.9999792585003162
0.9999788293546219
0.9999786500545915
0.9999788618356815
0.9999792349716604
0.9999792115283228
0.9999787264031565
0.9999783217617606
0.9999782937529897
0.9999786643477188
0.9999789131605515
0.9999786576932264
0.9999782263664686
0.9999779664160681
0.9999781868466608
0.9999786042921261
0.9999786948826238
0.9999783003963033
0.9999778968248018
0.9999778509517976
0.9999781916129862
0.9999784811122401
0.9999783184025307
0.9999778026623909
0.9999775102302689
0.9999776994519725
0.9999781392868984
0.999978277352435
0.9999779355534185
0.9999774917768425
0.9999774192340509
0.9999777149882111
0.9999780183373322
0.9999778565909834
0.999977382829968
0.9999770484905746
0.999977152241328
0.9999775413394194
0.9999776641328847
0.9999773519792692
0.9999768904824903
0.9999766965944397
0.99997694748992
0.9999772834069317
0.9999771995924055
0.9999767309955259
0.9999763749779651
0.9999764341727334
0.9999768452964852
