0.9999999351407759
0.9999832784519068
0.9999679833416865
0.999951187923959
0.9999356057630053
0.999920004341493
0.9999054630108719
0.9998930217985919
0.9998760032535895
0.9998620544684091
0.9998465206341188
0.9998306549700734
0.9998119956908631
0.9997929023942116
0.9997755144319282
0.9997580898168248
0.9997445433167532
0.9997288131756318
0.9997160778752708
0.9996988526818334
0.999677665650622
0.9996600090132719
0.9996419830859916
0.9996306842524204
0.9996180965923057
0.9996008668922102
0.9995831357020668
0.9995645466639445
0.9995502726223542
0.9995333791607304
0.9995165566876676
0.9995024382577152
0.9994876323279653
0.9994732410660364
0.9994558602684667
0.9994416529968719
0.9994275667117872
0.9994136478666709
0.9993945202308604
0.9993777522466512
0.9993616738898029
0.9993390519129038
0.9993214963684305
0.9993086489881859
0.9992899896138614
0.9992762928573802
0.9992624489276846
0.9992361628964874
0.9992244132816908
0.99921162952055
0.9991929090361312
0.9991778160659763
0.9991664289400853
0.9991539102852758
0.9991414538094955
0.9991206829064845
0.9991045933517467
0.9990901024593234
0.9990693016528694
0.9990554378409644
0.9990470108518846
0.9990291210111882
0.9990128256898715
0.999001949275853
0.9989870909021145
0.9989749674728993
0.998965529464692
0.9989549870851597
0.998940652658465
0.9989200345788517
0.9989034963805405
0.9988819756405211
0.998860087727005
0.9988355758894212
0.9988153821975738
0.9987966880354725
0.9987785512510603
0.9987562917700318
0.9987324365070516
0.9987133268868207
0.998700608105372
0.998686942093586
0.9986709739048197
0.9986588652624664
0.9986278839366431
0.9986097546870433
0.9985936384082185
0.9985796220127027
0.9985639416675445
0.9985427489566803
0.9985311091659763
0.9985072590770758
0.9984858502650906
0.9984692569717273
0.9984564153350984
0.9984456010311293
0.9984319940315717
0.9984197160217536
0.9984095036289743
0.998390661042032
0.9983645359681559
0.9983486173358437
0.9983215698197049
0.9983006602472008
0.9982926806107965
0.9982794800463581
0.9982587370518757
0.9982435255907676
0.9982216743960178
0.9982074836196698
0.9981854594365276
0.9981629792412847
0.9981426304855164
0.9981320628559521
0.9981151983053085
0.9981031634513203
0.9980845432400963
0.9980670039331907
0.9980497085164128
0.9980295461731771
0.998019594577073
0.9980028305226067
0.997985316250487
0.9979685585483637
0.9979468480148526
0.9979249423740411
0.997917796413024
0.9979008923813161
0.9978772857908537
0.9978621101840568
0.9978522472390796
0.9978408506933941
0.9978208568959058
0.9978086989990552
0.997794839223683
0.9977787890473568
0.9977589015367091
0.9977373391901818
0.9977199934363042
0.9977070726629076
0.9976761063763342
0.9976556693313946
0.9976555111245533
0.9976375277172377
0.9976151151054474
0.9975911838676336
0.9975723356416049
0.9975544358834499
0.9975390739069725
0.9975290149185855
0.9975096232681179
0.9975016682578701
0.99749065201092
0.9974862343382054
0.9974796619799625
0.9974598166810711
0.9974450099309048
0.9974379470728535
0.9974246474510428
0.9974072988272704
0.9973798721034011
0.997355740614749
0.9973297859488037
0.9973188404654706
0.9973099904721261
0.9972962734137647
0.9972732480095026
0.9972452899355544
0.9972316947716678
0.9972201663966084
0.9972130435860046
0.9971865900750605
0.9971747053884845
0.9971671326346624
0.9971489896151708
0.9971396396540328
0.9971315066143281
0.9971246434856567
0.9971117134122431
0.9970869910305701
0.9970787404710024
0.9970536699150517
0.9970316190772596
0.9970109297229266
0.9970001601707206
0.9969735966783837
0.9969592510512251
0.996944490980306
0.9969394034173479
0.9969348293339143
0.9969311759983553
0.9969254900087102
0.9969153835691065
0.9968908711336244
0.9968687474608696
0.9968543685474258
0.996832806868592
0.9968214955151146
0.9968035605797517
0.9967837087093688
0.9967805334958871
0.9967663942160332
0.9967568330190042
0.9967386315895878
0.9967375323117919
0.9967377820917999
0.9967191924546458
0.9966983350655148
0.9966745701843771
0.9966649999281141
0.9966502239366559
0.9966268020478695
0.9966107265468322
0.9966020182743789
0.9965911369909162
0.9965705348413625
0.9965538479751812
0.9965297347376024
0.9965091494421393
0.9964815878656971
0.996453488732833
0.9964462053083152
0.9964298358396803
0.9964133703863588
0.9964057812908584
0.9963955021359384
0.9963774394578673
0.996363333773067
0.9963462184721295
0.9963366783895243
0.9963330720257005
0.9963102855905575
0.9962953810227122
0.9962619480965449
0.996241234441293
0.9962223309204268
0.996193486524667
0.9961703604703952
0.9961342210889438
0.9961207199974942
0.9961049893438536
0.9960851424603486
0.9960717047276587
0.9960470859101649
0.9960430146315792
0.9960267084403376
0.9960134053324669
0.9959929697478949
0.995979918471314
0.9959554340905559
0.9959350908467157
0.9959200500999145
0.9959171933232553
0.9959007935744233
0.9958872370565447
0.9958732467534659
0.9958547148793657
0.9958465187511868
0.9958324777571376
0.9958079326981172
0.995799168087128
0.995797674610545
0.9957846257005875
0.9957551175825325
0.9957403049222001
0.9957131622378556
0.9957007936575712
0.9956905933348351
0.9956628752455453
0.9956494094386656
0.9956377978533179
0.995623417034354
0.9956118794126749
0.9955975536994758
0.9955813664971636
0.9955632685384417
0.9955497174378722
0.9955373710969722
0.9955094294610192
0.9954899331439502
0.9954765099482942
0.9954497121894783
0.9954335738957939
0.9954162781254994
0.9953965358900799
0.9953878792708553
0.995379128659786
0.995373137888162
0.9953641091263886
0.9953467660650248
0.99534921961307
0.9953250572260551
0.9953150531009252
0.9952916731385035
0.9952884808654977
0.9952764556482487
0.9952563903793163
0.995228660697424
0.9952030037500887
0.9951869157197617
0.9951665305039306
0.995150984446838
0.9951432086577776
0.9951471843040879
0.9951438547954685
0.9951229111149819
0.9951198060191232
0.9951008027983895
0.9950810014707054
0.9950748657118158
0.995037573741795
0.9950097595330446
0.9950091189003277
0.9949998998552486
0.9949716548264382
0.9949488920985324
0.9949279844949486
0.9949118732558683
0.9948939139326214
0.9948814006784547
0.9948615492521176
0.9948353410349853
0.9948134014498579
0.9947861839421731
0.994785014856997
0.9947845524108722
0.994762986593356
0.9947351110886278
0.9947213417843486
0.994697910795924
0.9946876297022004
0.994661445958743
0.9946427243565964
0.994631694226698
0.9946174695070774
0.9946021515096068
0.9945918697849556
0.9945736465849563
0.9945454194000993
0.9945310700790806
0.9945127406603034
0.9944760065614674
0.9944527316665306
0.99443433296933
0.9944194547743623
0.9943926288251789
0.9943812476611101
0.9943703455320713
0.9943483340363051
0.9943498349988849
0.9943433485489908
0.9943306309992082
0.9943411624870483
0.9943070193467983
0.9942816392332875
0.9942650075392689
0.994254562574441
0.9942496795781939
0.9942200578042457
0.9942223173026815
0.9942139307790021
0.9941973849416613
0.9941906928739834
0.9941776300717861
0.9941578577039101
0.9941395128216075
0.9941190047600115
0.9941127367193716
0.9940962346426042
0.9940705642195479
0.9940380447825138
0.994033763683686
0.9940038931074943
0.9940137771927606
0.9939947941891613
0.9939768847928103
0.9939683588085328
0.9939437705347128
0.9939273966860673
0.9939193326787672
0.9939216887830885
0.9938940068144967
0.9938846817950262
0.9938810989651994
0.9938559153995721
0.993835776066779
0.9938232419237601
0.9938143075985467
0.9937931823009704
0.9937935336892854
0.993768292967796
0.9937458202773746
0.9937132899280432
0.9937016033196499
0.9936863503754793
0.993677540807977
0.993654457153078
0.9936270797394159
0.993599892923914
0.9935687726225997
0.9935550019048115
0.9935460306758788
0.9935437909891153
0.9935158907679732
0.9934899206965325
0.9934850938314018
0.9934572001504746
0.9934323507360789
0.9933894011518395
0.9933715065788056
0.9933350427609511
0.9933131603441937
0.993291930521069
0.9932741642334447
0.9932713502869576
0.9932650948935936
0.9932485153222689
0.9932159199832576
0.9932059303460739
0.9932052687456318
0.9931785537032063
0.9931611464094744
0.9931339508967924
0.9931165107495824
0.9930840678219489
0.9930751170324195
0.9930597730050932
0.9930308992045123
0.9930196377876888
0.9930016612992396
0.993000466324458
0.9929952458657259
0.9929846137449744
0.9929744663432064
0.9929445212520205
0.992918995778518
0.9929053030169697
0.992896791801471
0.9928836262865596
0.9928781467411872
0.9928655633839016
0.9928453548198051
0.9928203903591946
0.9928005825549137
0.9928199719237645
0.9928072597002682
0.9927778915237847
0.9927664025223975
0.9927457541486123
0.9927198710207257
0.9927158080378518
0.992695204575736
0.992689445107222
0.9926500654766129
0.9926272123276276
0.9926103955219493
0.9925926320483277
0.9925803016192349
0.9925645103415867
0.9925439430282721
0.9925300332748029
0.9925185280839476
0.9925036816159145
0.9924723449757618
0.9924623094429669
0.9924334974806762
0.9924246488206195
0.9924170118740858
0.9923877562392361
0.9923685295455605
0.9923616173427726
0.9923567534620604
0.9923533360056184
0.9923339141636668
0.9923337631371429
0.9922966038816633
0.9922752321785205
0.992245913634842
0.9922182153400058
0.9921755866975334
0.9921559923119424
0.9921359100438585
0.9921215246172527
0.9921325960323298
0.9921050312809485
0.9920971429347907
0.9920936515810018
0.9920960008526323
0.9920665254529749
0.9920611005145828
0.9920390093128657
0.9920233965363474
0.992001829938393
0.9919729952653316
0.991945895035289
0.9919192717679116
0.9918848898334878
0.9918779199476975
0.9918681889368249
0.9918515065288217
