0.9999998423604133
0.9999994147572983
0.9999991515735085
0.9999996167521575
0.9999995316753784
0.9999990108107103
0.9999992550201833
0.999999538999466
0.9999990645044519
0.9999988929370716
0.9999993650769533
0.9999992069558421
0.9999987176270142
0.9999990471922596
0.9999992602617647
0.9999987481392368
0.9999986788126854
0.9999991212444957
0.9999988725895028
0.9999984446366595
0.9999988282081862
0.9999989557083863
0.9999984236389257
0.9999984587120678
0.999998865355068
0.9999985511377124
0.9999981777297043
0.9999986106771908
0.9999986565526591
0.9999981177845995
0.9999982474973153
0.9999986084504706
0.9999982251499036
0.9999979484800535
0.999998387033709
0.9999983398376157
0.9999978255111484
0.9999980247151767
0.9999983092593815
0.9999978616837012
0.9999976744449613
0.9999981133873789
0.9999979739615354
0.9999974873764598
0.9999977649868469
0.9999979932584707
0.9999975095565755
0.9999973928004622
0.9999978057039048
0.9999975930826399
0.9999971575746621
0.9999974910722312
0.9999976388729123
0.9999971420307361
0.9999971398468983
0.9999975410407521
0.9999972646699328
0.9999969049828803
0.9999972796512885
0.9999973415768348
0.9999968299151001
0.9999969238025915
0.9999972683632877
0.9999969290696676
0.9999966136115733
0.9999970243499673
0.9999970190381596
0.9999965025849051
0.999996660193731
0.9999969660145618
0.9999965624907984
0.9999963359209976
0.9999967513204377
0.9999966441346163
0.9999961746188398
0.9999964086101322
0.999996636789189
0.9999961980206986
0.999996054944374
0.9999964630769163
0.9999963070192617
0.9999958727402096
0.9999961808917016
0.9999963436067926
0.9999958815898659
0.9999958328416358
0.9999962271385219
0.9999959714692014
0.9999956168996181
0.9999959667999011
0.9999960396181153
0.9999955447748473
0.9999956124472852
0.9999959523643435
0.9999956266911948
0.9999953296859148
0.9999957236813527
0.999995716808314
0.9999952243758592
0.9999953711883224
0.9999956751888387
0.9999953039506959
0.9999950758822949
0.9999954647664273
0.9999953951972204
0.9999949368889438
0.9999951345019256
0.9999953850004486
0.9999949764000191
0.9999948597077178
0.9999952386806135
0.9999950936642705
0.9999946523536246
0.9999949311100619
0.9999951225940091
0.999994677291158
0.9999945744515095
0.9999949672741403
0.9999947569658322
0.9999943629402575
0.999994687150884
0.9999947989349857
0.9999943448883182
0.9999943313633176
0.9999946687667665
0.9999944172986764
0.9999940765520784
0.999994431972856
0.9999944690538652
0.9999940159801498
0.9999941102504296
0.99999441111921
0.9999940902892291
0.9999938058041005
0.9999941811814067
0.9999941521631976
0.9999937074304521
0.9999938726727273
0.9999941386669438
0.9999937676725927
0.999993562728265
0.999993932567722
0.9999938558212569
0.9999934102697491
0.9999936557930408
0.999993883280965
0.9999934777007427
0.9999933611796
0.9999937115676821
0.9999935647908658
0.9999931579677396
0.9999934588162608
0.9999935815175789
0.9999931613095248
0.9999931277842681
0.9999934641686846
0.9999932100109125
0.9999928572615162
0.999993181899289
0.9999932683810796
0.9999928506770843
0.9999929047442906
0.9999932184112451
0.9999929401310024
0.999992636702915
0.9999929935019061
0.999992998435583
0.9999925601817712
0.99999266056512
0.9999929056478664
0.9999925832725138
0.9999923532072238
0.9999927190472434
0.9999926437736777
0.9999922543787857
0.9999924156258062
0.9999926318435726
0.9999922789844984
0.9999921720120301
0.9999925311593257
0.999992378054126
0.99999197542052
0.9999922201048922
0.9999923430067115
0.9999919614131244
0.9999918859135339
0.9999922580155306
0.9999920744906736
0.9999917530313208
0.9999920473315002
0.9999921265889548
0.9999916709796418
0.9999917052372632
0.9999919937574229
0.9999917428244172
0.999991463212551
0.9999917783208703
0.9999917791316841
0.999991384001655
0.999991482051326
0.9999917390025039
0.9999914059059538
0.9999911450410924
0.9999915244360504
0.9999915007735688
0.9999910738371124
0.9999912874964615
0.9999915079131969
0.9999911787022167
0.9999910054400446
0.9999913481904297
0.9999912102136339
0.9999907984700191
0.9999910033532609
0.999991151327874
0.9999907888502623
0.9999907068956221
0.9999910672191847
0.9999909055791796
0.9999905635352225
0.999990835199199
0.9999909216372276
0.9999905520648869
0.9999905494841602
0.9999908542604732
0.9999905892300156
0.999990311312432
0.9999905876873235
0.9999906166632604
0.9999902312979466
0.9999903047859393
0.9999905401831835
0.9999902918398844
0.9999900410371231
0.9999903656124319
0.9999903428239629
0.9999899415390612
0.9999900653222431
0.9999902824269596
0.999989999834574
0.9999898418289973
0.9999901664173615
0.9999900752639884
0.9999896753922894
0.9999898851617267
0.9999900622099376
0.9999897351363931
0.9999896522025207
0.9999899279044919
0.9999897959383782
0.9999894835089682
0.9999897089053205
0.9999898132027758
0.9999894683230802
0.99998947600257
0.9999897562708409
0.9999895385300981
0.9999892504624835
0.9999894832825142
0.9999895395344699
0.9999891837773768
0.9999892258345577
0.9999894441360828
0.9999891869581177
0.9999889562889864
0.9999892276662556
0.9999892033203116
0.9999888473529843
0.9999889773387484
0.9999891856522211
0.9999889389499602
0.9999887407067569
0.9999890129713351
0.999988938867503
0.9999886009556626
0.9999887380672002
0.9999888737287294
0.9999885639939674
0.9999884697463565
0.9999887563872271
0.9999886075689705
0.9999882864005928
0.9999885028850292
0.9999886234622007
0.999988263191948
0.9999881962788376
0.9999884766521754
0.9999882894170331
0.9999879620785572
0.9999882140410937
0.9999882421855257
0.9999878835355268
0.9999878680250751
0.9999881219197322
0.9999878969558218
0.9999876479633233
0.99998788896767
0.9999878947867736
0.9999875355361557
0.9999876161978841
0.99998783249873
0.9999875683015246
0.9999873925572773
0.999987676671255
0.9999876215199444
0.9999872617884292
0.9999873852447598
0.999987555199657
0.9999872474992866
0.9999870501293163
0.9999873264271139
0.9999872103805906
0.9999868663673948
0.9999870211781791
0.9999871614223689
0.9999868211042389
0.9999867407556646
0.9999870339149942
0.999986840880641
0.9999865228470245
0.9999867444933486
0.999986812538926
0.9999864487961895
0.9999864116777288
0.9999866764255653
0.9999865127016636
0.9999862714108911
0.9999864973500068
0.9999865283342996
0.9999861792367494
0.9999862017547263
0.9999863828941866
0.9999861396059838
0.9999859679627503
0.9999862010127335
0.9999861949330923
0.9999858936039617
0.999986006687132
0.9999861878684863
0.9999859246450137
0.9999858063784016
0.9999860319206338
0.9999859402389657
0.9999856200289317
0.9999857833123901
0.9999858826878123
0.9999855890132735
0.9999854726638917
0.9999856962335598
0.9999855638895517
0.9999852890446697
0.9999854725740692
0.9999855870052925
0.9999852545106525
0.9999852659301333
0.9999854490043242
0.9999852375846007
0.9999850270563402
0.9999852215067058
0.9999852351339119
0.9999848884341275
0.9999848746390848
0.9999850354566451
0.999984809858508
0.9999846657299483
0.9999848628328678
0.9999848394060431
0.9999845154154154
0.9999845397076536
0.999984716966405
0.9999844540912158
0.9999843032486393
0.9999845301420455
0.9999844553233906
0.9999841548984227
0.9999842815911323
0.9999843917459209
0.9999840843842726
0.9999840180895544
0.9999842221718707
0.999984092946912
0.9999838470511051
0.9999839682624827
0.9999840465432461
0.9999837583445339
0.9999836894678765
0.9999838746816484
0.9999837336016228
0.9999835252945295
0.9999836567655005
0.99998364736195
0.9999833416921868
0.999983310513197
0.9999834674132919
0.9999833020723448
0.9999830943002949
0.9999832566243356
0.9999832394797035
0.9999829435871929
0.9999829780233335
0.9999831122201888
0.9999829117514666
0.9999827451976864
0.9999828636566777
0.9999827836405301
0.9999825309496371
0.9999826353371909
0.999982736702656
0.9999825374468958
0.999982439939732
0.999982590387391
0.9999825077344939
0.9999822511891123
0.9999823717923779
0.9999824512380378
0.9999822290136166
0.9999821492086893
0.9999823407888531
0.9999822520228185
0.9999820141020963
0.9999821454506987
0.9999821899688097
0.9999819255949889
0.9999818943300235
0.9999820520534176
0.9999818795912704
0.9999817156635126
0.9999818786823257
0.9999818977524595
0.9999816787740031
0.9999816691244555
0.9999818256159199
0.9999816386481382
0.9999814731991888
0.9999816254034917
0.9999815885265422
0.9999813267201005
0.9999813583002536
0.9999815032610452
0.9999812501504538
0.9999811606930203
0.9999813286829038
0.9999812939504317
0.999981012655294
0.999981059321393
0.9999811737980473
0.9999809173032876
0.9999808345603172
0.9999810173709881
0.9999809388709292
0.9999807076307649
0.9999807961323384
0.9999808781703817
0.9999806121001253
0.9999806086840166
0.9999807736438073
0.9999806613825675
0.999980443693715
0.9999805453178017
0.9999805890966794
0.999980358969237
0.999980346884148
0.9999804675112515
0.9999803312162014
0.999980192311811
0.9999802892813634
0.9999803072055425
0.9999800017781972
0.9999800387518109
0.9999801779635805
0.9999799951949639
0.9999799280489052
0.9999800919768694
0.9999800515945814
0.9999797735899614
0.9999798256015212
0.9999799534502857
0.9999797111321911
0.9999796461231227
0.9999797823341372
0.9999796947456115
0.999979481392164
0.9999795417440428
0.9999796107964802
0.999979340739262
0.9999793192325647
0.9999794212947695
0.9999793224288103
0.9999791298096918
0.9999792317635546
0.9999793117245898
0.999979045386142
0.9999790397373521
0.9999791358077545
0.9999789504764365
0.99997879395401
0.9999789001744844
0.9999789128990753
0.9999786320467947
0.99997865319765
