0.9999998929846796
0.9999830950778383
0.9999670161353715
0.9999531087416416
0.9999359803766594
0.9999203014264244
0.9999031960556402
0.9998852119472207
0.9998704036301849
0.9998551730297306
0.9998359028322108
0.9998189419311179
0.9998057999553669
0.9997873667440678
0.9997731687645574
0.9997603023583638
0.9997448114603269
0.9997270325232742
0.9997132150758716
0.999693249891162
0.999682200300242
0.9996690535853419
0.9996529947312545
0.9996363491199263
0.9996190957399126
0.9996007910092732
0.99958837048766
0.9995719964706531
0.9995517950593517
0.9995363916272452
0.9995153676920762
0.9994993550682169
0.9994846324556415
0.9994695376293248
0.9994557424100082
0.9994363398154757
0.999411974936578
0.9993975240914378
0.9993826199611338
0.9993645592260924
0.9993507989932202
0.9993374789304886
0.9993200974331411
0.9993062362580982
0.9992928677712979
0.9992730850423542
0.9992610580049875
0.9992389935635774
0.999225322854063
0.9992068039340445
0.9991896344180063
0.9991721577759778
0.999156653739049
0.9991433816365018
0.9991313905756279
0.9991144282072489
0.9990946779281216
0.9990773834355017
0.9990667232407754
0.9990531254773001
0.9990338031130404
0.9990168121338348
0.9990025953179202
0.9989875002196396
0.9989684765472986
0.9989491985038467
0.9989314913104905
0.9989174880425647
0.9989027106785648
0.9988868510628718
0.9988758215325073
0.9988603096433735
0.998837547774736
0.9988246811321114
0.9988133452384923
0.9988024439596865
0.9987834687798223
0.9987720617663863
0.9987581784025045
0.9987444035071447
0.9987399775537052
0.9987211056874566
0.9987070189846097
0.9986949016569951
0.9986697612763268
0.9986521689286265
0.9986279179728716
0.9986069890075586
0.998587592457695
0.998570108598156
0.9985526032864119
0.9985364517109256
0.9985156369606338
0.9984938244073102
0.9984707946946876
0.9984556273148265
0.998439752157119
0.998417947262199
0.9984005778350652
0.9983875046092742
0.9983797227904305
0.9983724486330072
0.9983570591902123
0.9983330805100972
0.9983086926137851
0.9982898265418325
0.9982801926994626
0.9982680702500738
0.9982517110354964
0.9982279651028321
0.9982094609118626
0.998204147930209
0.9981805542095417
0.9981544339632675
0.9981431180995521
0.9981328257768219
0.9981227401483086
0.9981153874425555
0.9981010575243787
0.9980851288431978
0.9980666510105155
0.9980507059373641
0.9980396182835849
0.9980278102701644
0.9980030070346192
0.997994035571753
0.9979805459400121
0.9979540738610471
0.9979262269775936
0.9979054419027531
0.9978913037038308
0.9978773001320391
0.9978690286464836
0.9978444377856629
0.9978276887910522
0.9978138376919455
0.9978044866672174
0.9977962484687082
0.9977820791096275
0.9977599452887145
0.9977372139631179
0.9977193528581432
0.9977105097810612
0.9977030325442462
0.9977000702222903
0.9976857088548371
0.9976685363894773
0.9976581513669244
0.9976425653422833
0.99764079717621
0.9976267445281248
0.9976153099837362
0.99759600571746
0.997576969450377
0.997555276369854
0.9975306985057428
0.9975216698349761
0.9975070183327842
0.9975012452307216
0.9974884281206466
0.9974665565138185
0.997453741457631
0.997447779869815
0.99743725515005
0.9974214157050127
0.9974163422588717
0.9974140778518681
0.9973929128876078
0.9973816107143143
0.9973655034041334
0.9973416680269324
0.9973190472688845
0.997313763086881
0.9972992394627421
0.9972859200489546
0.9972735808971931
0.9972641781857567
0.9972439245408663
0.99722352757859
0.9972075807564948
0.997198545591983
0.9971738525552741
0.9971352600473288
0.9971159239903067
0.9970879791255254
0.9970791433775947
0.9970681066193114
0.9970640804063335
0.997044501236988
0.9970347203618743
0.997013672997441
0.9970108875577189
0.9969948635662828
0.9969800408803747
0.9969701406264233
0.9969458519762939
0.9969223694724775
0.9969045962492418
0.996892429875637
0.9968649309404967
0.9968444501751687
0.9968397457756416
0.9968281388174034
0.9968025582893242
0.9968004343922279
0.9967863201254368
0.9967699725484837
0.9967515605145115
0.9967391704333377
0.9967278487725054
0.9967123310341189
0.9966894791215767
0.9966700857941027
0.9966460665005548
0.9966233749026205
0.9966247563846554
0.9966148562392207
0.9966064785684456
0.9965882123804464
0.9965845477119837
0.996563172362552
0.9965516347920438
0.9965404355760269
0.9965336943289674
0.9965265626983233
0.9965027454082576
0.9964838569002404
0.9964562045303863
0.9964417439330151
0.9964365391023068
0.9964103875705862
0.996399509217607
0.9963960059584683
0.9963906166994154
0.9963709126450854
0.9963426522594196
0.9963273138746628
0.9963196460838034
0.9963239680241044
0.9963131041087223
0.9963020044861017
0.9962888894314211
0.9962760338234481
0.9962687592938466
0.996259702820955
0.9962515340706382
0.9962331370208796
0.9962232500350555
0.9961993801275887
0.9961683421180477
0.9961516637675771
0.9961242858092362
0.9960995147844469
0.9960654893874337
0.9960580588519421
0.996037940092333
0.9960092121342774
0.9959962788828484
0.995980929548938
0.9959643806002404
0.995953827668414
0.9959395855593854
0.9959261365325335
0.9958939184603001
0.9958798587965134
0.995863042188577
0.9958544111321429
0.9958326781531608
0.9958095583412002
0.9957957451564957
0.9957796755057281
0.995751006268603
0.9957298097934041
0.9957320524557725
0.9957247737099224
0.9957031579804354
0.9957079387870594
0.9956875168144221
0.9956763965844226
0.9956602389230707
0.9956431263935117
0.9956085424745356
0.9955928026716815
0.9955831681654644
0.9955718256879033
0.9955580323705004
0.9955344887578794
0.9955148124289663
0.9954972843769947
0.9954766551115952
0.9954536103433052
0.9954303033021897
0.9954126030557576
0.9953898096085907
0.9953755757691106
0.9953657246052481
0.9953475128883258
0.9953313286541215
0.9953058780169803
0.9952832943106068
0.9952692194179344
0.9952456342148233
0.9952294638400623
0.9952205075353598
0.995203439779521
0.9951972860537839
0.9951852105947933
0.9951712112525687
0.995166385473362
0.9951590703753156
0.9951418821421918
0.995147155646192
0.9951196648409562
0.9951015673022506
0.995083699294366
0.9950497317008778
0.9950344493729509
0.9950315483143148
0.9950076455531077
0.9950008674984844
0.9949934150385259
0.9949765476505571
0.9949744776577135
0.9949420595358295
0.9949259406646433
0.9949167816328213
0.9948920098012263
0.9948599444230127
0.994840551376082
0.9948263423949508
0.9947968332145578
0.9947823175962109
0.9947655170961691
0.9947485638243836
0.9947299414152079
0.9947206894609939
0.9947022071398203
0.994692107542151
0.9946641467870975
0.9946570802409406
0.9946229708957937
0.9946144288025364
0.9945917194156405
0.994570473170864
0.9945592488305504
0.9945430236457498
0.9945330077210324
0.9945136588663237
0.9945015558500816
0.9944987093901224
0.9944787526210981
0.9944705233405053
0.9944558841772512
0.9944330428651864
0.9944272127618285
0.9944127305406318
0.9944002215042612
0.9943687309800289
0.9943676553660125
0.9943420035274775
0.9943328330617537
0.9943348854351101
0.9943258199391566
0.9943147113814443
0.9942859674576591
0.9942851316344825
0.9942744359963158
0.9942653613593424
0.9942531083020426
0.9942548496571794
0.9942389955179456
0.9942303136979472
0.9942100707858176
0.9941891438364449
0.9941747338436304
0.9941743597751906
0.9941519371819058
0.9941319783134661
0.9941286676510845
0.9941119197675803
0.9940914454515387
0.9940749330212756
0.9940566926283603
0.9940454608627965
0.994028537650763
0.9940217800250147
0.9939941828529647
0.9939803361874243
0.9939718406084808
0.9939527391086682
0.993950744817478
0.9939467795300326
0.9939246554552896
0.9938863673591071
0.993884348602829
0.9938582177381853
0.9938390359853533
0.993825937167665
0.9938188837161094
0.9938111888930192
0.9937746643136177
0.9937682152060985
0.9937654192373844
0.9937284031431131
0.9937120026468261
0.9936943431942663
0.9936769082680764
0.9936544440795158
0.9936303085660038
0.9936316938932384
0.9936181060668398
0.9936010048697351
0.9935823048336212
0.9935656387782005
0.9935553623853075
0.9935501497669321
0.9935289498334705
0.9935239422268527
0.9935007857342546
0.9934731901084576
0.9934754276667838
0.9934777536278596
0.9934425527060857
0.9934285277234001
0.9934254027648345
0.9934059345703168
0.9934112458360678
0.9933830555221123
0.993353548096877
0.993341493442389
0.9933206738564959
0.9933182915897572
0.9933049219625362
0.9932950564301216
0.993272304541717
0.9932547536579519
0.9932490500146423
0.9932436684550131
0.9932253142730881
0.9932206843035251
0.9932147246542933
0.9932002962053158
0.9931901113312913
0.9931668392267963
0.9931416396328442
0.9931227782867393
0.9931051136674727
0.9930924681687385
0.9930727214179128
0.9930532994885862
0.9930313585987333
0.9930123829281211
0.9929852462672674
0.9929836388674318
0.9929692175643495
0.9929674330139212
0.9929452154235713
0.9929387386302494
0.9929171709194229
0.9929193322227865
0.9928928755696413
0.992884068913049
0.9928719742190663
0.992856935696457
0.9928547317494439
0.9928355696325291
0.9928203933491445
0.9928245039530323
0.9928164038406415
0.9927988820310907
0.9927629056948798
0.9927556703103957
0.9927347079011449
0.9927225145618369
0.9926794050012788
0.9926447542316545
0.9926223853490204
0.9926089380498756
0.9925915963361486
0.992592774667529
0.9925791589783337
0.9925631225234864
0.9925599182120367
0.9925446520085187
0.9925370369522509
0.9924953801373617
0.9924896880876685
0.9924636706410215
0.9924383918161992
0.9924312457131749
0.9924156269901938
0.9923862193488936
0.9923820199343546
0.9923703372923321
0.9923621608510911
0.992334855764995
0.9923218209695559
0.9923057634098514
0.9923104699018297
0.992294003555303
