0.9999979176281398
0.9999973745245979
0.9999959606268556
0.9999939901066621
0.9999918769302064
0.9999901136100452
0.999989178979189
0.9999893362128726
0.9999905414441221
0.9999924497144478
0.9999944874909051
0.9999961081846872
0.9999969689026829
0.9999968741582392
0.9999958996981662
0.9999942292374863
0.9999921807901748
0.9999902053008692
0.9999888099412866
0.9999884253631091
0.9999891258915528
0.9999906889185793
0.9999926726473077
0.9999945251742588
0.9999957560293559
0.9999961510171785
0.9999956383390626
0.9999942885316889
0.9999923895321765
0.999990351779683
0.9999887038004923
0.9999878497411796
0.9999880436805698
0.9999891971961997
0.9999909439286095
0.999992835110076
0.999994384588304
0.9999952209750951
0.9999951536442576
0.9999941943636281
0.9999925572003523
0.9999905940768256
0.9999887142807138
0.9999874380058494
0.999987084273121
0.9999877439607161
0.9999892221964825
0.9999911018251112
0.9999928745025122
0.9999940672511056
0.9999944289895254
0.9999939379838666
0.999992606739311
0.999990770686278
0.9999888284948077
0.9999872247405537
0.9999863836191609
0.9999865299921669
0.9999876643228474
0.9999893702358355
0.99999118154083
0.9999926496929918
0.999993424625071
0.999993360460434
0.9999924250316452
0.9999908351901954
0.9999889333901236
0.9999871560997619
0.9999859654799541
0.9999856238199527
0.9999862801198485
0.9999876471754865
0.9999893882753565
0.9999910566812852
0.9999921958224492
0.9999925687054739
0.9999920850738526
0.9999907923466692
0.9999889906266346
0.9999871623794101
0.9999856914998889
0.9999849611252032
0.9999851883412885
0.9999862550605586
0.9999878388792182
0.99998955803724
0.9999910061193851
0.9999917959021076
0.9999917210857471
0.9999908291172231
0.9999893093635404
0.9999874622881318
0.9999857462479742
0.999984583124489
0.9999842826169103
0.9999849176401734
0.9999862249355773
0.9999878772566396
0.9999894709921345
0.9999905581260714
0.9999908821415062
0.9999904209416101
0.9999891700476461
0.99998748457885
0.9999857287534238
0.9999843082215907
0.9999836041199769
0.9999837779340254
0.9999847624526844
0.9999862787468184
0.9999879227573572
0.9999892704050993
0.9999900080752644
0.9999899123499212
0.9999889984479562
0.9999874990290905
0.9999857132004834
0.9999840871965779
0.999983002173581
0.9999827468639798
0.9999833137208634
0.999984588990062
0.9999861820224121
0.9999877441467888
0.9999888227197018
0.9999891290740919
0.999988638950153
0.9999873788909186
0.9999856972445219
0.9999839979431352
0.9999826724061787
0.9999820254597157
0.9999822281638217
0.9999832032855984
0.999984677258966
0.9999862908212988
0.999987576847413
0.9999882605048198
0.9999881762517214
0.9999873264381277
0.999985806129513
0.9999840800300388
0.9999824985820036
0.9999814491656412
0.9999812490409541
0.9999818422215081
0.9999830459074296
0.9999846324589224
0.9999861037656387
0.999987089282825
0.9999874538845058
0.9999869499386139
0.9999857126702411
0.9999840397518216
0.9999823445369037
0.9999810543082136
0.9999804619552165
0.9999806640392761
0.9999816082982088
0.9999830026426816
0.9999844895068345
0.9999857273566287
0.9999863759614773
0.9999862664187994
0.9999854157291304
0.9999839431071536
0.9999822650323403
0.9999807874623362
0.9999798727531384
0.9999796665474951
0.9999802741099886
0.9999814927369799
0.9999829683115092
0.9999843219821912
0.9999852718937853
0.9999855811042756
0.9999851429860499
0.9999839873590907
0.9999824014424237
0.9999807837391147
0.9999794956874353
0.9999789189429631
0.9999791735564892
0.9999801374956964
0.9999814547640764
0.9999828666602226
0.9999840424903674
0.9999847290320234
0.9999846763084473
0.9999839310257266
0.9999826277589614
0.9999809657933563
0.999979535279373
0.9999786108751252
0.9999784223765259
0.9999790427260219
0.9999801232052564
0.9999814753039055
0.9999827028319649
0.9999836104947261
0.9999839190920919
0.9999835542179004
0.999982489276738
0.9999809597523217
0.999979418166689
0.9999782440992184
0.9999777137477509
0.9999778953363407
0.9999787276989499
0.9999799500776327
0.9999812990825883
0.9999824096386345
0.9999830561908488
0.9999830581786202
0.9999823294637928
0.9999810536490478
0.9999795435999401
0.9999781535587172
0.9999772123603137
0.9999770164657601
0.9999775437009781
0.9999786073898718
0.999979886526698
0.9999811381684351
0.9999820087243741
0.9999823522121163
0.9999820245861094
0.9999810273171975
0.9999795592327572
0.9999779875625282
0.999976727041948
0.9999761418310545
0.9999762956303708
0.9999771583295962
0.9999783746215537
0.9999796700427845
0.9999806653038706
0.9999812420576352
0.9999812298207
0.9999806077296699
0.9999794762181868
0.9999780208002148
0.9999766172803368
0.9999756524418131
0.9999753967698655
0.9999759206147638
0.9999769632333552
0.9999782373099955
0.9999794150519109
0.9999802237270604
0.999980498768874
0.999980167288686
0.9999792664019197
0.9999779300619099
0.9999764077957204
0.9999751749548415
0.9999745478130827
0.9999746787553243
0.9999754652525956
0.9999766417412108
0.9999779154175762
0.9999788928950334
0.9999794212202139
0.9999794014632579
0.9999788025764911
0.9999776877480634
0.9999762682646769
0.9999748651563202
0.9999738865848246
0.9999735721656349
0.9999740059557748
0.9999750284292258
0.9999762109792862
0.9999773431093443
0.9999780855201338
0.9999783695974064
0.9999781383956062
0.9999773151052266
0.9999760627220127
0.999974699642059
0.999973466569019
0.9999728138760567
0.9999728598486235
0.9999736185894322
0.9999747755662535
0.9999759641594755
0.999976889161256
0.999977404521964
0.9999774129404824
0.9999769518819833
0.999975933318579
0.9999745821381893
0.9999731905347704
0.9999721577453041
0.999971883046354
0.9999723627294673
0.9999734239562594
0.9999746333142926
0.9999757040825382
0.9999764348668582
0.9999766598981152
0.9999764407612444
0.9999756536650668
0.9999744324529591
0.9999730956624356
0.9999719625879762
0.9999713007974778
0.9999714195317584
0.9999721841462712
0.9999733198236087
0.9999745091378648
0.9999754255466636
0.999975967729177
0.9999759154074229
0.9999753395190429
0.9999743723318815
0.9999730590408912
0.9999717445882512
0.9999708826124478
0.9999706824612765
0.9999711220187122
0.9999720333785231
0.9999731891835493
0.9999742006745449
0.9999749176438355
0.9999751869056756
0.9999749298940152
0.9999742140064449
0.9999730662325557
0.9999717681801686
0.9999706376910469
0.9999700594240848
0.999970106035455
0.9999708341388797
0.9999719348400922
0.9999731099156531
0.9999740288134507
0.99997449300226
0.9999744593906451
0.9999739128763311
0.9999728854829297
0.9999715627261307
0.9999702884023514
0.9999693665001158
0.999969128853179
0.9999694868858674
0.9999704352819382
0.9999716073178619
0.9999726588484795
0.9999734124618624
0.9999736604215393
0.9999733900065984
0.999972660641135
0.9999714794297474
0.9999701766860482
0.9999691120478045
0.9999685058662321
0.9999685382252085
0.9999691446799737
0.9999702220402764
0.9999713899131792
0.9999722288218247
0.9999727073973466
0.9999726834134336
0.9999721474289687
0.9999711916278623
0.9999699868555918
0.9999687970538055
0.9999678792776728
0.9999676072288912
0.9999679966200794
0.999968936181044
0.9999700775844343
0.9999711196962383
0.9999717723668986
0.999971973863692
0.9999716353790372
0.9999708687930091
0.9999697906649752
0.9999685168808584
0.9999675013767415
0.999966921085955
0.9999669433007707
0.9999676225754341
0.9999687102649923
0.9999698603825389
0.9999707621371973
0.9999712202454948
0.9999711161375145
0.9999705815607506
0.9999696448787139
0.9999684814226671
0.9999673048967731
0.9999665086726824
0.9999662219372549
0.9999666583778383
0.9999675137932311
0.9999686263519779
0.9999696678008544
0.9999703273975854
0.999970559915991
0.9999702226201126
0.9999694509916892
0.999968361936516
0.9999671942011331
0.9999662216481359
0.999965677536643
0.999965771223026
0.9999663947287535
0.9999674109160165
0.9999684756500412
0.9999692919696708
0.9999696734785434
0.9999696165013575
0.999969057476218
0.9999680460769851
0.9999668498908642
0.9999657890251911
0.9999650329041666
0.9999647979370929
0.9999651455623871
0.999965969766325
0.9999670451468627
0.999968027426932
0.9999686953603282
0.9999688949323609
0.9999685855430391
0.9999678282240935
0.9999667068841303
0.999965592895925
0.9999646126711585
0.9999640781635362
0.999964146291966
0.9999647852381051
0.9999657682314839
0.9999667298269036
0.9999675099724137
0.9999679372112809
0.999967952733863
0.9999673604922391
0.9999664690894517
0.9999652827767133
0.9999641810718273
0.9999633409737196
0.9999631433296375
0.9999634914357902
0.9999642366688347
0.9999651987156617
0.9999662235649223
0.9999668845618197
0.9999670918959608
0.999966812317884
0.9999660281217252
0.9999649638842515
0.999963805688546
0.9999628247728524
0.9999623475643717
0.9999624198988699
0.9999630131890612
0.9999639834674535
0.9999649900260378
0.9999657786450058
0.9999662325227899
0.9999662041660545
0.9999656792177298
0.9999647438714321
0.9999635422615265
0.9999624224110378
0.9999617249834203
0.9999615871962343
0.9999620556237702
0.9999628967215929
0.9999637648982954
0.9999646576776631
0.9999652205257588
0.9999654402806887
0.9999651007883458
0.9999643878620216
0.9999633280519274
0.9999622087239484
0.9999612573368388
0.9999607782938584
0.9999609036865623
0.9999615389121239
0.9999624830661371
0.9999633898254927
0.9999641352041068
0.9999645085778986
0.9999644930769138
0.9999640479785376
0.9999632474669147
0.9999622187396329
0.9999611631403348
0.9999604597484422
0.9999601993773031
0.9999605661224648
0.9999613481994964
0.9999623030768884
0.9999630752402321
0.9999636743735557
