0.9999999198296516
0.9999843285027439
0.9999683722195307
0.9999527294073465
0.9999365681736345
0.9999204186198238
0.9999028494210108
0.9998889182442979
0.9998732460058731
0.9998557934430711
0.9998423948250295
0.9998257543193391
0.9998101871037595
0.9997930009149846
0.999776549187553
0.9997628610712298
0.9997466153330625
0.9997329013858075
0.9997178778696961
0.9997029528773709
0.9996880436962496
0.9996677640261453
0.9996523563286732
0.9996355126085982
0.9996209615409359
0.9996044265893623
0.9995858105931774
0.9995682946473772
0.9995518500546102
0.9995371849258531
0.9995219427827594
0.9995077105356805
0.9994926439021764
0.9994770590489201
0.9994618309168283
0.9994456607248712
0.9994246901728102
0.9994133514171117
0.9994028605102856
0.9993870416399462
0.9993728999681484
0.9993550529535333
0.9993424644199337
0.9993274214147246
0.9993116867601138
0.9992979669649602
0.9992830552864136
0.9992719496055327
0.9992541307088163
0.9992334137288637
0.9992215051001491
0.9992053784043715
0.9991927044033972
0.9991774367409523
0.9991627169155327
0.999149856774381
0.9991377312176802
0.9991182052575109
0.9991030565290863
0.9990839986740344
0.9990670666458619
0.999055500692761
0.9990404108378336
0.9990288674431479
0.9990139013989812
0.9989986753264806
0.9989886825107812
0.9989778784630542
0.9989668356621045
0.998954269225024
0.9989371763338762
0.9989237069958288
0.9989069055429795
0.9988972463493948
0.9988876078673239
0.9988666315067649
0.9988545136158906
0.9988402806170837
0.9988217443442182
0.998807092248649
0.9987913880844912
0.998771567514812
0.9987559650515071
0.9987395244279024
0.9987240507790658
0.9987073920943178
0.998696340327388
0.9986831519098843
0.9986678672069387
0.9986571348623431
0.9986504474172078
0.9986283132662467
0.9986088049949662
0.9985918596887066
0.9985761470341781
0.9985560570936974
0.9985472147651835
0.9985281844700198
0.9985176871670794
0.9984965158818908
0.9984792066218271
0.9984514733292328
0.9984289441658876
0.9984058429205309
0.998394614621064
0.9983808523183528
0.9983649542265687
0.9983487671986371
0.9983398542465328
0.9983198916380601
0.9983045726410085
0.998293305642063
0.9982745265231363
0.9982575230682897
0.9982430690336678
0.9982349526290114
0.9982123366385143
0.9981996804443155
0.9981849973927427
0.9981778863656997
0.9981600543440694
0.9981430784589699
0.9981225750320797
0.9980981878940145
0.9980833002503819
0.9980597320645272
0.9980451311174885
0.9980151972280953
0.99799754998157
0.9979877682168617
0.9979806076359834
0.9979710184048568
0.9979561904893322
0.997939284592259
0.9979148458899788
0.9979048206759796
0.9978797795345122
0.9978564102901013
0.9978510536477214
0.9978229961434205
0.9978049416372405
0.9977967061448592
0.997772547779395
0.9977572775717232
0.9977452278143905
0.9977319265510145
0.997711228869863
0.997691188685233
0.9976738315916707
0.9976621607246965
0.9976562958960908
0.9976481736386336
0.9976272873040175
0.9976073908307355
0.9975930120344734
0.997576142703024
0.9975507892417202
0.9975428539574582
0.9975390685665353
0.9975242829277411
0.9975101127165064
0.9974871620383315
0.9974735271734866
0.9974692742067083
0.9974517315612248
0.9974323281762653
0.9974129512838749
0.9974002716307019
0.9973875040075212
0.9973752881281432
0.997357922828627
0.9973447462096322
0.9973221806932868
0.9973082707825975
0.9973003834244053
0.9972890908584789
0.9972780117932889
0.9972697202882416
0.9972467748451239
0.9972469019242687
0.9972192685005207
0.9972020702860884
0.9971781881071057
0.997166567904271
0.9971680881150206
0.9971562732536069
0.9971493717392496
0.9971226720466851
0.9971017833572208
0.9970909953496762
0.9970717688802977
0.997066999234228
0.9970526884877282
0.9970349528455041
0.9970303461414574
0.9970199768524659
0.9970184047567787
0.9969876561242967
0.9969711194976691
0.9969621566485828
0.9969407055371937
0.9969304290568004
0.9969129990896465
0.9968958167465619
0.9968756421203314
0.9968564319321864
0.9968495400344327
0.9968362536632253
0.9968204623274612
0.9968065869451166
0.9967866879235391
0.9967752087397246
0.996765369997438
0.9967510103284177
0.996736791879474
0.9967265576295711
0.9967238222133217
0.9967066779387256
0.996694345104268
0.9966698195529923
0.996654442798197
0.9966301216224568
0.9966126075900532
0.9966014116902545
0.9965884062198074
0.9965824509758282
0.9965843799421036
0.9965720758615667
0.9965558558504913
0.9965384114832152
0.996529492958558
0.9964992209786252
0.9964881671992024
0.9964607787990246
0.9964349296757226
0.9964134593144425
0.9964000621689355
0.9963886858174729
0.996359414533037
0.9963455248976224
0.9963173346734813
0.9963049360612608
0.9962938363908379
0.9962752705565239
0.9962602879348736
0.9962398874704893
0.9962258317515938
0.9962017982415686
0.9961761353561678
0.9961540420826306
0.9961411552433479
0.9961178744299579
0.9960956928708848
0.9960748065350035
0.9960586273903641
0.9960383694370228
0.9960190422140699
0.9960186713549442
0.9960038275312183
0.995979783184801
0.9959677986860197
0.9959642535750177
0.995954295850252
0.9959427166907322
0.9959177915881298
0.9959090311655621
0.995885885538241
0.9958757025021945
0.9958590809145663
0.9958359659851969
0.9958174653586105
0.9958096775084792
0.9957992116604149
0.9957880220065911
0.9957666759777501
0.9957550685571338
0.9957287242196572
0.9957097990853183
0.9956946034913288
0.9956930798351057
0.9956867587022443
0.9956621459544025
0.9956581735728819
0.9956449249637909
0.9956292827755037
0.9956193425078331
0.9955938606529611
0.9955819879577981
0.9955708101555482
0.9955547886621872
0.9955412110615194
0.9955237337241268
0.9954964051630248
0.9954890504160702
0.9954772777678812
0.9954621256910448
0.9954467465006687
0.9954174329508888
0.9954054450159052
0.9953900330111923
0.9953764001963569
0.9953519024927155
0.995341174481773
0.9953218827161934
0.9953010140459679
0.9952709914551001
0.9952482404812041
0.9952337071964272
0.995210235762108
0.99519491899425
0.9951679412738687
0.9951431086165629
0.9951257044558076
0.9951033923675837
0.9950897056824979
0.9950712931526621
0.9950492532184869
0.995039644222328
0.9950191582820997
0.9950052743653636
0.9949862569010838
0.9949604553962824
0.9949530367584517
0.9949508078287416
0.9949300413474568
0.9949026250330291
0.9948817511211832
0.9948685157180908
0.9948596265714418
0.9948476091613826
0.9948502678109481
0.9948213073131877
0.9948085919861147
0.9947872462390858
0.9947727353429188
0.9947759916165966
0.9947498427050155
0.9947392320864938
0.9947218055008499
0.9947075544251108
0.9946911359478472
0.9946754599467192
0.9946586132067498
0.9946310749842712
0.9946011931131538
0.9945820444419716
0.9945635227624946
0.9945530500884053
0.9945374594370227
0.9945138743879419
0.9944998091357177
0.9944692995324192
0.9944557596274383
0.9944396368543872
0.9944202916753438
0.9944078884170859
0.9943823957349903
0.9943694616584956
0.9943626591395966
0.9943496313507869
0.9943270738859193
0.9943006751825437
0.9942776128740055
0.994270102527525
0.9942747974458072
0.9942605113755961
0.9942431401041114
0.9942295757149945
0.9942271951933046
0.9941953660789247
0.9941773524250063
0.9941652652887719
0.9941637012754745
0.9941508025517307
0.994121524830763
0.994105247134363
0.9940843286585033
0.9940655822627292
0.9940541355158284
0.9940523167736912
0.9940405449851565
0.9940329355387563
0.9940372796291006
0.9940143931046052
0.9939902287835345
0.9939891609570893
0.9939663155061517
0.9939290429643395
0.993916724603745
0.9939059118919595
0.9938759787524124
0.993858797871584
0.9938458053759185
0.9938327919852572
0.9938274351122441
0.9938199177582884
0.9938114348331701
0.9937927130986954
0.9937714133625309
0.9937562221930187
0.9937548226981608
0.9937410087096529
0.9937027043078593
0.993683455713073
0.9936710637768271
0.9936569487608559
0.9936483140725594
0.993639120737133
0.9936320896058951
0.9936083025770456
0.9935857011773687
0.993568216436222
0.9935451603069517
0.9935164774521441
0.9935096794154202
0.9935067980633778
0.9934921637139925
0.9934616014518572
0.9934375260559487
0.9934126434805159
0.993397143432888
0.9933793219580467
0.9933545671222886
0.9933396390406364
0.9933176887577028
0.9932873998875711
0.993286364708075
0.9932690751478664
0.9932464460296596
0.9932325566184487
0.9932158325967925
0.9931971321840355
0.9931762493538657
0.9931484058031922
0.993130868556561
0.9931141411863035
0.9930904745487812
0.9930835995264741
0.9930772982847796
0.9930435710494165
0.9930226918003339
0.9929961171731135
0.9929791527818299
0.9929672612897015
0.992947125026207
0.9929360911258335
0.9929113266443939
0.992907612692294
0.9928983163208447
0.9928690508080511
0.9928556473731349
0.9928530202662027
0.9928325633110289
0.9928122393812534
0.9927896704968242
0.992779851985951
0.9927475623709345
0.9927314992513192
0.9927143491756919
0.9927098449402694
0.9927151234418166
0.9926941859334637
0.9926687575077899
0.9926603950860229
0.9926318399566886
0.9926207895239039
0.9926124552232797
0.9925910445999865
0.9925998378567422
0.9925815715461197
0.9925591822510328
0.9925275138835188
0.9925260753128877
0.9925084548485478
0.9924937272532273
0.9924753375012833
0.9924841424980647
0.9924686450479547
0.9924552754062325
0.9924424515413535
0.9924063164795114
0.9923848847182716
0.9923696458722395
0.9923555440558948
0.9923389788439307
0.9923261799756496
0.9923045174246231
0.9922812631521818
0.9922689500098087
0.992263704590379
0.9922481168739866
0.992233925405415
0.992233420874461
0.9922283949719942
0.9921952442214492
0.9921768730438119
0.9921530691178762
0.9921539497268972
0.9921331757343582
0.9921405723901947
