0.9999999014548797
0.9999995311777115
0.9999996408012954
0.9999997734926671
0.9999993920082304
0.9999996804818915
0.9999995755798111
0.9999993516547593
0.9999996705695494
0.9999993576289168
0.9999993736921216
0.9999995730613161
0.9999991755726657
0.9999994118102531
0.9999994007450719
0.9999991065918518
0.9999994267069683
0.9999991810759241
0.9999991076215197
0.9999993600858724
0.9999989855359319
0.9999991468603785
0.9999992043265598
0.9999988526747263
0.9999991594664625
0.9999989814467949
0.9999988243206352
0.9999991279185446
0.9999987893567792
0.999998873989697
0.999999019294743
0.9999986401871067
0.9999989096837152
0.9999988284619995
0.9999985831421163
0.9999989004422789
0.9999986075071287
0.9999986132695383
0.999998824367836
0.9999984320710831
0.9999986466955955
0.9999986380945808
0.9999983352333818
0.9999986496936709
0.9999984291251959
0.9999983278993064
0.9999985884525106
0.9999982155812678
0.9999983668991475
0.9999984473770359
0.9999980944549302
0.9999983768180912
0.9999982398457766
0.9999980673948513
0.9999983594856166
0.99999804193398
0.9999981035496598
0.999998261947734
0.9999978833771987
0.9999981408778446
0.999998081950378
0.9999978185976738
0.9999981149564011
0.9999978443893467
0.999997825956767
0.9999980388284131
0.9999976616843985
0.9999978476715624
0.9999978665207895
0.9999975649817184
0.9999978594599662
0.9999976751748938
0.9999975679332669
0.9999978274764995
0.999997470394036
0.9999975866174764
0.9999976884940491
0.9999973430379877
0.9999976171694038
0.9999975145385401
0.9999973165138846
0.99999759081719
0.9999972811521366
0.9999973206933128
0.9999974930571576
0.9999971264255271
0.999997359832241
0.9999973277296974
0.9999970684920302
0.9999973654764068
0.9999971299375491
0.9999970966525012
0.9999973075885206
0.9999969726819875
0.9999971273406738
0.999997175922158
0.99999688401599
0.999997164165795
0.9999969863897952
0.9999968537307996
0.9999970868075165
0.9999967652293295
0.9999968502323152
0.9999969622527451
0.9999966290481457
0.9999968812897808
0.9999967880048528
0.9999965915018346
0.9999968641471351
0.999996582620757
0.9999965847837895
0.9999967422205341
0.9999963917103194
0.99999659244533
0.9999965918294176
0.9999963249730783
0.9999965795819667
0.9999963694426807
0.9999963158446876
0.9999965277541015
0.9999961850690822
0.999996316589331
0.9999963868314533
0.9999960773013098
0.9999963375652043
0.999996195493306
0.9999960522176599
0.9999963016971818
0.9999960092924254
0.9999960813660135
0.9999962036850463
0.9999958576796608
0.9999960867376869
0.9999960525171567
0.9999958343712507
0.9999961062436888
0.9999958575563097
0.9999958576287914
0.9999960353479724
0.999995695174029
0.9999958882184051
0.9999959310558515
0.9999956522971802
0.9999959156318065
0.9999957280231452
0.999995625632819
0.999995844485051
0.9999955470911305
0.9999956686943675
0.9999957338738477
0.9999954186043861
0.9999956635939369
0.9999955346537155
0.9999953639284063
0.9999956150689531
0.9999953296544692
0.999995385385687
0.999995530545181
0.9999951980756391
0.9999954014416205
0.9999953616377066
0.9999951301234901
0.999995397002626
0.9999951777808527
0.9999951378622491
0.9999953299146743
0.9999950206467267
0.9999951709692149
0.9999951940999208
0.9999949234930774
0.999995156675378
0.9999949903869685
0.9999948661306262
0.9999951002994126
0.9999948088578015
0.9999949005818148
0.9999949913988477
0.9999946875697493
0.9999949075851201
0.9999948225029077
0.9999946411265644
0.9999948659840483
0.9999945781997596
0.9999946022533015
0.9999947452579584
0.9999944358772562
0.9999946253934493
0.9999945911762246
0.9999943721711912
0.9999946193903472
0.9999944128331261
0.9999943880644603
0.9999945746279415
0.9999942657155423
0.9999944066493702
0.9999944595310147
0.9999942033274244
0.9999944273397177
0.9999942769878549
0.9999941616668798
0.9999943638672394
0.999994081371603
0.999994159852089
0.9999942505196245
0.9999939486909656
0.9999941766305243
0.9999940925234084
0.9999939189688912
0.9999941296420218
0.9999938843150403
0.999993897283024
0.9999940271358956
0.9999937202486543
0.999993904094406
0.9999939115554457
0.9999936805699583
0.9999939076772768
0.9999937144553938
0.9999936604335709
0.9999938529922221
0.9999935305772502
0.999993659751755
0.9999936946775753
0.9999934078818359
0.999993633143662
0.9999935156580596
0.9999933855139063
0.9999935825529719
0.9999933290813287
0.9999934093773476
0.9999934810801003
0.9999931897307588
0.9999933884111113
0.9999933340163688
0.9999931187317831
0.9999933728723693
0.999993147910954
0.9999931352188142
0.9999932778146045
0.999992990325108
0.9999931291354468
0.9999931564921253
0.9999928993415061
0.9999931183330691
0.9999929396206251
0.999992861544953
0.9999930471106518
0.9999927752623178
0.999992850694054
0.9999929115309103
0.9999926426881276
0.9999928608317761
0.9999927683533022
0.9999926264752645
0.9999928266400734
0.9999925925259828
0.9999926243182194
0.9999927320648716
0.9999924431939415
0.9999926102663701
0.9999925992106067
0.9999923813080872
0.9999925928759426
0.9999923851534895
0.9999923459020462
0.9999924933001861
0.9999921938011301
0.9999923367271408
0.9999923514079719
0.9999921068293564
0.9999923232188868
0.9999922044107203
0.9999921218123491
0.9999923324375098
0.9999920653449675
0.999992120246138
0.9999921915911498
0.9999919171899209
0.9999921141481984
0.9999920515597976
0.9999918997941273
0.9999921203878158
0.9999918916162469
0.9999919114327296
0.9999920471689485
0.9999917496488369
0.999991929367907
0.999991915288352
0.9999916875050905
0.999991877917628
0.9999917036513517
0.9999916523339321
0.9999918014776153
0.9999915463716162
0.9999916497762908
0.9999916877726777
0.999991425801698
0.9999916190325794
0.999991495366887
0.9999913601246434
0.9999915523710606
0.9999913249306625
0.9999913891488826
0.999991459805015
0.999991199625474
0.9999913870033591
0.9999913321420012
0.9999911515859932
0.9999913594879644
0.9999911519153226
0.9999911284806883
0.9999912796241381
0.9999910327154538
0.999991168957784
0.9999911700222277
0.9999909664519243
0.999991163962596
0.9999910238385135
0.9999909406601661
0.99999107130618
0.9999908019374552
0.999990884543524
0.9999909171458348
0.9999906778640509
0.9999908722399123
0.999990775834636
0.9999906808285911
0.9999908611840116
0.9999906445642845
0.9999906991100929
0.9999907762623984
0.9999905315968088
0.9999906902111955
0.9999906219149948
0.9999904710757208
0.9999906512085791
0.9999904308902705
0.9999904285439067
0.9999905564718137
0.9999903114809764
0.999990438331245
0.9999904238725498
0.9999902107044186
0.9999904113817191
0.9999902730474547
0.9999902234006797
0.9999903916836798
0.9999901299974262
0.9999902220103447
0.9999902516176796
0.9999900154589153
0.9999901693505799
0.9999900654693179
0.9999899300303412
0.9999900945132646
0.9999899054380378
0.9999899080763766
0.999990017783178
0.9999897669222679
0.9999899062835466
0.9999898666888506
0.9999896801870293
0.9999898510980073
0.9999897031179332
0.9999896888876229
0.999989803785624
0.9999895362322326
0.999989651245215
0.9999896651584508
0.9999894609623641
0.9999896388200842
0.9999895107531264
0.9999894287229918
0.999989591413097
0.9999893399966048
0.9999894158875284
0.9999894555813965
0.9999892326545788
0.9999894000906042
0.9999893070185375
0.9999891506127159
0.9999893272611903
0.9999891093906442
0.9999891140770298
0.9999892291138686
0.9999889633485646
0.9999891052246734
0.9999890807490156
0.9999888933187767
0.999989074921158
0.9999889244369483
0.9999889075655154
0.9999890664293836
0.9999888240866025
0.9999889361120233
0.9999889286202052
0.9999887118590897
0.9999889076717695
0.999988784712391
0.9999886560111558
0.9999888336598425
0.9999886332943804
0.9999886933037879
0.9999887100425771
0.9999884517720316
0.9999886112818535
0.9999885284849113
0.9999883889677812
0.9999885639835769
0.9999883828152195
0.9999883797911598
0.9999884336081459
0.9999881862428549
0.9999883109582683
0.9999882949796083
0.9999881112630606
0.99998827247427
0.9999881019975977
0.9999880798396537
0.9999881975331838
0.9999879948906646
0.9999880564486637
0.9999880598203029
0.9999878543953138
0.9999880217734243
0.999987931751554
0.9999878114193911
0.9999879767962424
0.9999877495326477
0.9999878221106335
0.9999878631139658
0.9999876612782485
0.9999877634112082
0.9999876740677781
0.999987545211212
0.9999876830327427
0.9999874860183968
0.9999874871250034
0.9999875598320108
0.9999873110098142
0.9999874171560157
0.9999874404822735
0.9999872609940524
0.9999874015921618
0.99998726822383
0.9999871902620077
0.9999873259652091
0.9999871360685513
0.9999871579164722
0.999987214624405
0.9999870039134944
0.9999871331801566
0.9999870160836031
0.9999868949567581
0.9999870541966829
0.9999869051935951
0.999986914005737
0.9999870270784268
0.9999868169755946
0.9999869605964768
0.9999869514250262
0.9999867838584361
0.9999869535655569
0.9999868218739262
0.9999868037923216
0.9999869035384331
0.9999866704993496
0.9999867531310281
0.9999867233129459
0.9999865862706084
0.9999867209081319
0.999986589614767
0.9999865332580586
0.9999866458619637
0.9999864269301085
0.9999865045407675
0.9999865296874769
0.9999863605936354
0.9999864840636562
0.9999864182689757
0.9999863014669379
0.9999864551014299
0.9999862857232488
0.9999862857366728
0.999986335241018
0.9999861330117397
0.9999862992260645
0.9999862650045114
0.999986073116151
0.9999862070798013
0.9999860645340743
0.999986027380593
0.9999861376616865
0.9999859721628788
0.9999860295638141
0.9999860158046362
0.999985808591501
0.9999859642242455
0.9999858099957888
0.9999857286475333
