0.9999946480702345
0.9999782251027836
0.999959813008202
0.9999407067444089
0.9999229037229324
0.999906388818006
0.9998867872000927
0.9998686975278139
0.9998503667219297
0.9998316452885676
0.9998150553175469
0.999798701078804
0.999784649817233
0.9997686102027783
0.9997557164898009
0.9997440093410664
0.9997310069164774
0.9997188499642122
0.9997076426680616
0.9996911899432525
0.9996765134586179
0.9996570244966366
0.9996369899929756
0.9996178710821425
0.9996022825921285
0.9995837297251027
0.9995654466940115
0.9995449722330262
0.9995246238703087
0.999507056034632
0.9994896186227429
0.9994751789564311
0.9994627545429716
0.9994445066357257
0.9994369350351183
0.9994253339194716
0.9994099439420118
0.9994000254081564
0.9993914026895071
0.99937714653215
0.9993609244503775
0.9993453985584813
0.9993236863100572
0.9993038989571875
0.9992881095450281
0.9992708146197901
0.9992541016123969
0.9992341344015884
0.9992115770115563
0.9991931086836315
0.9991781248059831
0.9991615954147863
0.9991420823721683
0.99913711117767
0.999122978570908
0.9991059106497573
0.9990992996154847
0.9990886853986305
0.9990720067311979
0.9990514905877546
0.9990304329924002
0.9990194642756481
0.9990060656267185
0.9989913543444884
0.9989700065340337
0.9989407589789455
0.9989201145367085
0.9989047832738492
0.9988858659725526
0.9988683950429975
0.9988455651675062
0.9988288967927521
0.9988098880572556
0.9987991679253934
0.9987769639056071
0.9987685076169626
0.9987568523061967
0.9987361139148628
0.9987138592431928
0.998702289626997
0.9986891331638501
0.9986695906154283
0.9986519481678147
0.9986382764744786
0.9986163077437213
0.9985940415890676
0.9985721283507466
0.9985486560667619
0.9985329823931097
0.9985134243157198
0.9985021454640244
0.9984857104903208
0.998468418837641
0.9984600024544878
0.9984506407524418
0.9984342056837896
0.9984305020820196
0.9984224183985025
0.9984065867814734
0.9983864838286238
0.9983698053195208
0.9983512380102187
0.9983306984251414
0.998320252479569
0.9983061529421828
0.9982909831065824
0.9982755336320628
0.9982578965808017
0.9982332827009189
0.9982204943601956
0.9982019688189241
0.9981784408663966
0.9981599538734649
0.9981501047098099
0.9981355762940729
0.9981203728225166
0.9981052430545612
0.9981025786690622
0.9980941047583475
0.9980787679147013
0.9980670077000465
0.9980492042113288
0.9980377704667065
0.9980230889856608
0.9979944844035625
0.9979804272427946
0.9979590712883378
0.9979362888584257
0.9979229010402634
0.9979043932577281
0.9978912144816079
0.9978810191457096
0.9978620513697282
0.9978606499152238
0.9978501430586003
0.9978402457809892
0.9978384350676853
0.9978217898905317
0.9978056332431176
0.9977918120567162
0.9977765818903638
0.9977514297484519
0.9977374969824527
0.9977118792790923
0.997685888002495
0.9976742921720811
0.9976592378589827
0.9976408156550373
0.9976138501102547
0.9975976370249278
0.9975771573648184
0.9975538788534684
0.9975388686402336
0.9975299890500856
0.9975259439026025
0.9975181203291674
0.9974992437027614
0.9974772683858701
0.9974572079748114
0.997429758864738
0.9974178351815438
0.9973906655719469
0.9973835529425764
0.9973680959506056
0.9973461062662624
0.9973260463466743
0.9973134232490962
0.9972956516720705
0.9972850329835213
0.9972772753870788
0.9972569996623879
0.9972374909628081
0.9972183346034039
0.9972072415355522
0.9972061428866881
0.9971899266111951
0.9971654716964763
0.9971592441875661
0.9971403928214068
0.9971102217533021
0.9970923505987983
0.9970740499083327
0.9970394142417836
0.997011914245525
0.9969960948229377
0.996983391046779
0.9969567583148036
0.9969414935131948
0.9969273996818434
0.9969094977288554
0.9968826013248944
0.996854782492055
0.9968461268649396
0.9968337150801878
0.9968091305139251
0.9968031442558962
0.9967828233105546
0.9967792527340419
0.9967606096680589
0.9967468122898662
0.9967428976198954
0.9967280530100274
0.9967204890039278
0.9966940267783031
0.9966822948358913
0.9966582838339345
0.996649969400008
0.9966353335786551
0.9966330780056749
0.99661591981417
0.9966008708049902
0.9965899448135477
0.9965818252883772
0.9965674188213093
0.9965583349159252
0.9965358745729096
0.9965217625525754
0.9965105513634788
0.9964963856200277
0.9964759781411137
0.9964723416477818
0.9964506430949955
0.9964261850209518
0.9963992474092443
0.9963938327598182
0.9963801934520381
0.9963699844515819
0.9963396459696517
0.9963331125928301
0.9963130498497847
0.9963016426029425
0.996296841307053
0.9962798333316953
0.9962677407973188
0.9962402154753167
0.99623212988653
0.9962126156686499
0.9961999200085031
0.996171653352452
0.9961599618754948
0.9961321408209847
0.9961204793472141
0.9961048931650464
0.996101334344628
0.9960655715465399
0.9960489532029299
0.9960402115697555
0.9960232478769158
0.9960015708927372
0.9959809801858089
0.9959585692898739
0.9959465919892044
0.9959308859758595
0.9959191906387117
0.9959142914723293
0.9959025846264244
0.9959007869235375
0.9958932907507345
0.995865159515514
0.9958666508464102
0.9958449530559168
0.995815307597958
0.995792594220477
0.9957680451397426
0.9957519298459485
0.9957319566155406
0.9957099138282001
0.9956996817015353
0.9956760371298117
0.9956689866668934
0.995645325027632
0.9956210823107083
0.9955883797241503
0.99556303493982
0.9955579943745827
0.9955393254321724
0.9955300444366366
0.9955181350540752
0.9955070210348428
0.9955013427306206
0.9954908450891796
0.9954762133396443
0.9954426872879535
0.9954162863023011
0.9954078120659277
0.9953801324383367
0.9953752133048853
0.9953514507655734
0.9953407262395478
0.9953268158825889
0.9953105650392158
0.9953053893000438
0.995288382494022
0.9952731890679829
0.9952602306495665
0.9952476046194085
0.9952202404721715
0.9952064950068339
0.9951966223581068
0.99518907413841
0.9951683131257981
0.9951591196266314
0.995139425580354
0.9951245652635331
0.9951200442049417
0.995103318897168
0.9950689938321025
0.9950470840115354
0.9950199073808074
0.9949995424451988
0.9949827784157215
0.9949607026397095
0.9949396635956791
0.9949300522292133
0.9949124294960258
0.9948762118307484
0.9948570463762566
0.9948449199352712
0.9948315899108744
0.9948146288771638
0.9947858886023484
0.9947729229869597
0.9947614473958272
0.9947407100805444
0.9947127081586936
0.9946793861435725
0.9946670222078694
0.9946370126612196
0.9946277571265223
0.9946035823580742
0.9945872363483058
0.9945829923112389
0.994566569267707
0.9945767960969814
0.994561871883849
0.9945347468597129
0.9945191921832144
0.9945126121371421
0.9944887848741587
0.9944863044854304
0.9944606177387685
0.9944429311426788
0.9944278180006421
0.9944044544777221
0.9943927299266255
0.9943581294812185
0.9943331169681311
0.9943227796794368
0.9943091952718768
0.99429166969899
0.9942824395183999
0.9942521594536536
0.9942316951742185
0.9942045903760716
0.9941988825866791
0.9941694002839564
0.9941548035362899
0.9941370448381092
0.994129994120813
0.9941309484167759
0.9941169736804156
0.9940924946284132
0.9940740940077885
0.9940522925980585
0.9940478778636318
0.9940324385070205
0.9940091509293781
0.9939790637189994
0.9939512756238027
0.9939443876489209
0.9939040523766967
0.9938892834265548
0.993879801109851
0.9938611190820003
0.9938469993081485
0.9938131783637097
0.9937935894527131
0.9937755447947066
0.9937356683746013
0.9937276188016356
0.9937072149433723
0.9937058164751661
0.9936895250061734
0.9936675633695229
0.9936411606053045
0.9936160912662637
0.9935964930251591
0.9935756451872034
0.9935812082907728
0.9935753095629533
0.9935481057778435
0.9935300726078979
0.9935196995578807
0.9935259900120962
0.9935072765620603
0.99348133741594
0.9934654761056951
0.9934504026446178
0.9934461476097545
0.9934167785933721
0.9933979180163968
0.9933990220232058
0.993384564725716
0.9933806555000045
0.9933630761149799
0.9933344527946271
0.9932994484675325
0.9932875484742674
0.9932643317444068
0.9932489004860814
0.9932271610988802
0.9932102692775179
0.9931939045592464
0.9931879342015467
0.9931696610839084
0.9931566456176678
0.9931381301733605
0.9931307001225719
0.9931099813733992
0.9930962850422772
0.9930558908752134
0.9930379731085467
0.9930244313384667
0.9930165505133266
0.9930089198905899
0.9929930291165537
0.9929520184288326
0.9929405809635943
0.99291855180096
0.9929094112633504
0.9929045315204321
0.9928779778296197
0.9928650414203983
0.9928561674166928
0.9928597792738661
0.9928255029745052
0.9927951562299092
0.9927832565944541
0.992780674911122
0.9927716917046031
0.9927567816266959
0.9927459270640774
0.9927247096787817
0.9927105799919207
0.9927083590166974
0.992687206285696
0.992670189715563
0.9926415915297964
0.9926231520076245
0.992593309712511
0.992567729679161
0.992556218984342
0.9925319786217854
0.9925011662092111
0.9924570424118989
0.992448780879489
0.9924127910413562
0.9924051538673943
0.9924209594981778
0.992429645274213
0.9924238059845152
0.9924070564133376
0.9923761193815333
0.992367308170741
0.9923440638156222
0.9923344653540244
0.9923013203709798
0.99229415332623
0.9922871766468736
0.992257566498617
0.9922378898941469
0.9922257389933692
0.992204185716654
0.9921983215802584
0.992175650859053
0.9921486093242995
0.9921301723381719
0.992116398853634
0.9921004630711586
0.9920751263422711
0.992052423268671
0.9920187951327873
0.9920024953342713
0.9919887957184196
0.9919714411331454
0.9919674782453569
0.9919379125749777
0.9919037239223903
0.991890097902095
0.9918675576995432
0.991871427067313
0.9918592893565709
0.9918313241979241
0.9918067495989537
0.9917943902777256
0.9917813335806525
0.9917674723661589
0.9917525352152625
0.9917370797887773
0.9917014204192043
