0.9999999078319185
0.9999845458009059
0.9999687168176734
0.999954085128443
0.9999377463027768
0.9999214814219625
0.9999064784667364
0.9998900688708807
0.9998718061109798
0.999854251980164
0.9998391809363623
0.999822704776454
0.999805415448648
0.9997868934102935
0.9997691467171594
0.9997509442976982
0.9997365510754684
0.9997211280654793
0.9997071712232839
0.9996935739338726
0.999671952170745
0.9996537892594031
0.9996383953841371
0.9996224214344829
0.9996063383498637
0.9995937632864491
0.99957894310253
0.9995629039041021
0.9995468456826787
0.9995340268445014
0.9995136020456681
0.9994965028767898
0.9994783670657765
0.9994649176694397
0.9994488446684794
0.9994325325774138
0.9994177166892655
0.9993966625496414
0.9993750949105018
0.9993626623503278
0.9993495145253978
0.9993406375665085
0.9993237591988446
0.9993054411808233
0.9992889181859261
0.9992752999686371
0.9992648659965901
0.9992498633845628
0.999238600006845
0.9992269916735886
0.999204314948487
0.9991800774738356
0.9991676798301886
0.9991501934055844
0.9991313065109785
0.9991146433508572
0.9991040084720948
0.9990874939351798
0.9990746763114794
0.9990537696290475
0.9990424139442293
0.999021171422783
0.9990054041410917
0.9989890216705681
0.9989745804118705
0.9989560725274327
0.9989430667670379
0.9989228385182451
0.9989153640319219
0.9988897814343294
0.9988738252533624
0.9988651289545464
0.9988493156216569
0.998840642138268
0.9988316381828878
0.9988128047805247
0.9988030826895317
0.9987897786321939
0.9987736685581754
0.9987569423106025
0.9987429863313968
0.9987286022207486
0.9987111682668718
0.9986956780508988
0.9986811646742233
0.9986624559189399
0.9986429290457712
0.9986256736544077
0.9986034043602795
0.9985903500049794
0.9985755030788815
0.9985628772811277
0.9985499834456494
0.9985415079162764
0.9985252087886648
0.9985086894534979
0.9984878736500974
0.9984713856361914
0.9984581918785812
0.9984512825521946
0.9984324422002345
0.9984139972016938
0.9984022605600666
0.9983853521570875
0.9983731288105028
0.998350470257515
0.9983378412396672
0.9983255508399818
0.9983046312147575
0.9982882847226195
0.9982735462763783
0.9982622320251503
0.99824571386809
0.9982297677254642
0.99820975703395
0.9982064052581949
0.9981808142579907
0.9981625288183693
0.9981508264378066
0.9981385465918386
0.998123457727975
0.998106691509677
0.998088970887941
0.9980845385369199
0.9980732316958714
0.9980509727677389
0.9980353455311779
0.9980136875992316
0.9979946174712607
0.9979820735808151
0.9979668032889795
0.9979441015953707
0.9979199575621666
0.9979037754443513
0.9978912854657277
0.9978720563620113
0.9978535858678215
0.9978453639255765
0.9978183409951765
0.9978066276384899
0.9977768894256438
0.9977713578364351
0.997760642862279
0.9977501367925745
0.9977373403902412
0.997728555044859
0.9977099890707448
0.9976892773501003
0.9976664207089497
0.9976426691099319
0.9976319674944679
0.9976225871063865
0.997604271777109
0.9975926720026824
0.9975748205014355
0.9975574956289547
0.9975545973183587
0.9975353700094982
0.9975273277086212
0.9975176969277603
0.9975102346333264
0.9975021225071385
0.9974929665571253
0.9974689014583576
0.997447500994749
0.9974353778892432
0.9974254134816145
0.997417975968749
0.9974108013715245
0.9973963924459098
0.9973756257471741
0.9973549302513212
0.9973420838846587
0.9973217301823873
0.997303191176301
0.9972862187905188
0.9972751879768268
0.9972605155031438
0.99724306689485
0.997222882882972
0.9971933712503479
0.9971741320284762
0.9971579527047102
0.9971310241735766
0.9971134303337679
0.9970996058749665
0.9970743120307459
0.9970494528327537
0.9970292290614506
0.9970160780805439
0.9970071773987836
0.9969915121158739
0.9969624225484636
0.9969427746124954
0.9969232372809368
0.9969073227324802
0.9968922226894953
0.9968854979794994
0.9968742760924998
0.9968510914881594
0.9968239324808379
0.9968100684492296
0.9967991172086373
0.9967906330845054
0.9967642831779749
0.9967495007152022
0.9967226442897865
0.9967052400401987
0.9966911626593415
0.996668046931099
0.9966404351858263
0.9966433440822549
0.9966350303533787
0.9966085176237952
0.9965998155345058
0.9966008187806461
0.9965870167094126
0.9965913742334175
0.9965714197113392
0.9965647529300137
0.9965452589931931
0.9965251917667349
0.996526221475782
0.996507805584389
0.9964934121772933
0.996490779671649
0.996479607022758
0.9964533339714731
0.9964311995030157
0.9964210406018119
0.996409796807189
0.9963952934504197
0.9963715310220561
0.9963656935981113
0.9963506043590478
0.9963344874653491
0.9963295470732676
0.996307538576994
0.996301995656782
0.9962844532313693
0.9962830788552186
0.9962735894895933
0.9962650383959589
0.9962525180009603
0.9962404869352248
0.9962159386849313
0.9962084350906825
0.9961925352941271
0.9961863239501596
0.9961737902498077
0.9961512231161277
0.9961250635587967
0.9961137764293049
0.9961041894141828
0.9960918482511737
0.9960827329451544
0.9960578610252319
0.996038976533626
0.99602012379212
0.9959893943636032
0.9959716968907412
0.9959590709990395
0.9959443885942548
0.9959237780660279
0.9959144316199829
0.9958944706195461
0.995871181735864
0.9958557391915235
0.995840504368476
0.9958301153370431
0.9958177512724351
0.9958084190140037
0.9957843654289203
0.9957711979890213
0.995761830545013
0.9957496373843606
0.9957382432360375
0.995714083503912
0.9957029434970719
0.9956973033275617
0.9956816672541757
0.9956634971338492
0.9956600920822425
0.9956482566081456
0.9956233219302637
0.9956009388112834
0.9955921682946055
0.9955715792739497
0.9955624931006937
0.9955379341218196
0.9955300231667424
0.9955163865988792
0.995496325421396
0.9954893982149339
0.9954576676231575
0.9954504908479673
0.9954426337363902
0.9954385352993869
0.9954085199656995
0.9953924921815249
0.9953788700579905
0.9953823018632296
0.9953622800850311
0.995344892797173
0.9953191306903153
0.9952962358410938
0.9952749012762471
0.9952525704685329
0.9952320176836971
0.9952234477779919
0.9952024570108539
0.9951950341224253
0.9951810226255593
0.995170069659902
0.9951326538563913
0.9951134545831066
0.9950911383037988
0.9950839790880304
0.9950616626520251
0.995042920804293
0.9950270140828591
0.995028488567859
0.995010373486166
0.9950027010949817
0.9949768301459633
0.9949647831597496
0.9949541005493789
0.9949371066324947
0.9949180938896822
0.994917643137408
0.9948892946130531
0.9948704404964891
0.9948599914441516
0.9948545832608657
0.9948339072228699
0.9948213517262284
0.9948085726311063
0.9947974239092461
0.9947831264546138
0.9947768730760427
0.9947577416566226
0.9947333142113505
0.994735385453852
0.9947179865087086
0.9946951003314822
0.9946828807610087
0.9946583642067093
0.9946427720508234
0.9946247337498184
0.9946154298596634
0.9945949241802023
0.9945832140140287
0.9945653044366136
0.9945333021801586
0.9944979729343327
0.9944715859663086
0.9944787013600329
0.99447379669766
0.9944644537722188
0.994441500322903
0.9944299726717005
0.9944250809864917
0.9944154180088717
0.9943949236851104
0.9943741499793233
0.9943543859595666
0.9943283970687116
0.9943053350503358
0.9942930806338851
0.9942709835645557
0.994248081679113
0.9942326385335678
0.9942280144330297
0.9942314908629681
0.9942136070914621
0.9942026666631831
0.9941831510904049
0.9941525187503725
0.9941490531994968
0.9941366541044843
0.9941154551559531
0.9940892712701185
0.9940749082951156
0.994075595531596
0.9940630389008173
0.994048533781151
0.9940379240423217
0.9940092947509291
0.9939857325061516
0.9939757990305226
0.9939489808632872
0.9939309712966711
0.9939151637807089
0.9939233818722779
0.9938912067692662
0.9938869813031462
0.9938535117194631
0.9938435417292798
0.9938102006314723
0.9937891009276987
0.9937818130976812
0.993778343702976
0.9937673220597475
0.9937447386012076
0.993730355371993
0.9937248270479899
0.9936886545607109
0.9936845071920025
0.9936726986921923
0.9936525837066896
0.9936570410170151
0.9936188684219173
0.9936156681204078
0.9935957494683456
0.9935793238689893
0.9935547341722966
0.9935316162808294
0.9934967952281986
0.9934690062236183
0.9934478298498045
0.9934232416441567
0.9933816801490326
0.9933709057271473
0.9933473447753735
0.9933244884059786
0.9933021346477112
0.9932847772718849
0.9932666334172858
0.9932538106916308
0.9932403967920065
0.9932346437417441
0.993204292096396
0.9932055676004509
0.9931900719491722
0.9931645107737648
0.9931381758995397
0.9931279327396703
0.9931194061572489
0.9931242458587244
0.9931161850332058
0.9930973896237982
0.9930733764201606
0.9930616622530196
0.9930446461973389
0.9930339008624967
0.9930128160103417
0.9929920812306274
0.9929857653738737
0.9929630912868775
0.9929459128981633
0.9929281588057792
0.9929002035611724
0.9928867772689539
0.9928720597888386
0.992856769923593
0.9928531733087119
0.9928327220709541
0.9928128944110215
0.992795477547372
0.9927755502574395
0.9927667716368721
0.9927577633606538
0.9927291289820255
0.9927371422080125
0.9927092191573282
0.9926946529503705
0.9926777450011396
0.9926436272513105
0.9926375637371672
0.9926343230517165
0.9926155161368534
0.9926001044731176
0.9925895467342849
0.9925686754514537
0.9925702111139543
0.9925492809370688
0.9925392753741777
0.99251884297129
0.9924896606040169
0.9924777852080554
0.9924446938043318
0.9924282846709453
0.992404934575055
0.9923907810163266
0.9923972030380656
0.9923673296993344
0.9923572035133265
0.9923477137098541
0.992335683562406
0.9923249459706442
0.9923056192767801
0.9922978216318157
0.9922694005145838
0.9922623736580565
0.992228527680084
0.9922189449104577
0.9922037911401488
0.9921883023601726
0.9921664207144457
0.9921588102947639
