0.9999989008757924
0.9999981984689118
0.9999967169921136
0.9999951190128122
0.9999940646051761
0.9999938803682077
0.9999945322852467
0.9999957330818179
0.9999969028755806
0.999997338324749
0.999996714506212
0.9999952899355139
0.9999936841633801
0.9999925935808331
0.9999923337808492
0.9999928759674036
0.9999940405046848
0.9999951918497
0.999995716841484
0.9999952080907859
0.9999939059610227
0.9999922983011144
0.9999911170659288
0.9999907374580796
0.9999911984407933
0.9999922593535253
0.9999934534684611
0.9999939775678763
0.9999935299187992
0.9999922700639386
0.9999906378858674
0.9999893875549211
0.9999889186544804
0.9999893904971326
0.9999904680110452
0.9999917305088052
0.9999924034835096
0.999992086001478
0.9999909284547625
0.9999893662319789
0.9999880256061167
0.9999875735589219
0.9999879256333192
0.9999889393899851
0.9999900879095146
0.9999908587911439
0.9999907020139969
0.9999896221622925
0.9999881333375631
0.9999867889748284
0.9999862264471845
0.9999865075178117
0.9999874522655894
0.999988639620046
0.9999894056152312
0.9999893401213289
0.9999883439323444
0.9999868169327971
0.9999854468527618
0.9999847922078464
0.9999849699846846
0.9999858151762937
0.9999869170317109
0.9999876387416726
0.9999876568713696
0.999986724293459
0.999985290004337
0.9999838410668044
0.9999830825458965
0.999983222873877
0.9999840158245685
0.9999852200681012
0.9999861579440108
0.9999862175830602
0.9999854438494888
0.9999841056951159
0.9999827322185526
0.9999818889083699
0.9999817829415896
0.999982514117998
0.9999836473202004
0.9999845677026418
0.9999847872117354
0.9999840892465706
0.9999828104263178
0.999981321114506
0.9999803771882563
0.9999803069797035
0.9999808631024761
0.9999819056131866
0.9999828721959907
0.9999832327023541
0.9999825800799469
0.9999811730485981
0.999979671300393
0.9999787352073204
0.999978642123178
0.9999792459997813
0.9999802903111847
0.9999812098944751
0.9999815553115067
0.9999810708257882
0.9999796936049957
0.9999782471770755
0.9999773380056987
0.9999771077004276
0.9999776782896934
0.9999786334591511
0.99997967349666
0.9999800044149459
0.9999794423259651
0.9999783092840709
0.9999769765605163
0.9999759798814937
0.9999756166995318
0.99997589106145
0.9999768688496055
0.9999779601096738
0.9999784966493915
0.9999780771908451
0.9999769439109879
0.9999755762489406
0.9999744572250959
0.999974027367623
0.9999743168644785
0.9999752626083539
0.9999762591065594
0.9999768830198777
0.9999765426814462
0.9999753732148713
0.9999741425818687
0.9999730477829082
0.9999725890495925
0.9999728488994877
0.9999737433703356
0.999974872284699
0.9999755007907406
0.9999752897966162
0.9999743307282757
0.9999730236846365
0.9999719323716829
0.9999714134728234
0.9999716548370201
0.9999724642784372
0.9999734656523862
0.9999741420303812
0.9999739315187806
0.9999729442924756
0.9999716565242649
0.9999705507607303
0.9999699092807116
0.9999700134609343
0.9999708454739411
0.9999718150508264
0.9999724782032503
0.9999724037343634
0.999971582922796
0.9999702768792845
0.9999691317515383
0.9999684407692141
0.9999684698406838
0.9999690993739154
0.9999700641793644
0.9999708032807892
0.9999707705108233
0.9999700019210165
0.9999686097871667
0.9999674258568657
0.9999668345388635
0.9999667230417675
0.9999673220233383
0.9999683673444135
0.9999691460224779
0.9999691819095813
0.9999684217313498
0.9999671145060569
0.9999658046676084
0.9999650195128247
0.9999649882079833
0.9999655915417975
0.9999666017234021
0.9999674954896826
0.9999677156832971
0.9999669106035495
0.9999657597432985
0.9999644617146661
0.9999634731343768
0.9999632783284872
0.9999637658949336
0.9999647073224833
0.99996560845172
0.999965819122648
0.99996527139777
0.9999642329608927
0.999962900927092
0.9999620525044499
0.9999618798530623
0.9999624199986213
0.9999631560902378
0.9999640811195403
0.9999644759725238
0.9999640741222169
0.9999630698190419
0.9999617945281861
0.9999608393277151
0.9999604154171058
0.9999608395350839
0.9999615317951474
0.9999624023562241
0.9999627531740596
0.9999623851815422
0.9999613556374255
0.9999601588220005
0.9999592086668064
0.9999588156975584
0.9999589836568471
0.9999598568139352
0.9999607986555735
0.9999611888587174
0.9999609652779451
0.9999599635103291
0.9999586512640175
0.9999576684031175
0.9999571318345222
0.9999572253980689
0.9999580196846929
0.9999588230391865
0.999959266671986
0.9999589067784354
0.9999580320065788
0.9999569213708949
0.9999557875419536
0.9999551638035914
0.9999554203441188
0.9999561925962323
0.9999572211757121
0.9999576356096538
0.9999573532995173
0.9999566522466491
0.9999555686451665
0.9999545953610639
0.9999540159225885
0.9999540780445364
0.9999546411556539
0.9999554610251261
0.9999560257515754
0.9999559968290218
0.9999550655082466
0.9999539329123551
0.9999528573644375
0.9999522954701175
0.9999523905363567
0.999953075615622
0.9999539898459519
0.9999546381049316
0.9999544899052211
0.9999537314363625
0.9999526099944158
0.9999515335865699
0.9999508117768288
0.9999507081397371
0.9999513654479846
0.9999520227762807
0.999952610636297
0.9999525873030682
0.9999519790783574
0.999951025739008
0.999950028371227
0.9999494541543894
0.9999493975597126
0.9999500700027302
0.9999508229785994
0.9999514964743864
0.9999514975814556
0.9999509184679473
0.999949814558559
0.9999486809329958
0.9999480217737846
0.9999478621902068
0.9999483762452305
0.9999494094543807
0.9999501918006228
0.9999503806391105
0.9999497519866887
0.9999487670083637
0.9999476167022293
0.9999468941302514
0.9999465211497185
0.9999468999107796
0.9999477492429116
0.9999484810360223
0.9999486884902541
0.9999483448156717
0.9999474255673751
0.9999462770875978
0.9999456125959225
0.999945479213408
0.9999458678406123
0.9999467749310895
0.9999473093339603
0.9999475546184551
0.9999471145630351
0.9999460094930932
0.9999449514092191
0.9999442249470307
0.9999439698110458
0.9999441978054192
0.9999449394748895
0.9999456648858176
0.9999458373004468
0.9999453958678464
0.9999445308772053
0.9999435558365761
0.9999427056680137
0.9999423939929402
0.99994265767184
0.9999434823639439
0.9999442696440725
0.9999445069723265
0.9999443980867374
0.9999434898779185
0.9999424446765146
0.9999417072378366
0.9999413787991652
0.999941719749833
0.9999425153755273
0.9999431031037547
0.9999430990778299
0.9999426216435046
0.9999419191637439
0.9999410022609174
0.9999401466816743
0.9999396555276095
0.9999399581976234
0.9999405174888022
0.9999412439855412
0.9999413131065346
0.9999410171365427
0.9999402784261191
0.9999394185237341
0.9999384417464315
0.9999378331712905
0.9999380196928214
0.9999385823968862
0.999939201352387
0.9999394368866543
0.9999392752432602
0.999938633426754
0.9999377665543556
0.9999369254681492
0.9999363683932889
0.9999364978855568
0.9999369812255581
0.9999376854639902
0.9999380818766264
0.9999377688459133
0.9999373295765618
0.9999364610119004
0.9999354642120563
0.999934942964352
0.9999348508921168
0.9999354696860504
0.9999362290673973
0.9999365595984959
0.9999363137735251
0.9999355321618731
0.9999346639851686
0.9999337612600514
0.9999331851244486
0.999933150546031
0.9999335852643639
0.999934187434351
0.9999344628173964
0.9999345609434618
0.9999340823657993
0.9999332087445282
0.9999322241463604
0.9999318022431308
0.999931744011913
0.9999321455979163
0.9999328086361821
0.999933363704654
0.9999333473100149
0.9999328382448998
0.999931845116411
0.9999308922617562
0.9999301442583973
0.9999301851505671
0.9999307084001107
0.9999314248960919
0.9999319235220557
0.9999319159293166
0.999931410795727
0.9999305890457468
0.9999296969108723
0.9999288918875231
0.9999285553877829
0.9999289922198565
0.9999294873761898
0.9999299834299574
0.9999301540991619
0.9999297799657939
0.9999288984616911
0.9999278149624332
0.9999271246524929
0.9999269971941506
0.9999273512978775
0.9999278050083646
0.9999282543014743
0.9999285520305693
0.9999283728009958
0.9999276366823726
0.9999262963896991
0.9999254673624602
0.9999249492295633
0.9999252325045651
0.9999258247008993
0.99992648420314
0.9999269495747771
0.9999268944925258
0.999926070089226
0.9999251220431242
0.9999245092294273
0.9999242526166664
0.9999245716952091
0.9999250958051976
0.999925629701401
0.9999260226008342
0.999925820603196
0.9999251171251141
0.9999242432222378
0.999923529118693
0.9999231981914769
0.999923269907252
0.999923826244904
0.9999242812638482
0.9999245958119701
0.9999243979970673
0.9999235688100606
0.9999225709263843
0.9999217703081414
0.9999213883726008
0.9999213475313892
0.999921708339652
0.9999222598464996
0.9999224533269935
0.99992235897081
0.9999217232652109
0.9999209826433176
0.9999201961867433
0.9999198313737918
0.9999199527568791
0.9999205529639876
0.9999211835730294
0.9999215057351222
0.9999211881758359
0.999920585549496
0.9999197638341047
0.9999191333931274
0.9999186188271083
0.9999184893628439
0.9999190598005768
0.9999196342832156
0.9999199481197338
0.9999199577121896
0.9999193242424336
0.9999183940003157
0.9999175152942663
0.9999172154524124
0.9999170579732344
0.9999173717613664
0.9999178217957878
0.9999180569864146
0.9999180984032959
0.9999174863023473
0.9999169375353816
0.9999160983825833
0.9999156412615459
0.999915515119828
0.9999157205875358
0.9999161991984793
0.9999165396599422
0.9999165650686331
0.9999159498137007
0.9999152168663104
0.999914389531041
0.9999138582347753
0.9999139800586389
0.9999142552611797
0.9999149886835302
0.9999155714585118
0.9999157840565405
0.9999154293018531
0.999914582399752
0.9999137045425537
0.9999129695118414
0.999912691260341
0.9999129316891507
0.9999135709208707
0.999914202780181
