0.9999986788492271
0.9999979092844941
0.9999963450638507
0.9999943935726845
0.999992650088941
0.9999917310911512
0.9999919376209456
0.9999930104030085
0.9999943924128911
0.9999953940781291
0.9999954856593425
0.9999947373589593
0.9999931656034
0.999991223798611
0.9999895532164058
0.9999886275709726
0.9999887769594961
0.9999898506179572
0.9999911930497678
0.999992278967513
0.9999924615616961
0.9999915645002443
0.9999900339456719
0.999988183148215
0.9999865068835696
0.9999856254678138
0.9999857445608104
0.9999867585667662
0.999988041609353
0.9999889839468431
0.9999890715130237
0.9999882853630966
0.9999867255237735
0.999984878621999
0.9999832560051763
0.999982370727526
0.9999824589283558
0.9999834463249655
0.9999847442819686
0.9999856635541751
0.9999858854668912
0.9999850957097088
0.9999836670516868
0.9999818064469717
0.9999801365790439
0.999979279701339
0.9999793880709406
0.9999804128841375
0.9999817523388981
0.9999826596164048
0.9999828959367836
0.9999821502103992
0.9999807133717747
0.9999787885859087
0.9999773392668451
0.9999763539901537
0.999976465762097
0.999977418088282
0.9999785999868219
0.9999795723876617
0.9999796701734541
0.9999790097012021
0.9999774738289373
0.9999758165969876
0.9999742142241985
0.9999733384968639
0.9999733947203661
0.99997436490207
0.9999756732467331
0.9999765973321513
0.9999768318024979
0.9999759523695376
0.999974420904556
0.9999727389667091
0.9999711219990656
0.9999703641703998
0.9999704628284765
0.9999712517132425
0.9999724860334849
0.9999735150675526
0.9999735885521511
0.9999728036230288
0.9999714062062939
0.9999698435125813
0.999968242924286
0.9999674157458384
0.9999674871251503
0.9999683269885025
0.9999694138221059
0.9999703733405325
0.999970628037262
0.9999697586728001
0.9999682438051987
0.9999663771493598
0.9999650129810536
0.9999641632142574
0.9999643670927155
0.9999650047241532
0.9999661249904193
0.999967040822412
0.9999671717842142
0.9999664022135267
0.9999649888406676
0.9999633424872354
0.9999617181296856
0.9999609185268921
0.9999609547609883
0.9999617562446587
0.9999626669597058
0.99996351042368
0.9999634788333324
0.9999627855997739
0.9999612878497526
0.9999596191081439
0.9999580601144082
0.9999571838513042
0.9999571138160528
0.9999579796060141
0.9999589722466583
0.9999597291002456
0.999959747730494
0.9999591650381696
0.9999578591840536
0.9999560370581652
0.9999547302634266
0.9999539185611915
0.9999539726553665
0.9999548943112152
0.9999559713901345
0.9999568616012525
0.9999570152479764
0.9999565054939437
0.9999548773321609
0.9999532070715696
0.999951864768741
0.9999512977083036
0.9999513460975381
0.9999522292165102
0.9999533632158999
0.9999541823989441
0.9999541932999532
0.9999534187175383
0.9999518675448614
0.9999502024097313
0.9999489277620629
0.9999480930466113
0.9999479741092588
0.9999486582989717
0.9999495284506501
0.9999502367825006
0.9999503320969626
0.9999496266750001
0.9999484644728444
0.9999468216215589
0.9999456107189756
0.9999447931560642
0.9999446296388169
0.9999453503231557
0.9999461852866279
0.9999468409657689
0.9999469435231917
0.9999464706911662
0.9999451936636435
0.9999436523846617
0.9999421321638664
0.9999414248831193
0.9999414712383864
0.999942121555531
0.9999433939895398
0.9999442432678025
0.9999444350675094
0.9999437465712321
0.9999424859708055
0.9999409107958814
0.9999395602327777
0.9999387857972385
0.9999386193541873
0.9999391501156272
0.9999401678311144
0.9999408145086546
0.9999409673316149
0.9999401679906987
0.9999388122796515
0.9999373606372121
0.9999359238050279
0.9999352706282333
0.9999355604294975
0.9999365065479623
0.9999375446415234
0.9999382736529839
0.9999383012883326
0.9999377499745923
0.9999365003922508
0.9999350817600721
0.9999336633202652
0.9999329960223253
0.9999333783331391
0.9999339845475733
0.9999350680341774
0.999935681135031
0.9999355574980937
0.9999349556224686
0.9999339050768148
0.9999323134647025
0.9999306576557769
0.9999300447535432
0.9999301863878438
0.9999308221765058
0.9999318974218155
0.9999325687880688
0.9999327724087019
0.9999318840839024
0.9999304421779187
0.9999289916201464
0.9999273578085702
0.9999263820014307
0.9999263936985207
0.9999271208311271
0.9999279097438702
0.999928601501661
0.9999286113248104
0.9999278805673382
0.9999267418633113
0.9999253529931363
0.9999241566335478
0.9999232830399963
0.9999236812943848
0.9999245800876678
0.9999254386532543
0.9999260741021755
0.9999261155731601
0.999925728373561
0.9999243469342074
0.9999228322263988
0.9999213279705578
0.9999205868785442
0.9999205272892446
0.99992132553809
0.9999220849285577
0.9999227909116545
0.9999229110584856
0.999922350436387
0.9999212061260316
0.9999196148330493
0.9999184122347536
0.9999177766070203
0.9999177021816927
0.9999181669576683
0.9999189208325884
0.9999195755814303
0.9999197074978919
0.9999192174293638
0.9999177924517572
0.9999160255057907
0.9999146497845398
0.9999137964624595
0.9999136267919524
0.9999140484387974
0.9999148524483444
0.9999156508509037
0.9999157353481787
0.9999148719904942
0.9999137165015335
0.9999123274136037
0.9999110035257898
0.9999103401587465
0.9999103624391882
0.9999111307668751
0.999911854293049
0.9999124361769519
0.9999125989122386
0.9999121845216432
0.9999109806904184
0.999909576726084
0.9999079244741446
0.9999071601517358
0.9999072510440382
0.9999075362000954
0.9999079161188305
0.9999083768466325
0.9999084210780631
0.9999078064163442
0.9999064545232079
0.9999050277497729
0.9999039674920169
0.9999035239080705
0.9999034593093872
0.9999039318712636
0.9999047446223824
0.9999053383617302
0.999905316543654
0.9999046438851755
0.9999032724524236
0.9999017419291295
0.9999004792531284
0.9998999968869604
0.9998999765129598
0.9999003959636173
0.9999014277971435
0.9999020295618648
0.9999022002002587
0.9999015593724423
0.9999004242778963
0.9998989339695732
0.999897585267808
0.999896848476819
0.9998968126365804
0.9998973599902284
0.9998982943813395
0.9998990602609359
0.9998992089985731
0.9998986527907439
0.9998974077671573
0.9998959804654567
0.999894742824885
0.9998936502762843
0.9998936790216002
0.9998941175797637
0.9998953663677812
0.9998960090426039
0.9998960254975349
0.9998956046316093
0.9998947501868677
0.9998934365412779
0.9998921541167582
0.9998915270391374
0.9998913286328774
0.9998918785134178
0.9998929443256263
0.9998936753928779
0.9998938179843379
0.9998933054786282
0.9998924256688402
0.9998908649712933
0.9998895735226857
0.9998887849499911
0.9998886609271718
0.9998892915231493
0.999889727666452
0.9998904755629382
0.9998907694767681
0.9998901337081273
0.9998890289758465
0.9998874514984694
0.9998862029761966
0.9998853442203773
0.9998855208907752
0.9998861372469848
0.9998867441344081
0.9998869355178716
0.9998874430011575
0.9998870103308721
0.9998859969623403
0.9998848363830671
0.9998836397805765
0.9998829846912592
0.9998834223382859
0.9998841065169133
0.9998849972430127
0.9998854056863788
0.99988557177715
0.9998847011223723
0.9998835640737274
0.9998819893314795
0.9998811588473903
0.999880779224286
0.9998810112441355
0.9998817581527429
0.9998823676562284
0.9998828285047664
0.9998828206188386
0.9998823577989673
0.9998810200404908
0.9998794905714893
0.9998783212229394
0.9998773260317904
0.9998772557685233
0.9998775151735411
0.9998780943503079
0.9998787398247249
0.9998790060831528
0.9998784668821566
0.9998774754420411
0.999876206154916
0.9998750200709174
0.9998742317775042
0.9998742642652878
0.9998745234044827
0.9998752962502481
0.9998760638208194
0.9998757270690968
0.9998751276008878
0.9998743371441953
0.999872737121097
0.9998719841461282
0.9998710128261086
0.9998710621374676
0.9998717001603782
0.999872152802201
0.999872650905383
0.9998725501586548
0.9998716695423218
0.9998708578785842
0.9998691243484708
0.9998678113239647
0.999867270928389
0.9998671292315316
0.9998677379624513
0.9998687356990021
0.9998693587394931
0.9998694108171283
0.9998685974822855
0.9998675683523448
0.9998660790113703
0.999864864869758
0.9998637069198874
0.9998638474724195
0.9998641823062862
0.9998648825625408
0.9998652216817548
0.9998650393498414
0.999864470652432
0.999863439881978
0.9998620634728799
0.999860866334614
0.9998601011337306
0.9998601003590817
0.9998608563987802
0.9998611555340339
0.9998615922362445
0.9998621365370391
0.9998616298638412
0.999860430715501
0.9998589933055693
0.9998576352808026
0.999856742291758
0.9998568924371404
0.9998572064955451
0.9998580077658413
0.9998585039342354
0.999858702807556
0.9998579675850409
0.9998569815141399
0.9998560526643027
0.9998549960013835
0.9998547177311736
0.9998546423366454
0.9998553270990439
0.9998559681324788
0.9998563947605462
0.9998562676265851
0.9998554854083562
0.9998544212950391
0.9998529436912909
0.9998516660478196
0.9998510030291663
0.9998510896615633
0.9998515147533056
0.9998522602681406
0.9998526863113296
0.9998530026469823
0.9998529432141539
0.9998520632182389
0.9998508248412303
0.9998498315319361
0.9998494050842331
0.9998493717522876
0.9998500862276268
0.9998508626903114
0.9998513830330863
0.999851629738698
0.9998510857454462
0.9998502325023162
0.9998493551757306
0.999848311069827
0.9998476353479101
0.9998474132596711
0.9998473937135332
0.9998477851079657
0.9998479950710333
0.9998478860903685
0.999847520642187
0.9998464281111514
0.9998454370813704
0.9998441016454473
0.9998435999715554
0.9998434176570149
0.9998436369882862
0.9998439052175012
0.9998441962758614
0.9998443789130224
0.999843853135446
0.9998430492790655
0.9998416982173777
0.9998403755295792
0.9998400217954809
0.9998402033768181
0.999840798952248
0.9998412377041763
0.9998417123794255
