0.9999978976421248
0.9999970779951479
0.9999953483289615
0.999993070048354
0.9999906937520325
0.9999887424242584
0.999987649214958
0.9999875523199554
0.9999884306908565
0.9999899330074464
0.9999916881415785
0.9999931239598504
0.9999938028780574
0.9999935058361189
0.9999922133198335
0.9999901792413163
0.9999877649121113
0.9999855580580008
0.9999840551034656
0.9999834218634803
0.9999838643548364
0.9999851113546117
0.9999867725805943
0.9999884689155442
0.9999895570132216
0.9999897998965711
0.9999890681926876
0.9999873993050163
0.9999852031240157
0.9999828689849316
0.9999809797491568
0.9999797406069767
0.9999795918842022
0.9999802561120645
0.9999817107725565
0.9999834290628151
0.9999848801001582
0.9999855647218204
0.9999853030247579
0.9999841167769888
0.9999823066785997
0.9999800057792193
0.9999780600759364
0.9999765321578594
0.9999758858684218
0.9999762186849072
0.9999773768940838
0.9999789263597957
0.9999803994695792
0.999981610343132
0.9999818014645996
0.9999809983705776
0.9999793109493061
0.999977172037466
0.9999750851447168
0.9999733601624738
0.9999723122017629
0.9999722465111379
0.9999731201126318
0.9999744995698938
0.9999759476234678
0.9999773045796257
0.999977907750352
0.9999778666920329
0.9999767097514219
0.9999748496001188
0.9999727031070388
0.9999707591582934
0.9999693551570854
0.9999686513576095
0.9999689600453038
0.9999699691217405
0.9999713884762689
0.9999728797159648
0.9999737628532804
0.9999740108315235
0.9999733063298242
0.9999716137835424
0.9999695490855478
0.9999674770088508
0.999965780308501
0.9999649972001842
0.9999649097108673
0.9999655735278783
0.9999669077901093
0.9999684273734528
0.9999697662378829
0.9999703236324298
0.9999702712279385
0.9999691196110407
0.9999673197641064
0.9999652948770223
0.9999633525606275
0.9999619426476166
0.9999613037600069
0.999961443660615
0.9999622509008316
0.9999636123623877
0.9999650783100023
0.9999661610674367
0.999966384821
0.9999656739787425
0.9999643795557291
0.9999624744581725
0.9999605076051326
0.9999588504568606
0.9999578913880471
0.9999576314024801
0.9999582885462064
0.9999593933349108
0.9999608188634193
0.9999620967734957
0.9999629441227356
0.9999626986628761
0.9999615834883533
0.9999598296263378
0.9999578165368935
0.9999558384302533
0.9999543868182519
0.9999540572981056
0.9999544035383797
0.9999552372833669
0.999956597388282
0.9999581150281931
0.9999591509224435
0.9999594744457463
0.9999589764470964
0.9999577271042802
0.9999556942884161
0.9999534403553342
0.9999518092389194
0.9999508621392807
0.999950632479177
0.999951162186068
0.999952468600942
0.9999537818193001
0.9999551161551221
0.9999558795552113
0.9999555257231806
0.9999543653337872
0.9999525782399125
0.9999506318452239
0.9999488188495552
0.9999474401853224
0.9999466601115298
0.999946814987905
0.9999478242079722
0.9999492343491075
0.9999504969012543
0.9999515242574922
0.999951812431413
0.999951259809227
0.999949894871233
0.9999478721515224
0.9999459079748575
0.9999443472932217
0.9999434237803083
0.9999430815602401
0.9999436806117575
0.9999446634490313
0.99994610692895
0.9999473682194358
0.9999481765702327
0.9999482222088194
0.9999472153306876
0.9999455557649535
0.9999435308732875
0.999941499882526
0.9999401228273292
0.9999397226274519
0.9999399711817646
0.9999406534014945
0.9999417623329715
0.9999429635186886
0.9999436868040382
0.9999440570393993
0.999943501878574
0.9999421285804091
0.9999401987488179
0.9999382700418864
0.9999367771500504
0.9999358058494137
0.9999356947340008
0.9999361079919165
0.9999368485414794
0.9999380379920804
0.9999392001124876
0.9999399671876897
0.9999396665222412
0.999938718466579
0.9999370521915594
0.9999350157433202
0.9999332111989897
0.9999317654969045
0.9999312358921575
0.999931296666425
0.9999320442726036
0.9999333911593513
0.9999346015704885
0.999935490364809
0.9999355035427087
0.9999351357423494
0.9999337347346158
0.9999319146465134
0.9999300737302594
0.9999287381342576
0.9999277650753459
0.9999275907635374
0.9999279086459604
0.9999286591807717
0.9999297929653844
0.9999309592501066
0.9999316693623059
0.9999312389869064
0.9999304316495644
0.9999290061868744
0.9999271104851528
0.9999255013386661
0.9999244269452724
0.9999240246147665
0.9999240701531352
0.9999247455838611
0.9999255472531713
0.9999266961398016
0.9999275654487322
0.9999277467403852
0.9999272365158284
0.9999256108531143
0.9999237436250619
0.9999218692458842
0.9999205192131425
0.9999194549851103
0.9999193850994366
0.999919958113925
0.9999208672306229
0.9999221561419108
0.9999230937213699
0.9999235740373522
0.9999233192459245
0.9999222167648596
0.9999207041490863
0.9999187524243986
0.9999172244433664
0.9999159856848187
0.9999153475055731
0.9999156576123681
0.9999163555880525
0.9999174109260942
0.9999184589006374
0.999919061149363
0.9999190787150284
0.9999184479228256
0.9999171652738968
0.9999154281148089
0.9999138703727989
0.9999123376597575
0.999911512504574
0.9999112635694841
0.9999115269049468
0.9999124518298865
0.9999137735835498
0.9999146759550134
0.9999153903451876
0.999915049132143
0.9999142161549611
0.999912634651036
0.9999111053972187
0.9999092960169798
0.9999081890637452
0.9999078104312705
0.9999081370599221
0.9999085383483477
0.9999092430896918
0.9999102536077882
0.9999105796452469
0.9999108410310723
0.9999102217069338
0.9999092050472336
0.9999074366990938
0.9999059822179829
0.9999046100278379
0.9999036609212983
0.9999032033263279
0.9999035295886193
0.9999041760795939
0.9999051018931479
0.9999057776423624
0.9999061901954799
0.9999060100572055
0.9999050018115597
0.9999034510966625
0.9999017039828978
0.9999000568486356
0.9998990006204684
0.9998985560376044
0.9998985122422851
0.9998989547330488
0.9998998727019637
0.9999004873084519
0.9999011573639872
0.9999012910175765
0.9999006507800485
0.9998994383303654
0.9998976792158625
0.999896027493137
0.9998948675961445
0.9998937963843563
0.9998931860994097
0.9998932247692436
0.9998940032694443
0.9998950513753215
0.9998958474980576
0.999896195797994
0.9998959066994756
0.9998950847679696
0.9998933859770095
0.9998919338826044
0.9998903699850944
0.9998893324304869
0.999888699309614
0.9998887747502422
0.9998892177930048
0.9998898199528158
0.9998905803475103
0.9998911247204622
0.9998912766769767
0.9998906775590675
0.9998894880345914
0.9998878768717288
0.9998864721957659
0.9998852038731745
0.9998844602445077
0.9998843221676182
0.9998848091800939
0.9998857340568645
0.9998865319330765
0.9998873889900546
0.9998881100178808
0.9998877402593175
0.9998865901899034
0.9998850096658618
0.9998834134261813
0.9998818262065794
0.9998804997185498
0.9998796538475145
0.9998794674540095
0.9998800318872755
0.9998807330000608
0.9998818650558868
0.9998824782631499
0.9998824260579341
0.9998818955054841
0.9998807559462405
0.999879524510966
0.9998781280190551
0.9998771673476136
0.99987591663471
0.9998754042360785
0.9998757095623618
0.9998763871615938
0.9998776350764128
0.9998785025321049
0.9998789168507711
0.9998785785785689
0.9998775000088469
0.9998762470531732
0.9998743683117445
0.9998730898663648
0.9998719925009882
0.9998716128087688
0.999871590640577
0.999872124223653
0.9998731400785934
0.9998743938492507
0.9998747175957938
0.9998748901795972
0.9998744070471823
0.999873319895056
0.9998718376611246
0.9998705192856661
0.9998695219687621
0.9998686970767716
0.9998681533692001
0.9998686241457309
0.9998696031480723
0.9998708195417485
0.999871503542442
0.9998718445775329
0.9998715833602251
0.9998709363747378
0.9998700364501092
0.999868673847332
0.9998674206399697
0.999866128343639
0.9998655793504109
0.9998652968954931
0.9998658915811386
0.9998667257830883
0.9998673442501973
0.9998680941757653
0.999868042739755
0.9998675610171354
0.9998662482174895
0.9998648548876099
0.9998633692583888
0.9998619880119536
0.9998608141339725
0.999860426399496
0.9998607660041287
0.9998617712278459
0.9998628180158612
0.9998632119521672
0.9998636937965028
0.9998635046501392
0.9998629281016923
0.9998619534186803
0.9998607310546043
0.999859240103172
0.9998583141736195
0.9998576666473965
0.9998574662001407
0.9998579545301215
0.9998585743316383
0.9998594781502134
0.9998597161174716
0.9998597417323007
0.9998593942452264
0.9998582785063618
0.9998570859496332
0.9998555688621443
0.9998540116656076
0.9998531617984867
0.9998531719445359
0.9998533422187524
0.999853873053054
0.9998542128506428
0.9998550336655975
0.999855346452095
0.9998555218810283
0.999854605340654
0.9998534692939567
0.9998520985148021
0.9998502198940754
0.9998494658653064
0.9998486170716356
0.9998482151005308
0.9998483512335181
0.99984911247699
0.9998498741737673
0.9998505908370865
0.9998509833610274
0.9998507988561969
0.9998500370161697
0.9998489335472018
0.9998475568165132
0.9998464693758691
0.9998455979249002
0.999845221216651
0.9998454368385724
0.9998458558979917
0.9998463320012217
0.9998467208191201
0.9998469977435307
0.9998467769982811
0.9998459021108065
0.9998449041546991
0.99984373519465
0.9998425425941013
0.9998414535874214
0.9998406187175483
0.9998406430014299
0.9998411872907307
0.9998421989770768
0.9998433775278301
0.9998437406401657
0.999843456394652
0.9998431247822577
0.9998423982261336
0.9998410507609466
0.9998398891995518
0.9998386924948802
0.9998381904885593
0.9998381808648761
0.9998387226361459
0.9998393141101948
0.9998398723985115
0.9998404301833168
0.9998408261762924
0.999840268894428
0.9998394200172442
0.9998379513373371
0.9998371133786458
0.9998359666972342
0.9998353357740657
0.99983472518512
0.9998343511961738
0.9998349749949557
0.9998356052243624
0.9998361151681302
0.9998364257687301
