0.9999986697961469
0.9999824717168785
0.99996416886781
0.9999460597065675
0.9999290296856275
0.9999137248901264
0.9998980373995635
0.9998827797758998
0.9998706588548983
0.9998536512929828
0.9998384482323889
0.9998230779903412
0.99980394784414
0.9997861218204093
0.9997688985986233
0.9997520803875033
0.9997388961523871
0.9997255365024905
0.9997127019757237
0.9996974276611484
0.9996814069838231
0.9996658997874587
0.9996461676813241
0.9996292302297268
0.999613544444073
0.999598508782367
0.999583830415274
0.9995679107764741
0.9995577929692556
0.9995440774367642
0.9995322264778423
0.9995158961581174
0.9994986461749105
0.9994782148754359
0.9994628881570438
0.9994426364518824
0.9994259027918687
0.999416904788162
0.9994079724535527
0.9993889145107743
0.9993745077076194
0.9993568897673277
0.9993428406470604
0.9993290632087045
0.9993110523833137
0.9992935580212501
0.9992777742421323
0.999257741523761
0.9992426138955358
0.9992237429032554
0.9992060566605191
0.9991833153182947
0.9991616299026045
0.999134127064549
0.9991133087940597
0.9991034727775528
0.9990855403491554
0.9990710217374692
0.9990454452580024
0.9990308068378764
0.9990133765344734
0.998986803899194
0.9989689828729127
0.9989521593004876
0.9989273406391167
0.9989054734931886
0.9988906700051625
0.9988784072977571
0.9988745150685282
0.9988536560397785
0.9988403712645645
0.998827175475153
0.9988090147134413
0.998789315929655
0.9987719671739632
0.9987540720123171
0.9987440550124379
0.9987334755914115
0.9987188436244058
0.9987020091021384
0.9986912327660842
0.9986710885940726
0.9986547033479979
0.9986364435035944
0.9986157118228638
0.9986061879598739
0.9985846736921324
0.9985706659680772
0.9985566582109955
0.9985419133298049
0.9985318765415381
0.998519203306703
0.9985036514499784
0.9984908423138222
0.9984722870264325
0.9984547624425227
0.9984346002692771
0.9984134986516506
0.9983933835599773
0.9983825536424631
0.9983657444466069
0.9983510154998206
0.9983305473030722
0.9983066821252087
0.9982788459701379
0.9982659883956094
0.9982507972338011
0.9982370035353512
0.9982191040353844
0.9982076828305146
0.9981881689475002
0.9981727452489714
0.9981563001015028
0.9981359647716883
0.998106369126458
0.9980820239623893
0.9980581637682054
0.9980452147940743
0.9980359195263301
0.998010814787637
0.9979955485068792
0.9979819610035364
0.997958934686722
0.9979397531154857
0.9979198612367531
0.9979049852996597
0.9978865818227112
0.9978704160219422
0.9978464149697961
0.9978335593913024
0.9978195000497219
0.9978069400245735
0.9977889901580171
0.9977621562255895
0.9977369624881084
0.9977081303020047
0.9976933589661091
0.9976620934246264
0.9976514272316048
0.9976430525795653
0.9976266178924768
0.9976075081981601
0.9975835939966626
0.9975541805191778
0.9975343373747255
0.9975115167553104
0.9974973073454934
0.9974798362511446
0.9974760790399071
0.9974552346604108
0.9974374377881743
0.9974151808458712
0.9973923502755071
0.997370581693618
0.997355945171599
0.9973484293196052
0.9973247433318905
0.9973112827862481
0.9972883831055263
0.9972752720969822
0.9972610958096823
0.9972538969017937
0.9972284007753965
0.9972102837464376
0.9971973851748263
0.9971768364634771
0.997167389815362
0.9971538557086399
0.9971379604039102
0.9971250385541274
0.9970983413459085
0.9970915024216983
0.9970803387105384
0.9970670037622139
0.997063695627604
0.9970499929219829
0.9970310540561277
0.9970206050763142
0.997003302984146
0.9969851787745967
0.9969672082989707
0.9969501839677797
0.9969263849341309
0.996918941496999
0.9969107703698952
0.9968898696201165
0.996871786278515
0.9968536323264449
0.9968434311786651
0.9968356610110666
0.996815377433006
0.9968184846232494
0.9967908862562497
0.9967779707489183
0.9967619137930188
0.996739108403264
0.9967184731150557
0.9966953322731501
0.9966844051792275
0.9966724445532121
0.9966596762089752
0.9966406518877379
0.9966342138305193
0.9966203195414851
0.9966114860820163
0.9966032301791209
0.9965997632147362
0.996580831356813
0.996564503967457
0.9965457983186125
0.9965292807053986
0.9964973045213958
0.9964777251027328
0.996446841373054
0.9964332765810029
0.9964091244058145
0.9963927117473325
0.9963726087625372
0.9963523906508457
0.9963341916060843
0.9963310779251039
0.9963189085322436
0.9962982051154747
0.9962725002044525
0.9962528517249996
0.9962386586659291
0.9962139727308912
0.996201471800421
0.9961924517695139
0.996180674607581
0.9961506519953709
0.9961360063180489
0.9961167904150978
0.9960902799953836
0.9960793501022651
0.9960655959169199
0.9960581175536976
0.9960417952446584
0.9960239620901953
0.9959990553087628
0.995983232000586
0.9959757430576774
0.9959537411504028
0.9959263693959894
0.9958923027735357
0.9958919067404228
0.9958861173620696
0.9958741604315502
0.9958601112959159
0.9958308731700208
0.9958205080828453
0.9958050895563739
0.9957842867357674
0.9957818031643023
0.9957526773591012
0.9957472910481936
0.99573346974334
0.9957192269626831
0.9957077138114433
0.9956960474899301
0.9956855752689466
0.9956663031086346
0.9956545577795068
0.995639145520504
0.9956253532884926
0.9956188667288631
0.9955981700497383
0.9955796772764522
0.9955747182680262
0.9955442288511445
0.9955179666545138
0.9955138898523094
0.9955032070932093
0.9954844276869315
0.9954555262908991
0.9954397525991767
0.995420278079596
0.995394627598485
0.9953764796556098
0.9953598090821888
0.9953501262408382
0.9953433890652033
0.9953337683670318
0.9953288725061618
0.9953052970558748
0.9952851513607622
0.9952712086605894
0.9952422079653108
0.9952292442418983
0.9952220162171747
0.9952019917695848
0.995170538032758
0.9951556332247703
0.9951506818734369
0.9951277406850146
0.9951180051911311
0.9950974068086648
0.9950751606109411
0.9950640129097722
0.9950563443650797
0.9950425343203474
0.9950229426220883
0.9950152611823075
0.9950082492995733
0.994985504759449
0.9949658289358859
0.9949382712830458
0.9949158559700354
0.9948982957023688
0.9948826166136107
0.9948598776132755
0.9948547239503819
0.994843070309628
0.9948284015452312
0.9948095111263607
0.994784611626981
0.9947691878371633
0.9947729547732916
0.9947521516386278
0.9947349652745936
0.9947137855448495
0.9946909434284801
0.9946844346494998
0.99466507852453
0.9946377361136094
0.9946228195144512
0.9945996773653173
0.9945787566654186
0.9945671172185027
0.9945501729653077
0.994547602555239
0.9945249982382894
0.9945132638228835
0.9945047432683014
0.9944934073098608
0.9944818159701958
0.9944618781346884
0.9944480361509268
0.9944345280982794
0.9944159000783505
0.9943873727573824
0.9943849827769305
0.9943699302478538
0.9943509335807025
0.9943396024944565
0.9943287573363007
0.9943171201309391
0.9942940612006711
0.9943038112167242
0.9942898114727923
0.9942628287504706
0.9942553744700344
0.9942543142020659
0.9942300291124176
0.9942020428669982
0.9941970142330567
0.9941829077043531
0.9941607321750681
0.9941342235052286
0.9941192975721692
0.9941057936362133
0.9941031000677069
0.9940823510787218
0.9940875136804322
0.9940691943138471
0.9940439520114939
0.9940303209151015
0.9940174834678257
0.9940048902576568
0.9939924282412345
0.9939823860536102
0.9939639346213912
0.99394293018313
0.9939270289795584
0.9939111782359284
0.9938891585047707
0.9938755171802064
0.9938431624712385
0.9938115325924547
0.9937792907335756
0.9937643113708667
0.9937508341783212
0.993730968487439
0.9937052337057026
0.9937107523902451
0.9936920255590996
0.9936860180052756
0.9936689825281875
0.9936529515625344
0.99363544795371
0.9936076680010025
0.9936014699443646
0.9935919565628909
0.9935834504094029
0.9935624368536289
0.9935327489516592
0.9935238097234963
0.9935190029642119
0.9935074531242991
0.9934823654146415
0.9934818169503818
0.9934558848274044
0.9934361435167928
0.9934332632530838
0.9934354823843772
0.993428754315833
0.9934102025764011
0.9933985062841549
0.9933818359946888
0.9933638891962258
0.9933424401024206
0.9933338028732601
0.9933186366934339
0.993297543211312
0.9932801220744054
0.9932780587464312
0.9932582892669156
0.9932251371512258
0.9932243075661473
0.9932074500163252
0.9931795149495566
0.9931810357191503
0.9931440131215841
0.9931277909965678
0.9930916465441008
0.9930845418765141
0.9930600332878959
0.993044500912834
0.9930395296541887
0.9930114107617366
0.9930108097900876
0.9930004623177022
0.9929870794703151
0.9929817509030419
0.9929594244575312
0.9929657057850519
0.9929478970981238
0.992937490791051
0.9929106582245573
0.9928820304276352
0.9928895144711501
0.992885940360785
0.9928671360336785
0.9928458057478761
0.992815117751081
0.9927990716055778
0.9927760551941993
0.9927560217353683
0.9927308284084189
0.9927280697998516
0.9927179038127065
0.9927032525295013
0.9926928223156778
0.9926955649231545
0.9926827956162152
0.9926672317279751
0.992655845870208
0.9926425078924781
0.9926434903511001
0.9926412004809408
0.9926252621074846
0.9925908648122813
0.992575741192824
0.9925797151691417
0.9925559149378121
0.9925285202676611
0.9925196138549647
0.9924964159601203
0.9924934200273466
0.9924828712354948
0.9924494290061942
0.9924360677244286
0.9924306253556688
0.9924330521180142
0.9924099051886758
0.9924014146982983
0.9923772088497423
0.992350936377773
0.9923278847085818
0.9923121936216752
0.9923016473169013
0.9922691867355996
0.9922483779230111
0.9922299315434691
0.9921921564341621
0.992185924378389
0.9921730880341034
0.9921626026126046
0.9921650808556137
0.9921853079313958
0.9921558826616226
0.9921505965691382
0.9921403314143089
0.9921086054693765
0.9921022175046956
0.9920943837997708
0.9920799792291427
0.992068177134862
0.9920672172258612
0.9920507164905096
