0.999999929997843
0.9999996009096147
0.9999997874767321
0.9999995695306585
0.9999996067121435
0.999999579937247
0.999999413549764
0.9999995656331346
0.9999992466957879
0.999999461070609
0.9999991587943574
0.9999993018672869
0.9999991463016729
0.9999990974652411
0.9999991276354023
0.99999890447343
0.9999990797688818
0.9999987626335165
0.9999989665614007
0.99999869949813
0.9999987817164684
0.9999986789187323
0.9999985955633313
0.9999987023803193
0.9999984292710943
0.9999986327439324
0.9999983219011981
0.9999985031428649
0.9999982764413036
0.9999983005888925
0.9999982647367353
0.9999980938668551
0.9999982281140629
0.9999979303295564
0.9999981226714133
0.9999978188563657
0.9999979492616777
0.999997793395011
0.9999977649984418
0.9999978127082071
0.9999976033304945
0.9999977728424648
0.9999974608233224
0.9999976524327753
0.9999973965029301
0.9999974895169411
0.9999974076169207
0.9999972929403982
0.9999973749864394
0.9999971199067449
0.9999973120826025
0.9999970142861624
0.9999971968248876
0.9999969799354842
0.9999969852894746
0.9999969652003876
0.9999968120072757
0.9999969551358762
0.9999966474068458
0.9999968314836046
0.9999965420535496
0.9999966756780216
0.9999965259795793
0.9999965134392835
0.9999965199432116
0.999996324224598
0.999996489004607
0.9999961970329843
0.9999963892963646
0.999996149637846
0.9999962251956651
0.9999961430668031
0.9999960412195902
0.9999961280571626
0.9999958713521978
0.9999960664862324
0.999995772535976
0.999995935810029
0.9999957225063268
0.9999957465984637
0.9999957198536098
0.9999955617495844
0.9999956873714034
0.9999953834274822
0.9999955888989323
0.9999953084267056
0.9999954260745687
0.9999952869209808
0.9999952609191134
0.9999952810767107
0.9999950613669963
0.9999952148838759
0.9999949302402676
0.999995115094902
0.9999948704407979
0.9999949471877625
0.9999948825958354
0.9999947966545695
0.9999948719649043
0.9999945969814954
0.9999947928432694
0.9999945132947023
0.9999946783781032
0.9999944913330499
0.9999945052616128
0.9999944629807944
0.9999942967094578
0.999994436333762
0.9999941686292655
0.999994365890824
0.999994085219419
0.9999941928777268
0.9999940414556903
0.9999940143327357
0.9999940506418703
0.9999938371180248
0.9999939994344731
0.9999936937773175
0.9999938877993413
0.9999936437203902
0.9999937075873238
0.9999936220116303
0.9999935122597546
0.9999935755903627
0.9999933272931428
0.9999935675079771
0.9999932780888762
0.9999934323001569
0.9999932422088647
0.9999932645763885
0.9999932507049757
0.999993115158298
0.9999932381029157
0.999992952128484
0.9999931145895048
0.9999928350342304
0.9999929551478108
0.9999928216805395
0.9999927689116183
0.9999928140301526
0.9999926417589009
0.999992766931694
0.9999924755003861
0.9999926289277881
0.9999923836847093
0.9999924471971897
0.9999923671524663
0.9999923016242288
0.9999924110632511
0.9999921770150032
0.9999923476428411
0.9999920598823153
0.9999922059958759
0.9999919758097304
0.9999919854288871
0.9999919623666143
0.9999918032553257
0.9999919186352009
0.9999917071812948
0.9999918723169863
0.9999915978087468
0.9999917082805706
0.9999915656088887
0.9999915139412795
0.9999915467600562
0.999991367970059
0.9999915345648218
0.999991296854902
0.9999914925322383
0.9999912367749304
0.9999912953521113
0.9999911929776272
0.9999911300272284
0.9999912463615818
0.9999910289527071
0.9999912066793525
0.9999909152555916
0.9999910730498958
0.9999908673137938
0.9999908732743081
0.9999908179377783
0.9999907341293167
0.999990876112938
0.9999905993821734
0.9999907871712166
0.9999905088073975
0.9999905649714206
0.9999904483058495
0.9999903744086066
0.9999903583943127
0.999990158910151
0.9999902470487619
0.9999899900559418
0.999990130945462
0.9999899323644799
0.999990019217417
0.9999899622716503
0.9999898590369071
0.999989899371096
0.9999896743175286
0.9999898093036246
0.9999895475646732
0.9999896836447745
0.9999894635192312
0.999989456967867
0.9999894009542006
0.9999892588016669
0.9999893368914623
0.9999890841377029
0.9999892139857868
0.9999889760142768
0.9999890506400361
0.9999889065830682
0.9999888974516241
0.9999889524810739
0.9999887189205904
0.999988858505649
0.9999885977446021
0.9999887398643831
0.9999884998267357
0.9999885724804878
0.9999884600774828
0.9999883426244183
0.9999883866400475
0.9999881490509791
0.9999882544103992
0.9999879762463576
0.999988095561317
0.9999879045113087
0.9999879027077505
0.9999878659184046
0.9999877525977346
0.999987832468722
0.9999875988695959
0.9999877062512545
0.9999874769037642
0.9999875584711514
0.9999874249824108
0.9999873833754583
0.9999873771975072
0.9999871896269076
0.9999873152754538
0.999987066716497
0.9999871840735941
0.9999869810021448
0.99998706275354
0.9999869631350088
0.9999869251769483
0.9999869996156561
0.9999868005482369
0.9999869599868861
0.999986735962584
0.9999868509438893
0.9999866911864093
0.9999867399925024
0.9999867478971295
0.999986595779425
0.9999866767955061
0.999986443137591
0.9999865955291931
0.9999863505803709
0.9999864521446878
0.9999863263147802
0.9999862968240194
0.9999863194921357
0.999986131789209
0.9999862207599411
0.9999859689286359
0.9999861089137426
0.9999858996262485
0.9999859773369768
0.9999858918447033
0.9999858328435065
0.9999858863380787
0.9999857164007706
0.9999858431120434
0.9999856407256074
0.9999857394482633
0.9999855546828829
0.9999855515704694
0.9999855177168918
0.9999853876729458
0.9999854493692664
0.999985237859544
0.9999853812653959
0.9999851708291833
0.9999852212630573
0.9999851097705742
0.9999850956973837
0.9999850873884804
0.9999849429476944
0.999985027378241
0.9999848012727954
0.9999849486834965
0.9999847893260506
0.9999847803875467
0.9999847208563065
0.9999846621010556
0.999984681671408
0.999984498631442
0.9999845987992549
0.9999843464218457
0.9999844253377269
0.9999842372048335
0.9999842045372342
0.9999841931373573
0.9999840831978203
0.9999841800704681
0.9999839901692531
0.9999841212963816
0.9999839472453731
0.9999840351657648
0.9999839333054003
0.9999839210846122
0.9999839167969392
0.9999837946884836
0.9999838680916614
0.9999836251289689
0.9999837590879612
0.9999835247837982
0.9999835472342162
0.9999834348711306
0.9999833524066045
0.9999833836297394
0.9999832003192662
0.9999833141920549
0.999983068969644
0.9999831665189527
0.9999830143292936
0.9999830120853453
0.9999829822605584
0.999982794037331
0.9999828995660679
0.9999826614578888
0.9999828232915507
0.9999826060124244
0.9999826849842207
0.9999825473560161
0.9999825287118097
0.9999825053748973
0.9999823338050329
0.9999824558469818
0.9999823007669366
0.9999824268321222
0.9999822051271008
0.9999822407586239
0.9999821285002443
0.9999820550275378
0.9999820731759532
0.9999818918861203
0.999981996739989
0.9999817940625594
0.9999818894165573
0.9999817339569889
0.9999818036954456
0.9999817121385827
0.9999816133461781
0.9999817377323241
0.99998157691988
0.9999816528586539
0.9999814320329276
0.9999815637565052
0.9999814572421827
0.9999813825219283
0.9999813693561624
0.9999812627312565
0.999981346106682
0.9999811629941847
0.9999813021109814
0.9999812092890481
0.9999812320761893
0.999981120566001
0.999981083589062
0.9999810832615684
0.999980858849522
0.9999809810242165
0.9999807542667671
0.9999808148287775
0.9999806442078353
0.9999806665017401
0.9999805990384073
0.9999804657355363
0.9999805129191478
0.99998032779311
0.9999804167678124
0.9999801917838227
0.9999802447019634
0.9999801465843424
0.9999801648726098
0.9999801364620996
0.9999799929339611
0.9999800727826096
0.9999799473211577
0.9999800147697664
0.9999798403946609
0.999979911822806
0.9999798069757315
0.9999797402949342
0.9999797672746594
0.999979626048806
0.99997968346878
0.9999794689177485
0.9999795959515916
0.9999795038843173
0.9999794928829124
0.9999794367138154
0.9999793511973523
0.9999793658254043
0.9999791900171775
0.9999792970669704
0.9999790940845242
0.9999791971672117
0.9999790350393594
0.9999790466877503
0.9999790398950871
0.9999788658088662
0.9999789786991317
0.9999787218834663
0.9999787949868197
0.9999786346492276
0.9999786358399338
0.9999785732407982
0.999978512297438
0.999978577858393
0.9999785262424241
0.9999786250885238
0.9999784142552978
0.9999784842078929
0.999978358777727
0.9999783765035524
0.9999783456338454
0.9999782278983046
0.999978282470075
0.9999780685079135
0.999978186282975
0.9999780613335828
0.9999780973160959
0.9999780043225814
0.9999779058752958
0.9999778610827765
0.9999777961135693
0.999977823637653
0.9999776456045634
0.9999776855645265
0.9999775228980156
0.99997758016257
0.9999775374272918
0.9999774654124834
0.9999774430330403
0.9999773682967462
0.999977468840913
0.9999772513896226
0.9999772371009953
0.9999770744152415
0.999977064667373
0.9999770198921982
0.9999769142557786
0.9999769404614487
0.9999767630488567
0.9999767996754688
0.9999766612399185
0.9999767242095853
0.9999766106282745
0.9999766587130788
0.9999766461856793
0.9999765493728587
0.9999766577877336
0.9999764417038438
0.9999765220985553
0.9999763095302997
0.9999763910406835
0.9999763196144976
0.9999762077478536
0.9999762378936922
0.9999760890650042
0.9999761717504304
0.9999760301983823
0.9999760252670429
0.9999758802393558
0.9999758443499015
0.9999757898968502
0.9999757023930038
0.999975745174093
0.9999755721124841
0.9999756618872886
0.9999755342320614
0.9999756286409385
0.9999755576430187
0.9999754753303662
0.9999754795851065
0.9999753455579378
0.9999754068794406
0.9999752928668229
0.9999753948742833
0.9999752419710355
0.9999752530640564
0.9999751820295467
0.9999751234424307
0.9999751247080786
0.9999749874248823
