0.9999999522751405
0.9999836142212873
0.9999679012295616
0.9999522245273286
0.9999355423225587
0.9999179376526969
0.9998990039475505
0.9998807751431514
0.9998648765821417
0.9998459331655427
0.9998286704240426
0.9998124632591495
0.9997949150167824
0.9997803496880334
0.9997626015361368
0.9997452819863503
0.999728164214008
0.9997125949638651
0.9996970993727723
0.9996809407626246
0.9996639247934097
0.9996487721468353
0.999630086211876
0.9996144616258408
0.999598529889871
0.9995857180680215
0.9995700333617659
0.9995522506704945
0.9995372249006281
0.999522125327389
0.9995065173730698
0.9994897739613428
0.9994787144606034
0.9994668728747863
0.9994541938504575
0.9994373825446693
0.9994207675294878
0.9994065863522471
0.9993896766628252
0.9993727874530663
0.9993535008223491
0.9993441496213461
0.9993323224054922
0.9993152487871931
0.9992990849248637
0.9992842766955046
0.9992634209929043
0.9992512548341159
0.9992328232270481
0.9992174236444784
0.9991968880752635
0.999180545862441
0.9991709088623286
0.999150210863578
0.999135013317156
0.9991191039541635
0.9990964508104939
0.9990798762983281
0.9990583320117853
0.9990438155014301
0.9990263109178635
0.9990083874091055
0.9989870318512666
0.9989745592118806
0.9989607112198396
0.998944613679667
0.9989297028738985
0.9989119295655214
0.9988965155819067
0.9988806746453602
0.9988676781442737
0.9988451403978366
0.9988260388106883
0.9988113169626502
0.9987937608815779
0.9987691075506963
0.9987472639949295
0.9987300805479636
0.9987173913229199
0.9987061516328968
0.9986855290946789
0.9986686055289236
0.998656535187747
0.9986404833870939
0.9986193032262782
0.9986114100011813
0.9985938480725529
0.9985720989346293
0.9985530870944875
0.9985344692548929
0.9985234742590356
0.9985081089399678
0.9984945441110067
0.9984849719603615
0.9984744158975191
0.9984524917479187
0.9984323191979118
0.99840843345323
0.9983998624565883
0.998377470424852
0.9983576724339018
0.9983457303648049
0.9983241508255765
0.9983068621987023
0.998288994311901
0.9982725585185914
0.9982625901012647
0.9982414488234249
0.9982213339121312
0.9982058489875064
0.9981925166617444
0.9981697935564754
0.9981530658783748
0.9981308540521144
0.9981180827023011
0.9981093837535878
0.9980866838123851
0.9980609330364422
0.9980487679766831
0.9980357838733135
0.9980159819891568
0.9980048348361191
0.9979938645245126
0.9979860031190868
0.997966717167093
0.9979391144414097
0.9979140727356518
0.9979067645804391
0.9978874512037492
0.9978758326342326
0.9978619790007812
0.9978492349214546
0.9978395849944156
0.9978176067640615
0.9978083864513145
0.997796614778677
0.9977941238079868
0.9977815885856716
0.9977640902264721
0.9977578178443777
0.9977406029537733
0.9977214239467908
0.9977010667837399
0.9976823344437015
0.9976680563858061
0.9976536102346939
0.9976434057995174
0.9976294077269868
0.9976219403130662
0.9976125725810316
0.9975941706791983
0.9975713226905034
0.9975553910984906
0.9975272873834744
0.9974976697287213
0.9974846185289599
0.9974748222730974
0.9974523065885853
0.9974328800230181
0.9974074332916862
0.9973897548870317
0.9973751329217517
0.9973725021659154
0.9973537457611471
0.9973373349122265
0.9973284714576246
0.9973026392569242
0.9972906162244005
0.997267750956501
0.9972490975807142
0.9972369348344082
0.9972188352552609
0.9972090025181013
0.9971957666998763
0.9971797740249311
0.9971590436253375
0.9971435670841707
0.997134595845099
0.9971112090491152
0.9970982433103175
0.9970842811876632
0.9970709740338
0.9970640167567136
0.9970494069437961
0.9970282744033011
0.9970169997768034
0.9969986518815332
0.9969782249042092
0.9969435054889276
0.9969237397088158
0.9969008953172168
0.9968817988207136
0.9968709776011416
0.9968624887114673
0.9968504984636739
0.9968388938030728
0.9968262141483968
0.9968008716317529
0.9967944101458803
0.9967707512551947
0.9967561890702366
0.9967438458071002
0.99671805238582
0.9967045136182564
0.9966810274758964
0.9966599680354167
0.9966393336821394
0.9966147951926867
0.9965934765928934
0.9965838833543643
0.9965790494484142
0.9965606534388357
0.9965344578942614
0.9965165340742327
0.9964996484382763
0.9964725268799438
0.9964573084530891
0.9964325225396365
0.9964168173545696
0.9963955150821893
0.9963748155898277
0.9963455744378109
0.996340120219538
0.9963177308863932
0.9962953830255453
0.9962827845037323
0.9962592597363025
0.9962511904979913
0.9962337152874519
0.9962041028414567
0.9961961912436886
0.9961683390419788
0.9961409641454612
0.9961243003942798
0.9961074409047032
0.9960954956695629
0.9960830492549902
0.9960639342201
0.9960478653792519
0.9960255272986356
0.9960048572913386
0.996000411906045
0.9959844240216936
0.9959652846835247
0.9959546821195234
0.995935394012514
0.9959156753254081
0.9959033344251487
0.9959010427685415
0.9958985030886857
0.9958747928208451
0.9958714952227097
0.9958557605186196
0.9958522925717972
0.9958313855526976
0.9958065487274832
0.9958103318675049
0.9957824549044536
0.9957648560519009
0.9957502155831222
0.9957378503715242
0.9957171022273473
0.995706510781417
0.9956926246540609
0.995669353244067
0.995656111787936
0.9956450144600548
0.995622313773763
0.9956067078306926
0.9955963917292857
0.9955756927014107
0.9955553005036917
0.9955419300634841
0.9955187192520101
0.9955003796762741
0.9954950266779066
0.9954864747875409
0.995471884573574
0.9954641099707789
0.9954549489475988
0.9954428477511444
0.9954218643640096
0.9953951031193032
0.995371650584297
0.9953461965043443
0.995318665029268
0.9953065119580599
0.9953071596855434
0.995287405730083
0.9952693039331598
0.9952410970277369
0.9952214077784886
0.9952074485503001
0.9951764379926867
0.9951486161408679
0.9951304104012776
0.9951253307206704
0.9951142455896048
0.9951043946030232
0.995082844118305
0.9950625421703448
0.995045454716388
0.9950096672179681
0.9949890842943809
0.9949758784457787
0.9949457571584551
0.9949376752056438
0.9949208519783125
0.9949060562542613
0.9948880500758039
0.9948579167283932
0.9948458662067451
0.9948290567845143
0.9948223640499461
0.9948070078137795
0.9947852972952668
0.9947580759030755
0.9947458373159378
0.9947316941671449
0.994708742590764
0.9947127837930715
0.9946986982371769
0.9946937629968452
0.9946995032328492
0.9946951374426979
0.994675102269914
0.9946692545938323
0.9946380456770356
0.9946271754814714
0.9946150807238061
0.9946001097402568
0.9945792170274776
0.9945450061890818
0.9945127190817389
0.9945042369536483
0.9945031035356966
0.9945164998178196
0.9944841697006893
0.9944747557238501
0.9944586527761154
0.9944460867547807
0.9944306079683424
0.9944199271000818
0.9944062894548155
0.9944014486590435
0.9943807890486756
0.9943456237451855
0.9943464641300218
0.994330854220463
0.9943178931916999
0.994292016289428
0.9942819285675428
0.9942652654535469
0.994242098576503
0.9942118492641738
0.9941825419894591
0.9941533194823078
0.9941239164099666
0.9941069098434948
0.9940868250805993
0.9940576946207106
0.994043233526618
0.9940357308861295
0.9940010113973367
0.9939879331615868
0.9939458430354379
0.9939398318935656
0.9939191487857326
0.993896818125914
0.9938711960707765
0.993864620048478
0.9938330187018779
0.993799649774661
0.9937778052238787
0.9937837936699935
0.9937739544219245
0.9937621249230613
0.9937533887723298
0.9937551665201113
0.9937262292838481
0.9937118276915357
0.99367787629963
0.9936493366106761
0.9936312685028912
0.9936306331252712
0.9935944422692504
0.9935824669438978
0.9935786835609881
0.9935500190680235
0.9935185154934304
0.9935019516152902
0.9934849983881748
0.9934547646945204
0.9934381573965081
0.9934227267886107
0.9934070642089017
0.9933751019296102
0.9933481145711229
0.9933343610295152
0.9933283937690256
0.9933147918169893
0.9932897214636431
0.993291144843005
0.9932852609222278
0.9932783076206654
0.9932724092074648
0.9932574416546477
0.9932283234172573
0.9932064043106874
0.9932037826176793
0.993191483665128
0.9931720477225762
0.9931475255351171
0.9931395704428302
0.9931179553703408
0.9931086941693074
0.9930941386019922
0.9930875278390109
0.9930705121245826
0.9930577160768057
0.9930430188776537
0.9930362110673352
0.9930228702943462
0.9930207704752574
0.9930162710062926
0.9929966142352421
0.9929729754421422
0.9929334882172393
0.9929342272945791
0.9929189912614954
0.9928829293476423
0.9928504726896686
0.9928489725779924
0.9928298723831576
0.9928250595982291
0.9928091881813268
0.9927805325248119
0.9927436407996766
0.9927305752392432
0.9927215105507806
0.9927059440714153
0.9927008632151977
0.992703262526003
0.9926899493857733
0.9926849848518797
0.9926831538386026
0.9926685808097339
0.9926522940166603
0.9926542683935106
0.9926428565355742
0.9926480433844989
0.9926383735048743
0.9926277047730309
0.9926094088122681
0.9926079525962703
0.9926048855514104
0.9925966388603652
0.9925744465968594
0.9925430112633039
0.9925294640103458
0.9925130961822077
0.9924964532970022
0.9924817628032528
0.9924927935032445
0.9924727089110331
0.992446950461557
0.9924381387586616
0.9924136812229123
0.9924061109291857
0.9923730162910552
0.9923458252593698
0.9923437561895189
0.9923467805945211
0.9923337810313159
0.9923105871315919
0.9923063875079161
0.9922831068304638
0.9922692950971341
0.992252562968727
0.9922331887196727
0.9922312183316926
0.992218370351791
0.9922184196245097
0.9922150694603326
0.9921953391901411
0.9921780593646968
0.9921559609710578
0.9921465474633862
0.9921383592302743
0.9921209748817088
0.9921091225757012
0.9921078518342468
0.9920964948670539
0.9920808045930128
0.9920834025896804
0.9920853199931867
0.9920570891585945
0.9920258037586203
0.9920175709145577
0.9920105795151885
