0.999996204815709
0.9999956205855157
0.9999939985047825
0.9999915559958712
0.9999886954517695
0.9999858385128829
0.9999834164417405
0.9999817338793672
0.9999809672040098
0.9999811428491764
0.9999821935736417
0.9999839763268619
0.9999863225577647
0.9999888926166449
0.9999913809442456
0.9999933768721664
0.9999945757336028
0.9999947207888917
0.9999937897361207
0.9999919051537803
0.999989341366389
0.9999865197803456
0.9999838706028736
0.9999817470253375
0.9999803953124844
0.9999799602151533
0.9999804198287153
0.9999817033003366
0.9999836947328025
0.9999860689211509
0.9999885845687315
0.999990846912373
0.9999925177574132
0.9999932860849067
0.999993028825936
0.9999917332423552
0.9999896543640965
0.9999870422697725
0.9999843348126951
0.9999819274800454
0.9999800765960978
0.9999790507222379
0.9999789540188243
0.9999797182786594
0.9999812404525295
0.9999833319493591
0.9999857529980176
0.9999880905086652
0.9999900896486703
0.9999914110629968
0.9999917903272868
0.9999911536118767
0.999989579167932
0.9999872904288339
0.9999846653496471
0.9999820979375249
0.9999799204053615
0.9999783929059703
0.9999776969283917
0.9999778661232289
0.9999789149300787
0.9999806505695773
0.9999828570442265
0.9999852366872054
0.999987450850516
0.9999892186159773
0.9999902378097748
0.9999903001960034
0.9999893744974544
0.9999875930386958
0.9999852338406314
0.9999826300643837
0.9999801895063647
0.9999782466072609
0.9999770718288892
0.9999767157971764
0.9999772157630555
0.9999784637015342
0.9999803182999116
0.9999825266319562
0.9999847572614108
0.9999867982729486
0.9999882865577867
0.9999889512386829
0.9999886901060019
0.999987473224037
0.9999855364105412
0.9999831145073435
0.9999805866764861
0.9999783270096346
0.9999766676769094
0.999975709170294
0.9999755809254856
0.9999762777727496
0.9999776423167692
0.9999795232748424
0.999981712065992
0.9999838846897604
0.9999858185835521
0.999987047343029
0.9999874733286276
0.9999869401573179
0.9999855419039033
0.999983470665823
0.9999810430355306
0.9999786714119283
0.9999766172610627
0.9999751525910782
0.9999744285275642
0.9999745324553382
0.9999754186738773
0.99997696631809
0.9999789489253614
0.9999811442984062
0.9999832235467524
0.9999848675722871
0.9999858298201478
0.9999859308965278
0.9999850853800598
0.9999834611011208
0.9999813230214143
0.9999789384683068
0.9999766853504888
0.9999748276094156
0.9999736202290103
0.9999732090478822
0.9999736175932903
0.999974771915535
0.9999765044237022
0.999978534879949
0.9999807296067501
0.999982649616102
0.9999840157039733
0.9999846012017428
0.9999842850646468
0.9999831039150556
0.9999813116009791
0.9999791042873225
0.99997686440488
0.9999749090435931
0.9999734309914414
0.9999725622392455
0.9999724277309746
0.9999729988279275
0.9999742395882416
0.9999759729838903
0.9999779907102357
0.9999799611954722
0.9999816444137285
0.9999827346077076
0.9999830051807573
0.9999824329703153
0.9999810556449169
0.9999791428462714
0.9999769810973509
0.9999748719551419
0.9999730936939234
0.9999718458365866
0.9999712577390342
0.9999713581448196
0.9999721379689329
0.9999735016921377
0.9999752948289192
0.9999772308365698
0.9999790798288511
0.9999805305263452
0.9999813141692068
0.9999813039903849
0.9999804632974875
0.9999789335515052
0.999976999582717
0.9999748970280079
0.999972995160903
0.9999714318277242
0.9999703969955243
0.999970039371494
0.9999703622865154
0.9999713272822205
0.9999727979246872
0.9999746437163967
0.999976538242502
0.9999782366411819
0.999979403933959
0.9999798667800809
0.9999795948619267
0.9999785349480805
0.9999768887769894
0.9999749124333164
0.9999728732446523
0.9999710883720677
0.9999696815973842
0.9999689056860311
0.9999688083297348
0.9999693495486043
0.9999704673103736
0.9999720164445257
0.9999738632272288
0.9999756465758936
0.9999771685806661
0.9999781517480735
0.9999783971039747
0.9999778077664816
0.999976588455523
0.9999748275020993
0.9999728639862329
0.9999709423526258
0.9999692789658359
0.9999680968418119
0.999967567203987
0.999967662215214
0.9999684107285305
0.9999696806825239
0.9999713565016213
0.9999731886934358
0.9999748931054239
0.999976251601399
0.9999769373631501
0.9999768921069521
0.9999761082288268
0.9999746993093042
0.9999728987426643
0.9999709134854724
0.9999691006471864
0.9999676677871175
0.9999667625452126
0.9999664642867786
0.99996676523481
0.9999676254274996
0.9999689979904965
0.9999706633103368
0.9999723456228519
0.9999738555370543
0.9999749408738169
0.9999753736401199
0.9999750832302631
0.9999740995416425
0.9999725801618212
0.9999707766947666
0.9999689116160608
0.9999672634021228
0.9999660061522287
0.9999652721565692
0.9999651548641644
0.9999656470860986
0.9999667622149055
0.9999682086120778
0.999969848507236
0.9999715034533581
0.9999728183485626
0.9999736454707376
0.9999737638076004
0.9999732841354324
0.9999721162377001
0.9999705383068808
0.9999687756069573
0.9999670201302268
0.9999655047696557
0.9999643976395292
0.9999639264666479
0.9999639989851015
0.9999646656792954
0.9999658685315177
0.9999673671469587
0.9999690288434006
0.9999705425401566
0.9999716640200421
0.9999722452310966
0.9999721306359988
0.9999713545551255
0.9999700823827693
0.99996845033935
0.9999667159600462
0.9999650385659138
0.9999636495581448
0.9999628487390162
0.9999626086923502
0.999962994344668
0.9999639300576553
0.9999652647321867
0.9999668442969851
0.999968366543408
0.9999697167616663
0.9999706716574772
0.9999711351831488
0.999970932013873
0.9999700139699722
0.9999685787089688
0.9999668199414635
0.999965038127908
0.9999634541240682
0.9999622810300617
0.9999616956031125
0.9999616755483438
0.9999622504514782
0.9999632800348427
0.9999645960244532
0.9999660388903027
0.9999673848272334
0.9999685091012714
0.9999692405527256
0.9999693929640667
0.999969012053411
0.9999680162401019
0.9999666255817021
0.9999649332599445
0.9999632093827334
0.9999617674109907
0.9999608200225134
0.9999603947428984
0.9999605312953013
0.9999612198938996
0.99996229226685
0.9999636428793212
0.9999651220524716
0.9999663614097832
0.9999673790916771
0.9999679773851146
0.9999679379194145
0.9999674068077393
0.9999662934800574
0.9999647046468498
0.9999629997232657
0.9999614336928074
0.9999601485598535
0.9999593543590618
0.9999591425123532
0.9999595322959085
0.9999603531214994
0.9999615241769134
0.9999629170844033
0.999964312052668
0.9999654896655538
0.9999663526967574
0.9999666539036871
0.9999664558594727
0.9999655675081793
0.9999643509965762
0.9999627537131667
0.9999611707246024
0.9999597275451152
0.9999585972734405
0.999958080448338
0.9999580228422914
0.9999585165611838
0.9999594235909257
0.9999606665792445
0.9999620410434972
0.9999633829147528
0.9999645067564378
0.9999652488483383
0.9999653613698563
0.9999648726745931
0.9999639039560969
0.9999624986507676
0.9999609411546894
0.9999593982785838
0.9999581069034434
0.9999572734190734
0.9999569564500402
0.9999570558240665
0.9999576203687057
0.9999585855754941
0.9999598235010493
0.9999611815987893
0.9999624541626436
0.9999633929973228
0.9999639128210576
0.9999638836007988
0.9999632674981686
0.9999621651542481
0.9999607613762781
0.9999592506902524
0.9999578233917779
0.9999566345932711
0.9999559098591996
0.9999556808821859
0.9999559636417863
0.999956760932096
0.999957840790604
0.9999590574819628
0.999960314853225
0.9999614462229748
0.9999622371161448
0.9999625501341811
0.999962413946309
0.9999617017497899
0.9999606122295689
0.999959090436147
0.9999575387283217
0.9999560718656295
0.9999549929457696
0.9999544481727745
0.9999544703468475
0.999954988428089
0.9999558650393827
0.9999570060015719
0.9999582714298365
0.9999595210806115
0.9999604465727717
0.9999609618845077
0.9999610390506488
0.9999606629155589
0.9999597579030134
0.9999584796810944
0.9999569868499304
0.9999555381370876
0.9999542608965869
0.9999533736306658
0.9999529738658094
0.9999531463050806
0.9999537505784137
0.9999547415260824
0.9999559709790218
0.9999572454625253
0.9999583479939415
0.9999591550368082
0.9999595715827347
0.9999595155035221
0.9999589055478013
0.9999579727424381
0.9999566187430661
0.9999551506141889
0.9999537613856864
0.999952558784033
0.9999517940554434
0.9999515825683836
0.9999518831014056
0.9999527030314768
0.9999538450356571
0.9999551735789063
0.999956337951885
0.9999573063023102
0.9999579879256727
0.9999582477278118
0.9999579833637519
0.999957318257298
0.9999562653422649
0.999954914653854
0.9999535410837241
0.9999522795061423
0.9999512268818718
0.999950629500475
0.9999506063045804
0.9999511036824139
0.9999519657319358
0.9999531505276752
0.9999543240967036
0.9999554843726403
0.9999563759887111
0.9999569295116476
0.9999570070357955
0.999956576816991
0.9999558000050272
0.9999546154301289
0.9999532678938671
0.9999518745606113
0.9999506733977482
0.9999498198547853
0.999949450589839
0.9999495048427187
0.9999500792574316
0.9999509965303636
0.9999522036782759
0.9999534211106402
0.9999545208425755
0.9999553375536236
0.9999557496369748
0.9999555971493261
0.9999549910162105
0.9999540110698071
0.9999527924594672
0.9999514510192496
0.9999502001428391
0.999949182539414
0.9999485254325562
0.9999482712337743
0.9999485014505924
0.9999491757556892
0.9999501735204486
0.9999512676281257
0.9999524137764702
0.9999533598984987
0.99995396108451
0.9999541474657399
0.9999539657544733
0.9999533227608784
0.9999524072014564
0.9999513262449293
0.9999500503891433
0.9999488227687684
0.9999478472044305
0.9999472933192842
0.9999472631971402
0.9999476205157315
0.9999484136689584
0.9999494659796435
0.9999505257519417
0.999951471724966
0.9999521964296076
0.9999526129912124
