0.9999945046744614
0.9999785819879924
0.9999609866357528
0.9999431516985894
0.9999244254940619
0.9999042976406523
0.9998859078548223
0.9998633025638792
0.9998462872994639
0.9998264835508128
0.9998104298733039
0.9997929335588366
0.9997813986465703
0.9997664848222034
0.9997477536874657
0.9997306806006767
0.999720156627679
0.9997058025465214
0.9996907504534858
0.9996746962049406
0.999660697711741
0.999650007336174
0.9996334510708081
0.9996115654219336
0.999595223574252
0.9995762962032367
0.999556345409217
0.9995413662262953
0.9995240236883955
0.9995047879564857
0.999492814298999
0.9994732770529192
0.999457306168696
0.9994493360840225
0.9994360540828497
0.9994197813481558
0.9994069744438937
0.9993899980876849
0.9993720358324596
0.9993551182558637
0.9993401346804897
0.9993264645461776
0.999311558590755
0.9992930676477169
0.9992762115672965
0.9992580065552561
0.9992404002777221
0.999221769183201
0.9992062442732051
0.9991883985936849
0.9991686994902477
0.9991533502841022
0.9991408468455375
0.9991287107074568
0.9991158929790805
0.999107727253736
0.9990889114144297
0.9990681495672981
0.999058249474465
0.999038604934884
0.9990194879803213
0.9989990769501746
0.998979309050696
0.9989639051201954
0.9989477056355145
0.998927932126334
0.9989106763216736
0.9988912783710382
0.9988658456247902
0.9988443522112818
0.9988262758994738
0.9988113807668105
0.9987968757614155
0.9987818052899036
0.9987757218285455
0.9987599144159909
0.9987534394601348
0.998740869209696
0.9987297725936499
0.9987108347652963
0.9986911573196786
0.9986718510910303
0.99865276607955
0.9986370133441701
0.9986160818623774
0.9985925692090412
0.9985754235134611
0.9985530860585797
0.9985289708499131
0.9985168761837526
0.9984985648489837
0.9984865696400648
0.9984703409585991
0.9984547796315318
0.9984399759645451
0.9984199519859773
0.9983965200710602
0.9983872220954646
0.998371661124942
0.9983663561070591
0.9983554504945265
0.9983403772806893
0.9983187618209554
0.9983064260399315
0.9982870233020157
0.9982745284897708
0.9982593661452668
0.9982467881144068
0.9982324311835897
0.9982189334668948
0.9981987717719283
0.9981792486678537
0.9981695813718736
0.9981517793222436
0.9981339029594389
0.9981213841956734
0.9981066147622973
0.9980986608419397
0.9980850421261808
0.9980675895741798
0.9980608299465993
0.9980490032402247
0.9980378484862464
0.9980241130036562
0.9980075427089078
0.9979937913038363
0.9979755105453911
0.9979624833715908
0.9979457171455077
0.9979221747446496
0.997917957327067
0.9978937748813889
0.9978807711830097
0.9978670100899409
0.9978478395233351
0.9978321375616521
0.997816017889081
0.9977991226396863
0.9977859616661178
0.9977614293244965
0.9977509419974641
0.9977313393845773
0.9977140750321382
0.9977061240257789
0.9976919738743234
0.9976715432740156
0.9976535158008479
0.9976232650259587
0.9976059148065736
0.9975902355164311
0.9975862836372978
0.9975661314890599
0.9975486777770395
0.9975369070213513
0.9975200804492302
0.9975167996286057
0.9975163867045986
0.9975038182221219
0.997491769095736
0.9974768970757119
0.9974522460310471
0.9974332337525215
0.9974200011745759
0.9973994962398873
0.9973835467817012
0.9973551653309746
0.9973405451247673
0.9973171887761371
0.9973053121294129
0.9972725900946233
0.9972584661206598
0.9972396364043054
0.997233086055066
0.9972271245817188
0.997203618996766
0.997201663507455
0.9971866013636683
0.997165220947125
0.9971572416483774
0.9971333365774628
0.9971117604787962
0.9970955543331428
0.9970744421182941
0.9970474062913237
0.9970280015957089
0.9970044088384971
0.9969742626270989
0.9969637375372746
0.9969509799109223
0.996924214921446
0.99690072829127
0.996899146733709
0.9968886244653645
0.996875368905397
0.9968425943953455
0.9968354880791164
0.9968118379228782
0.9967838785965344
0.9967683929540874
0.9967412264348873
0.9967219771984862
0.9967021022595183
0.996692789292444
0.9966833140471247
0.9966650866976864
0.9966560877727169
0.9966407267270666
0.9966163596320224
0.9966009395014401
0.9965908909651052
0.9965656725267741
0.996559580463634
0.9965341707273837
0.9965175677350514
0.9965080855700724
0.9964962614998368
0.9964903064839767
0.9964733343017792
0.9964599612105788
0.9964399389304732
0.9964199831069169
0.9964026756315175
0.9963842911127996
0.9963768538701346
0.9963603579679919
0.9963499347443368
0.9963405050334425
0.9963135384861481
0.9963029381762705
0.9962903512950139
0.9962788009935333
0.9962619151790213
0.9962488558005494
0.9962336451462237
0.9962094491597178
0.9961883400237951
0.9961746601580356
0.9961542769306938
0.9961285106257677
0.9961167483733426
0.9960968730159139
0.9960846673494993
0.996058351688255
0.9960441851448503
0.9960446025729175
0.9960234495718824
0.9960135433451918
0.9959843735784035
0.9959612251669288
0.9959337769520352
0.9959193382911735
0.9959004467430863
0.9958834991555607
0.9958717580994135
0.9958520175295964
0.9958452350812884
0.9958309968700831
0.9958223460175932
0.9957885823342391
0.9957683226805776
0.9957626413777737
0.9957434107469387
0.9957353534116066
0.9957114744537146
0.9956860242495396
0.9956744969180454
0.9956551423043499
0.9956421668358525
0.9956096119372874
0.9955865266616138
0.995568358992344
0.9955669152458198
0.9955555805341142
0.9955341901490034
0.9955176052500276
0.9955033534719507
0.9954793875471307
0.995460598386806
0.9954444644542056
0.9954234861488236
0.9954111383686552
0.9954002569872947
0.9953791412337628
0.9953584993670086
0.9953358124465687
0.9953325190076164
0.995326744681703
0.9953027935514962
0.9952848314073754
0.9952680467592778
0.9952503516729244
0.9952229788468112
0.9952146250971952
0.9951904207803136
0.9951757207668254
0.9951508314504559
0.9951276044512565
0.9951224258336003
0.9951051315380723
0.9950863474063248
0.995059601266684
0.9950454801267649
0.9950311306276851
0.9950106681096255
0.9949853155888968
0.9949785952584165
0.9949653442344413
0.9949671796681663
0.9949576161879758
0.9949304394794594
0.994901641222443
0.9948716368382329
0.9948676467242449
0.9948478035716263
0.9948369066134488
0.9948216393825006
0.9948059129331157
0.9947844559172185
0.9948020203741299
0.9947946793120278
0.9947710424842213
0.9947767740324917
0.9947599194079396
0.994736467213942
0.9947260246882165
0.9947246265948783
0.9947110000221415
0.9947076223284859
0.9946808338755809
0.9946610791227931
0.9946399780907734
0.9946230419783196
0.9946088595430237
0.9945835591650086
0.9945649192594548
0.9945333500075576
0.9945180530282148
0.9945131043766491
0.9944966905690947
0.9944623321231054
0.9944449382464682
0.9944433216781596
0.9944163261368406
0.9943887805243793
0.9943696933411849
0.9943405808836268
0.994336787735135
0.9943398659142528
0.9943157144864593
0.994286889983541
0.9942750806299661
0.9942651596577293
0.9942371751509073
0.9942286392460891
0.9942202362229908
0.9942168541164831
0.9941992869994454
0.9941865360645449
0.99417689000525
0.99415706016005
0.9941284663524603
0.9941095349869843
0.9940827007981491
0.994050804578478
0.9940421535597717
0.9940257465088981
0.9940003040892141
0.9939771673099723
0.9939514634743376
0.993931616221218
0.9939083207938306
0.9939068521703032
0.9939060882701687
0.9938986137286719
0.9938740865244498
0.9938551981287272
0.9938440747774151
0.9938267847022042
0.9938095679433511
0.9937984166447045
0.9937869887103752
0.9937693473847651
0.9937425699305917
0.993725844268214
0.9937078437620257
0.9936934767700404
0.9936831226744879
0.9936708653317963
0.993671909583237
0.993656265157371
0.9936323061283768
0.9936114764815621
0.9936062793099414
0.993587385010848
0.9935864399013963
0.9935449370449441
0.9935528365210026
0.9935574413935404
0.9935535810880192
0.9935309240392048
0.9935024621985852
0.993493482353056
0.9934708480392028
0.9934468573787661
0.9934193841885024
0.9934218271124501
0.9934019027263676
0.9933739226060455
0.9933505397999588
0.9933383811349565
0.9933137007450485
0.9932882612800296
0.9932578250122169
0.9932392958897678
0.9932190575512752
0.9931957129740614
0.9931845179020097
0.9931508657512821
0.9931286509086553
0.9931042866191278
0.9931125704124544
0.9930880275205416
0.9930882621273269
0.993060699730436
0.9930560303338657
0.9930208236592586
0.9930045888454458
0.9929935838470944
0.9929573993134967
0.9929343533181622
0.9929119269472589
0.9928891386793173
0.9928806864706895
0.9928468741287751
0.9928465277802845
0.992821404628947
0.9928170579534771
0.9927941379162921
0.9927719441036718
0.9927616154311608
0.9927666183402274
0.9927329479539193
0.9927179411366406
0.9926914571868886
0.992694006361571
0.9926702402173269
0.9926511266827361
0.9926183324084427
0.9926108011390322
0.9926139230432182
0.992607092749449
0.9925852102319394
0.9925674177455736
0.992555120063371
0.9925350611150291
0.9925210304151069
0.9925063130470565
0.9924912148396586
0.9924706497318178
0.9924607292309688
0.9924402034648128
0.9924072031429054
0.9923854243952533
0.9923688437693349
0.9923509974061246
0.9923407955980447
0.9923065735470511
0.9922860549617711
0.9922804527306787
0.9922718756017926
0.9922747985410585
0.9922792732766311
0.99225552736192
0.9922376643045333
0.9922249158333734
0.9921866089832112
0.9921763868623812
0.992153358948145
0.992136359552957
0.9921196241762109
0.9920948059502055
0.992075560389169
0.992076865228365
0.9920711075363041
0.9920731530674444
0.9920614909059039
0.9920413748581773
0.9920205476735926
0.9920129104526232
0.9919901239615657
0.9919731859182724
0.9919509924483125
0.9919512140085706
0.9919528206365122
0.9919209442349727
0.9919095552531331
0.9918888280734393
0.9918888959415483
0.9918651969059398
0.9918374304024636
