0.9999915352511696
0.9999909248828346
0.9999893456566689
0.9999868906887757
0.9999836521286432
0.999979865545255
0.9999757148370906
0.9999713790380015
0.9999671743587213
0.9999633689096219
0.9999601740086702
0.9999577938674222
0.9999564152060675
0.9999561604783244
0.9999569952113473
0.9999589355731907
0.9999617306090283
0.9999652451653213
0.9999692187418654
0.9999733589158741
0.9999773956453967
0.9999810695683753
0.9999841260253027
0.9999863672421379
0.9999877225332249
0.9999880476552405
0.9999874413954378
0.9999858816411451
0.9999835021134575
0.999980434752243
0.9999768765606954
0.9999729053427487
0.9999688332577686
0.9999648569297069
0.9999612556773174
0.9999581768342141
0.9999558465629963
0.9999544657145939
0.9999541034293304
0.9999548585418978
0.9999566141954295
0.9999592722241061
0.9999626697917856
0.9999665285317891
0.9999705574367487
0.9999745355839267
0.9999780910751334
0.9999810371091443
0.999983153281928
0.9999843736773725
0.9999846241829855
0.9999839394322897
0.999982359268889
0.9999799612416261
0.9999768914981189
0.9999733984493853
0.9999696026107944
0.999965746254626
0.9999619832868148
0.9999585011534585
0.9999555640152363
0.9999534128408293
0.9999520957895983
0.9999517431389288
0.9999524806999193
0.9999541607640376
0.9999566809330236
0.999959925911463
0.9999636219105912
0.9999675429111843
0.9999713655073464
0.9999748435437598
0.9999777230924288
0.9999798316673105
0.9999810196944584
0.9999812712435209
0.9999805782690381
0.999978995429978
0.9999766938469384
0.9999737928480374
0.9999704632748795
0.9999669207938199
0.9999632711716452
0.9999596980238138
0.9999564381080533
0.9999536509296646
0.9999515502972645
0.9999502576267036
0.9999498357599659
0.9999504036409202
0.9999519009722809
0.9999542825541664
0.9999574471743226
0.9999610948899309
0.99996496525023
0.9999687591066418
0.9999721778702401
0.9999749734670511
0.9999769311075756
0.9999780196668498
0.9999780910717802
0.9999773016981427
0.9999756907741024
0.9999733719653637
0.9999705459016852
0.9999672747105484
0.9999638301263933
0.9999603204344147
0.9999569270134855
0.9999538410267337
0.9999511506413088
0.9999490750046446
0.9999478162322363
0.9999474025908262
0.9999479785851143
0.9999494361667138
0.9999517598920794
0.999954748186682
0.9999582157709319
0.9999618745284173
0.9999654526655536
0.9999687181464919
0.9999714274380292
0.9999733756604122
0.9999744947076246
0.9999746902436772
0.9999739579421618
0.9999724817830872
0.9999702805276457
0.9999675992942357
0.9999645624332101
0.9999612983846504
0.9999579943515982
0.9999547741878174
0.9999517706583814
0.999949175247503
0.99994718316774
0.9999458665986057
0.9999453483901967
0.9999457171188181
0.9999470350693874
0.9999491863917529
0.9999520423900463
0.999955399414382
0.9999589515066203
0.9999624851275178
0.9999656784313669
0.9999683130788245
0.9999702052819395
0.9999712326456954
0.999971441824026
0.9999708143681685
0.9999694199833934
0.9999673769386673
0.9999648299964399
0.9999619231511099
0.9999587811630234
0.9999555347711778
0.9999523729860545
0.9999494538234172
0.999946904741665
0.9999448839353638
0.9999435407575383
0.9999430966964438
0.9999434876679325
0.99994482785512
0.9999469587111828
0.9999498159994394
0.9999531026145748
0.999956617069911
0.9999600313178838
0.9999631190544281
0.999965623468725
0.999967387503244
0.9999682247619307
0.9999683166081118
0.9999675937335955
0.9999661404102529
0.9999640554525437
0.9999615011278015
0.9999586383927759
0.9999555733525556
0.9999524555934789
0.9999494229957522
0.9999466171079975
0.9999442143937496
0.9999423682840026
0.9999411547018807
0.9999407569521191
0.9999411348053237
0.9999423618606941
0.9999443726038578
0.9999469777100453
0.9999500268724132
0.9999533584090949
0.9999565987298329
0.9999594731880423
0.9999618893371197
0.9999636944569431
0.9999647062697933
0.99996484466528
0.9999641891308414
0.9999627985784346
0.9999607913184169
0.9999582838349753
0.9999555334626956
0.9999525419206189
0.9999495456240802
0.9999466814038249
0.999944126058235
0.9999419709093283
0.9999403638427686
0.9999393643710434
0.9999390468298234
0.9999395392406408
0.9999407378122949
0.9999426644330399
0.9999451705180696
0.9999480585185506
0.999951135556288
0.9999541762862417
0.9999569014288857
0.9999590915714289
0.9999606437166058
0.9999614362924376
0.9999615439792441
0.9999608940811084
0.9999595290698269
0.9999575725964783
0.9999551353294437
0.999952433335253
0.999949562266914
0.9999466481631216
0.9999438862396336
0.99994147260329
0.9999394614715313
0.9999378605745709
0.9999368670422879
0.99993658080936
0.9999369931010799
0.9999380801008885
0.9999398332817242
0.9999421598622396
0.9999448862188572
0.9999478575556876
0.999950854874176
0.9999535063018109
0.9999556091457349
0.9999571961895017
0.9999580766886511
0.9999581941427155
0.9999575016396446
0.9999561889134154
0.9999542834781882
0.999951990303203
0.9999493534547667
0.9999466146178985
0.9999438785374724
0.9999412091662173
0.9999387948847004
0.9999367538536299
0.9999352286444518
0.9999342803963543
0.9999339853091611
0.9999344614795799
0.9999356142123822
0.9999374323645909
0.9999397378857828
0.9999423545893782
0.9999450688968536
0.999947772126565
0.9999503141574745
0.9999523283618847
0.9999537777390469
0.9999544881676233
0.9999545098800092
0.999953839608424
0.9999525720799689
0.9999507127279382
0.9999483854369267
0.9999458991575552
0.99994326369991
0.99994055133436
0.9999379954954836
0.9999357496728877
0.99993393620836
0.9999325163061569
0.9999317442859827
0.9999316652498811
0.9999321717944843
0.9999334051081876
0.9999351445979969
0.9999374194095243
0.9999399484942769
0.9999425931935831
0.9999452092797297
0.9999475876719913
0.9999495175828628
0.9999509229742272
0.9999516604928798
0.9999517176905574
0.9999510124036193
0.9999497165453991
0.999947856823784
0.999945600034923
0.9999430595897321
0.9999403319655461
0.999937711399067
0.9999352443823397
0.9999330172860889
0.9999312260348515
0.9999298445343432
0.99992908555658
0.9999289175168194
0.9999293985651969
0.999930584033015
0.9999323124396322
0.9999345191835939
0.9999370862287177
0.9999397189942659
0.999942289935715
0.9999445760579324
0.9999464148160495
0.9999477222966571
0.9999483416330804
0.9999482902963274
0.9999475929852878
0.9999462731472895
0.9999444238171448
0.9999422624110833
0.9999398127781192
0.9999372823266305
0.9999347736681419
0.9999324524820763
0.9999303739606014
0.9999285955141441
0.9999272539363072
0.9999264633282133
0.9999262054390214
0.9999266332543626
0.9999276587841917
0.9999293191137423
0.9999314672145454
0.9999339368758324
0.9999365672675694
0.999939056370931
0.9999412826714682
0.9999430368941092
0.999944250103799
0.9999446987860781
0.9999445684091741
0.999943793891116
0.99994254445226
0.9999408364459452
0.9999388077707433
0.9999365838818095
0.9999342941633785
0.9999319533512061
0.9999297502507227
0.999927728113302
0.9999259434815908
0.9999246301308088
0.9999237709954122
0.999923520009757
0.9999238817921084
0.9999248773619144
0.9999265087701966
0.9999285398209157
0.9999308361880238
0.9999332836333504
0.999935643297165
0.9999378584079819
0.9999395464134461
0.9999407659458592
0.99994141516595
0.9999414375321879
0.9999408587271491
0.9999397233295094
0.9999381153993271
0.9999361321139858
0.9999340386968983
0.9999317435809336
0.999929447975419
0.9999272364460274
0.9999251986013662
0.9999234306782415
0.9999221641285977
0.9999213954666437
0.9999211633497865
0.9999215451369649
0.9999225138140787
0.9999240859260546
0.9999260795251164
0.999928375999072
0.9999307745545205
0.9999330434328325
0.999935054388865
0.9999365847317583
0.9999376137299232
0.9999379692162629
0.9999377516212332
0.9999370507191954
0.9999358414761752
0.9999342372434403
0.999932418762658
0.9999303446565625
0.9999281464104317
0.9999259801721613
0.9999237980425061
0.9999218405444812
0.9999201236981369
0.9999187918705895
0.9999180165508779
0.9999177750686044
0.9999181937228696
0.9999192563253662
0.9999209378081305
0.9999230212036732
0.9999253520651255
0.9999278036680089
0.9999300736611861
0.9999320576109599
0.9999335290775543
0.9999344341309685
0.9999347534600604
0.9999344293599084
0.9999336702026923
0.9999324409771975
0.9999308376620325
0.9999289190115148
0.9999268580788276
0.9999246430204142
0.999922423758276
0.9999203055496932
0.9999183914260016
0.9999167212688719
0.9999154561077266
0.9999146943072391
0.9999145774315557
0.999915073320735
0.9999162490577329
0.9999179608893591
0.99992011945529
0.9999225312509133
0.9999248791077178
0.999927178390453
0.99992911727827
0.9999305681240965
0.9999314425887162
0.9999317354120765
0.9999314501937163
0.9999305435275148
0.9999293116974455
0.9999278110707783
0.9999261567039641
0.9999242658354303
0.9999222685385962
0.9999202414638768
0.9999182316983258
0.9999164052109369
0.9999147924267594
0.9999135350332384
0.9999128054632566
0.99991255851001
0.9999130120365641
0.9999140473014039
0.9999156707322354
0.9999176725692496
0.9999199263744726
0.9999222015058256
0.9999243894983477
0.9999262549977902
0.9999276226320158
0.9999283861100756
0.9999285580834554
0.9999282037985083
0.9999273571338811
0.9999262511131323
0.9999246772851644
0.9999230187323225
0.9999211644862003
0.999919187263081
0.9999172039443671
0.9999153031512079
0.9999135187129747
0.9999119756275364
0.9999108209318008
0.9999101375523687
0.9999099592798767
0.99991044678004
0.9999114631603916
0.9999130192653714
0.9999150749184346
0.9999172214176967
0.9999194920682669
0.9999216815944906
0.9999233972640151
0.9999246598434098
0.999925357267385
0.9999255406015792
