0.9999992067676577
0.9999986206029822
0.9999973797184964
0.9999962718021144
0.999995876531249
0.999996384384466
0.9999975223227878
0.9999985342492028
0.9999986835273029
0.9999978404343236
0.9999965808992034
0.9999956663962479
0.9999955565401955
0.9999963059152683
0.999997485181722
0.9999982876435989
0.9999981015855851
0.9999970392738318
0.9999958096623933
0.9999951233363149
0.999995298932536
0.999996242250815
0.9999973783067712
0.9999978976797226
0.9999973906425259
0.9999962070264913
0.9999951118655975
0.9999946847590361
0.9999951272314476
0.9999962048953955
0.9999972064237803
0.9999974034241925
0.9999966252580654
0.9999953975380695
0.9999944205254777
0.9999942668749477
0.9999949637156671
0.999996085960685
0.9999968765028906
0.9999967865124139
0.9999958085944106
0.9999946002526346
0.9999938873038754
0.9999940189253806
0.9999948943363242
0.99999598072156
0.9999965355203417
0.9999961248670107
0.9999949951623018
0.9999938798213337
0.9999933978203976
0.9999937891308772
0.9999948085225273
0.9999958000959294
0.9999960830027741
0.999995412306706
0.9999942069854433
0.99999319984342
0.9999930123664136
0.9999936615939988
0.9999947439514606
0.9999955664835337
0.9999955535123647
0.9999946738829629
0.9999934556601727
0.9999926582589319
0.9999927397970398
0.9999935687621448
0.9999946448229364
0.999995253117322
0.9999949535500391
0.99999392761718
0.9999927900787182
0.999992227021087
0.9999925620236834
0.999993513920053
0.9999944843277309
0.9999947998693403
0.9999942232741649
0.999993069037385
0.9999920368000067
0.9999917643688842
0.9999923674450713
0.9999934307561033
0.9999942298498806
0.9999942889472699
0.9999935103621651
0.9999923419326562
0.999991520112079
0.9999915318509299
0.9999923337354816
0.9999933639221127
0.9999939627005116
0.9999937587769017
0.9999927731859469
0.9999916448135985
0.9999910633831273
0.9999913832171247
0.999992290339539
0.9999932324150934
0.9999936060290066
0.9999930923719341
0.9999919698493179
0.9999909475266505
0.999990617404033
0.999991131961932
0.9999921256883899
0.9999929478999563
0.9999930682423879
0.9999923465582539
0.9999911931666942
0.9999903440123379
0.9999902887025173
0.999991026902695
0.9999920714631246
0.9999927119874489
0.9999925294250829
0.9999915796087728
0.9999904320217666
0.9999898024357365
0.99999003353086
0.9999909673170188
0.9999919630614955
0.9999924000390501
0.9999919930097442
0.9999909353978915
0.9999898802382717
0.9999895364040866
0.9999900379085315
0.9999909846436486
0.999991794941353
0.999991935239992
0.9999912715016136
0.9999901367728363
0.9999892179559772
0.999989134125863
0.9999898046922832
0.9999907847112185
0.9999914487881065
0.999991312374349
0.9999904725967025
0.9999893188810887
0.9999886261260007
0.9999887935517663
0.9999895935470767
0.9999905022532412
0.9999909416640377
0.9999906058966427
0.9999896135366296
0.9999885314324685
0.9999880614309494
0.9999884555925412
0.9999893560794955
0.9999901801314769
0.9999904145184607
0.9999898103870046
0.9999887273093705
0.9999878638392561
0.999987673543092
0.9999882814563621
0.999989223753497
0.9999899421280499
0.9999898870634305
0.9999891098885956
0.9999880267345885
0.9999873515056678
0.9999874386748494
0.9999882129838736
0.9999891136105938
0.9999895736227191
0.9999892969396894
0.9999883882057173
0.9999873875088698
0.9999869133711257
0.9999872046629545
0.9999880482557577
0.9999889252155334
0.9999891679435611
0.999988680275769
0.9999876668934989
0.999986748991742
0.9999865072178578
0.9999869964512785
0.9999879299677678
0.9999886186223605
0.999988636298833
0.9999879687489047
0.9999869331721066
0.9999861834925241
0.9999861928409755
0.9999869156359638
0.9999878079791414
0.999988287169964
0.9999880881960249
0.9999873029120472
0.9999862933702629
0.9999857705871306
0.9999860044821197
0.9999868064470507
0.9999876359772774
0.9999879564496249
0.9999875436808116
0.9999865849833802
0.9999856371513881
0.9999852993360655
0.9999857166076774
0.9999865490396292
0.9999872441344153
0.9999873362419145
0.9999867638206441
0.9999857836773753
0.9999850192542831
0.9999849541462102
0.9999855920154154
0.9999864555238562
0.9999869903318902
0.999986886179337
0.9999861133130128
0.9999851250033184
0.999984550407365
0.9999847159696958
0.9999854707854159
0.9999863060562086
0.9999866706821857
0.9999863390883904
0.99998547696608
0.99998461138821
0.999984221784311
0.9999845491408229
0.9999854093114597
0.9999861759239588
0.99998630122585
0.9999857522159966
0.9999848230120156
0.9999840614854255
0.9999839303646629
0.9999844413125657
0.9999853030708463
0.9999858833658298
0.9999858283665285
0.9999850876037112
0.9999841533504283
0.9999835705421378
0.9999835963605592
0.9999842681150174
0.9999851698764929
0.9999855686328537
0.9999852575677985
0.9999844230794712
0.9999835834245635
0.999983186298423
0.9999834722456433
0.9999842686371213
0.9999850495335698
0.9999852527709897
0.9999846865214452
0.99998380713571
0.9999830508629896
0.9999828108038821
0.9999832744818365
0.9999840865519848
0.9999847420839385
0.999984673229314
0.9999839723044938
0.9999830993319463
0.9999825301509638
0.9999825509975397
0.9999831850007886
0.9999840563257223
0.9999844926605883
0.9999841977420247
0.9999833863730758
0.9999825479340902
0.9999820867457065
0.9999823325906602
0.9999831272645221
0.9999839078711763
0.9999841171592336
0.9999835625981778
0.9999826777712886
0.9999819548943906
0.9999817194459589
0.9999821063427857
0.9999829602539823
0.9999836670043807
0.999983610537707
0.9999829561700347
0.9999821169994546
0.9999815177559904
0.9999815057168387
0.9999820823376959
0.9999828734409045
0.9999833871666204
0.9999831457397241
0.9999823671393647
0.9999815334882984
0.9999810987550951
0.9999812688712045
0.999981936828111
0.9999827051179258
0.9999829506898261
0.9999824578141832
0.9999816140917273
0.9999808866417489
0.9999806135543827
0.999980935242031
0.9999816712914084
0.9999822470233152
0.9999822865463975
0.9999816234709386
0.9999807707086252
0.9999801566722063
0.9999801321761226
0.9999806414123885
0.9999813634613971
0.999981869428858
0.9999816995160017
0.9999809173353544
0.999980155129443
0.999979683039072
0.9999797813599006
0.9999804549673589
0.9999811508624911
0.9999814197635656
0.9999810430031518
0.9999802644414012
0.9999795189773931
0.9999792836073991
0.9999796216220028
0.9999803254163919
0.9999810016552334
0.9999810710982174
0.9999805802521425
0.999979718583859
0.9999789921939001
0.99997887733131
0.9999793829106411
0.9999801598757228
0.9999806704041772
0.9999805333607323
0.9999798928294743
0.9999790991647176
0.9999786077959044
0.9999787055818102
0.9999792688542762
0.9999799574328949
0.9999802474928741
0.9999798744525408
0.9999791084313195
0.9999784271842739
0.9999781276860451
0.9999783882468929
0.9999790577491653
0.9999796734793538
0.9999797314743811
0.9999792078034337
0.9999783512933808
0.9999777797130525
0.9999776513643598
0.9999780595089376
0.9999787604014966
0.9999792477989274
0.9999791582462998
0.9999785554140158
0.9999777537944189
0.999977221984697
0.9999772384533939
0.9999777786222855
0.9999784260905444
0.9999786714826657
0.9999784530795652
0.999977796512164
0.9999770123390719
0.9999766865038675
0.9999769552566775
0.9999775768985751
0.9999781547201879
0.9999782476954019
0.9999777750429187
0.999977081949664
0.9999763848014324
0.999976279517648
0.9999767583227761
0.9999774538242623
0.999977895459772
0.999977821554053
0.9999772445049061
0.9999764728052023
0.9999759717426518
0.9999760311971296
0.9999766630486201
0.99997728279492
0.9999776004091748
0.9999773920913967
0.9999767555830177
0.9999760256457507
0.9999756930204309
0.9999759429158236
0.9999765987020786
0.9999771512735129
0.9999773017563468
0.9999768936189359
0.9999761550379302
0.9999754829432493
0.9999753210685328
0.9999757002849349
0.9999763826093286
0.9999768470625482
0.9999768251461263
0.9999763498718793
0.999975605369698
0.9999750031901777
0.9999749256150883
0.9999753875826198
0.9999760362091168
0.9999763332459359
0.9999761546509853
0.9999755096473967
0.9999748596890449
0.9999744544045425
0.9999745870879754
0.9999751709691707
0.9999757871820957
0.9999759113239198
0.9999756264700422
0.9999749937638363
0.9999742924011723
0.9999739273710803
0.9999742904152258
0.9999749820797196
0.9999754499177788
0.9999755088365138
0.9999750829188723
0.9999744098609628
0.999973818666577
0.9999737892780712
0.9999742690590195
0.9999749122503668
0.9999752078850818
0.99997506000209
0.9999744488876482
0.9999737234775
0.9999732053393137
0.9999733014680915
0.9999739456608318
0.999974504408841
0.9999747402368919
0.9999745275430022
0.999973879604892
0.9999731843837043
0.9999728344422094
0.9999731574992214
0.9999738102343873
0.9999743120007373
0.9999743761770278
0.9999740170454218
0.9999732663014292
0.99997265154703
0.9999724796139137
0.9999729241112725
0.9999735492363409
0.9999739414370329
0.9999738689678693
0.9999733471543987
0.9999726084150082
0.9999720879664448
0.9999721808361457
0.9999727305551226
0.9999732562408379
0.9999734249650216
0.9999732074214847
0.9999725806522585
0.9999718211006979
0.9999714568045116
0.9999717147584002
0.9999723451558573
0.9999728118323896
0.9999728935926882
0.9999725526707405
0.9999719042708559
0.9999711866100583
0.9999710195743626
0.9999714338536533
0.9999720254013484
0.9999723588035511
0.9999723183558571
0.9999718843244977
0.9999711368383319
0.9999705632411182
0.9999705606140483
0.9999710630484384
0.9999716790854385
0.9999719477750335
0.999971782834674
0.9999712190218591
0.9999704360424018
0.9999700480709309
0.9999702140023928
0.9999708446701182
0.9999713573409242
