0.9999992125369147
0.9999986802457171
0.9999974847133791
0.9999963094088665
0.9999958718355859
0.9999964625295586
0.9999976561965674
0.9999986384699591
0.9999987673205365
0.9999979764669308
0.9999967368123129
0.9999957351405471
0.9999955975682034
0.999996440533123
0.9999976682363662
0.9999984370492523
0.9999982588337804
0.9999973006319116
0.9999960712847827
0.9999952807130165
0.9999954377544885
0.9999964791874217
0.9999976349441392
0.9999981134098452
0.9999976591828165
0.999996558500019
0.9999953881429946
0.9999948451219877
0.9999953009426906
0.9999964516008923
0.9999974655482561
0.9999976708956971
0.9999969750267657
0.9999957918963751
0.9999947700490963
0.9999945257639844
0.999995257578915
0.999996446596629
0.9999972606388583
0.9999971682677865
0.9999962692149148
0.9999950976115861
0.9999942922203091
0.9999943561562384
0.9999952864790317
0.9999964611081285
0.9999970299245401
0.9999966487103334
0.999995613254401
0.99999449286069
0.9999939251113288
0.999994282436715
0.9999953334777503
0.9999963505804209
0.9999966155851321
0.9999959896675866
0.9999948533024305
0.9999938361797919
0.9999935533747022
0.9999941996484485
0.9999953258359017
0.9999961636082827
0.9999961400478676
0.999995312204056
0.999994151941036
0.9999932774693628
0.9999932840824082
0.9999941614919912
0.9999952892408444
0.9999958596414977
0.999995561222692
0.999994561321621
0.9999933895006223
0.9999927789213618
0.9999930719630594
0.9999941000539333
0.9999951218715531
0.9999954664693937
0.9999949332244655
0.9999938467670421
0.9999928346437557
0.9999924879825299
0.9999930406731747
0.9999941494922985
0.9999950209237628
0.9999950804630149
0.9999943192822985
0.9999932010947483
0.9999923363996114
0.9999922394698098
0.9999930391447596
0.9999941382256614
0.9999947630974114
0.9999945473765699
0.9999936423456994
0.9999925309200027
0.9999918577904002
0.9999920521455374
0.9999930185601221
0.9999940470892773
0.999994446525916
0.9999940137372997
0.999992965149829
0.999991936376138
0.9999915132421657
0.9999920085338985
0.9999930524286068
0.9999938883262773
0.9999940263388193
0.9999933725051845
0.9999922963478074
0.9999914229412742
0.9999913031914458
0.9999920146554667
0.9999930446867716
0.9999937308250092
0.999993612425919
0.9999927684741728
0.9999916749754286
0.9999909454898347
0.9999910910193379
0.9999919554360034
0.9999929507039439
0.9999934176708705
0.9999930833297431
0.9999920821023917
0.9999910782736743
0.9999906260773141
0.9999909791760333
0.9999919275737553
0.9999927893575133
0.9999930237371834
0.9999924253054822
0.9999913727908287
0.9999905031454542
0.999990280694703
0.9999908702927901
0.9999918464693156
0.9999925643896783
0.999992516512335
0.999991762524431
0.9999907287180443
0.999990006358247
0.999990050247506
0.9999908063098893
0.9999917814594198
0.9999923431856688
0.999992088883083
0.9999911686951558
0.9999901587651928
0.999989643180853
0.9999899538243411
0.9999908304471324
0.999991768851166
0.9999920677671881
0.9999915573710605
0.9999905478365093
0.9999896391265346
0.9999893931489026
0.9999899263387761
0.9999908538652356
0.9999916011400818
0.9999916342231452
0.9999909155876332
0.9999898673307782
0.9999891419952454
0.9999891591466005
0.9999898689304894
0.9999907820796833
0.9999913227538596
0.9999911362691283
0.9999902228153493
0.9999892319056607
0.9999887260097543
0.9999889431810156
0.9999897692570746
0.9999906473420594
0.9999909994178483
0.9999905537339979
0.9999895647483619
0.9999886677617196
0.9999883625287893
0.9999887945964976
0.9999896737456119
0.9999904233283565
0.9999905763812618
0.9999899345623982
0.9999888898672369
0.9999881300772544
0.9999880549277012
0.9999886333193532
0.9999895150260648
0.9999901254218149
0.9999900158423626
0.9999892020300677
0.999988235411385
0.9999876790103572
0.9999878298395419
0.9999885763713577
0.9999894377366306
0.9999898293453586
0.999989440286746
0.9999885491921169
0.9999877084565885
0.9999873691242419
0.9999877349790152
0.9999885240169987
0.9999892715671869
0.9999894410188229
0.9999888585564795
0.9999879197204019
0.9999871676938259
0.9999870793429344
0.999987626527822
0.999988467477229
0.9999890365003208
0.9999889699012631
0.9999882596833973
0.9999873453240476
0.9999868220226963
0.9999869241237163
0.9999875764084899
0.9999883656401949
0.9999887591423106
0.9999884428038971
0.999987621827421
0.9999868107640276
0.9999864405288629
0.9999866897695947
0.9999874654886471
0.9999882478567099
0.9999884320331651
0.9999879317253811
0.9999870286686143
0.9999863006972697
0.9999861155223709
0.9999865540560573
0.9999873537377119
0.9999879577059146
0.9999879039160925
0.9999872139810125
0.9999863546159037
0.9999857938942017
0.9999858423676689
0.9999863971869748
0.9999871741419575
0.9999876397675549
0.999987389694762
0.9999866333388969
0.9999858425400551
0.9999854414805409
0.9999856781409928
0.9999863381953068
0.9999870441322086
0.99998729448246
0.9999868458037258
0.999985982173774
0.9999852821570873
0.9999850790099923
0.9999854610240312
0.9999862080518989
0.9999868505722092
0.9999868783369209
0.9999862537968841
0.9999853944316895
0.9999847686319809
0.9999847467557197
0.9999852578422902
0.999986007946884
0.9999864984497383
0.9999863426082837
0.9999855989100374
0.9999848180003166
0.9999843749256762
0.9999845237056936
0.9999852045547205
0.9999859003418498
0.9999861769507349
0.9999858045024898
0.9999850262478857
0.9999843053801696
0.9999840568706088
0.9999843894538277
0.99998515039847
0.9999858051693656
0.9999858899466996
0.9999853441056684
0.9999845241037915
0.9999839327716208
0.9999838846604596
0.9999843321748395
0.9999850826955309
0.9999855415085067
0.9999853538367879
0.9999846491294878
0.9999838898808857
0.9999834310041739
0.9999835228378401
0.9999841907862453
0.9999849383847272
0.9999852457633881
0.9999849060229911
0.9999841340351561
0.9999834167939216
0.9999831069886497
0.9999833928726799
0.9999841242968486
0.9999847751497363
0.9999848775196287
0.9999843366439489
0.9999835248452438
0.9999828887102505
0.9999827780306983
0.9999832190939336
0.9999839710541794
0.9999844674846595
0.999984344387113
0.9999836872378562
0.9999828804736538
0.9999823989089681
0.9999824485416798
0.999983033364142
0.9999837526308925
0.9999840903027908
0.9999838179809707
0.9999830756083592
0.9999823424581271
0.9999819970911259
0.9999821892631562
0.9999828344997801
0.9999834885786263
0.9999836167673557
0.9999831582208948
0.9999823856699052
0.9999817435999572
0.9999815794192892
0.9999819681205571
0.9999826509148378
0.9999831841987604
0.9999831351080188
0.9999825190767873
0.9999817412343868
0.9999811914292387
0.9999812009534773
0.9999817328779002
0.9999824301961661
0.999982787606505
0.9999825667753813
0.9999818981738063
0.9999811673759599
0.9999808022203102
0.9999809559112749
0.9999816005238847
0.9999822384297149
0.9999824368100019
0.9999820150159758
0.9999812969781098
0.9999806099628186
0.9999804068212885
0.9999807602686294
0.9999814082866811
0.9999819557359221
0.9999819455516026
0.9999814320065997
0.9999806706380769
0.9999801163405857
0.9999800737824384
0.9999805332521184
0.9999811941172033
0.9999815613351715
0.9999814498127843
0.9999808169080788
0.9999800845812543
0.9999796955921599
0.9999798372063701
0.999980413162045
0.9999810893860023
0.9999813074018291
0.9999810031363224
0.9999803243731035
0.9999796428802754
0.99997944605047
0.9999797386312658
0.9999803468105314
0.9999808415577419
0.9999808367390532
0.999980336555042
0.9999796287197404
0.9999791241973668
0.9999790085613897
0.999979425724844
0.9999800360436726
0.9999804354828199
0.9999803269793913
0.9999797582266922
0.999979040048452
0.999978593352185
0.9999786791894472
0.999979229412582
0.9999798089968326
0.9999800719256647
0.9999797606088788
0.9999791180939652
0.9999784916924851
0.9999782214512785
0.9999784226421572
0.9999790300379909
0.9999795192466271
0.9999795411859004
0.9999790938170002
0.9999783931896407
0.9999778139397858
0.9999777305171594
0.9999781210032966
0.999978761636371
0.999979149761236
0.9999790251348238
0.999978475997954
0.9999777556000415
0.9999773205925292
0.9999773590573684
0.999977884547877
0.9999784820547201
0.9999787088942022
0.9999784307316446
0.9999778212785099
0.9999771859774763
0.9999769411503998
0.9999771280309704
0.9999776724363311
0.9999782039717707
0.9999782251545006
0.9999778288279457
0.9999772099853467
0.999976617250624
0.9999764951748755
0.9999768544983021
0.9999774738283342
0.9999778759877003
0.9999777604610002
0.9999772388719017
0.9999766798873028
0.9999762515475896
0.999976344232773
0.999976815777135
0.999977441189794
0.9999776579455443
0.9999773491817673
0.9999767623917839
0.9999761418586045
0.9999758395681299
0.999976060070076
0.9999766341937073
0.9999771552294623
0.9999772435556179
0.9999768428206247
0.9999762719254408
0.9999757447351352
0.999975523322742
0.9999759054928541
0.999976509768479
0.999976902590053
0.9999768097122741
0.9999762860195568
0.9999757137321753
0.999975289329331
0.9999752484103529
0.9999757546287347
0.9999763096468094
0.999976579870872
0.9999763432990877
0.999975804825032
0.9999752724341822
0.9999750003977086
0.9999751207666552
0.9999756326361574
0.9999761558380383
0.9999762379189825
0.9999758495809653
0.9999752890723952
0.9999747751854237
0.999974582772305
0.9999748896628006
0.9999754500766669
0.9999759128505784
0.9999758529613647
0.9999754229171491
0.9999748498320905
0.9999744182965034
0.9999743363902742
0.9999747719801992
0.9999753932292231
0.999975659216504
0.9999754294588113
0.9999749325587862
0.9999743540874042
0.9999740246410741
0.9999740907043438
0.9999746285189117
0.9999751317084421
