0.9999998508535443
0.9999991654748895
0.9999986963770056
0.9999988931802347
0.9999984503267634
0.9999977599987286
0.9999978329633938
0.9999976704912236
0.9999969113597189
0.9999966952075593
0.9999967216796651
0.9999960014686905
0.999995498594967
0.9999956673724952
0.999995256967732
0.9999946013411986
0.9999946867587375
0.9999945376663518
0.9999937090157585
0.99999355028784
0.9999936860750963
0.9999930147615591
0.9999925767551552
0.9999926850717004
0.9999921660666452
0.999991484918778
0.9999915556062313
0.9999914134619782
0.9999906793620151
0.9999906448767993
0.9999906455189549
0.999989943815496
0.9999894961710548
0.9999896116785664
0.9999891561052419
0.99998852739324
0.9999884851001356
0.999988372863284
0.9999876766663186
0.9999874502200081
0.9999875413402619
0.999986792842595
0.9999864042711368
0.9999865586828229
0.9999860374978679
0.9999854750704114
0.9999854758365335
0.9999853286283358
0.9999845747391524
0.999984439405493
0.9999845530541873
0.9999839925941613
0.9999835266658021
0.9999836155319113
0.9999831906951904
0.9999825214997697
0.9999825765309845
0.9999824173912726
0.9999817541042991
0.9999817163968516
0.9999818362858769
0.9999811791511366
0.9999807511183392
0.9999809179568214
0.9999803751159999
0.9999798210633767
0.9999798130540326
0.9999795780235577
0.9999788037951584
0.9999786146055764
0.9999786518088914
0.9999780504259256
0.9999776561109993
0.9999777249961938
0.9999771805168737
0.9999764565529772
0.9999766562421973
0.9999763413461261
0.999975579903704
0.9999753819628441
0.9999754401280607
0.9999745920182808
0.999974194285522
0.999974267311648
0.9999736751271182
0.9999728727738774
0.9999728407996669
0.9999726696973957
0.9999719809229571
0.9999718046885923
0.9999717749065219
0.9999710740775712
0.9999704952892734
0.9999704496466488
0.9999699128051567
0.9999692690781996
0.9999693734644599
0.9999692280816289
0.9999686182812566
0.9999684276128152
0.9999682698931889
0.9999675714504055
0.999967088257694
0.9999671278080726
0.999966700179409
0.9999659091860714
0.999966050324365
0.999965869589834
0.999965151428981
0.999965055952662
0.9999650565855099
0.9999644624554065
0.9999640180430304
0.9999641654785155
0.9999638163087374
0.9999632395315581
0.9999631041508722
0.9999629579078352
0.9999622732782604
0.9999620245267022
0.9999621212765629
0.9999613599541886
0.9999609391479047
0.999961128256694
0.9999607096894725
0.9999600392962206
0.9999600103126199
0.9999598856754974
0.9999591443744656
0.99995899601555
0.999959082651874
0.9999587080523055
0.9999583949827198
0.9999585048175986
0.9999580711526583
0.999957486296459
0.9999572623215417
0.9999569017990367
0.9999563069199591
0.9999561290006634
0.9999559601851191
0.9999551780234822
0.999954805313394
0.9999550233469401
0.9999547135286944
0.9999541148631887
0.9999541555948838
0.9999538320656289
0.9999534185201321
0.999953279456682
0.9999531372456196
0.9999523716272245
0.9999519273691287
0.9999520366439224
0.9999518375119207
0.9999513679324595
0.9999512899972834
0.9999510480007178
0.9999505553608429
0.9999503224896634
0.9999500805907436
0.9999495566135842
0.9999490063635611
0.9999491667019967
0.999948762404136
0.9999480684418343
0.9999481123077794
0.9999476969578062
0.99994717970566
0.9999470505528375
0.9999469939340678
0.9999466227870163
0.9999461322346268
0.9999460979874517
0.9999457915611913
0.9999454178583969
0.9999452355240509
0.9999450538450539
0.9999444838396615
0.9999443144620942
0.9999442707639166
0.999943463194113
0.9999429477113542
0.999943095639019
0.9999425835153817
0.9999420048024759
0.9999418184707183
0.9999417009757983
0.9999410783030224
0.9999407614110463
0.9999404770534442
0.9999399295968021
0.9999395485874739
0.9999396404150148
0.9999391058070519
0.9999385337000116
0.9999385004172264
0.9999384086759152
0.9999378260650461
0.9999376094484513
0.9999375166306899
0.9999371496853041
0.9999367955840424
0.9999367914418881
0.9999363769628749
0.9999354911806249
0.9999353700232241
0.9999352444362968
0.9999344579918243
0.9999343503151269
0.9999342904972705
0.9999338144219324
0.9999331988985968
0.9999335653498007
0.9999331719425657
0.9999326125670767
0.9999325603372102
0.9999321457479255
0.9999315810851487
0.9999311078101702
0.9999312871427214
0.9999307745500309
0.9999304527575378
0.9999302799275018
0.9999298671901901
0.9999293157232598
0.9999292569331085
0.9999292956047189
0.9999285984923946
0.9999285356317228
0.999928373422378
0.9999280105289209
0.9999273760181789
0.9999273803001846
0.9999268127887886
0.9999262569594496
0.9999261635017711
0.9999260996324411
0.9999254480007075
0.9999250659992411
0.9999250395503825
0.9999244105353557
0.9999238621641724
0.999923714513664
0.9999234647908627
0.9999224955995842
0.9999221052472735
0.999921965379044
0.9999210920549911
0.9999209331245298
0.9999209112949328
0.9999203843632553
0.9999203003934154
0.9999203241134779
0.999919878373709
0.999919101523481
0.9999191962858519
0.99991918492212
0.9999184815521945
0.9999183982491453
0.9999181936084034
0.9999175885344403
0.9999171958984944
0.999917073358304
0.9999167383063033
0.9999161598658288
0.9999160278214111
0.9999157055485837
0.9999152023004522
0.9999150111691454
0.999915013600177
0.9999142079952816
0.9999140705557519
0.9999145350011119
0.9999142019813821
0.9999135581775762
0.9999134498590206
0.9999132864806068
0.9999126764805398
0.9999122171790373
0.9999121893910448
0.9999115100645307
0.999910994689762
0.9999109855538829
0.9999108758460812
0.9999102534830645
0.9999103500873179
0.9999102154324144
0.9999097317812844
0.9999094136770793
0.9999092831565394
0.9999087266075891
0.9999081433222379
0.9999081919379837
0.9999074969721888
0.999907171893762
0.9999071304264281
0.9999068857988879
0.9999061681617011
0.9999060279003733
0.9999058791677792
0.9999054483456602
0.9999049444416003
0.9999050848834453
0.9999047337781536
0.9999042678332731
0.9999042314104502
0.9999039243890137
0.9999032321980494
0.999902958492019
0.999903027793315
0.999902500067455
0.9999024080981064
0.9999023875346262
0.9999022288507924
0.9999019219468505
0.9999017017256582
0.9999017648559158
0.9999009949204337
0.9999009734271429
0.9999008380648726
0.999900095923336
0.9998997718582276
0.9998998807077885
0.9998995497601423
0.9998988803266912
0.9998986407021757
0.9998984161900011
0.999897834787091
0.9998975535742339
0.9998976929526628
0.9998971114200468
0.9998968432510744
0.999896801101157
0.9998963910835263
0.999895683275806
0.9998955825842983
0.9998955936597306
0.9998950950044574
0.9998948211447655
0.9998949120710887
0.9998946128368138
0.9998944099896164
0.9998941654420838
0.9998940217235093
0.9998932272126242
0.9998934654332291
0.9998930644495782
0.9998923488125165
0.999892025063487
0.9998919554174179
0.9998915104142775
0.999891468880048
0.999891363596084
0.9998908111296291
0.9998904749072757
0.9998906198293867
0.9998902070021809
0.9998898612291578
0.9998895689578622
0.9998899296250817
0.999889621453183
0.9998889594547047
0.9998891492313363
0.9998885341023737
0.9998879189865161
0.9998879181282572
0.9998876114313054
0.9998867778326039
0.9998864963566674
0.999886985862132
0.9998862762598908
0.9998858322889097
0.999885846000463
0.9998855198011285
0.9998852821060581
0.9998851192427617
0.9998848283659973
0.9998842283962003
0.9998841034766303
0.9998841168002092
0.9998840474424562
0.9998837015040175
0.9998836828765978
0.9998832204977373
0.9998827428739094
0.9998827568628624
0.999882205427533
0.9998815419069207
0.9998813162091862
0.9998812370603279
0.9998804241766823
0.9998798228182519
0.9998798176339414
0.9998794784524018
0.9998788033284197
0.9998784205376086
0.9998786211564958
0.9998782633770503
0.9998781711097755
0.9998780003596774
0.9998776605874244
0.9998773947916081
0.9998779482594673
0.999877284932702
0.9998767448629761
0.9998766960735921
0.9998763825643944
0.9998753713890575
0.9998753665029803
0.9998748717773587
0.9998741319151986
0.999873735741071
0.9998734017003452
0.9998731187943176
0.9998725838137797
0.9998725512230179
0.9998725839055776
0.9998721372902184
0.9998719177276554
0.9998715650770669
0.9998708241553451
0.9998705172033632
0.999869970006564
0.9998693574992507
0.9998687983756507
0.9998687654646099
0.9998684292768163
0.9998677884821143
0.9998676154103436
0.9998672784075361
0.9998664957995442
0.9998662254501557
0.9998662225157753
0.9998657962932389
0.9998653122425247
0.9998654228637444
0.9998651923579742
0.9998645841536187
0.9998643315986576
0.9998644534763141
0.9998636673106033
0.999863378085686
0.9998632684546407
0.9998626126115653
0.9998623317942439
0.9998622922527317
0.9998627843760175
0.99986252638521
0.9998624910708157
0.9998624207325253
0.9998616200402684
0.9998610951727013
0.9998610386824097
0.9998606894159352
0.9998596963171905
0.9998596297449479
0.9998597289960991
0.9998589611231423
0.9998581642430445
0.9998580350581167
0.9998572940817484
0.9998568832209872
0.9998569110223093
0.9998563646775639
0.9998558901521426
0.9998558339826673
0.9998555388220797
0.9998546133563889
0.9998544649941534
0.9998544197635374
0.999853700095604
0.9998533470522664
0.9998533822841497
0.9998532009753437
0.999852774116448
0.99985263221994
0.9998528201355549
0.9998524839245848
0.9998523552228878
0.9998520990625974
0.9998513190331476
0.9998505326618885
0.9998504521936556
0.9998500251123804
0.9998494329491509
0.9998496459370677
0.9998492280906889
0.9998482791378296
0.9998478074343911
0.9998479966942289
0.9998473156853249
0.9998468694498532
0.9998467920493029
0.9998462887190671
0.9998459269275987
0.9998459065598319
0.9998458902362404
0.999845182138949
0.9998450291229263
