0.9999998850762962
0.9999992137909812
0.9999989346599923
0.9999989526971298
0.9999982547703756
0.999998011375764
0.9999979760631653
0.9999972668523032
0.9999970988311452
0.9999970440341887
0.9999963268692094
0.9999961824222363
0.9999960474543463
0.9999954046029218
0.9999952706384105
0.9999951213461755
0.9999944716475592
0.9999943719209349
0.9999941720160732
0.9999936003401421
0.9999935935085021
0.9999933518215709
0.9999927067744695
0.9999927642532734
0.9999924923797108
0.9999918332778897
0.9999918013962923
0.9999915188735067
0.9999909351066602
0.9999909330993967
0.9999905942716026
0.9999900282766414
0.999990040930918
0.9999895226714839
0.9999889014859358
0.9999889031522955
0.9999884486319444
0.999987909160494
0.9999879439969386
0.9999873811930218
0.9999868571499083
0.9999868041206087
0.9999861289999046
0.9999857475645426
0.9999858038846051
0.9999852053852412
0.9999847684547082
0.9999847666083429
0.9999841903627873
0.9999838799935197
0.9999839044150106
0.9999832664479965
0.9999829631340438
0.9999828279659121
0.9999821609149481
0.9999818672360394
0.9999817809035657
0.9999810737031896
0.9999809253940377
0.9999809550392047
0.999980371373451
0.999980196079107
0.9999800668911409
0.9999794253993264
0.9999793309885774
0.9999791277322266
0.999978503214008
0.9999783305099967
0.9999781208611292
0.9999775242912513
0.9999775293134442
0.9999771847243399
0.999976477315029
0.9999764710716101
0.9999760640995334
0.9999754215482112
0.9999753482016627
0.9999750636638394
0.9999745667920427
0.9999745307774097
0.9999741038593682
0.9999737003886886
0.9999738762997363
0.9999734706576717
0.9999728484731621
0.9999729830738705
0.9999724943514186
0.9999720212516384
0.9999720989516467
0.9999716022655154
0.9999712772464221
0.9999712958884848
0.9999708988174486
0.9999705293101926
0.9999704879436445
0.9999698925209627
0.9999695882592217
0.9999694624721899
0.9999688861205107
0.9999686005734084
0.9999685439122977
0.9999679390964364
0.9999676724587576
0.9999677131249709
0.9999671615340171
0.9999668757172153
0.9999668323424159
0.9999662251316139
0.9999660353747943
0.999965976359198
0.9999654138194402
0.9999653000716755
0.9999652483683742
0.9999644876843854
0.9999644186065964
0.9999642334104042
0.9999634688988385
0.9999632365946719
0.999962959681807
0.999962059132536
0.9999622425619333
0.9999621141144427
0.9999615082204739
0.9999615533151606
0.9999611222739501
0.9999603667931869
0.9999601241130371
0.9999598367813922
0.9999594483503322
0.9999592307687641
0.999958852554911
0.9999585034143402
0.9999585616136974
0.9999579843870153
0.9999575207359938
0.9999574859761486
0.9999570633434185
0.9999565237085043
0.9999566273597649
0.9999560193745051
0.9999556144407153
0.9999556596359257
0.9999552887594139
0.999954842012781
0.9999550652229144
0.9999547486920243
0.9999543064857395
0.9999542257777243
0.999953616884929
0.9999533008320747
0.9999531595329612
0.9999525413290504
0.9999523311439876
0.9999522222501267
0.9999516897358149
0.999951277157599
0.9999509746955696
0.9999502953837585
0.9999500970514871
0.9999498228524714
0.9999491043442617
0.9999490486515454
0.9999488212300917
0.9999480396854878
0.99994787146102
0.999947724222891
0.9999471156046024
0.9999470359845327
0.9999466678492162
0.99994617446828
0.9999459886168307
0.9999458447717239
0.9999453318555639
0.9999452792084994
0.9999451259907063
0.9999443442463221
0.9999443503804056
0.9999438916220889
0.9999430947048696
0.9999428695464636
0.999942253458571
0.9999416596208909
0.9999417684563857
0.9999413702381892
0.9999408766310798
0.9999407761722111
0.9999403598113458
0.9999400642843985
0.9999400010077677
0.9999396602543447
0.9999392848434948
0.9999390668405517
0.9999384363567985
0.9999381632118585
0.9999381748266805
0.9999376796031078
0.9999373389818527
0.9999371798410055
0.9999367367914155
0.9999363607413255
0.9999363113575035
0.9999356010164546
0.9999352304790511
0.9999353022753148
0.9999346951148423
0.9999345418688419
0.9999348425607925
0.9999340685430715
0.9999339129867556
0.9999338741661042
0.9999333154940228
0.9999331273834822
0.9999329276519693
0.9999322323626663
0.9999320862529141
0.9999320762920872
0.9999315259977541
0.9999315933191514
0.999931368922026
0.9999306812077449
0.9999307984225558
0.9999305814844486
0.9999301381620673
0.9999298568163478
0.9999297707885954
0.9999291438422775
0.999929157992699
0.999928907742032
0.9999285192152736
0.999928363868693
0.9999281841045685
0.9999276304635436
0.999927666672517
0.9999275041647954
0.9999270846860379
0.9999271236186924
0.999926412499823
0.9999263521526142
0.9999263182934475
0.9999257079718452
0.9999253121427238
0.9999254181315399
0.9999248980099752
0.999924385015933
0.9999241218518282
0.9999234329604889
0.9999231042261815
0.9999231283686747
0.9999227226903729
0.9999223836387184
0.9999222079587567
0.9999215848403038
0.9999214816143179
0.999921313738023
0.9999206082337746
0.9999201474037835
0.9999200435977775
0.9999193530264883
0.9999190152455038
0.9999189338880411
0.9999184781876203
0.9999182317122873
0.9999181322539156
0.9999174575982741
0.9999170265727035
0.9999165028709068
0.9999157479965382
0.999915134621785
0.9999149417984781
0.999914237301129
0.9999141318838495
0.9999137540504024
0.9999129784858083
0.9999127198586745
0.9999120528564649
0.999911330074853
0.9999112402103573
0.999910719452618
0.999910150105027
0.999910068377717
0.9999098108008357
0.9999092838548899
0.9999091158538077
0.9999087710304414
0.9999083027912942
0.9999084259857729
0.9999080934213079
0.9999078374598476
0.9999076368616172
0.9999071749022701
0.9999070252775225
0.999906975310687
0.9999066365662475
0.9999061851202955
0.9999065000690731
0.9999058009218279
0.9999056436732426
0.9999058055460611
0.9999055591753009
0.9999052829348755
0.9999050830692087
0.9999043256836865
0.9999040568792031
0.9999040194983255
0.9999033716894395
0.9999030624514179
0.9999028924681139
0.9999022643592135
0.9999019003733296
0.9999019794767099
0.9999013940506222
0.9999014256253601
0.999901158854304
0.9999006873604656
0.9999007435007511
0.9999006514406779
0.9999001775359169
0.99990001810811
0.9998997211676544
0.9998992949660755
0.9998991678121072
0.9998990021936006
0.9998986346469274
0.999898768925095
0.9998987848653056
0.999898172891429
0.999898040304608
0.9998978238064229
0.9998971775591681
0.9998974879535384
0.9998971701852205
0.9998965500244876
0.9998966071772636
0.9998962666423795
0.9998958105611682
0.9998957628529916
0.9998951570279564
0.9998948196754504
0.999894774414333
0.9998942734165367
0.9998939542251032
0.9998936479012943
0.9998930385274084
0.9998926427431517
0.9998927176403407
0.9998924715730947
0.9998919300998413
0.9998918494090949
0.9998912792506791
0.9998910257632574
0.9998910054096023
0.9998906109232493
0.9998903428322131
0.999890149269279
0.9998895708873747
0.9998894115601137
0.9998892033540203
0.9998886996245869
0.9998885474218181
0.9998885203816152
0.9998879857705694
0.9998877405131755
0.9998875092678594
0.9998868646404718
0.999887032062144
0.9998866013171812
0.9998860587701358
0.9998858848183778
0.9998860049539736
0.9998854914086881
0.9998851685943427
0.9998852105326406
0.9998850388687022
0.9998846465034598
0.999884283544307
0.9998835734214336
0.9998835797633515
0.9998833710480847
0.9998827856865404
0.9998822796169616
0.9998820460114903
0.9998812469025248
0.999881171880758
0.9998810861374301
0.9998810056776736
0.9998810152970279
0.9998809195668407
0.9998802030218374
0.9998797814374156
0.9998790850855609
0.9998785380125773
0.9998785514213219
0.9998779278932834
0.9998771668628734
0.9998770579182947
0.9998767967229121
0.9998764052781324
0.9998762034150026
0.9998757527720934
0.9998753893593125
0.9998750286012663
0.9998748404405894
0.9998743970548749
0.9998743179583345
0.9998739292247684
0.9998735997889961
0.9998734307534776
0.999872700861702
0.9998721801285408
0.9998720090457723
0.9998716214143331
0.9998716542384454
0.9998716636150051
0.9998711709169977
0.9998711184410365
0.999870938504315
0.9998701994222268
0.9998698760589712
0.9998694579838664
0.9998687170792216
0.9998689667276314
0.9998686697593878
0.9998681823357335
0.9998682262358058
0.9998678658288873
0.9998670906544135
0.9998669939925284
0.9998668196225726
0.9998661015165664
0.9998654212119746
0.9998651814090694
0.999864997367885
0.9998647729289746
0.999864332691478
0.9998634692872898
0.9998635896878324
0.9998629697925998
0.9998626347896761
0.9998625321836527
0.9998618569644949
0.9998612636257921
0.9998611046892473
0.9998608133829585
0.9998606276736468
0.9998605558740303
0.9998603586848306
0.9998597626163287
0.9998594385015338
0.9998587619389032
0.9998585018638926
0.9998581130527576
0.9998574762263359
0.9998574421333681
0.9998571486645256
0.9998564867414377
0.9998564268446237
0.9998563276163164
0.9998559479971713
0.9998556664743306
0.9998552662875028
0.9998551215158173
0.999855007130899
0.9998550002451605
0.9998542611132725
0.9998543066665206
0.9998543755930908
0.9998539092911818
0.9998535025848935
0.9998533254819789
0.9998528899226542
0.999852839438503
0.9998527526712048
0.9998522043183359
0.9998516402550716
0.9998509857685951
0.9998503104982668
0.999849919126246
0.9998495035037785
0.99984912260821
0.9998490903368775
0.9998486209554591
0.9998482312056219
0.9998482268256388
0.9998477987487027
0.9998477172783561
0.9998476077496945
0.9998473291056926
0.9998473680860607
0.9998471818753938
0.9998466876474302
0.9998462489996586
0.999846170856216
0.9998456523685374
0.9998455923641587
0.9998458232188062
0.9998450498734132
0.9998447346158811
0.999844394212538
0.9998441955808111
0.9998435891968793
