0.9999983027964249
0.9999974433241297
0.9999956313058461
0.9999934367539368
0.9999914771860596
0.9999902936112018
0.9999900383881271
0.9999906216242606
0.9999918854620473
0.9999933391808747
0.9999944692704705
0.9999949045368169
0.9999941705022584
0.9999925135491559
0.9999902902560018
0.9999882285243523
0.9999869696058009
0.9999866093225152
0.9999871656262697
0.9999882296979138
0.9999895771306564
0.9999907255774722
0.9999910960789178
0.9999905553398857
0.9999888814387853
0.999986799309812
0.9999847106866411
0.9999834016916426
0.9999829859862248
0.9999834177179341
0.9999844488954067
0.999985763905558
0.9999869050068053
0.9999873760042932
0.9999869544903325
0.9999855234858958
0.9999834381467162
0.9999813775300536
0.9999800478690606
0.9999796580767689
0.9999800337063254
0.9999810546808433
0.9999822697553395
0.9999835389999335
0.9999841064671102
0.9999836944548901
0.9999824001702242
0.9999803483229516
0.9999782092606967
0.9999767325058138
0.9999760830385621
0.9999764064324596
0.9999773917621674
0.9999787436836058
0.9999799378523385
0.9999805017481401
0.9999801953696998
0.9999790447306411
0.999977180088287
0.9999751294589431
0.9999734769514467
0.9999727201480544
0.9999727678889876
0.999973727800399
0.9999750489286453
0.9999762366781274
0.9999770110021536
0.9999769291639841
0.9999757921944342
0.999974031396612
0.9999720032297311
0.9999704771336084
0.9999697811825317
0.9999697642500617
0.9999705564825696
0.9999717724412427
0.9999729194422474
0.9999737743624655
0.9999737005404404
0.9999725249936999
0.9999706506496038
0.9999684204913174
0.9999667515796612
0.9999657353964212
0.9999659245661988
0.9999667286224392
0.9999676872823426
0.9999688796615203
0.9999697794036927
0.9999698852198592
0.9999690035320676
0.9999672344640926
0.9999652294278083
0.9999634931881178
0.9999625836429565
0.9999625891075253
0.999963250934508
0.999964373068541
0.9999656844291689
0.9999665974357941
0.9999668953757409
0.9999660760249448
0.9999644601720932
0.9999626698073787
0.9999608737224505
0.9999599395038322
0.9999597095574794
0.9999602705447508
0.9999613270651108
0.999962551952074
0.9999635370394814
0.999963855789765
0.9999632390775239
0.9999616200347251
0.9999595790694908
0.9999580300118519
0.999956896509719
0.9999567338651641
0.9999572275327713
0.999958179540679
0.9999592258879776
0.999960190363668
0.999960711961311
0.9999602211188782
0.9999587605701421
0.9999568618059321
0.9999552632924628
0.9999543196430399
0.9999539909471977
0.9999543868624599
0.9999553820576966
0.9999564520196306
0.9999576326228888
0.9999580501731407
0.9999574230590377
0.9999561836799772
0.9999543662837971
0.9999525236999615
0.9999513027410344
0.9999507763967601
0.9999510851299163
0.9999519509460879
0.9999531401306507
0.9999542650618422
0.9999548773038701
0.999954481056673
0.9999530026772244
0.9999510072309041
0.9999493576446052
0.9999480820708834
0.9999476628740952
0.9999479704435658
0.9999485896303829
0.9999496042993374
0.9999506068673811
0.9999511709705761
0.999950906756331
0.9999498057257438
0.9999480457525165
0.9999463084099274
0.9999448443478632
0.9999441876457117
0.999944319385195
0.9999450448172262
0.9999461176793185
0.9999472708698917
0.9999477376358276
0.9999475506888044
0.9999462005398883
0.9999443013745608
0.9999425094193704
0.9999411378780293
0.9999404013854127
0.9999405152212353
0.9999410750473903
0.999942121475217
0.99994306035099
0.9999436818420357
0.9999437234020702
0.9999427737804029
0.9999410354843586
0.9999392911071668
0.9999379070177747
0.9999374177242314
0.9999375706271687
0.9999382446154497
0.9999390840792919
0.9999399552824941
0.9999407436161745
0.9999406355049726
0.9999399224553819
0.9999383189640473
0.9999365665181171
0.9999352254069542
0.9999345829998644
0.9999343135974127
0.9999347320747469
0.9999357343320213
0.9999368748001419
0.9999375287637345
0.9999377548502733
0.9999366124815096
0.9999350111422161
0.9999333634834471
0.9999317921829196
0.9999309829228525
0.9999308026550542
0.9999312018975633
0.9999322785959829
0.9999331598456453
0.9999339863889477
0.9999343744946111
0.9999337721844596
0.9999322427384711
0.99993047714558
0.9999292906319315
0.9999283811121243
0.9999279793797551
0.9999283485812133
0.9999290339742951
0.9999302151186288
0.9999310899342636
0.9999316374493659
0.9999310301714165
0.9999296260476471
0.9999277399563989
0.9999259774966234
0.9999248959196613
0.9999246742762679
0.9999249020423844
0.9999256037832075
0.9999266689702329
0.9999275630782334
0.9999278620738977
0.9999271452034157
0.9999260490720597
0.999924111748377
0.9999225846919646
0.9999215188711609
0.9999210392740018
0.9999213753878958
0.9999219685628574
0.9999230680771571
0.999923792181314
0.9999242155522745
0.9999237673625443
0.9999226039792892
0.9999210185938794
0.9999193257663953
0.999918147443548
0.9999176904656366
0.9999180083751429
0.9999185186145559
0.9999194664355845
0.9999203680759625
0.9999210898768489
0.9999209293710848
0.9999198422413941
0.9999180628423328
0.9999165940233296
0.9999155886802946
0.9999155108151191
0.9999155613953422
0.9999162971395464
0.9999173510035508
0.9999183056423024
0.9999188412779972
0.99991863363696
0.9999174812362966
0.9999156650466187
0.9999139824357357
0.9999127139845916
0.9999120324037326
0.9999119419158617
0.9999122979076709
0.9999129792686955
0.9999137637442439
0.9999142423150684
0.9999142268219368
0.9999129726302795
0.9999116232196141
0.999909952978317
0.9999086473985854
0.9999078174596002
0.9999076168117641
0.9999081716698863
0.9999089545335356
0.999909807902894
0.9999104025935315
0.9999103002443295
0.9999097195949352
0.9999083635243987
0.9999068356302818
0.9999055610639244
0.9999051153964315
0.999904765637507
0.9999050976201431
0.999905663278054
0.9999067558013786
0.9999071990795187
0.9999073549494204
0.9999069702399339
0.999905526347327
0.9999040289449482
0.9999024658276336
0.9999015954950005
0.9999014231997567
0.9999017179228131
0.9999022897739028
0.9999030581434627
0.9999034192043906
0.9999034273114649
0.9999027351600249
0.9999011167292072
0.999899725929209
0.9998986674273503
0.9998978023625023
0.9998978587922722
0.9998983199985685
0.9998988319082988
0.9998995493341435
0.9999002324409326
0.9999003060743976
0.9999000701068755
0.9998985930397435
0.9998971737087615
0.9998954633193294
0.9998944975874481
0.9998938671545665
0.9998938601405756
0.9998944837075712
0.9998955836111095
0.9998962188330285
0.9998964819466076
0.9998960292367454
0.9998949451531329
0.9998935048738545
0.9998920341080233
0.9998911579254576
0.9998909499221088
0.9998909987637563
0.9998916936766103
0.9998923707219161
0.9998932506093844
0.9998933385991461
0.9998929397736903
0.9998918822810249
0.9998904284405902
0.9998886473265887
0.9998874358152354
0.9998869588396874
0.9998868274337872
0.9998874894975766
0.9998879201866744
0.999888522526288
0.9998887395875782
0.9998884696237593
0.9998875133511137
0.9998860908658165
0.9998845301463518
0.9998831281737932
0.999882330654357
0.9998825807359466
0.9998830802055216
0.9998834626896945
0.9998839884728734
0.9998843021560865
0.9998840555065424
0.9998832676961649
0.9998818048358871
0.9998802635985186
0.9998792199494181
0.9998784437320907
0.9998783137353044
0.9998787539409869
0.99987930787811
0.9998799123792396
0.9998806336931657
0.9998805420929773
0.9998798842415915
0.9998784798253086
0.9998767866220956
0.9998757269514431
0.9998748128736769
0.9998746735786977
0.9998748409459036
0.999875497830781
0.9998760367177548
0.9998764881633395
0.9998766009845359
0.9998760149907917
0.9998748704668228
0.9998735333470983
0.999872231525952
0.9998714043995689
0.9998711126608916
0.9998712077981061
0.9998714231606836
0.9998719302828031
0.9998725105521611
0.9998726906988715
0.9998722084697194
0.9998708432487559
0.9998697150019383
0.9998683878824737
0.999867568956434
0.9998672872008466
0.999867668155239
0.9998680037903214
0.9998686190406545
0.9998693137804624
0.9998693491746505
0.9998690988639244
0.9998681893746977
0.9998668943448193
0.9998651882263867
0.9998644701829106
0.999864112363168
0.9998645736740777
0.9998651572159666
0.9998659480849685
0.999866183619656
0.9998663156239445
0.9998656544898092
0.9998647599267018
0.999863443557171
0.999862222013607
0.9998613521034704
0.9998610311192065
0.9998613279144807
0.9998621791905661
0.9998629010108991
0.9998632279101364
0.9998632242288805
0.9998630338420128
0.9998621214107679
0.9998607425889675
0.9998591190836668
0.9998583816628794
0.9998576963336364
0.9998576938456197
0.9998580053105797
0.9998590967188251
0.9998599958289922
0.9998599903866283
0.9998595685250652
0.999858470532009
0.9998572720818708
0.9998559866779219
0.999854886801878
0.9998543719738796
0.9998548694871561
0.9998557453104113
0.9998563986175756
0.9998570075026512
0.9998574574492798
0.9998569850795509
0.999856473719955
0.9998552249824261
0.9998540285448796
0.9998525884296295
0.9998513738762593
0.9998511117728283
0.9998511671578942
0.9998516148869263
0.9998522512572057
0.9998528393595393
0.9998528124333114
0.9998519500939428
0.9998509804461645
0.9998495263134056
0.9998482488777113
0.9998476441167864
0.999847386280087
0.9998474413707619
0.9998479696356264
0.9998484506346186
0.9998487511926322
0.9998486847204375
0.9998481741063768
0.9998471804405559
0.9998458022476522
0.9998445520313252
0.9998442201964961
0.999843986826142
0.9998445330983741
0.9998449231566743
0.9998460113953931
0.9998461934571512
0.9998460364772154
0.9998456281094353
0.9998442377862737
0.9998430664081223
0.9998424305349487
0.9998414357598081
0.9998414199342418
0.9998415206510373
0.9998421645854573
0.9998424786438742
0.9998429669216166
