0.9999999201592347
0.9999995811686841
0.9999997485681787
0.999999661062787
0.9999994989697298
0.9999997167579184
0.9999993661001721
0.9999995893068316
0.9999994089430837
0.9999993485574094
0.9999994943561461
0.9999991658483802
0.9999994163845698
0.9999991631871825
0.9999991938693195
0.9999992523346171
0.9999989761451095
0.9999992308660609
0.9999989333769301
0.9999990557458744
0.999999031611422
0.9999988162701897
0.9999990506234183
0.9999987203402209
0.9999989058090323
0.9999987775104358
0.9999986502887417
0.9999988355530673
0.9999985185122131
0.9999987488048047
0.9999985483179339
0.9999985234754112
0.9999986374326434
0.9999983355812356
0.9999985879702004
0.9999983108662513
0.9999983698503174
0.9999983945071675
0.9999981404071567
0.9999983676516011
0.9999980596485883
0.9999982038747675
0.9999981427295578
0.9999979798301442
0.9999981863783867
0.9999978792756542
0.9999980694890268
0.9999979186046161
0.9999978373161129
0.9999979793410114
0.9999976748197963
0.9999978932619564
0.9999976821805902
0.9999976873468484
0.9999977610393572
0.9999974988994934
0.9999977325855932
0.9999974540995537
0.9999975422008017
0.9999975157391691
0.9999973222214951
0.999997549968012
0.999997235181656
0.999997371599054
0.9999972567210209
0.9999971331629983
0.9999973069523138
0.99999698452282
0.9999971777157834
0.9999969869623888
0.9999969359040279
0.9999970431295847
0.9999967653193352
0.999996995354752
0.9999967628255424
0.9999968006510187
0.999996825214274
0.999996595574732
0.9999968124065896
0.999996542573742
0.9999966571355591
0.999996607897606
0.999996421123371
0.9999966238901101
0.9999963116673797
0.9999964712383054
0.9999963265268753
0.9999962239105508
0.9999963694934275
0.999996064793815
0.999996267248208
0.9999960681268755
0.9999960504369357
0.9999961340981877
0.9999958775834149
0.9999960777095014
0.9999958428354754
0.9999959302032655
0.9999959282436027
0.9999957078245545
0.9999958943898436
0.9999956190337794
0.9999957285125696
0.9999956414367753
0.9999955055727117
0.9999956858028416
0.9999953883639686
0.9999955669999494
0.9999954091293225
0.9999953451734953
0.9999954490571483
0.9999951621846576
0.999995368632511
0.9999951697097234
0.999995184038078
0.9999952301735998
0.9999949844789745
0.9999951941004376
0.999994927761565
0.9999950311674453
0.9999949936777701
0.9999948099146807
0.99999497261662
0.9999946907304279
0.9999948135847038
0.9999947292204059
0.999994621255343
0.999994736054395
0.9999944570447832
0.9999946333521558
0.9999944804957096
0.9999944552298494
0.9999945350798499
0.999994300246593
0.9999944953888062
0.9999942801587771
0.9999943264877252
0.999994336562395
0.999994118409291
0.9999943108965297
0.9999940721612474
0.9999941828249782
0.9999941024235312
0.9999939644208735
0.9999941283308036
0.9999938610269677
0.9999940370417687
0.9999938851175811
0.9999938136152778
0.9999939217865412
0.999993682689752
0.9999938548516526
0.9999936418734209
0.999993635388994
0.999993670187602
0.9999934128040723
0.9999935947452168
0.9999933544251443
0.99999341719334
0.9999933947386673
0.9999932355280967
0.9999934161691588
0.9999931595996705
0.9999932951719732
0.9999931878807778
0.9999930997954837
0.9999932406740254
0.9999929623530945
0.9999931337774612
0.999992982338087
0.9999929107806829
0.9999929744923373
0.9999927100261128
0.9999928949417596
0.9999926992267624
0.9999927502467859
0.999992754989109
0.9999925328529664
0.9999927139185497
0.9999924777713636
0.9999925633241715
0.9999925086517869
0.9999923655286743
0.9999925121416154
0.9999922653259657
0.9999923995408853
0.999992296843742
0.9999921823760494
0.9999923004349144
0.9999920564352368
0.9999922264330813
0.9999920558945794
0.999992037021906
0.9999921004227039
0.9999918658459012
0.9999920477845375
0.9999918605620747
0.999991914110561
0.999991910987699
0.9999917450381471
0.9999919212466564
0.9999916756775672
0.999991787127725
0.9999917067330889
0.9999915789783137
0.9999917265520141
0.9999914529303829
0.9999915959864436
0.99999149173864
0.9999914246290085
0.9999915406985636
0.9999913237692077
0.9999914712498017
0.9999912794477095
0.9999912776303077
0.999991360964984
0.9999911855991238
0.9999913573291745
0.9999911379142542
0.99999118660865
0.9999911496535199
0.9999909929458819
0.9999911189703017
0.9999908982476723
0.9999910027417943
0.9999909090873517
0.9999908113362956
0.9999909486882126
0.9999906958788146
0.9999908413889863
0.9999906776987997
0.9999906363446938
0.9999906745925156
0.999990402948943
0.9999905863239261
0.9999903657993081
0.9999904255840738
0.999990452302384
0.9999902996399028
0.9999904456640996
0.9999901986423344
0.9999903000332051
0.999990229497021
0.9999900411078304
0.9999901884494474
0.9999899630696194
0.9999900854743655
0.9999899826152877
0.9999899196695025
0.9999900185847821
0.9999897749033263
0.9999899495404962
0.9999897665388392
0.9999897618509825
0.9999898004856685
0.9999895684325828
0.999989726689693
0.9999895395613548
0.9999895714659146
0.9999895591877442
0.9999894130314335
0.9999895533312554
0.9999893397621366
0.999989421541323
0.9999893530589175
0.9999892268329829
0.9999893586616081
0.9999891396868118
0.9999892590370059
0.9999891355338719
0.9999890686118308
0.9999891585935128
0.99998892766059
0.9999891308313339
0.9999889454257315
0.9999889509499311
0.9999889844265413
0.9999888134540185
0.9999889895842475
0.9999887630796463
0.9999888099500938
0.9999887748078177
0.9999885797380873
0.9999887385642287
0.9999885011532944
0.9999886159568205
0.9999885113080583
0.9999883811422662
0.9999884850609866
0.9999882255922224
0.9999883942627831
0.999988253570925
0.9999882352653914
0.9999882662563919
0.9999880534192279
0.9999882188843978
0.9999880433735197
0.9999880605143424
0.999988071448482
0.999987887957875
0.9999880136552753
0.9999877830517125
0.9999878744085633
0.9999878397423255
0.9999877276746557
0.9999878890554301
0.9999876728488445
0.999987828167009
0.9999877237224745
0.9999876434664089
0.9999877459829455
0.9999875285098461
0.9999876514396225
0.9999874981028798
0.9999874924917795
0.9999874984997313
0.9999873258460364
0.999987485299609
0.9999872769602605
0.9999873076671092
0.9999872875947045
0.9999871155135103
0.999987243658087
0.9999870239121202
0.9999871199112275
0.9999870642092097
0.9999869582190424
0.9999870655601658
0.9999868244415945
0.9999869721807292
0.9999868255337678
0.9999868339429152
0.9999868924973716
0.999986664073357
0.9999867846998753
0.9999865657585008
0.9999865686369033
0.9999865756984374
0.999986398448858
0.9999865490480014
0.9999863431660548
0.9999863746365192
0.9999863053163287
0.9999861882537258
0.999986268417115
0.9999860499099806
0.9999861674354084
0.9999860598452182
0.9999859733422586
0.9999860524992783
0.9999858691067226
0.9999860282146097
0.9999858833643582
0.9999858798892816
0.9999859299672237
0.9999857517517086
0.9999858932692427
0.9999857126717288
0.9999857232844929
0.9999857487494309
0.9999856055776074
0.9999857310113506
0.9999855050673289
0.9999855844190819
0.9999855444269186
0.9999854325022765
0.9999855314545717
0.9999853378933858
0.9999854386322689
0.9999853152449452
0.9999852250814584
0.9999853233056507
0.9999851152993755
0.9999852193873513
0.9999850429044539
0.9999850431582669
0.9999850738641088
0.9999849287502112
0.9999850705239471
0.9999848553633254
0.9999849113772804
0.9999848722334241
0.9999847328416297
0.9999848541146467
0.9999846230949283
0.9999847245043711
0.9999846839593554
0.9999846248134481
0.9999847016004131
0.9999844905612382
0.999984626712869
0.9999845074980579
0.9999844627597243
0.9999845131694391
0.9999843268209883
0.9999844844944239
0.9999843060412188
0.9999843330747787
0.9999843106649842
0.9999841494827119
0.9999842700819103
0.9999840950431464
0.9999841375617265
0.9999841026571408
0.9999839718105427
0.9999840574659322
0.9999838523515197
0.9999839658440264
0.9999839120239975
0.9999838201393615
0.9999839027629727
0.9999837005538347
0.9999837873408666
0.9999836798528313
0.9999836788198321
0.9999836980929007
0.9999835476768633
0.9999837008788482
0.9999835423724119
0.9999835226410574
0.9999835108182342
0.9999834361976727
0.9999835441998818
0.9999833553839823
0.9999834145899558
0.9999833906816664
0.9999832908170484
0.9999833745724042
0.9999831992439142
0.9999833001517681
0.9999831701432459
0.999983111264888
0.9999831525009237
0.9999829398816936
0.9999830578097204
0.9999829533834294
0.9999829702853947
0.9999829860751523
0.999982838065056
0.999982975863732
0.9999828056587854
0.9999828409308246
0.9999828587465306
0.9999827537053376
0.9999828439423238
0.9999826754086959
0.9999827065031821
0.9999826281577642
0.9999825553147598
0.9999826437051105
0.9999824307764277
0.9999825368538281
0.9999824748169036
0.9999824142525102
0.9999824370513049
0.999982255663819
0.9999823560490176
0.9999822378065574
0.9999822194475348
0.9999822033889331
0.9999820316605783
0.9999821555293803
0.9999819821090868
0.9999819814077502
0.9999819609415124
0.9999818309034384
0.9999818473028876
0.9999817086886695
0.9999817928360349
0.9999816754720992
0.9999815932559474
0.9999815985467799
0.9999814627054081
0.9999815379375265
0.9999814616745037
0.9999814574058543
0.9999814458241552
0.9999812896080489
0.9999813626684328
0.9999811983909932
0.999981188890708
0.9999811992685208
0.9999811088294389
0.9999812109948493
0.9999810785926253
0.9999811082558168
0.9999810803447454
0.9999809636166512
0.9999810185483504
0.9999808045466825
0.9999808729664289
0.9999808144165471
0.9999807491845144
0.9999808077362068
0.9999806313648258
0.9999806554596854
0.9999804910547317
0.9999804898121204
0.9999805212765439
0.9999803425619225
