0.9999971118369649
0.9999964477327236
0.9999947888142692
0.9999925251782794
0.9999900675416352
0.9999878554600994
0.9999862210004468
0.9999853698301994
0.9999854981339934
0.9999865870870543
0.9999885395696482
0.9999909626619543
0.9999933460863292
0.9999951565745655
0.9999959894030764
0.9999956433367867
0.9999942325978048
0.9999921013795872
0.9999896975077528
0.9999874428364733
0.9999856768089416
0.9999846571121487
0.9999845327616042
0.9999853735407124
0.9999870650534814
0.9999893133347663
0.999991670713022
0.999993629112058
0.9999947348695404
0.9999947267532323
0.9999936522341201
0.9999917658284935
0.9999894796207086
0.9999872036479226
0.9999853139113625
0.9999840873800008
0.9999836866063402
0.9999841963783294
0.9999855950020127
0.9999876492216839
0.9999899803767609
0.9999920992773134
0.9999935225016839
0.9999938709526471
0.9999930735190008
0.9999913372311239
0.9999890865998785
0.9999867780638003
0.9999848269627072
0.999983523471768
0.99998298122259
0.9999832462029877
0.9999843499470997
0.9999861723225403
0.9999883953083872
0.9999905450731973
0.9999921119528816
0.9999927072566843
0.9999922173260898
0.9999907660856975
0.9999886607240452
0.9999864005818565
0.9999843582000468
0.9999828719348863
0.9999820862532774
0.999982125968132
0.999983045552515
0.9999846910135015
0.9999868127700352
0.9999889682232154
0.9999906829778797
0.999991534203913
0.9999913239024629
0.9999901016753402
0.9999881717938247
0.9999859477366183
0.9999838392868354
0.999982196327194
0.9999812750569357
0.9999811222410487
0.9999818161746454
0.9999832637667444
0.9999852564956012
0.9999874059989443
0.9999892483218221
0.9999903510083167
0.9999904645330935
0.9999894973835204
0.9999877345930834
0.9999856281783495
0.9999835024895019
0.9999817977257528
0.999980709332905
0.9999803475527994
0.9999808317727138
0.999982026021697
0.9999838368840177
0.9999858652077726
0.9999877476037077
0.999989066691678
0.999989439158963
0.9999887769022704
0.9999872554690238
0.9999852015401662
0.9999830568605803
0.9999812534439132
0.9999800220422704
0.999979535417617
0.9999797371784468
0.9999807022506538
0.9999823233118164
0.999984288992987
0.9999862321622562
0.9999877563084187
0.999988441224422
0.9999880885744653
0.9999867457516136
0.9999848091845768
0.9999827005675288
0.9999808535807438
0.9999795092450402
0.9999788495528583
0.999978896669577
0.999979618093159
0.9999809458580327
0.9999826985216146
0.9999846272539461
0.9999862143003065
0.9999871488082671
0.9999871156335502
0.9999860618996428
0.9999843086517134
0.9999822523787997
0.9999803477345608
0.9999789775761484
0.9999781122899689
0.9999780031017957
0.9999785523387322
0.9999796701255764
0.9999812958354951
0.9999831672806301
0.9999848827015584
0.9999859634410502
0.9999861598871133
0.9999853396060265
0.9999836823023566
0.9999816549557975
0.9999797202395487
0.999978261429438
0.9999774159223354
0.9999771679994477
0.9999775230400555
0.9999784231601178
0.9999798396162936
0.9999815811783528
0.9999832871350526
0.9999846047234716
0.9999850858029552
0.9999845316085466
0.9999831529629402
0.9999812528160618
0.9999792949343425
0.9999777268784307
0.9999766421885704
0.9999761747093211
0.9999763302201368
0.9999770242757589
0.9999782552731183
0.9999798861358188
0.9999815888872394
0.999983008168878
0.9999837508329072
0.9999835633843319
0.9999824512836563
0.9999806656631484
0.9999786832865502
0.9999769775397229
0.9999757595209025
0.9999752159314439
0.9999752472378979
0.9999758352020125
0.9999769230332486
0.9999783999237837
0.9999800754055931
0.9999815469031978
0.9999825162292131
0.9999825796396137
0.9999817454644545
0.9999801349758145
0.9999782178397076
0.9999764155173729
0.9999750763567075
0.9999743269006977
0.9999742110456565
0.9999746691432663
0.9999755854859895
0.9999769515555242
0.999978528867732
0.9999800534895267
0.9999811964545916
0.9999815776757192
0.9999810425331088
0.9999796558449697
0.9999778316153294
0.9999760065788855
0.9999744769151108
0.9999735217397412
0.9999731648195896
0.9999734240167599
0.9999742397984169
0.9999754834002571
0.9999770298485575
0.9999786007825209
0.9999798733892429
0.9999804976773451
0.9999802351664914
0.9999791647658274
0.9999774943076575
0.9999756073764374
0.9999739408771201
0.9999727891694667
0.9999722294619259
0.9999723162352321
0.9999729073511149
0.9999740124506804
0.9999754850942398
0.9999770279955718
0.9999784579718564
0.9999792682977209
0.9999792809863908
0.9999784043272448
0.9999768764718784
0.9999750716047691
0.9999734146664638
0.999972152539997
0.9999714713097572
0.9999713898420518
0.9999718730761763
0.9999728796854748
0.9999742737371151
0.9999757961222366
0.9999772098220515
0.9999781876563074
0.9999783880884214
0.9999777247695047
0.9999763708534002
0.9999746717706111
0.9999729389025966
0.9999715490051715
0.9999706320407501
0.9999703025948666
0.9999705678877134
0.9999713636800026
0.9999726148050969
0.9999740848842101
0.9999755906844131
0.9999767192357484
0.9999771427202195
0.9999767882859605
0.9999756916326484
0.9999741061908142
0.9999724421543461
0.9999709835286512
0.9999699720399272
0.9999694695869192
0.9999694444453098
0.9999699678501264
0.9999710046367276
0.9999723771831523
0.9999738692059127
0.9999751101646375
0.9999757119990833
0.9999756077379135
0.9999747171810726
0.9999733153044352
0.9999716484209159
0.9999700545918078
0.9999688046040704
0.9999681332473994
0.9999680266482994
0.9999684814783415
0.9999694409169116
0.9999707744590906
0.9999722457469844
0.9999736326895455
0.999974488634691
0.9999745655576695
0.9999738758039798
0.9999725667232219
0.9999709971693695
0.9999693900503092
0.9999681211548739
0.9999673693494389
0.9999671170840738
0.9999674831476939
0.9999683525741132
0.9999696210047012
0.9999710280863435
0.9999723508632573
0.9999733346817784
0.999973619304123
0.9999731385525833
0.9999720377440166
0.9999705369068836
0.9999689872113039
0.9999676549466886
0.9999666832580065
0.9999662386403214
0.9999663180663085
0.9999669464971849
0.9999681500944119
0.9999694945446799
0.9999709237261639
0.9999719579458457
0.9999724426919132
0.9999722123224662
0.9999712124958917
0.9999698724192627
0.9999684101223354
0.9999670491071095
0.999966027999372
0.999965420812936
0.9999653108643145
0.9999657433528776
0.9999666455662142
0.9999679533954178
0.9999693870592778
0.9999706061342074
0.9999712841439571
0.999971218867833
0.9999704908693925
0.9999693111783841
0.9999678404261675
0.9999664231998012
0.9999652783398173
0.9999645578364437
0.9999643403954658
0.9999646186786462
0.9999654307281516
0.9999666562999003
0.9999680298893836
0.9999693413451572
0.9999701308414167
0.9999703178617105
0.9999698186869778
0.9999686969903476
0.9999672258732089
0.9999658222390969
0.9999646560772177
0.9999638480844285
0.999963462098525
0.9999636098161726
0.9999642607931984
0.9999653439707676
0.9999666423348438
0.999967952522703
0.9999688355900296
0.999969217376991
0.999968935940341
0.9999680528480304
0.9999668100552098
0.9999654660273061
0.9999642463606766
0.9999632547161967
0.9999627251323414
0.9999626374011639
0.999963102849327
0.9999640383946811
0.9999652719196644
0.9999665645692642
0.9999676209243614
0.9999681019334238
0.999967910987195
0.9999671947928362
0.999966021595794
0.9999646015715437
0.9999632703066692
0.999962229766531
0.9999616044873765
0.9999615379436705
0.9999619047485118
0.9999626573714584
0.9999637121953654
0.9999649205852464
0.9999659821129305
0.9999666221807063
0.9999667144374127
0.9999662019795206
0.9999652194558196
0.9999638704800681
0.9999624926918537
0.9999614201056783
0.9999607044738839
0.9999604196595656
0.999960719450609
0.9999614647977992
0.9999625001119001
0.9999637600055014
0.9999648388644946
0.9999655728833075
0.9999657838491484
0.9999653837242802
0.9999644611893824
0.9999632112351947
0.9999618207016134
0.9999605552625711
0.9999597083387701
0.9999593174314745
0.9999594480701897
0.9999600339595482
0.9999609486506492
0.999962034817756
0.9999631016927923
0.9999639223045478
0.9999643147791674
0.9999641701024581
0.9999634553769533
0.9999623114107926
0.9999609666402558
0.9999597066723306
0.9999586861615768
0.9999581670367538
0.9999581333880009
0.9999586168811061
0.999959358989444
0.9999604099211438
0.9999614984936813
0.9999623940875894
0.9999629542238583
0.9999630183843617
0.9999624876981249
0.9999615827705985
0.9999603511083056
0.9999591069823608
0.9999580487141216
0.9999573187627496
0.9999571538863075
0.9999574697356072
0.9999582556187608
0.9999592338736757
0.9999603320227348
0.9999612371027232
0.9999618367509991
0.9999620306276005
0.9999616705882025
0.9999608712605963
0.9999597243084513
0.9999585215833187
0.9999574234101841
0.9999566281766397
0.9999562516700274
0.9999564128806003
0.9999569606766147
0.9999578552464684
0.9999588873224227
0.9999598947084346
0.9999606387125746
0.9999609936222011
0.9999608034941223
0.9999600723788418
0.9999590293623648
0.9999578198278202
0.9999566212795258
0.9999557813005902
0.9999552663040159
0.9999553364941378
0.999955838808792
0.9999566917593459
0.9999576458984047
0.999958635156022
0.9999594829894657
0.9999598908968717
0.9999599027012293
0.9999593551610255
0.9999583819972273
0.9999571819451084
0.9999560284593493
0.9999550203028051
0.9999544057868684
0.9999542679906014
0.9999546346832363
0.9999552394681422
0.999956063802569
0.9999570265626839
0.999957892830003
0.9999584198057186
0.9999586143757487
0.9999582105826367
0.9999572694351345
0.9999560946192502
0.9999549214553168
0.9999539419230217
0.9999533054726429
0.9999530638586537
0.9999532279823399
0.9999537602945561
0.9999546077965876
0.9999556402146648
0.9999565988194474
0.9999572998132039
