0.9999999281881534
0.9999996101222073
0.9999998014530987
0.9999995961374146
0.9999996246880396
0.9999996245016431
0.999999446279045
0.9999996208010863
0.9999993139942188
0.9999995495012471
0.9999992542654346
0.9999994017535363
0.9999992571478473
0.9999992204633976
0.9999992742734514
0.9999990427327841
0.9999992448301661
0.9999989256975698
0.9999991368226203
0.9999988800353223
0.9999989655858061
0.9999988914814408
0.9999987760331683
0.9999988929962682
0.9999986294618374
0.9999988511313834
0.9999985278462558
0.9999987135818352
0.9999985015529759
0.9999985234023248
0.9999985270077789
0.9999983587310126
0.9999985294184943
0.9999982296370918
0.9999984621068188
0.9999981606439654
0.9999982958667926
0.9999981626090843
0.9999981308244927
0.9999981948063833
0.9999979655441565
0.9999981719603986
0.999997865194924
0.9999980631926362
0.9999977974976724
0.999997882738233
0.999997813626237
0.9999977223188117
0.9999978316034445
0.9999975625561035
0.9999977717684635
0.9999974759545215
0.9999976557213579
0.9999974504660012
0.9999974774714151
0.9999974844349541
0.9999973158547923
0.9999974761791094
0.999997190924843
0.9999974187992802
0.9999971624263344
0.9999972984187292
0.9999971473399434
0.9999971045172801
0.999997159212837
0.9999969390907676
0.9999971250249767
0.9999968364589777
0.9999970256289525
0.9999967763971152
0.9999968589831244
0.9999967657795533
0.9999966780014592
0.9999967704073679
0.9999965261936735
0.999996741754449
0.9999964620467519
0.9999966230871408
0.9999964275158341
0.9999964388955201
0.9999964235389711
0.9999962699522013
0.9999964041916211
0.9999961368051415
0.9999963341312077
0.999996068033013
0.9999962010434049
0.9999960444641642
0.9999960154291514
0.9999960582320363
0.9999958715584693
0.9999960447409557
0.9999957375527159
0.999995927874262
0.9999957090077242
0.9999957967005113
0.9999957308838886
0.9999956431988918
0.9999957588704326
0.9999955145059746
0.9999956936084292
0.9999954265262764
0.9999955837978813
0.9999953845911663
0.9999953941653486
0.9999953955822669
0.9999952285663638
0.9999953944497002
0.9999951370324497
0.999995350881263
0.9999950926156551
0.999995231697679
0.9999951153861842
0.999995091341363
0.9999951551262033
0.999994984992776
0.9999951657829413
0.9999948684444648
0.9999950479491834
0.9999948228141469
0.9999949127094206
0.999994826930409
0.9999947450257602
0.9999948329326271
0.9999945862627525
0.99999478353994
0.9999945099010124
0.9999946558353598
0.9999944733185568
0.9999944919071287
0.9999944809622275
0.9999943092272165
0.9999944286360637
0.999994180994439
0.9999944105060922
0.9999941396547471
0.9999942475625391
0.9999941384971434
0.9999941118865545
0.9999941714199433
0.9999939734638768
0.9999941384866943
0.9999938394296761
0.9999940194739894
0.9999937972912587
0.9999938310165947
0.9999937665432069
0.9999936817530901
0.999993752400398
0.9999934941268536
0.9999936727142711
0.9999934287716611
0.9999935846299384
0.9999934101282849
0.9999934250805269
0.9999934380717234
0.999993285408586
0.9999934413995476
0.9999931796432875
0.999993331846936
0.999993046575061
0.9999931567355902
0.9999930305322791
0.9999929934071997
0.9999930371227453
0.9999928234090772
0.9999929755198267
0.9999926995961629
0.9999928998164658
0.999992688514709
0.999992784810496
0.9999927162450241
0.99999262495964
0.9999927017780136
0.9999924915028685
0.999992683092377
0.9999924494017789
0.9999926146155392
0.9999924560466665
0.9999924609342575
0.9999924425542199
0.9999922838292039
0.9999924182133317
0.9999921896846703
0.9999923763816264
0.9999921608919307
0.999992245950536
0.9999920910308628
0.9999920675268552
0.9999921328938028
0.9999919492879911
0.9999920934350144
0.9999918145521502
0.9999919834059686
0.9999917719531852
0.9999918085909462
0.9999917556726308
0.9999916399877856
0.9999917336612971
0.999991517080962
0.9999916939999958
0.9999914308002726
0.9999915848050056
0.9999914471034179
0.9999914699845868
0.9999915019210625
0.999991367831287
0.9999914688357258
0.9999912018262297
0.9999913903926424
0.9999911375638402
0.9999912107114953
0.999991102790254
0.9999910630654283
0.9999911034973996
0.9999909235555324
0.9999910570924541
0.9999907853754747
0.9999909597081003
0.999990741326647
0.9999907687051741
0.9999906977917014
0.9999906224408128
0.9999906976308711
0.9999904822326938
0.9999906206818705
0.999990380313188
0.9999905261620767
0.9999903541641237
0.9999903355471779
0.9999903101866304
0.9999901656558967
0.9999902660693126
0.9999900388501884
0.9999901678211894
0.9999899438443995
0.9999900465059794
0.9999899682362201
0.9999898978930788
0.9999899346114984
0.9999898078810697
0.9999899475294954
0.9999897090475282
0.999989856244938
0.9999896635546531
0.9999897171028099
0.9999896541004203
0.9999895574153395
0.9999896417872574
0.999989438818527
0.9999895709268661
0.9999893223297658
0.9999894302043412
0.9999892946549052
0.9999892880866054
0.9999892771120372
0.9999891020224391
0.9999892199228717
0.999989018885736
0.9999891878349995
0.9999889870689836
0.9999890870098908
0.9999889434804455
0.9999889097698055
0.9999889392336241
0.9999887853502901
0.9999889048037094
0.9999886416617187
0.9999887709761393
0.9999885784897561
0.999988666459849
0.9999886306735242
0.9999885706726207
0.9999886564791349
0.9999884356634061
0.9999885668629377
0.9999883412713199
0.9999884585151433
0.9999883279921654
0.9999883537925581
0.9999883783171172
0.9999882504877092
0.9999883562530992
0.9999881199896123
0.9999882561492018
0.9999880487618428
0.9999881386764814
0.9999880116329956
0.9999879907946587
0.9999879936156139
0.999987830963761
0.9999879638010936
0.9999877316426196
0.9999878638042882
0.9999876758787422
0.9999877212991463
0.9999876685367368
0.9999876149903386
0.9999876851723241
0.99998747518195
0.9999875857291514
0.9999873845807543
0.9999875049971647
0.9999873654933825
0.9999873510194713
0.9999873118515767
0.9999871904360124
0.9999872566090889
0.999987040457372
0.9999871961436865
0.9999870055707824
0.9999870959545254
0.9999870125774319
0.9999869868354411
0.9999870779401359
0.999986930411901
0.9999870373384618
0.9999868329493322
0.9999869946044321
0.9999868125382053
0.9999868649874275
0.9999867901854542
0.9999867220003815
0.9999867676124059
0.9999865582308068
0.9999867285706082
0.9999865267327986
0.9999866295482709
0.9999864744773544
0.9999864562874576
0.9999864167897273
0.9999862772691059
0.9999863857924219
0.999986151547626
0.9999862957616206
0.9999860757490604
0.9999861936606631
0.9999861012586504
0.9999860327488419
0.9999860616610271
0.9999859446525902
0.9999860415946386
0.99998579706438
0.9999859142946871
0.9999857375717631
0.9999858383215449
0.9999858187459061
0.9999857154947481
0.999985834214704
0.9999856348024824
0.9999857602644916
0.9999855393387083
0.9999856924730423
0.999985499231436
0.999985463510784
0.9999854784755523
0.9999854076412469
0.9999854940580143
0.9999852614557313
0.9999854252324617
0.9999852172917888
0.9999853164773631
0.9999851998779731
0.9999851642208756
0.9999851603313944
0.9999850221873866
0.9999851259243158
0.999984879082645
0.9999849984467538
0.9999848120513716
0.9999848239118128
0.9999847418851948
0.9999846792804248
0.9999846872525917
0.9999844664799782
0.9999846219212484
0.9999844232501345
0.9999845341091829
0.9999843995015257
0.9999843720535412
0.9999843608927069
0.9999842558491067
0.9999843451048168
0.9999841074571272
0.9999842479184123
0.9999840748260881
0.9999841652509499
0.9999840629599165
0.9999840286153006
0.999984034174774
0.9999838869812058
0.9999839974882081
0.9999837930198
0.999983894294683
0.9999836956931504
0.9999837422746698
0.9999837016912274
0.9999835692568882
0.999983598578195
0.9999834426195638
0.999983550770677
0.9999833570324912
0.9999834729353555
0.9999833316117751
0.9999833564506959
0.9999833122280917
0.9999832106004642
0.9999832904187189
0.9999831431066928
0.9999832470610663
0.9999830630950935
0.9999831211829022
0.9999829724648256
0.9999829611113644
0.9999829709958411
0.9999827865688969
0.9999828803984575
0.9999826835164469
0.9999827885853001
0.9999826066735524
0.9999826129320485
0.9999825010008023
0.999982442227966
0.999982488921547
0.9999823666363388
0.9999824550853805
0.9999822687516294
0.9999823675160383
0.999982181076957
0.9999822144076671
0.9999821803935778
0.999982085756599
0.9999821722436342
0.9999820116616723
0.9999821222819264
0.9999819747718195
0.9999820611724839
0.9999818939430565
0.9999818135025061
0.9999817832607021
0.9999816448314266
0.9999817197714633
0.9999815810657443
0.9999817416302682
0.9999815843834662
0.999981662724239
0.9999815830992129
0.9999815019284213
0.9999815640851671
0.99998136583117
0.9999814564623404
0.999981328121215
0.9999814575139486
0.9999813677553031
0.9999813658384422
0.9999813815401789
0.9999813026440925
0.9999813452598628
0.9999811742221545
0.9999813010766319
0.9999810720404644
0.9999811432195325
0.9999810305890765
0.9999809364345705
0.9999809299224404
0.9999807976453863
0.9999809156888322
0.9999807275326625
0.9999808003411479
0.9999806055912451
0.9999806510621271
0.9999805681643412
0.9999805096144226
0.999980575121058
0.9999804255117737
0.9999805391084567
0.9999803541704949
0.9999804233992133
0.9999802963313043
0.9999803577794318
0.9999803242631704
0.9999802302918122
0.9999802775824516
0.9999801323109685
0.9999802702864428
0.999980075767973
0.9999801292811817
0.9999800348333141
0.999980019555263
0.999980031274747
0.9999799239375496
0.9999800357717112
0.999979859857517
0.9999799512473068
0.9999797912407764
0.9999798297906548
0.9999797721092556
0.9999797172291573
0.999979702798034
0.9999795583176501
