0.9999998762799451
0.9999994814692035
0.9999994093779974
0.9999997575813118
0.9999993728890586
0.9999992775163196
0.9999996342993713
0.9999992694534385
0.9999991460498128
0.9999995020754062
0.9999991531088127
0.9999990077529455
0.9999993718800162
0.9999990397997018
0.9999988801348861
0.9999992494612692
0.9999989458683358
0.9999987582735912
0.9999991291894648
0.9999988404223293
0.999998630584141
0.9999990055250239
0.9999987482604843
0.9999985166855238
0.9999988841526092
0.9999986383499363
0.9999983815633893
0.9999987448359717
0.9999985092121493
0.9999982447269191
0.9999986105878036
0.9999984084804441
0.9999981269536028
0.9999984758655732
0.9999982988517823
0.9999979977884065
0.999998333531663
0.9999981734670974
0.99999786203349
0.9999981923153346
0.999998058568788
0.9999977271421836
0.9999980483868969
0.9999979298697602
0.9999975983687461
0.9999979114832402
0.9999978257161798
0.9999974465478201
0.9999977498985717
0.9999976983326713
0.9999973096234505
0.9999976088166863
0.9999975963574336
0.9999971988581075
0.9999974764461306
0.9999974542337152
0.9999970530428857
0.9999973100968904
0.9999973171276286
0.9999969135734224
0.9999971610193833
0.999997207838761
0.9999967902008728
0.9999970001963626
0.9999970855157133
0.9999966858762113
0.9999968953252927
0.9999969737806798
0.9999965635477466
0.9999967439222441
0.9999968553454299
0.9999964420338697
0.9999966090249974
0.9999967482232498
0.9999963439688543
0.9999964737506524
0.9999966285044368
0.9999962061504615
0.9999963289952664
0.9999964902700409
0.999996077250314
0.99999616096087
0.999996353944041
0.9999959593307498
0.9999960182068336
0.999996224571658
0.9999958171115158
0.9999958721372505
0.9999961040971811
0.9999956843796067
0.9999957170312846
0.9999959740415992
0.999995590827621
0.9999955805803233
0.9999958505861175
0.9999954744050137
0.9999954599778902
0.999995757554244
0.9999954026325499
0.9999953788247726
0.9999956870274138
0.9999953176720611
0.9999952438761318
0.9999955518419269
0.9999952096967533
0.999995110874093
0.9999954229435634
0.9999950719047606
0.9999949672298283
0.9999952921984354
0.9999949879230186
0.9999948595529462
0.9999951873857956
0.9999948803044153
0.999994730029125
0.9999950649451836
0.9999947939433934
0.9999946367974397
0.9999949675087623
0.9999946848372766
0.9999944946718131
0.9999948230194947
0.9999945455658772
0.9999943492903414
0.9999946816141574
0.9999944009259795
0.999994192265744
0.9999945234827876
0.9999943146204812
0.9999940840361018
0.9999944210087993
0.9999942195782472
0.999993988066792
0.9999942971488897
0.9999941218926115
0.9999938536956481
0.9999941666976845
0.9999940457359983
0.9999937762686774
0.9999940823684093
0.9999939505768071
0.999993668484526
0.9999939594056104
0.999993837354024
0.9999935349531835
0.9999938166078501
0.9999937272139003
0.9999934106011615
0.9999936941428942
0.9999936311884632
0.9999932978944827
0.9999935739728368
0.9999935290419197
0.9999931634827965
0.9999934002656876
0.9999934091108993
0.9999930458553138
0.9999932635867421
0.9999932760710529
0.9999929111340164
0.999993115658174
0.9999931409955111
0.9999927856281089
0.9999929803033804
0.9999930160829031
0.9999926407081318
0.9999928303675661
0.9999929119160507
0.9999925629523974
0.9999927218055581
0.9999928110200821
0.9999924378102563
0.9999925671959696
0.9999926809265477
0.9999923502138758
0.9999924620640486
0.9999926011855222
0.9999922190203929
0.9999923199643233
0.999992461460187
0.9999920947243046
0.9999921923505706
0.9999923504566963
0.999991986334857
0.9999920699410426
0.9999922460997591
0.9999918929989573
0.9999919148034689
0.999992127341214
0.9999917771645108
0.9999917815879886
0.9999919978712586
0.9999916432013481
0.9999916401183079
0.9999918472756842
0.9999915324226417
0.9999915192312897
0.9999917768371042
0.9999914857087038
0.999991442468995
0.9999916701439959
0.9999913348171495
0.9999913059580293
0.999991538134573
0.9999912397016398
0.9999911822542081
0.9999914631860161
0.9999911674151412
0.9999910915361777
0.9999913915616521
0.9999911390432328
0.9999910231177678
0.9999912938524654
0.9999910137000279
0.999990890173315
0.9999911809758586
0.9999909161661257
0.9999907766938544
0.9999910631584761
0.999990829285029
0.9999906648043587
0.9999909335768769
0.9999907078793867
0.9999905664535931
0.9999908411432251
0.9999906102952679
0.9999903803838348
0.9999906050279016
0.999990391830984
0.9999902007217856
0.9999904435875989
0.9999902729904367
0.9999900515057173
0.9999903528010712
0.9999901960371174
0.9999899524753868
0.9999902210958409
0.9999900838191174
0.9999898578530326
0.9999901191135598
0.9999899789380485
0.9999897114832941
0.9999899747087744
0.9999898902383306
0.9999896139220077
0.9999898354069279
0.9999897179570684
0.9999894301595961
0.9999896785768086
0.9999896265902951
0.9999893342702864
0.9999895367228394
0.9999895048759501
0.9999892029900672
0.9999893587375199
0.999989354866476
0.9999890423408636
0.9999892134704781
0.9999892381508
0.9999889745759268
0.9999891846437128
0.9999891997015833
0.9999888543255837
0.9999890573862491
0.9999890589316462
0.9999887319528563
0.9999888824298703
0.999988911162156
0.9999885954642713
0.9999887863967801
0.9999888229779088
0.9999885366281426
0.9999886588903045
0.9999887315470681
0.9999883891343646
0.9999884955783187
0.9999885898300597
0.9999882510655945
0.999988346758195
0.9999884416154339
0.9999881145527836
0.9999881595156711
0.9999882806422031
0.9999879362823327
0.9999880123288907
0.9999881693589311
0.9999878662509439
0.9999878775031041
0.9999880396925508
0.9999877315839717
0.9999877687276257
0.9999879360022687
0.9999876290411346
0.9999876358687297
0.9999878178068706
0.9999875551647734
0.9999875537384271
0.9999877678302023
0.9999874706397095
0.9999874117185265
0.999987604008447
0.999987355985127
0.9999872850734589
0.999987463144886
0.999987207630086
0.9999871289165755
0.99998735117695
0.9999870768833147
0.9999869930844572
0.9999871917551401
0.9999869757065897
0.9999868858473561
0.9999871014701813
0.9999868401748061
0.9999867507269016
0.999986955078447
0.9999867485003298
0.99998662577747
0.9999868692965682
0.9999866454014521
0.9999864957054001
0.9999867244789729
0.9999865476718437
0.9999863469312232
0.999986567856138
0.9999864249143792
0.9999862559018656
0.999986461030548
0.9999862863537697
0.9999860880469157
0.9999863432120377
0.999986236364765
0.9999860291011515
0.9999862602059102
0.999986095871278
0.9999858998410975
0.9999861491198654
0.9999860243911194
0.9999857720434627
0.9999859861313095
0.9999858378347405
0.9999855952159443
0.9999857704872861
0.9999856872489218
0.9999854228102585
0.9999855664005047
0.9999855032238079
0.9999852230036215
0.9999854410447774
0.9999853905829765
0.9999851190720483
0.9999853137816113
0.999985296241304
0.9999850182291719
0.9999852189445306
0.9999852219514586
0.9999849649464558
0.999985148035903
0.9999852076932867
0.9999849473461152
0.9999850997422239
0.9999851394279413
0.9999848459700416
0.9999849304264347
0.9999849917895252
0.9999847288363984
0.9999847868980856
0.9999848712476191
0.9999846118576847
0.9999847059651484
0.9999848212675155
0.9999845659907531
0.9999846885951124
0.9999847517287763
0.999984424329233
0.9999844724433544
0.9999845742098626
0.9999843104143467
0.9999843704871434
0.9999845214755223
0.999984176538268
0.999984258059904
0.9999843614900412
0.9999840829407382
0.9999841071866603
0.9999842350538857
0.9999839397701796
0.9999839527188767
0.9999840901673261
0.9999837696561403
0.9999837837508163
0.9999839535862629
0.9999836894227718
0.9999836855236128
0.9999838761619576
0.999983617295974
0.9999836250583803
0.9999837768749469
0.9999834946999204
0.9999834325007678
0.9999836337550564
0.9999833641196273
0.9999832715000448
0.9999834592933008
0.999983204632873
0.9999831384655743
0.9999833126624603
0.9999831158708792
0.9999830622070282
0.9999832872899824
0.9999830721609222
0.9999829939280346
0.9999832127695969
0.9999830119819539
0.9999828855573466
0.9999830582145627
0.9999828966799846
0.9999828215336208
0.9999830222246592
0.9999828504436701
0.9999827215208099
0.9999829175635049
0.9999827916359937
0.9999826259510834
0.999982842398738
0.9999826839978809
0.999982561361721
0.9999828194810725
0.9999826657347682
0.9999824896212886
0.9999827066905914
0.9999825730170409
0.9999824141344406
0.9999825925653355
0.999982493310468
0.9999822838081057
0.99998246990757
0.9999823877140005
0.9999822219773538
0.9999823595959204
0.9999822561159872
0.999982035818465
0.9999822164582045
0.9999821444698523
0.9999819672517034
0.9999821577659804
0.9999820835936792
0.999981889457766
0.9999820691929084
0.9999820975506118
0.9999818191563961
0.9999819543454853
0.9999819626663892
0.9999817690423596
0.9999818816210705
0.9999818338410656
0.9999816263128463
0.9999817455122109
0.9999817599602115
0.9999814948636978
0.9999815698493513
0.9999816100354407
0.9999813403720247
0.9999814378663708
0.9999814281843623
0.9999811684002439
0.9999812478337781
0.9999813135433874
0.9999810860254248
0.9999811476195909
0.999981203780283
0.9999809482643974
0.999980985496485
0.9999809982977625
0.9999807370214392
0.9999807697755483
0.9999808321193794
0.9999805334038213
0.9999805733614123
0.9999806976894544
0.9999804606498739
0.9999804698232866
0.999980603719384
0.9999803258482866
0.9999803447099627
0.9999804119413909
0.9999801689646541
0.9999801462893654
0.9999802990190677
0.9999801226691758
0.9999801292019892
0.9999802290389057
0.9999800132188342
0.9999800199754026
0.9999801484546736
0.9999799448063674
0.9999799280100331
0.9999800791173918
0.9999798580585479
0.9999797409855612
