0.9999998957760442
0.9999992289985464
0.9999990240039041
0.9999989438421731
0.9999982573371815
0.9999982224444124
0.9999979518607989
0.9999973339661206
0.9999973577206336
0.9999969489510846
0.9999964930592616
0.9999965598156508
0.9999960059756948
0.9999957694750752
0.9999957837045705
0.9999950903412409
0.9999950271238319
0.9999949078989118
0.9999942387347305
0.9999943069775123
0.9999939261825117
0.999993376155624
0.9999933847012027
0.9999928365382097
0.9999924456416677
0.999992325460004
0.9999915897443852
0.9999913760055288
0.9999913211890591
0.999990603643619
0.9999905785400091
0.9999903696756206
0.9999898312472193
0.9999898672177473
0.9999894054181138
0.9999889789096161
0.9999891179780629
0.9999885146432048
0.999988255439659
0.9999882998275076
0.9999875590450273
0.9999873415395072
0.9999872032088459
0.999986694258824
0.9999867019004087
0.9999863758579854
0.9999858082867308
0.9999857922270061
0.9999853293687336
0.9999849368810056
0.9999848699863636
0.9999841579879796
0.9999839898545394
0.9999837978441252
0.9999829866893865
0.9999829522364638
0.9999827084878624
0.999982078562933
0.9999820603140623
0.9999815815147637
0.9999810515724105
0.999981034329108
0.999980404639621
0.9999802046549695
0.999980221182579
0.999979397444505
0.9999792780379331
0.9999789998031985
0.9999783904641533
0.9999782836582757
0.9999779948383338
0.9999775643748584
0.9999776047984446
0.999977115174913
0.9999767449042932
0.9999766543129911
0.9999759531639851
0.9999755896882011
0.9999754142541294
0.9999748817049351
0.9999748519767955
0.9999746579599977
0.9999739618344479
0.9999740730484632
0.9999737161709044
0.9999733939590847
0.9999734821644302
0.999973036602751
0.9999727292650382
0.9999727045703146
0.9999720609842627
0.9999721399213016
0.9999718188056642
0.9999711624408009
0.9999711522825192
0.9999707419903897
0.9999700985283155
0.9999701279402278
0.9999696377921424
0.9999693304225936
0.9999691949954295
0.9999684573593738
0.9999682328779437
0.9999680801630805
0.9999675252352926
0.9999674889846565
0.999967251775439
0.9999668430639241
0.9999667035651544
0.9999663027102605
0.9999658053470583
0.9999658580204435
0.9999653376977283
0.9999650660584952
0.9999649323491502
0.9999642852881874
0.9999641811897277
0.9999640339102853
0.9999632530529239
0.9999630225059952
0.9999625836434545
0.9999619604533473
0.9999619175127544
0.9999613019237095
0.9999609266705433
0.9999608744960344
0.9999602686745663
0.9999600334002866
0.9999598122952396
0.9999591133785366
0.9999590280966171
0.9999584475667702
0.9999577898930898
0.9999579827687481
0.9999573556922489
0.9999570397695361
0.9999570407822659
0.9999561447047757
0.9999559910713489
0.9999557289959277
0.999954912149206
0.9999547044121248
0.9999544755120429
0.9999539519086029
0.999954074960888
0.9999534659034474
0.9999530089178291
0.9999530463254986
0.9999524568301156
0.9999520797449678
0.999951978404824
0.9999513476383669
0.9999507486477769
0.9999508651775886
0.9999501366324843
0.9999501301522622
0.9999497758158862
0.9999492106951494
0.9999491790859645
0.9999487182301731
0.9999482104808487
0.9999481237562908
0.9999475924177322
0.9999469961805735
0.9999470533755455
0.999946423763711
0.9999462135801591
0.9999462632490338
0.9999456145932604
0.9999454664779607
0.999945230482159
0.9999447447177697
0.9999446441612931
0.9999441197939422
0.9999438188302162
0.9999437094068594
0.9999431598748335
0.9999427170975083
0.9999426257199433
0.9999422507870797
0.999942028397495
0.9999419028747691
0.9999413019277856
0.999941267835518
0.999940883032583
0.9999403913593601
0.9999404269487313
0.9999399711764657
0.9999398412548305
0.9999397419178878
0.9999391044819024
0.9999392164302094
0.9999389932684062
0.9999383574533574
0.9999381832889451
0.999937987562124
0.9999374301584417
0.9999376165870827
0.9999372080544531
0.9999368045590253
0.9999369635320521
0.9999361583841639
0.9999358818881647
0.9999357005399672
0.9999350158035821
0.9999350020748855
0.9999347762685711
0.9999340713486916
0.9999342655696611
0.9999341577468552
0.9999336039401787
0.9999334887360707
0.9999331500458416
0.9999328538667321
0.9999324656137432
0.9999319676528913
0.9999319702572749
0.9999319052110829
0.9999311037586135
0.9999311183501151
0.9999305061978895
0.999930202019223
0.9999302040189375
0.9999296153518156
0.9999289638634293
0.9999286948292567
0.9999284285712281
0.9999282130164313
0.9999280959259085
0.9999274848982844
0.9999274038609739
0.9999270654811154
0.9999266700590013
0.9999266957024815
0.9999265513580505
0.9999263602137156
0.999926332509501
0.9999256427335133
0.99992528970968
0.9999253035943064
0.9999248393427586
0.9999247656096057
0.9999243350269027
0.999923868988112
0.9999239056802328
0.9999233613389003
0.9999228281385714
0.999923124561117
0.9999225428060214
0.9999222863814239
0.9999220575518107
0.9999215428384937
0.9999209950159726
0.9999208157171418
0.9999200889713398
0.9999198831295397
0.9999196295519106
0.9999191650709165
0.9999191103737952
0.9999185986232438
0.9999184871800925
0.9999184306670965
0.9999180274956889
0.9999179489121166
0.9999183126264295
0.9999175860963138
0.9999173995612332
0.999917004224619
0.999916317841615
0.9999162339284694
0.9999159717077271
0.9999155476672333
0.9999153158148605
0.9999148037217376
0.9999143278716446
0.9999141829279975
0.9999133768067472
0.9999133999553275
0.9999130723125803
0.999912639545928
0.9999125334588298
0.9999121864767135
0.9999117626536499
0.999911438689666
0.9999108732907148
0.9999101908230349
0.9999101139399434
0.9999096635037183
0.9999094907459883
0.9999093773957785
0.9999091440162966
0.9999085793806456
0.9999084402625605
0.9999079082691111
0.9999077825056767
0.9999076487425087
0.999907389568451
0.9999073406703303
0.9999067898394635
0.9999063674264368
0.9999062671568
0.9999057904251077
0.9999054393407817
0.9999051724038364
0.9999046411757433
0.999904513765236
0.9999044968649807
0.9999038564350184
0.9999040255140775
0.9999036039466614
0.9999029673882469
0.9999027800901571
0.9999023223836236
0.9999019106980669
0.9999019652670169
0.9999013005796427
0.9999013108095222
0.9999010638778266
0.999900228773428
0.9999003985398729
0.9998998395034069
0.9998995016661073
0.999899395533293
0.9998989492508173
0.9998985038349559
0.9998982916093755
0.9998978855761878
0.9998975674995438
0.9998972493789281
0.9998967740935729
0.9998970101165721
0.9998967170557231
0.9998963296711354
0.9998961639283939
0.9998960539415175
0.9998953760782802
0.9998950752373909
0.9998942544103768
0.999893776446785
0.9998934284989995
0.9998927435941635
0.9998925945637899
0.9998923085016205
0.9998915396239113
0.9998915628342412
0.9998913153572575
0.9998903733077
0.9998903008738728
0.9998897669273014
0.9998893752182417
0.9998893508012182
0.9998887502079387
0.9998883752506109
0.9998885016371353
0.9998877912974404
0.9998873541175816
0.9998869155115708
0.9998862610345733
0.9998863930346905
0.9998858733882657
0.9998855068515518
0.9998856394713137
0.9998851852709467
0.9998850995263687
0.9998848238237562
0.9998843303347869
0.999883942476981
0.9998834959078465
0.9998830014883944
0.9998827068209212
0.9998826494968525
0.9998820719680215
0.9998820438786287
0.9998813609591244
0.9998809562563096
0.9998805938057678
0.9998805597836938
0.999880190132239
0.9998800756657149
0.9998796183357171
0.9998796830586403
0.9998794981867474
0.9998790820329274
0.9998789442144458
0.9998784852368741
0.9998778727412091
0.9998778848992678
0.999877364103108
0.9998769841721236
0.9998768131540021
0.9998762633056748
0.9998757657580654
0.9998755064456366
0.9998748957453613
0.9998746845310323
0.999874507893346
0.9998739689584943
0.9998740304109442
0.9998736646441282
0.9998731400138268
0.9998734152305747
0.9998729848421742
0.9998727534778634
0.999872923317408
0.9998724780665595
0.9998724617383532
0.9998724419510265
0.9998717764587157
0.9998717036089837
0.9998710359346781
0.9998706535244062
0.9998704800171176
0.9998696173312983
0.9998697608383291
0.9998692439617856
0.9998687943940195
0.9998684789460534
0.9998679435917366
0.9998673129845062
0.9998669488908979
0.999866975408743
0.9998661204562505
0.999865914563676
0.9998655793305445
0.9998651524262022
0.9998653861388316
0.9998647323750464
0.9998642850400193
0.9998641493372978
0.9998637446119608
0.9998636925394451
0.9998631251120711
0.9998626184213114
0.9998624683066187
0.9998620707916411
0.9998618509500052
0.999861680682324
0.9998609065582039
0.999860858902076
0.9998610552251844
0.9998606426984793
0.9998601445656264
0.9998603015877671
0.9998600805904866
0.9998596445580228
0.9998593673563236
0.9998591155297801
0.9998591602037171
0.9998588355148952
0.9998586624531344
0.9998587135507264
0.9998584897893417
0.9998582054830688
0.9998581155849965
0.9998577212570186
0.9998573733055225
0.9998571592075731
0.9998567417994141
0.9998568367656444
0.9998563057211001
0.9998558924432522
0.9998559696291306
0.9998560216542364
0.9998554746476859
0.9998555742107339
0.9998548177147776
0.9998546054228439
0.9998545607861181
0.9998542231891365
0.9998541363524979
0.9998538880805904
0.9998535091472556
0.9998534534627874
0.9998526528544387
0.9998519914464629
0.999851886673607
0.9998514249216532
0.9998511647067486
0.9998506055139358
0.9998504356944485
0.9998504516876453
0.9998505432713308
0.9998498808143473
0.9998499847644071
0.9998493468388989
0.9998489032404592
0.9998492409687117
0.9998488070411081
0.9998484767063969
0.9998485641962473
0.9998483632184302
0.9998482484056795
0.9998481346151777
0.9998476554385514
0.999847857107854
0.9998474190562137
0.9998471059018671
0.9998472363081542
0.9998466309099479
0.9998463000909561
