0.01653131214881425
0.01648760479445492
0.016496310258678225
0.016554526026013667
0.016663403286203356
0.016820553893741354
0.017027438584287576
0.01728288940084853
0.017583525551762413
0.017925566338446046
0.01830575007856356
0.01872395373508836
0.019175796315274395
0.019658529004525076
0.020168060156995626
0.020704476873889842
0.021265144250515528
0.02184942250544091
0.022453193318426278
0.02307388220417564
0.023707937568012972
0.024360994894122717
0.025024966265551805
0.02570170446275607
0.026390530272545835
0.027083705604073426
0.02779300714583586
0.02851363382495722
0.029243306916213904
0.029973600582265697
0.03071649495077926
0.03146393158709551
0.032214754969738996
0.03297070867754303
0.03373669904870735
0.034500354020802995
0.03526617207958723
0.0360332000076565
0.03680544720679309
0.037581215033151184
0.03835867016228639
0.039135218572324486
0.03991754776946595
0.04070520789504954
0.04149064542210434
0.04227725326685499
0.04306737832253478
0.04384907286864756
0.04464229514789549
0.04542791725264878
0.046211562901912064
0.046991884595422216
0.047773958378875464
0.048566957804384726
0.049353948165845346
0.05014469259062397
0.050936319129328854
0.051728826310878016
0.052521168075016764
0.053308803211713135
0.054096374783020054
0.05488842117055219
0.0556739136765883
0.056458910573030076
0.0572453576713167
0.05802522017312785
0.05881100914153817
0.05959328323144354
0.060374573134043874
0.061149054895582006
0.06193174963450101
0.06270951804604502
0.06349077923814155
0.06426513338413076
0.06503611305289883
0.06582353612796653
0.06660230174121588
0.06737605048869133
0.06815589155322505
0.0689180267757028
0.06969817566995629
0.07046206581430149
0.07123176950482388
0.07199427941526902
0.07275769481043323
0.07352410796215943
0.07429548776192715
0.07505568358386387
0.0758069033338612
0.07656753333241116
0.07732747106766251
0.07808025604782468
0.07883474189633112
0.07959298639665
0.08034717788436116
0.08111014344251247
0.08185809618379146
0.08259375281113153
0.08333948555533596
0.08407359580005486
0.08482729609050883
0.0855699986451137
0.08631055242519022
0.08704440551356256
0.08777521321878055
0.08850891692642823
0.08924265371968199
0.08996723027124855
0.0907034964145236
0.0914266881173688
0.09214148611110665
0.09286591022438549
0.09357869572976732
0.09432155727823653
0.09502809875461309
0.09575198670094827
0.09647701686169684
0.09719569162080716
0.09791675368911716
0.09863862138376163
0.09934461291944535
0.10007486980921984
0.10077133034480579
0.10146362586183835
0.10219158369356994
0.10289830585378211
0.10360555893433272
0.10430237635889872
0.1050010585604935
0.10569807354722245
0.10639576463203788
0.1070907229362916
0.1077865961481355
0.1084789928229307
0.10917372253024679
0.10984399441745613
0.11052838046542657
0.11119978935778266
0.11188569936864977
0.11255689351819614
0.11323562220072651
0.11390887089148
0.11458517363963487
0.11527582402130855
0.11595198478786133
0.11665298430242348
0.11733085762967213
0.11802174139843598
0.11870552567982867
0.1193845317496466
0.12006298569057916
0.12072419683029229
0.12138563298300364
0.12204506813639837
0.12270328835221432
0.12338141573972447
0.1240657074966435
0.12469451289861523
0.12537374291156156
0.12602637350475004
0.12664959340016577
0.12729481496032524
0.1279474695653695
0.1285981539758018
0.12925276028167237
0.12989669757671005
0.13054488997634844
0.13119569577157592
0.13184248861299086
0.1324864353973382
0.13313357087808889
0.1337840316381824
0.13441466644668768
0.13507351884385685
0.13570316390486775
0.13632017332929333
0.1369450608731386
0.13757307295641846
0.13817989027820832
0.13878247188141768
0.13940940532436377
0.14003756743365206
0.1406548002491779
0.14127516014981903
0.14190836881341665
0.14253713692905257
0.1431672308830781
0.14378863228173697
0.14439694304333184
0.14501407136269048
0.14563044770911246
0.14624106297483133
0.1468503686656077
0.14745176574688026
0.1480644352549592
0.1486711907056213
0.14926707836750258
0.14984197269766103
0.15047465812697203
0.151069058452932
0.15164908396531135
0.15225560462692725
0.15284811627983158
0.1534425505578316
0.15402464940325766
0.15462501058284667
0.1552073805465001
0.1557786958878952
0.15636433324099486
0.156952468092091
0.15754128102907666
0.15810969395901187
0.15869022450873158
0.15924937188284635
0.1597927114370909
0.16032824485940825
0.16089937810468607
0.16145800696377757
0.1620099010096283
0.1625838145005196
0.1631391958701471
0.163666639841365
0.16420180042349153
0.16474606819929385
0.1652954888962008
0.16583227587236773
0.16636098596442245
0.16690156761340097
0.1674475777531227
0.16796943085276742
0.16850303116348492
0.16900301808288526
0.16951618732122956
0.17006619098690928
0.17057632236377723
0.17109123877376514
0.17163181187272386
0.17213940967938715
0.1726334109844697
0.1731684127186838
0.17366817161371192
0.17415876892916754
0.17467819234385584
0.17518224579105074
0.17568448914068327
0.17618147295580303
0.17667951378537425
0.17717221756682772
0.1776694722058273
0.17818124418088746
0.17867442039982492
0.1791690757884621
0.1796711112442247
0.18018117350050927
0.1806694464206554
0.1811868165945851
0.18170671628102036
0.1822275008173955
0.1827191666332358
0.18322341284163507
0.18374152259216328
0.18426925933812133
0.18475585371822015
0.1852394496482015
0.18570208383548922
0.18617090574626144
0.18667739576902645
0.18715387677492407
0.18764202401528676
0.18810976637459006
0.18857414704445713
0.1890686493338059
0.18953844048845495
0.19003019908982993
0.1904968920887149
0.190941968450218
0.19140732796852752
0.19190816604656855
0.19234342121804565
0.19280630820348577
0.19326961817523153
0.19374040878411627
0.19419017103669362
0.19464212914700038
0.19507285543681627
0.19551135122683233
0.19592920989093512
0.19637751240247392
0.1968104587844464
0.19724068608772896
0.1976931491018736
0.1981152488313302
0.1985444735448379
0.1989652156511184
0.19938039392859166
0.19982289736164818
0.20025487300570569
0.20071416938574932
0.20114905170737443
0.20159542823944795
0.20198693418359834
0.20236665057263548
0.2027594209139921
0.20314532202966043
0.20356803529645728
0.20397040292231514
0.20436512435018764
0.2047683902602198
0.20515237039159512
0.2055433169744665
0.2059470385591002
0.20634738634124045
0.2067644197458796
0.20716043907694412
0.20753272158671254
0.20794798727725708
0.2083381819682133
0.20873410475763038
0.2091713815183447
0.20958028004962348
0.20998971021931429
0.2103604829760514
0.2107908999218867
0.2111879287988035
0.2115803638839183
0.21195919202574534
0.21235139161913533
0.21271973970804078
0.21313158868852117
0.21352666847292567
0.2139142973462465
0.2143012112168222
0.21464865662453297
0.21501216011265242
0.21539293985137953
0.2157751610292582
0.2161465069228146
0.21654228646140453
0.21690609697471325
0.21726000271552245
0.2176363168153366
0.21801626506536298
0.21840030982529435
0.21874602818708588
0.21910047108232886
0.2194593697830193
0.21978032648616522
0.22013910763274344
0.22049593192798275
0.2208565059046124
0.2212164932305617
0.22155202071351662
0.2219143162520794
0.2222990314217336
0.22264875903306533
0.22297054393177632
0.22327527150100804
0.2236292623854549
0.22395726471132632
0.22425305215753805
0.2246201331116523
0.22491740578051717
0.22524358089570112
0.22558201341148598
0.22590558775515604
0.22624325522887995
0.22655660983516926
0.22690036758534612
0.22717762082241444
0.2275132564290124
0.2278309087848828
0.22813309682620234
0.228454543910849
0.2287357606101138
0.22903050183095205
0.22937550168473775
0.22969036271104923
0.22999411174880116
0.23031031071094293
0.2306301299242882
0.23092470566842432
0.23123732209983394
0.2315358802223684
0.23178873802857983
0.23208856436489428
0.23235777737688124
0.232649154832267
0.23291036683762822
0.23317992424578018
0.2334449964179246
0.23369326866519768
0.2339712435221141
0.23424912344014243
0.23454378135202517
0.2347682622168053
0.2350234816613802
0.23528999766132022
0.23557431860311942
0.2358562233033487
0.23610900348970906
0.23635716602965648
0.2366509671637474
0.2368925493811107
0.2370852415651169
0.23732127165152245
0.237571378954621
0.23782969126993556
0.23806829294073306
0.2382935588755781
0.23851615109424465
0.23876649141457676
0.23906671026756435
0.23930423131235817
0.239526536605637
0.239706983299395
0.23990392105108801
0.24014752870350486
0.24037717858707686
0.24061550397434925
0.24087794720301606
0.24112155269225582
0.24133934269816504
0.24156172860301706
0.2418118461870537
0.24201609112648276
0.24226838442844362
0.24246848091632453
0.24265007178341824
0.24286151544228898
0.24308803688759745
0.2433164662473729
0.2435372382426967
0.24377627052146103
0.24397056262178543
0.24419258753933595
0.24441919215878963
0.24465532508683346
0.24489092819548502
0.24508589412208376
0.24524549746351937
0.2454713597237191
0.24566410097160446
0.24586341223668698
0.2460401985628416
0.24621649767248743
0.24641506226798118
0.24660503394838382
0.2467662967751088
0.24694940260901227
0.2471406891942512
0.2473771558870988
0.2475687655466343
0.24775090106489864
0.24792183427942083
0.2481312179002975
0.24833157943781686
0.248483580165884
0.24867788293250023
0.2488528096119996
0.2490040343534107
0.2492130434591146
0.24939751526581133
0.2495466770606008
0.24969224651979027
0.24986370861670468
0.250070424221437
0.25022296412592826
0.25040949639720195
0.2505954467630509
0.2507272577531921
0.2509075983644629
0.2511041412362758
0.2512672474765757
0.2514047856978851
0.251540514947447
0.2516359742287792
0.2517821586652856
0.2519521938873182
0.25207835985246824
0.25225109188755074
0.25245362731251064
0.2525969174545826
0.2527796444706239
0.2529010815805475
0.2530241795994509
0.25322716523373145
0.2533548338124318
0.25349996272612496
0.25361568608520796
0.2537720515390646
0.2539117342102721
0.2540063357564489
0.2541775074125242
0.2543295109468672
0.25442816157318837
0.25453378848879177
0.25468573140162687
0.2548188464339327
0.254948510618844
0.25501662074182035
