0.9999999272380906
0.9999996099204228
0.9999997745008881
0.9999995998316707
0.999999557799166
0.9999996178865542
0.9999993654014905
0.9999995707128677
0.9999992481622219
0.9999994180273934
0.9999992292827516
0.9999992065560538
0.9999992468332309
0.9999990118756934
0.9999992170140826
0.9999989012900485
0.9999990766126211
0.9999988852490511
0.9999988775114333
0.9999989040494587
0.9999986730576618
0.9999988652933988
0.9999985461499041
0.9999987235460195
0.9999985241340298
0.9999985239084708
0.9999985313317605
0.999998303366557
0.9999984820288725
0.9999981617797162
0.9999983447050815
0.9999981256515481
0.9999981619214664
0.9999981521281895
0.9999979834159782
0.9999981523939557
0.9999978578194082
0.999998036917149
0.9999978052084536
0.999997849575235
0.9999978260177678
0.9999976547812056
0.999997813103797
0.999997524068583
0.9999976965925501
0.9999974571475998
0.9999975062208718
0.9999974799626219
0.9999973357954235
0.9999974748655386
0.999997192067339
0.9999973784382487
0.999997096381965
0.9999971580551025
0.9999970964828491
0.9999969380192543
0.9999970547276859
0.9999967577946979
0.9999969305710693
0.9999966595213095
0.9999967167493564
0.9999966394896698
0.9999965117895049
0.9999966317149415
0.9999963468721138
0.99999652306316
0.9999962447985502
0.9999963055297182
0.9999962242521316
0.9999961062953662
0.9999962281632512
0.9999959611666103
0.9999961453557908
0.9999958700772289
0.9999959673723376
0.9999958528683103
0.9999957686611038
0.9999958704054739
0.9999955989484364
0.9999957601855012
0.9999954762780697
0.9999956140067655
0.9999954960780367
0.9999954350614055
0.9999954925073694
0.9999952253130046
0.999995405966355
0.9999951196608252
0.9999952586886574
0.9999951383786246
0.9999950795286192
0.9999951473644484
0.9999949084750659
0.9999951039582295
0.9999948173606641
0.9999949213079953
0.9999947513382725
0.9999947176084933
0.9999947502291773
0.9999945195230626
0.9999946778136353
0.9999944206323697
0.999994560148596
0.9999943935939049
0.9999943282096696
0.9999943684253196
0.9999941609565033
0.9999942914128501
0.9999939869246963
0.9999941163184746
0.9999939495750939
0.9999939242293586
0.9999939487362939
0.9999937650756299
0.9999939125967091
0.9999936212598334
0.9999937424421942
0.9999935745367372
0.9999935644519796
0.9999935877994055
0.9999934051841054
0.9999935654807149
0.999993281162375
0.9999934227004781
0.9999932345753451
0.9999932504965474
0.9999932385066639
0.9999930891680567
0.9999932012136318
0.999992944428412
0.9999931030139795
0.9999928936416854
0.9999929192974951
0.9999928811354112
0.9999926744875086
0.9999928411475545
0.999992567251828
0.9999927066761815
0.9999924823119477
0.9999924686633386
0.9999924397071651
0.9999922642710435
0.9999923736509453
0.9999920912065857
0.9999922564805644
0.9999920567051832
0.9999920817976096
0.9999920190856375
0.9999919138796176
0.9999920309925608
0.9999917901462092
0.9999919742791848
0.9999917527423812
0.9999918157562125
0.9999917698674373
0.9999916483842931
0.9999917886069313
0.9999915045430376
0.9999916502622138
0.9999913975154592
0.999991474035067
0.9999913832706399
0.9999912429996314
0.9999913387193486
0.9999910870592918
0.9999912256799667
0.9999909689575399
0.9999910835987501
0.9999910117073155
0.9999909290916174
0.9999910128997863
0.9999907811460761
0.9999909269513012
0.9999907243728762
0.9999908088589754
0.9999907061711596
0.9999906722352018
0.9999907247998462
0.99999050628674
0.9999906560866836
0.9999904266760504
0.9999905461116245
0.9999904583477991
0.9999903985276652
0.9999904301863832
0.9999901759010411
0.9999903283595142
0.9999900861060201
0.9999901864863491
0.9999900676185349
0.9999900067034251
0.9999900094881631
0.9999898186419656
0.9999899551239138
0.9999897172815396
0.9999898450416508
0.9999897003897223
0.9999896732086478
0.9999897114257345
0.9999895415559739
0.9999896866078973
0.9999894516690586
0.9999895884179073
0.9999894545177045
0.9999894415098195
0.9999894817339442
0.9999892858869492
0.9999893815301198
0.999989140369839
0.9999892449704565
0.999989073687431
0.9999890639812475
0.9999890634986445
0.9999888889767308
0.999989001722893
0.9999887982988216
0.9999888941653876
0.999988719742842
0.9999887056862115
0.999988739384991
0.9999885994613196
0.9999887328623016
0.9999884756836196
0.9999885867980562
0.9999883900182209
0.9999883766367692
0.9999883645823675
0.9999881886805103
0.9999883119001193
0.9999880966418554
0.9999882337319804
0.9999880372799828
0.9999880353294666
0.9999879947006096
0.9999878312796341
0.9999879226274375
0.9999876782528456
0.9999877881594342
0.9999876174484725
0.9999876254919937
0.999987578719484
0.9999874537719337
0.9999875547098073
0.999987375936048
0.9999874857482198
0.9999873091816083
0.999987333241914
0.9999872777354187
0.9999871686874298
0.9999872247099669
0.9999870190076956
0.9999871044025097
0.9999869428874237
0.9999870005498142
0.9999869519819449
0.9999868005401812
0.9999868636304242
0.9999866568909691
0.9999867515889533
0.9999865325667064
0.9999865856456033
0.9999865242007377
0.9999864273962086
0.99998646869864
0.999986285927715
0.999986415688408
0.9999862156917699
0.9999862599960434
0.9999861809621635
0.9999861332621404
0.9999862045351241
0.9999860202350463
0.9999861213329404
0.9999858523766175
0.9999859214356879
0.999985833528421
0.9999857379640155
0.9999858530128558
0.999985668632372
0.9999858121373865
0.9999856151996658
0.9999856997753984
0.9999855964171674
0.999985544172491
0.9999855594837107
0.9999853965841066
0.9999854676838879
0.9999852994514628
0.9999853444744498
0.9999852511674886
0.999985161645041
0.9999851609245333
0.9999850121318495
0.9999851543631142
0.999984904879656
0.9999849618212125
0.9999848751991097
0.9999847934039132
0.9999848713915533
0.9999846784046138
0.9999847845925549
0.9999845506265476
0.9999846375618934
0.9999845270251843
0.9999844733038208
0.9999845368294
0.9999843821656932
0.9999845252099067
0.9999843343048042
0.9999844477012882
0.9999843174424226
0.9999842718033168
0.9999842423133798
0.9999840043768837
0.99998410657439
0.9999839314064249
0.9999840009548758
0.9999838338344658
0.9999838632170237
0.9999838321422729
0.9999836467809544
0.9999836996724527
0.9999834977883301
0.9999835996950704
0.9999834430411857
0.9999834377322987
0.9999834223762043
0.9999832527153835
0.9999832956974346
0.9999830479334862
0.9999830959709269
0.9999829264151875
0.9999829174537538
0.9999829479395038
0.999982809824765
0.9999828715589311
0.9999826603184868
0.9999827271662193
0.9999825257672174
0.9999825326441433
0.9999824253081638
0.9999823132934751
0.9999823661476449
0.999982202058197
0.9999823234709696
0.9999821240157294
0.9999821398696831
0.9999821210119706
0.9999820032440244
0.9999820555140386
0.9999818341051684
0.999981935327578
0.9999817613544716
0.9999817459993054
0.9999816582335197
0.9999815488568683
0.9999816403491625
0.9999814356002489
0.9999816094359203
0.999981432444562
0.9999814709874126
0.999981424224171
0.9999814069243552
0.9999814869920426
0.999981299931504
0.9999814187256948
0.9999812557348714
0.9999812760556928
0.999981247808377
0.9999811671880098
0.9999812169849364
0.999981022482564
0.9999811748172474
0.9999809754993868
0.9999810239750847
0.9999809311539435
0.9999808257727064
0.9999808318432365
0.9999806645109273
0.9999807502373809
0.9999805325110872
0.999980551243363
0.9999805057254285
0.9999804183947962
0.9999804322303091
0.9999802466644797
0.99998032570824
0.9999800993971605
0.9999801522838649
0.999980016280419
0.9999799736943279
0.9999799864861889
0.9999798366698567
0.9999799422345874
0.9999797693936194
0.9999798046381552
0.9999797284860168
0.9999796551014785
0.9999796998760321
0.999979512485452
0.9999796269833305
0.999979410680858
0.9999794949218613
0.9999793778214735
0.999979285880515
0.999979307172055
0.9999791103007464
0.9999792014623251
0.9999790635672637
0.9999791205305816
0.9999789776046134
0.9999789052763655
0.9999789457800018
0.999978779309108
0.9999788714226514
0.9999786503158435
0.9999787641707358
0.9999785686294419
0.9999785293407948
0.999978552076391
0.9999784515053506
0.9999785400576098
0.9999783029484637
0.9999784181969883
0.9999783029732197
0.9999782506322339
0.9999782116449083
0.9999780699094166
0.9999781707012146
0.9999779673338114
0.9999780371579466
0.9999779054115254
0.9999778891209189
0.9999778392891199
0.9999777185970506
0.9999777809781881
0.9999775703509178
0.9999776477714076
0.9999775508799498
0.9999775795554868
0.9999775164439776
0.9999773968681107
0.9999774696894247
0.9999773151385143
0.9999774505657311
0.9999773389596138
0.999977361411445
0.9999772926365159
0.9999771226056312
0.9999772020320508
0.9999770172521368
0.9999770733615189
0.9999769089141606
0.9999769432771803
0.9999769007052127
0.9999767866582847
0.9999768600052231
0.9999766543616462
0.9999767331613957
0.9999765382340365
0.9999765101425595
0.9999764302332901
0.9999763171882817
0.9999763673608495
0.9999761971155479
0.9999762863719232
0.9999761379489094
0.9999761094659464
0.9999760018747116
0.9999759867104536
0.9999760377769521
0.9999758284860562
0.9999759293141706
0.9999756953706049
0.99997568677907
0.9999756583128415
0.9999755508702949
0.9999756181906287
0.9999754563471289
0.9999755447408899
0.9999753491333823
0.9999754052755304
0.9999753302679383
0.9999752903433343
0.9999753308631489
0.9999751596389984
0.9999752610029577
0.9999750635746132
0.9999750979979987
0.9999750598187125
0.9999750430267839
0.9999750400696276
0.9999748451990355
0.9999749266665955
0.9999747316793487
0.999974769607511
0.9999746003550889
0.9999745617843113
0.9999745237943175
0.999974313560845
