0.9999998735308433
0.9999994611509021
0.9999994010616998
0.9999997518367159
0.9999993547969342
0.9999992609836855
0.9999996256782435
0.9999992591244243
0.9999991326466582
0.9999995052456434
0.9999991520877973
0.9999990033128207
0.9999993826804926
0.9999990534113583
0.9999988850515779
0.9999992673438401
0.9999989525643667
0.9999987612103013
0.9999991594330057
0.9999988659853071
0.9999986313487333
0.9999990171318432
0.999998752362518
0.9999985028471658
0.9999988804631004
0.9999986325320921
0.9999983627863969
0.9999987555424228
0.9999985384912955
0.9999982424967053
0.9999986257194005
0.9999984218710084
0.9999981014153407
0.9999984689695683
0.9999982951122917
0.9999979560980489
0.9999983368997283
0.9999981706524521
0.9999978185919649
0.9999981751423793
0.9999980415299778
0.9999976639730764
0.9999980142614904
0.9999979085970064
0.9999975395316187
0.9999979002356243
0.9999978277440041
0.9999974238498157
0.999997771407647
0.9999977201645532
0.9999973176290459
0.9999976443480413
0.9999976085162453
0.9999972069195804
0.9999974966293719
0.9999974980913031
0.9999970851040194
0.9999973747740649
0.9999973968207709
0.9999969617419573
0.9999972307589908
0.9999972774669257
0.9999968567453141
0.9999970985043092
0.99999715681179
0.9999967080195897
0.999996899957489
0.9999969771929805
0.9999965413724119
0.9999967349687897
0.9999968564573908
0.9999964279222696
0.9999966043530236
0.9999967594611407
0.9999963327064536
0.9999964990548966
0.9999966684952715
0.9999962640020341
0.9999963901573687
0.9999965565198631
0.9999961453223507
0.9999962423854364
0.9999964435155756
0.9999960434250399
0.9999961379089117
0.9999963360520455
0.9999959152463493
0.9999959831103167
0.9999962077227308
0.9999958027123619
0.9999958310895594
0.999996063771992
0.9999956607402168
0.9999956673447087
0.9999959322390134
0.9999955339212186
0.9999955216569595
0.9999957919262084
0.9999954110049732
0.9999953955847454
0.9999956883601762
0.9999953291294468
0.9999952583906704
0.9999955477717284
0.9999951872657566
0.9999951095315198
0.9999954211903141
0.9999950882770337
0.9999950117316792
0.9999953125536369
0.9999949744231824
0.9999948380537126
0.999995168165442
0.9999948633109206
0.9999947100546052
0.9999950054682619
0.9999947274761445
0.9999945403798663
0.9999948541306055
0.9999946115081637
0.9999944002835943
0.9999947201276819
0.9999944724140942
0.9999942553178732
0.9999946067377053
0.9999943945282308
0.9999941786885113
0.9999944788920652
0.9999942774278326
0.9999940251843414
0.9999943487635374
0.9999941544357921
0.999993902345443
0.9999942450525967
0.9999940585871315
0.9999937754127419
0.9999941068499864
0.999993989977036
0.9999936557061152
0.9999939769138726
0.9999938679773186
0.9999935519911043
0.9999938411525916
0.9999937536876273
0.9999934071561045
0.9999936767910055
0.9999935858507761
0.9999932426633474
0.9999935077892236
0.9999934647500803
0.9999930797186264
0.9999933266054071
0.9999933017354385
0.9999929167697852
0.9999931398254871
0.9999931290224919
0.9999927422062922
0.9999930014670775
0.9999930138256238
0.9999926363246575
0.9999928758545819
0.9999929119392763
0.9999925076618763
0.9999927355680444
0.9999927793855856
0.9999923867485082
0.9999925696772909
0.9999926199086875
0.9999922163317958
0.9999923920364817
0.9999924914810865
0.9999921263374936
0.9999923055072506
0.9999924444493503
0.9999920663605733
0.9999922266395531
0.9999923598044442
0.999991967096101
0.999992093219444
0.9999922274538382
0.999991840683415
0.9999919107440383
0.9999920793303234
0.9999916838513725
0.9999917815233682
0.9999919604846147
0.9999915851625848
0.9999916268870287
0.9999918506939474
0.9999914803488765
0.9999915189087707
0.9999917124289261
0.9999913602267495
0.9999914040363228
0.9999915956285961
0.9999912429854648
0.9999912473386623
0.9999914657429435
0.9999911263057967
0.9999910893198207
0.9999913109370879
0.9999910049906131
0.9999909207990616
0.9999911499226524
0.9999908780744217
0.9999908103781114
0.9999910484961289
0.9999907451934952
0.9999906826984288
0.9999909315970246
0.9999906546233502
0.9999905504691189
0.999990806951406
0.9999905091609947
0.999990378070577
0.9999906624572237
0.9999903755642676
0.9999902133894418
0.9999904913195721
0.9999902252438837
0.9999900436060085
0.9999903161906276
0.9999900969267987
0.9999899106240562
0.9999902000468223
0.9999900042220882
0.9999898365649678
0.9999901475710465
0.9999899659483557
0.9999897621305005
0.9999900367696344
0.9999899032425846
0.9999896612188008
0.9999899450647102
0.9999897722006207
0.9999895233459292
0.9999897988680826
0.9999896628778914
0.9999893766274829
0.9999896163949121
0.999989503364094
0.9999892249706166
0.9999894574763051
0.9999893329227605
0.9999890616594748
0.9999893078832437
0.9999892525998086
0.9999889339119601
0.9999891936440092
0.999989138190075
0.9999888040359066
0.999989025723204
0.9999889796462588
0.9999886564437104
0.9999888380890791
0.9999888228728654
0.9999884946855156
0.9999887016305412
0.999988685363074
0.9999883488909173
0.9999885264317642
0.9999885806075458
0.9999882424757993
0.9999884339882283
0.9999884648385253
0.9999881011640892
0.9999882589345077
0.9999883369402565
0.9999879642511288
0.9999881202218185
0.9999882180497435
0.9999878677265808
0.9999879813870514
0.9999881098667017
0.9999877002344352
0.9999878137069637
0.9999879037687369
0.9999875054835199
0.9999876389412968
0.9999877790912863
0.9999874258372219
0.9999875530040525
0.999987674750911
0.9999873354725397
0.9999874020222224
0.9999875662899437
0.9999872139022205
0.999987307942371
0.9999874977634592
0.999987176810526
0.999987213166171
0.9999873978179852
0.9999870483132078
0.9999870639128562
0.9999872564393796
0.9999869694209462
0.9999869907734396
0.9999872163888301
0.9999868989360637
0.999986906708933
0.9999871058073448
0.9999868057367161
0.9999867587437422
0.9999869718781108
0.9999866835047602
0.9999866340635224
0.9999868211586066
0.999986544555242
0.9999864928902652
0.9999867231487936
0.999986437544835
0.9999863869316181
0.9999866137819051
0.9999863463264942
0.9999862230130395
0.9999864404923525
0.9999861763181458
0.9999860437459522
0.9999862877726228
0.9999860566588116
0.9999858979889029
0.9999861351308629
0.9999859241522162
0.9999857338050335
0.9999859653743796
0.9999857952374521
0.9999856366130592
0.9999858535664251
0.999985705410012
0.9999855108694207
0.9999857216442949
0.9999855973688336
0.9999853870200504
0.9999855844925237
0.999985469612762
0.9999852376636401
0.9999854485645507
0.9999853645850724
0.9999851267489938
0.9999853683235018
0.9999852703247132
0.9999849698324729
0.9999851788121282
0.9999850919411881
0.9999848419556517
0.9999850558625438
0.999985030324592
0.9999847631188526
0.9999849549766772
0.9999848891417003
0.9999846119350525
0.999984864017083
0.9999848439419585
0.999984532621035
0.9999847293083554
0.999984681291549
0.9999843794627713
0.9999845778877635
0.9999845554017709
0.9999842612826637
0.9999844293857254
0.9999844506395421
0.9999840975985145
0.9999842659794617
0.9999843058258692
0.9999839657159633
0.9999841052086524
0.9999841502920094
0.9999838740326554
0.9999839862518115
0.9999840424668863
0.9999836789265267
0.9999837780433805
0.9999838598218143
0.999983481437478
0.9999835603555781
0.9999836809670428
0.9999833610921075
0.9999834813903035
0.9999835836173376
0.999983268502958
0.9999833730003301
0.999983496756663
0.9999831775151026
0.999983207273368
0.9999833042684374
0.9999829429553891
0.9999829843529332
0.9999831037028067
0.9999827841627659
0.9999828077551977
0.9999829453715008
0.9999826794750767
0.9999826866779878
0.9999828752253114
0.9999825491740819
0.9999825245282729
0.9999826768209813
0.9999824018639617
0.999982355650016
0.99998253661675
0.9999822235070897
0.9999822030071706
0.9999823547100463
0.9999820890129154
0.9999820194948734
0.9999822295917216
0.9999820240841174
0.9999819418009974
0.9999820792171901
0.9999817812370292
0.9999817088650613
0.9999819123227018
0.9999817359942229
0.9999816289755271
0.9999818398700022
0.9999816262051979
0.9999815184478335
0.9999817269291655
0.9999815353967185
0.9999814096873068
0.9999815802294856
0.999981425356297
0.9999812982663469
0.9999814583901887
0.999981307496438
0.9999811592328628
0.999981407791984
0.9999812296322615
0.9999810791437165
0.9999813227932878
0.9999811945265994
0.9999810602023033
0.9999812223038075
0.9999810985002752
0.9999809680016368
0.9999811368819383
0.999981010203824
0.9999808340492886
0.9999810028821532
0.9999809270565411
0.9999806692849661
0.9999809226010269
0.9999808332789225
0.9999806079887896
0.9999807109808935
0.9999806138586885
0.9999803816965771
0.9999805471118217
0.9999804572019803
0.9999802497248342
0.9999804869539555
0.9999804714711447
0.9999802323672561
0.9999804308969199
0.9999804180594173
0.9999801948092396
0.9999803646429594
0.9999803406817843
0.9999801006712244
0.9999802201272137
0.9999802037780663
0.9999799335570905
0.9999800889939705
0.999980070347671
0.9999797955990574
0.9999799349900045
0.9999799977028251
0.9999796985006592
0.9999798132117571
0.9999798561348843
0.9999795902933527
0.9999797322394212
0.9999797299443803
0.9999794599335123
0.9999795899011067
0.9999796657430671
0.999979402092778
0.9999795520461303
0.9999796079408634
0.9999793571924069
0.9999794538471528
0.9999795131649717
0.9999792405172289
0.9999792675819843
0.9999793470995163
0.999979118847528
0.9999790991566805
0.9999792042048389
0.9999789982154748
0.9999789938808333
0.9999790954167882
0.9999788433028599
0.9999788841022371
0.9999790147865528
0.9999787700583677
0.9999787536723316
0.9999788745379701
0.999978620072463
0.9999785961629792
