0.9999997418031963
0.999999236846932
0.9999986450405162
0.9999989163371326
0.999999495767725
0.9999993043300779
0.9999985755367589
0.999998543604495
0.9999991377817002
0.9999992867622368
0.999998615514079
0.9999982466361856
0.9999987218630542
0.9999991469163337
0.999998687899402
0.9999980895654735
0.9999983295071476
0.9999989100097055
0.9999987658863971
0.9999980646348517
0.9999979807490812
0.9999985568268467
0.9999987443120333
0.9999981116404124
0.9999977340812696
0.9999981590965009
0.999998608300374
0.9999981963617587
0.9999976067982973
0.9999977706186187
0.9999983643257634
0.9999982623458669
0.9999975750053539
0.9999974570750743
0.9999980116254298
0.9999982431647728
0.9999976308941626
0.9999972276228194
0.9999976151944381
0.9999980794610228
0.999997676933739
0.9999970827432139
0.9999972077115404
0.9999977995166196
0.9999977403701941
0.9999970608725918
0.9999969021174425
0.999997423887427
0.9999976743847869
0.9999970924030351
0.99999666401777
0.9999970084924416
0.9999974788853384
0.9999971435849078
0.9999965346066296
0.9999966517752739
0.9999972115466979
0.9999971842999092
0.9999965215578838
0.9999963355529682
0.9999968324254996
0.9999971085149162
0.9999965545914876
0.999996107896885
0.9999964305505036
0.9999969161401782
0.9999966227678336
0.9999960090146377
0.9999960707384616
0.9999966006425374
0.9999966160603752
0.9999959449113219
0.9999957457508878
0.9999962084557694
0.999996523647605
0.9999960225064388
0.9999955432591496
0.9999958149747523
0.9999963109204981
0.9999960527499463
0.9999954238551064
0.9999954521864705
0.9999959783331822
0.9999960289393207
0.9999954065048092
0.9999951629509349
0.9999956003096161
0.9999959075222146
0.999995461075846
0.9999949793259452
0.9999952339766299
0.9999957232700692
0.9999955032782096
0.9999949073723857
0.9999948954809641
0.999995440180264
0.999995521400299
0.9999949103222227
0.9999946445146702
0.9999950498787582
0.9999954081438884
0.9999949662700891
0.999994472269628
0.999994683837326
0.9999951774589766
0.9999949929265202
0.999994389015894
0.9999943554790915
0.9999948544363585
0.9999949785977573
0.9999944070516432
0.999994095347776
0.9999944834708322
0.9999948393458222
0.9999943996506839
0.9999939092451029
0.9999941171605847
0.9999945822567825
0.9999944408320034
0.9999938429046301
0.9999937945010158
0.9999942519582397
0.9999944169859115
0.9999938578174399
0.9999935519005958
0.9999939279577835
0.9999942959328653
0.9999939220955069
0.9999934142504238
0.9999935607300308
0.9999940430222392
0.9999939463731543
0.999993355461554
0.999993291374586
0.9999937599288055
0.9999939319361719
0.999993379018295
0.9999930331797932
0.9999933648024435
0.9999937799668432
0.9999934226392995
0.9999928761801082
0.9999929996706266
0.9999934740923413
0.9999934099622804
0.9999928311683755
0.9999926872218106
0.99999310577256
0.9999932885632735
0.9999927840768441
0.9999924309939814
0.9999927088748747
0.9999931112138496
0.9999928245902778
0.9999923123785477
0.9999924071880566
0.9999928484572411
0.9999928300764273
0.9999922339889837
0.9999920922176051
0.9999925226734726
0.9999927610732461
0.9999922700508251
0.9999919236743545
0.9999921750915048
0.999992561495744
0.9999923016876283
0.9999917693051174
0.9999918186351138
0.9999922513180822
0.9999922463253252
0.9999916681070378
0.999991497524754
0.9999918934434416
0.9999921875523646
0.9999917415030941
0.9999913822703791
0.9999916238652338
0.9999920520721642
0.9999917788456831
0.9999912863545222
0.999991305244958
0.9999917718652094
0.9999918302805039
0.9999912613820233
0.9999910809419608
0.999991425732718
0.9999916925353923
0.9999912360013702
0.999990837159368
0.9999910292094536
0.9999914184800414
0.9999912078575295
0.9999906832689676
0.9999906694181425
0.999991098929722
0.9999911699557913
0.9999906104473656
0.9999903771070012
0.9999907172738471
0.9999910041005117
0.9999905725509325
0.9999901704204067
0.9999903664824382
0.9999907855420975
0.9999905823487787
0.9999900442405928
0.9999900074132279
0.9999904016577608
0.9999905201497709
0.9999899920264339
0.9999897417203814
0.999990061947859
0.9999903369591239
0.9999899974539769
0.9999895628823655
0.9999897718063923
0.9999901704581762
0.9999900092330388
0.999989486386011
0.9999894231239015
0.9999898598077024
0.9999899603254031
0.9999894794890818
0.9999891980976271
0.9999895443804763
0.9999898379693543
0.999989439086259
0.9999890677298028
0.9999891770052636
0.9999895881188712
0.9999894997041152
0.9999889644628799
0.9999888699506344
0.9999892537552694
0.999989394143629
0.9999889223557881
0.9999886547004501
0.9999889342474133
0.9999892840565174
0.9999889491894444
0.999988515507881
0.9999886431012741
0.9999890688751891
0.9999889790927715
0.9999884468412388
0.9999883076320599
0.999988701408642
0.9999888720609728
0.9999884456157574
0.9999881432350897
0.9999884125172231
0.9999887812710264
0.9999885079199706
0.9999880494991805
0.999988136442405
0.9999885888862124
0.999988538679561
0.999988008778697
0.9999878568435336
0.9999882560322577
0.9999884517169435
0.9999880202402527
0.9999876561212376
0.9999879637658934
0.9999883369666352
0.9999881179610115
0.9999876602390434
0.9999876854775275
0.9999880987036228
0.9999880679544872
0.9999876090929198
0.9999874472014719
0.9999878236311779
0.9999880184343308
0.9999876213578822
0.9999872447679565
0.9999874469663158
0.9999877738811234
0.9999875479536485
0.9999871082400941
0.9999871315118449
0.9999875421252576
0.9999875276493074
0.9999870717693119
0.9999868814130363
0.999987202835981
0.9999873808830224
0.999987011834679
0.9999866358776411
0.9999868400641528
0.9999871721321811
0.9999869660374014
0.9999865198285881
0.9999864998356249
0.9999868890005927
0.99998689708846
0.9999864292544021
0.9999861856410717
0.9999864674623536
0.9999866832541999
0.9999863530053344
0.9999859966748716
0.9999861544837026
0.9999865275190131
0.9999863203608214
0.9999859001989423
0.9999858695713147
0.9999862662007554
0.9999862674277783
0.9999858457758182
0.9999855953115139
0.9999858481877665
0.9999860614479369
0.9999857251749613
0.9999853391530652
0.999985479081188
0.9999858697928994
0.9999857649845254
0.9999853531057242
0.9999852798142965
0.9999856393354337
0.999985727011297
0.9999853454556631
0.9999850712168147
0.9999853200855144
0.9999855997160303
0.9999853496762626
0.9999849286001861
0.9999850449941117
0.9999853680744428
0.9999852850501986
0.9999848863984793
0.9999847363752549
0.9999850884439987
0.9999851446156475
0.9999847874968364
0.9999845286029055
0.999984777967974
0.9999850186300977
0.9999848086986316
0.9999844696659794
0.9999845252055279
0.9999848124112687
0.9999847458592153
0.9999843214646812
0.9999842083812794
0.9999845324804123
0.9999846575166723
0.9999843240904255
0.9999840384123523
0.9999842103288332
0.9999844960400353
0.9999842491870535
0.999983865717001
0.9999839032616327
0.9999842328324648
0.9999841928188016
0.9999837768932872
0.9999836117795583
0.9999838912162081
0.9999840727423754
0.9999837626948795
0.9999834456329867
0.9999835866311414
0.9999838873051066
0.9999837315817105
0.9999834194467333
0.9999834344992141
0.9999837245708271
0.9999837086044654
0.9999832860343331
0.9999831388938465
0.9999833747548934
0.99998353780324
0.9999832119773895
0.9999829074383259
0.9999830085766588
0.9999832552095018
0.9999830740924874
0.9999826667234035
0.9999826878613037
0.9999829400710483
0.9999828816210917
0.9999824958618788
0.9999823407327171
0.9999825851097779
0.9999827467310017
0.9999824773590342
0.9999821699985629
0.9999822910490757
0.999982538335878
0.9999823711251842
0.9999820205357549
0.9999820013707608
0.9999822995497258
0.9999822961500088
0.999981927717121
0.9999817549133602
0.99998199555648
0.9999821687420214
0.9999819299711554
0.9999816199514634
0.9999817333990813
0.9999819535834412
0.9999817973379732
0.9999813883917714
0.9999813479137084
0.9999816618327025
0.9999816787006583
0.9999813364372039
0.999981183727022
0.9999814308782321
0.9999816603107343
0.9999814225497671
0.9999810927890183
0.9999812017713752
0.9999814762530603
0.9999813478447657
0.9999809108656883
0.9999808972841753
0.9999811638097057
0.9999812569279803
0.9999809085783774
0.9999806871826896
0.9999809088924848
0.999981058123692
0.9999808368865546
0.9999805240260197
0.9999805626851865
0.9999808185891016
0.9999807169405526
0.9999803198949826
0.9999803047876309
0.9999805708488063
0.9999806405081476
0.9999803674334686
0.9999801133435204
0.9999803344174936
0.9999804842517968
0.9999802959500494
0.9999799755896841
0.999980069134644
0.9999802964306326
0.9999802549841315
0.9999799174499756
0.9999798398901109
0.9999801332164105
0.9999801987496698
0.99997986533985
0.9999795998881282
0.9999797470844665
0.9999798990598325
0.9999797284711706
0.9999793917881725
0.9999794775937957
0.9999797071667629
0.9999796115474541
0.999979304771309
0.9999792374460891
0.9999794699619742
0.999979595308781
0.9999793242043301
0.9999790901720468
0.9999792229408762
0.9999794099191465
0.9999792834494117
0.9999789684807625
0.9999789724218384
0.9999792293285541
0.999979208635107
0.9999789320438502
0.999978812221716
0.9999790096345371
0.9999790618927614
0.9999787763436082
0.9999785547578987
0.9999787137988874
0.9999788153903877
0.9999786584864394
0.9999783276744801
0.9999783141768291
0.9999785363733552
0.9999785284342361
0.9999781662476256
0.9999780252776508
0.9999782420366424
0.9999783792837403
0.9999780879930004
0.9999778398407874
0.9999779334331225
0.9999781306391007
0.9999779988683064
0.9999777094268812
0.9999776751116464
0.9999778515178811
0.9999778659805499
0.9999776100832741
0.9999774797198884
0.9999776403943589
