0.9999848655464841
0.9999843020514256
0.9999826686511569
0.999980062894271
0.9999765623795195
0.9999722629400781
0.9999673421576741
0.9999619509125239
0.9999562423779759
0.999950461102314
0.9999447547082413
0.999939278162673
0.9999341935606196
0.9999296560980218
0.9999258572169526
0.9999228662546252
0.9999206528749817
0.9999194026614561
0.9999191696660861
0.9999199185881498
0.9999215227285122
0.9999239629657387
0.9999271814930558
0.9999309764649091
0.9999350912437897
0.9999394184541173
0.9999437646767959
0.999947938254964
0.9999517741811338
0.9999551063037757
0.9999578107232807
0.9999597823539667
0.9999609484579577
0.9999612508653214
0.9999606654531631
0.9999592865098461
0.9999571474875231
0.9999542335446192
0.9999507212885685
0.9999467191897334
0.9999424146743978
0.9999378218569062
0.9999331569080222
0.9999286167134365
0.9999242846363027
0.9999203243112534
0.9999168569820401
0.9999139723334252
0.99991173733219
0.9999102204680802
0.9999093486649918
0.9999091408931777
0.9999095545356375
0.9999105410768342
0.9999120619363763
0.9999139758230843
0.9999162724461818
0.9999188876769434
0.999921680446376
0.999924555424684
0.9999273452373535
0.9999299328072558
0.9999322183410869
0.9999341736867474
0.9999357440570008
0.999936901180317
0.9999375197399543
0.9999375717245945
0.9999370587368231
0.9999359985418219
0.9999343659556593
0.9999321558906389
0.9999294924421253
0.9999265264182718
0.9999233241115869
0.9999199356254379
0.9999164833617248
0.9999130430582628
0.9999096713996233
0.9999065410733062
0.9999037984654262
0.9999014830906215
0.9998996330149763
0.9998982757768063
0.9998975334462594
0.9998973596755346
0.9998976325431043
0.9998983808514224
0.9998996395376762
0.9999012386467424
0.9999031553674594
0.9999053064662425
0.9999075682771913
0.999909780679779
0.9999118667975615
0.9999137624874269
0.9999154020315876
0.9999167135351089
0.9999176504348398
0.9999181463556766
0.9999181520352687
0.9999177339949104
0.9999168788441387
0.9999156573076002
0.9999140307532834
0.9999120451374888
0.9999097840350117
0.9999073247448861
0.9999047471841036
0.9999021374149449
0.999899490079262
0.999896871958066
0.9998943566813716
0.9998920969264197
0.9998901518484188
0.9998885524379778
0.9998872826207342
0.9998863677302593
0.9998858789730554
0.9998857047839782
0.9998859365275851
0.9998865968862344
0.9998876081263214
0.9998888414463323
0.999890266172847
0.9998918661748208
0.9998935838048125
0.9998953036890689
0.9998968880400712
0.9998982347414547
0.9998993409681725
0.9999000869412715
0.9999004391698175
0.9999003475617627
0.9998998306929424
0.9998988846636204
0.9998975738043576
0.9998959120529133
0.9998939579291048
0.9998918204862444
0.9998895162822828
0.9998871375498665
0.9998846800985344
0.9998821981874382
0.9998797434511606
0.9998773825645322
0.9998751691023877
0.9998731198130725
0.9998712601194317
0.9998697231657312
0.9998685289872624
0.9998677131252316
0.9998672889216971
0.9998673066132233
0.9998676987088462
0.999868498911844
0.9998696932126391
0.999871091407629
0.9998726864995154
0.9998744063331878
0.999876116768119
0.9998777316493156
0.9998791272332963
0.9998802195807031
0.9998810350201323
0.9998815373369456
0.9998816501234343
0.999881362582515
0.9998807901667647
0.9998798391182967
0.9998785852909249
0.999877018121628
0.9998751667201343
0.9998731650955974
0.99987098813064
0.9998687528988662
0.9998664864019571
0.9998643151813146
0.9998623028272574
0.9998604713660328
0.9998588328899095
0.9998574001877688
0.9998562357928511
0.99985532598441
0.999854656701732
0.999854255560871
0.9998542572353479
0.9998545891060122
0.999855188274208
0.9998560096728512
0.9998570535323815
0.9998582408432275
0.999859507066193
0.9998606807154752
0.9998617453110349
0.9998625968687304
0.999863127815262
0.9998633501259985
0.9998632290509069
0.9998627970224988
0.9998620703895734
0.999861066521741
0.9998599205111838
0.9998585847104184
0.9998571472735535
0.9998555179023798
0.9998538264445561
0.9998520931768121
0.9998503789159295
0.9998487228323784
0.9998471564131415
0.9998456483208347
0.9998442481084964
0.9998429358378684
0.9998418695858315
0.9998410479132147
0.9998404340417855
0.9998400718263992
0.9998399503403078
0.9998399934065074
0.9998401870789262
0.9998405451992887
0.9998410478155972
0.9998416180713651
0.9998421331013144
0.9998425158124893
0.9998427565218727
0.9998428860223225
0.999842798189113
0.9998425743872351
0.9998422395806337
0.9998418204672307
0.9998411633060319
0.9998402778503834
0.999839163317057
0.9998379430210073
0.999836657133088
0.9998353159905421
0.999833961848247
0.9998325760711505
0.9998312034356432
0.9998299558032926
0.9998288765192623
0.9998279512133681
0.9998271994606991
0.999826543807815
0.9998260716881059
0.9998258316809707
0.9998258334696006
0.9998258960491476
0.9998259489388345
0.9998259346462975
0.999825837576341
0.9998257659862441
0.9998257302149927
0.999825742176044
0.9998257677732099
0.999825801590401
0.9998259042697295
0.9998259761377684
0.9998259813993419
0.9998258800586806
0.9998256802703985
0.9998253575674535
0.9998249474551724
0.9998244566768608
0.9998237350280113
0.9998228392633789
0.9998218704782871
0.9998208329411997
0.9998198384179394
0.9998189252733204
0.9998181100887659
0.9998173682610997
0.9998166883424027
0.99981609025725
0.9998156195116472
0.9998152001942562
0.9998148737508312
0.9998145697356682
0.9998143359013505
0.9998140972784902
0.9998138915248695
0.9998136808842546
0.9998134641862357
0.999813232359261
0.9998130239552302
0.9998128189987432
0.9998126027458564
0.9998123513241258
0.9998121045004115
0.9998119357126153
0.9998118724037709
0.9998118420706454
0.999811810144217
0.9998117447750784
0.9998116314690182
0.9998114230800816
0.9998110393059804
0.9998104541298399
0.9998096928013646
0.9998087607788089
0.9998076672524292
0.9998064681911176
0.9998052760794057
0.9998040795366375
0.9998028346051984
0.999801512619488
0.9998001385155803
0.999798739683432
0.9997973953988478
0.9997961124753006
0.9997950554296484
0.9997942420890072
0.9997935516297627
0.999793041198709
0.9997927272492831
0.9997924435118682
0.99979218716465
0.9997919717170265
0.9997919168240755
0.9997919816628079
0.9997922081339373
0.9997925447852698
0.999793037159303
0.9997935670918165
0.9997941127733315
0.9997945245147434
0.9997947201233225
0.9997946308578618
0.9997942871360866
0.9997938065964287
0.9997931942945885
0.9997924516618418
0.9997915811663566
0.9997906354263951
0.9997897374173932
0.999788900947132
0.9997879370280484
0.9997867817222917
0.9997855259950015
0.9997840278849249
0.9997824251983422
0.9997808568049017
0.9997793953605387
0.9997780769183241
0.9997770641614887
0.9997762706173746
0.9997757253298968
0.9997754988138439
0.9997754196215964
0.9997754570149834
0.9997756327597478
0.9997758210614263
0.9997760668784678
0.9997762312333086
0.9997763445006427
0.9997765074485582
0.999776674049345
0.999776778478935
0.9997768076345503
0.9997768325754609
0.9997768714100435
0.9997767613572179
0.9997765305040728
0.9997761365431371
0.9997754548979629
0.9997745683383638
0.9997734409150689
0.9997721626535504
0.9997708048004607
0.9997695415106465
0.9997682986270727
0.9997670129807352
0.9997658247380707
0.9997647661138918
0.9997637385827396
0.9997627832745588
0.9997620031399898
0.999761301257775
0.9997607289413415
0.9997602488175138
0.9997599067327422
0.9997597290159312
0.9997596284484315
0.9997595268998305
0.9997595128861022
0.999759520922689
0.9997594951971719
0.9997594187841556
0.9997593242719705
0.9997592955129387
0.9997593598594114
0.9997593894549999
0.999759299663109
0.9997590827215596
0.9997586975716467
0.9997581410854517
0.9997574403915863
0.9997566844401542
0.9997557916160571
0.9997547876144217
0.999753647835361
0.9997524426351758
0.9997511830165545
0.9997499617641887
0.9997487149788261
0.9997475575453723
0.9997465728970318
0.9997456514920697
0.9997447517208857
0.9997438746856692
0.9997431443264803
0.9997425761746158
0.9997420653655951
0.9997415824283371
0.9997409912718165
0.9997403730123079
0.9997396740390112
0.9997390457462967
0.999738610948505
0.9997383309504468
0.9997381576263831
0.9997379779374788
0.9997377809085896
0.9997376165658431
0.9997374480889762
0.9997372096850256
0.9997368866629076
0.9997365572088783
0.999736223386199
0.999735778744217
0.9997352789469903
0.9997347865088108
0.9997344417990134
0.9997341797302316
0.9997338988018393
0.99973354612387
0.9997331100335455
0.9997326119576063
0.999731944167204
0.9997310885240952
0.9997302392957252
0.9997294850577502
0.9997288763442226
0.9997283664482138
0.9997278024617503
0.999727282198185
0.9997268706494278
0.9997266304666218
0.9997265573893814
0.99972661561187
0.9997267172251582
0.9997267754293975
0.9997267767932159
0.9997267068983184
0.9997264558322009
0.9997261132071067
0.9997257068208345
0.9997251810436097
0.9997245603482308
0.9997239404448979
0.9997233895617096
0.9997227809206801
0.9997220984859666
0.9997212767176211
0.9997203118515777
0.9997193921528699
0.9997186113191957
0.9997177481613148
0.9997168717659753
0.9997161615780067
0.9997154910000567
0.9997148154413866
0.9997140949285499
0.999713435408092
0.9997127765851677
0.9997121690379729
0.9997116252651399
0.9997111930059941
0.9997108761721971
0.9997106762947447
0.999710476375645
0.9997102612392482
0.9997100333603256
0.999709890926115
0.9997098904406685
0.9997099413697419
0.9997098632719308
0.9997096978819683
0.999709495897573
0.9997092500792707
0.9997088495244236
0.9997084030113573
0.9997079067126545
0.99970739140389
0.9997068100601654
0.999706142159637
0.9997054208237646
0.9997048121410467
