0.9999999335603877
0.9999996757935873
0.9999999023790884
0.9999997206313173
0.9999998302771366
0.9999997951634638
0.9999997433151667
0.9999998624200138
0.9999996774978726
0.999999897195046
0.9999996527743426
0.9999998889651038
0.9999996744963192
0.9999998419306538
0.9999997310599275
0.9999997690915066
0.999999799422654
0.9999996954628043
0.9999998509770244
0.9999996499823434
0.99999986922596
0.9999996486873721
0.9999998431391165
0.9999996858886775
0.9999997862596183
0.9999997456139713
0.9999997157858099
0.9999998019837237
0.9999996589174828
0.9999998359845477
0.9999996402862008
0.999999832143069
0.9999996599740105
0.9999997884304733
0.9999997042358947
0.9999997261317525
0.9999997539304827
0.9999996651752278
0.9999997967072467
0.9999996287246653
0.999999811546795
0.9999996293353455
0.9999997875428448
0.9999996628615353
0.9999997288240017
0.9999997132085364
0.999999664352366
0.9999997589845843
0.9999996219048276
0.999999782922068
0.9999996104070211
0.9999997728993545
0.9999996291160096
0.9999997300777971
0.9999996715153971
0.9999996703166464
0.9999997204901114
0.9999996217921631
0.9999997487941683
0.9999995919490774
0.9999997507888038
0.9999995973824783
0.9999997237887972
0.9999996319749151
0.9999996724035968
0.9999996785226043
0.9999996186819158
0.9999997183000464
0.9999995853882775
0.9999997289219232
0.999999575828249
0.9999997178901037
0.9999995973783358
0.9999996742880728
0.9999996357226185
0.9999996248377482
0.9999996693846711
0.9999995812358581
0.9999996946578099
0.9999995589519731
0.9999996937136292
0.9999995639581644
0.9999996636719007
0.9999995930292408
0.9999996236826456
0.9999996261652324
0.9999995748807055
0.9999996504278024
0.9999995499255
0.9999996622161111
0.9999995460052126
0.9999996493752519
0.9999995583618756
0.9999996180858866
0.999999584494458
0.9999995734637459
0.9999996126822764
0.9999995406947695
0.9999996368890798
0.9999995285371499
0.9999996355413459
0.9999995351461084
0.9999996052734702
0.9999995541848732
0.99999956470614
0.9999995811902163
0.9999995307449117
0.999999600891114
0.9999995148582741
0.999999608083593
0.9999995134103266
0.9999995961662296
0.999999524178066
0.9999995616176307
0.9999995409879817
0.9999995232223066
0.9999995588699289
0.9999995013419076
0.9999995786246063
0.9999994896422807
0.9999995799608395
0.9999994901055842
0.999999559500834
0.9999995070869147
0.9999995263018187
0.9999995246971993
0.9999994962518094
0.9999995450838999
0.999999476890607
0.9999995526632237
0.9999994698152435
0.9999995478288258
0.9999994796708107
0.9999995214617132
0.9999995018379094
0.9999994909536123
0.9999995229542671
0.9999994691589843
0.9999995366485692
0.9999994559309001
0.9999995300049107
0.9999994602807609
0.9999995114327965
0.9999994720845694
0.9999994868404682
0.9999994939563445
0.9999994589895438
0.9999995119546865
0.9999994401610675
0.9999995191704276
0.9999994341443292
0.9999995079842142
0.999999438348384
0.9999994804697145
0.9999994534080768
0.9999994542544912
0.9999994741955903
0.999999431743278
0.9999994887000975
0.9999994199420301
0.9999994848339893
0.9999994111074214
0.9999994622692534
0.9999994247896657
0.9999994400563023
0.99999944547299
0.9999994166789825
0.9999994553214473
0.9999994039107796
0.9999994565556253
0.9999993929041401
0.999999444299703
0.9999993913319088
0.9999994299360573
0.9999994070700652
0.9999994142858131
0.9999994215065606
0.9999993915605697
0.9999994275608761
0.999999375816471
0.9999994251715948
0.9999993683369128
0.9999994082068886
0.9999993729404355
0.9999993906741873
0.9999993943235591
0.9999993739913042
0.9999994072854695
0.9999993530352578
0.9999994058424316
0.9999993395831155
0.9999993893232878
0.999999344420813
0.9999993753838442
0.9999993632588543
0.9999993614182499
0.9999993797336554
0.9999993436376803
0.9999993761897518
0.9999993248880452
0.9999993658993244
0.9999993195833958
0.9999993593577243
0.9999993322235309
0.9999993459006865
0.9999993442353414
0.9999993361435068
0.9999993498769221
0.9999993149576333
0.9999993505822918
0.9999993054762457
0.9999993397626334
0.9999993123019798
0.9999993309431716
0.999999323105576
0.9999993188824599
0.9999993350370544
0.9999993039491172
0.9999993357256693
0.9999992932667475
0.999999321848041
0.9999992924621706
0.999999308134715
0.9999993024584878
0.9999993013398869
0.9999993113482943
0.9999992914551549
0.9999993089332806
0.9999992846170146
0.9999993044554898
0.9999992802176824
0.9999992945466882
0.9999992796024153
0.9999992795660537
0.9999992845398779
0.9999992668571701
0.9999992907544968
0.9999992659964996
0.9999992835929635
0.9999992551203875
0.9999992686846156
0.9999992580703169
0.9999992543596359
0.9999992627978621
0.9999992500078645
0.9999992671388032
0.9999992470181815
0.9999992630545771
0.9999992380113655
0.999999252600791
0.999999231320759
0.9999992342914727
0.9999992379581335
0.999999222391043
0.9999992466096584
0.9999992182037862
0.9999992443272351
0.9999992107351281
0.9999992287837883
0.9999992165467481
0.9999992236274768
0.9999992177196019
0.9999992030313704
0.9999992167547137
0.9999991914682309
0.9999992161601007
0.9999991852947367
0.9999992103757818
0.9999991943999758
0.9999992042825265
0.9999991933584874
0.9999991917662278
0.9999991911597831
0.9999991789861918
0.9999991884233683
0.9999991705358781
0.9999991867951092
0.9999991693548459
0.9999991880821054
0.9999991672303583
0.9999991826722266
0.9999991682625952
0.9999991651848452
0.9999991704364006
0.9999991458596408
0.9999991726209416
0.9999991424175041
0.9999991741541407
0.9999991406460421
0.9999991660072887
0.9999991472184556
0.999999156840849
0.999999154341655
0.9999991380591459
0.9999991509349373
0.9999991220872965
0.9999991484428475
0.9999991197019545
0.9999991458010211
0.9999991239236109
0.9999991357695422
0.9999991286224369
0.999999119630541
0.9999991255644443
0.9999991101926685
0.9999991186993583
0.999999111642246
0.9999991161273291
0.999999113000559
0.9999991156135468
0.9999991087655301
0.9999991046193943
0.9999991094353187
0.9999990935297243
0.9999991065646445
0.9999990885589118
0.9999991033572649
0.9999990819092707
0.9999991002681579
0.9999990811268823
0.9999990908880478
0.9999990877674818
0.9999990739284121
0.9999990886341394
0.9999990606363434
0.9999990856209532
0.9999990605135818
0.9999990828746591
0.9999990573246111
0.9999990685587841
0.9999990555011978
0.9999990555441653
0.9999990625326677
0.9999990393365455
0.9999990599854112
0.9999990277324745
0.9999990571310239
0.999999026404314
0.9999990564916454
0.9999990204028582
0.9999990420801131
0.999999023097764
0.9999990231774293
0.9999990257437339
0.9999990064327487
0.9999990322102834
0.9999989959147687
0.9999990298016612
0.9999989946055085
0.9999990215540082
0.9999989946998143
0.9999990039014515
0.9999989918997445
0.9999989879978214
0.9999989969055001
0.9999989796433579
0.9999990066954292
0.9999989724314753
0.9999989992053011
0.9999989726975596
0.9999989917504813
0.999998969252015
0.9999989784489132
0.9999989785412423
0.9999989652910622
0.999998984435454
0.9999989555945872
0.9999989879129455
0.9999989446780624
0.9999989794186371
0.9999989447642162
0.9999989618101655
0.9999989487878274
0.999998948132673
0.9999989613663036
0.9999989460844939
0.9999989671503062
0.9999989391637848
0.9999989613792823
0.9999989362681698
0.9999989488335621
0.9999989325347011
0.9999989406260636
0.9999989287132779
0.9999989320988044
0.9999989350667038
0.9999989193227073
0.9999989384486806
0.9999989150052353
0.9999989300202952
0.99999890537218
0.9999989232293768
0.9999989058165142
0.999998919243841
0.9999989115297714
0.99999890915724
0.9999989200928897
0.9999989019669436
0.9999989241011524
0.999998892754457
0.9999989187380514
0.9999988887238701
0.9999989089816945
0.9999988996517812
0.9999989024995731
0.999998903666067
0.9999988864103799
0.9999989061047078
0.9999988777075492
0.9999989024696512
0.9999988748466472
0.9999988986096713
0.9999988743416711
0.9999988829761655
0.9999988769381281
0.9999988675352757
0.9999988858794057
0.9999988589245933
0.999998878302478
0.9999988521772576
0.9999988740227558
0.9999988477078717
0.9999988611727054
0.9999988571028562
0.9999988595223516
0.9999988585616817
0.9999988428386367
0.9999988567284278
0.9999988429655979
0.9999988491937625
0.9999988426841128
0.9999988496317126
0.9999988408665827
0.9999988456419797
0.9999988427223464
0.999998836766733
0.999998836713092
0.9999988277176572
0.9999988404674092
0.9999988152242245
0.9999988441473938
0.9999988104974645
0.9999988388639546
0.9999988142366771
0.9999988234027047
0.9999988144411011
0.9999988117167681
0.9999988139175883
0.9999988009728902
0.9999988175406049
0.9999987974344939
0.9999988128700823
0.9999988012106863
0.9999988047889595
0.9999987903305779
0.999998797973475
0.9999987894050136
0.9999987814134447
0.9999987873581724
0.9999987781648629
0.9999987826830058
0.999998773179551
0.9999987792235377
0.9999987678974078
0.9999987660928796
0.9999987646668784
0.9999987613042637
0.9999987674077772
0.9999987584762131
0.9999987678960308
0.9999987551404744
0.9999987561658579
0.9999987453686047
0.9999987465808697
0.9999987446923303
0.9999987395837583
0.9999987443985753
0.9999987348447491
0.9999987466395827
0.9999987224833476
0.9999987485095639
0.9999987099226202
0.999998746746073
0.9999987158843331
0.9999987343472913
0.9999987206869835
0.9999987182589151
0.9999987298841402
0.9999987072643227
0.9999987269694462
0.9999987013283206
0.9999987179360093
0.9999987022362619
0.9999987064579022
0.9999987070039482
0.999998688211488
0.9999987134157011
0.9999986870986932
0.9999987086486988
0.9999986854698001
