0.9999999292526514
0.9999996468469546
0.9999998872611846
0.9999997276002512
0.9999997896864444
0.9999998272686206
0.9999996739156998
0.999999892531229
0.9999996201269281
0.9999998962562152
0.9999996511541203
0.9999998353581377
0.9999997432181222
0.9999997281699327
0.9999998265203071
0.999999635901928
0.9999998708198082
0.999999616963444
0.9999998536379433
0.9999996657235417
0.9999997756839166
0.999999750618822
0.9999996729965339
0.9999998221759542
0.9999996080986933
0.9999998449491854
0.9999996109760422
0.9999998038095599
0.9999996724985538
0.9999997171185425
0.999999751307744
0.9999996273942742
0.9999998091333261
0.9999995818045957
0.9999998112893108
0.999999605880025
0.9999997525082446
0.9999996806144641
0.9999996624801697
0.9999997544836846
0.9999995883703462
0.9999997915880371
0.9999995681538061
0.9999997673103498
0.9999996074726321
0.9999996985896616
0.9999996822239644
0.9999996176052287
0.9999997491355348
0.999999568007627
0.9999997623167519
0.9999995609874128
0.9999997266263454
0.9999996105428226
0.9999996539975231
0.999999680242461
0.9999995803922008
0.9999997304584379
0.9999995462128689
0.99999973379461
0.9999995636462159
0.9999996862541156
0.9999996126209443
0.9999996104510555
0.9999996765263888
0.9999995509324078
0.9999997118982552
0.9999995305082611
0.9999996977159087
0.9999995566045897
0.9999996409883589
0.9999996199669512
0.9999995648724508
0.9999996710767081
0.9999995117415688
0.9999996879479803
0.9999995133208975
0.9999996532482927
0.9999995550337258
0.9999995887951029
0.99999961662174
0.999999521901495
0.9999996536655619
0.9999994865236064
0.9999996542880217
0.9999995046420925
0.9999996103944025
0.9999995596833391
0.9999995414987851
0.999999610665467
0.9999994898555835
0.9999996323831422
0.999999478375026
0.9999996180314621
0.9999995123158435
0.9999995636041579
0.9999995622642213
0.9999995025238173
0.9999995970933332
0.9999994688105167
0.9999996065790355
0.9999994734786684
0.9999995734023734
0.9999995057282801
0.9999995187604621
0.9999995486962558
0.9999994661417664
0.9999995780008822
0.9999994446428749
0.9999995752633166
0.9999994625058345
0.9999995327956569
0.9999995027515584
0.9999994756284952
0.9999995354823795
0.9999994359840825
0.999999553248154
0.999999430551849
0.9999995366745407
0.9999994547626866
0.9999994955975063
0.999999493599439
0.9999994467404278
0.9999995272377286
0.9999994137650603
0.9999995269500346
0.9999994152628594
0.9999994950560932
0.999999450507961
0.9999994553242911
0.9999994838356645
0.9999994123916244
0.9999995049768822
0.9999993906136673
0.9999994955076273
0.9999994013559463
0.9999994652079734
0.9999994405569661
0.9999994253769783
0.999999471149223
0.9999993954697023
0.999999482368323
0.9999993832702362
0.9999994638569789
0.9999994020066266
0.9999994390785126
0.9999994298007876
0.9999993976951105
0.9999994517624735
0.9999993693959711
0.999999452875886
0.9999993655294348
0.9999994329227573
0.9999993859815488
0.99999939863646
0.9999994130354026
0.9999993605307188
0.9999994317276001
0.9999993384783479
0.9999994307060025
0.999999340843051
0.9999994090729745
0.999999372417087
0.9999993651444645
0.9999993954066613
0.9999993310739391
0.9999994077624951
0.9999993144008547
0.9999993932921621
0.9999993290886079
0.9999993664537093
0.9999993610649325
0.9999993316196328
0.9999993869875636
0.9999993004056351
0.9999993876691267
0.999999302266791
0.9999993699576349
0.9999993283047178
0.9999993349367248
0.9999993549595386
0.9999992972412397
0.9999993632895461
0.9999992801005873
0.9999993617226104
0.9999992950605134
0.9999993466573531
0.9999993221656732
0.9999993049417745
0.9999993414919676
0.9999992778309943
0.9999993496809896
0.9999992766224527
0.9999993383058559
0.9999992866585168
0.9999993124755175
0.9999993062696949
0.999999275422103
0.9999993295207101
0.9999992598247776
0.9999993214805712
0.9999992634748807
0.9999993085297557
0.9999992772137063
0.99999928208961
0.9999992924070945
0.9999992522214581
0.9999992993744092
0.9999992417376546
0.999999295944965
0.999999248656994
0.9999992709404045
0.9999992608332376
0.999999250415621
0.9999992676031346
0.9999992240557751
0.9999992742091677
0.9999992175041917
0.9999992602419857
0.9999992283879136
0.9999992322087413
0.9999992425551923
0.99999921490493
0.9999992512818199
0.9999991952002097
0.999999244965454
0.9999991974171566
0.9999992340883912
0.9999992119292463
0.9999992086706582
0.9999992199011235
0.9999991892286788
0.9999992200770176
0.9999991825058617
0.9999992210555062
0.999999180264272
0.9999992062913003
0.9999991859017878
0.9999991844739922
0.9999991968794051
0.9999991703734661
0.9999992072930997
0.9999991687352969
0.999999202212173
0.9999991717279718
0.9999991837557892
0.9999991723132304
0.9999991613577156
0.9999991778287388
0.9999991451666028
0.9999991759324335
0.9999991461734657
0.9999991726002302
0.9999991496064283
0.9999991499523257
0.9999991502405
0.9999991376187792
0.9999991556271535
0.9999991258365024
0.9999991528651612
0.9999991186168151
0.9999991412354848
0.9999991166188529
0.9999991273420699
0.9999991294133665
0.9999991148596767
0.9999991302405177
0.9999991032908918
0.9999991232562767
0.9999990989476338
0.9999991161795594
0.9999991049332242
0.9999991056577571
0.9999991072355214
0.9999990980010055
0.9999991045105672
0.9999990948110727
0.9999991032718231
0.9999990953735746
0.999999095871549
0.9999990900020771
0.9999990873386638
0.9999990849520177
0.9999990740428922
0.999999081337768
0.9999990648232561
0.999999080316696
0.9999990572400393
0.9999990732121276
0.9999990539034679
0.99999905272415
0.9999990511912622
0.9999990441757828
0.9999990469633335
0.9999990360228297
0.999999048327612
0.9999990318880264
0.9999990364652587
0.9999990363321029
0.9999990284042749
0.999999034528761
0.9999990303409081
0.9999990343558202
0.9999990287497762
0.9999990283557134
0.9999990235908155
0.9999990193137284
0.9999990118833918
0.9999990126850704
0.999999006941089
0.9999990137116034
0.9999990047230328
0.9999990101521832
0.9999990057382937
0.9999989998365229
0.9999989943663566
0.9999989940374429
0.9999989954892773
0.9999989868527471
0.9999989916747234
0.9999989804204109
0.9999989797688074
0.9999989726932849
0.9999989737255828
0.9999989705123215
0.9999989741617245
0.9999989730355272
0.9999989743087173
0.9999989643632248
0.9999989586336971
0.9999989567418123
0.9999989551528379
0.9999989558930142
0.9999989520489404
0.9999989568558232
0.9999989528475658
0.9999989437469217
0.9999989476266457
0.999998934324311
0.9999989387335103
0.999998926689898
0.9999989408425051
0.9999989280095636
0.9999989299239765
0.9999989284673902
0.9999989155852217
0.9999989248155238
0.9999989095578705
0.9999989176033706
0.9999989023246324
0.9999989129834367
0.9999989032746532
0.9999989038307048
0.999998899707602
0.9999988958337608
0.9999989004466466
0.9999988811360047
0.999998898427961
0.9999988809034916
0.999998892872217
0.9999988806727432
0.9999988827809744
0.9999988870558587
0.9999988764983004
0.9999988806053801
0.9999988674271928
0.9999988695366561
0.9999988625444307
0.9999988628101073
0.9999988681182249
0.9999988567701354
0.9999988606445376
0.9999988530108369
0.999998852396909
0.9999988522714419
0.9999988413776597
0.9999988479795465
0.9999988444088789
0.9999988343885521
0.9999988407056151
0.9999988236265112
0.9999988351531718
0.9999988251332784
0.9999988288731566
0.9999988094867708
0.9999988197036881
0.9999988125877572
0.9999988083265121
0.9999988146618313
0.9999988048000531
0.9999988176847409
0.9999987997638633
0.9999988025261516
0.9999988053361659
0.9999987986442394
0.9999987944919833
0.9999987851219515
0.9999987931546478
0.9999987841236936
0.9999987893910433
0.9999987749096209
0.9999987793069868
0.9999987703620203
0.9999987796093183
0.9999987628675836
0.9999987738250257
0.9999987669369513
0.9999987652894947
0.9999987699708598
0.9999987596218849
0.9999987672843791
0.9999987523295899
0.9999987572920293
0.9999987489904251
0.9999987530432602
0.9999987419720421
0.9999987440430518
0.9999987384100164
0.9999987334903392
0.9999987404099949
0.9999987246466826
0.9999987417892424
0.9999987191510128
0.9999987386066873
0.9999987265004806
0.9999987259358325
0.999998724924989
0.9999987081893489
0.9999987130522947
0.9999987002753006
0.9999987132863419
0.9999986992917217
0.9999987070358679
0.9999987043203215
0.9999986994022778
0.9999986975286864
0.9999986853142276
0.999998684631234
0.9999986863850737
0.99999868353588
0.9999986885542432
0.9999986745658778
0.9999986790909834
0.9999986643112222
0.9999986615655702
0.999998661466152
0.9999986539779441
0.9999986633469017
0.9999986488272922
0.9999986573969647
0.9999986438379914
0.9999986472399394
0.9999986412325348
0.9999986298667769
0.9999986425664772
0.9999986313369341
0.9999986488794892
0.9999986198336431
0.9999986428708997
0.9999986193072845
0.999998624037382
0.9999986248183134
0.9999986127826408
0.9999986333972785
0.9999986050524022
0.9999986314179631
0.999998603165969
0.9999986135864379
0.9999986113708145
0.9999985964562443
0.9999986092088229
0.9999985907762318
0.9999986054258431
0.9999985799800812
0.9999986058806664
0.9999985709282792
0.9999985862177357
0.9999985644710849
0.9999985691435779
0.9999985756213053
0.9999985612758252
0.9999985768032515
0.9999985488658945
0.9999985781620757
0.9999985445518537
0.9999985680199559
0.9999985489377049
0.9999985482191183
0.9999985524189664
0.9999985342329966
0.9999985654517969
0.9999985286236035
0.9999985644781556
0.9999985173805475
0.9999985505489583
0.9999985252647114
0.9999985291864815
0.9999985361087294
0.9999985125369512
0.9999985417926512
