0.9999998807613227
0.9999995194299993
0.999999530644928
0.9999998628245755
0.9999994826928096
0.9999995426735673
0.9999998375458791
0.9999994568870969
0.9999995595665201
0.9999998096325062
0.9999994341544858
0.9999995778439273
0.9999997808175859
0.9999994128123831
0.9999995921397254
0.9999997456997632
0.99999939719853
0.9999996071965769
0.9999997098470479
0.999999382822598
0.9999996153883578
0.999999681758441
0.999999370051561
0.9999996306648774
0.9999996492494954
0.9999993572692266
0.9999996325309075
0.9999996146156785
0.9999993477904358
0.999999636547808
0.9999995726158539
0.9999993400881998
0.9999996389289835
0.9999995371982969
0.9999993267030024
0.9999996359353548
0.9999995022056468
0.9999993306512351
0.9999996331539686
0.9999994699953708
0.9999993275060635
0.9999996263083019
0.9999994447302356
0.9999993285915728
0.9999996207102045
0.9999994157184081
0.9999993327472975
0.9999996070095467
0.9999993889515724
0.9999993323620934
0.9999995890699914
0.9999993653582513
0.9999993544311349
0.9999995706075854
0.9999993453853523
0.9999993561824816
0.9999995516777663
0.999999313673769
0.9999993611188938
0.9999995341930136
0.9999992944859772
0.9999993599230793
0.9999995058758625
0.9999992749442961
0.9999993662304246
0.9999994797847674
0.999999248461872
0.9999993663054564
0.999999453114744
0.9999992312502342
0.9999993706612221
0.9999994260077014
0.9999992226260479
0.9999993697610255
0.9999994086904902
0.9999992042217605
0.9999993711259503
0.9999993826799077
0.9999991822023345
0.9999993789282837
0.9999993576021377
0.9999991720834059
0.9999993782920605
0.9999993276187771
0.9999991633202353
0.999999375367652
0.9999992983275131
0.9999991659990846
0.9999993748296419
0.9999992773709074
0.9999991587988187
0.9999993622919978
0.9999992560730926
0.9999991600749921
0.999999342410149
0.9999992260866906
0.9999991595710505
0.9999993314020473
0.9999992031129621
0.9999991781779093
0.9999993118980126
0.9999991728340439
0.999999176453242
0.999999301557938
0.999999145310225
0.9999991662454053
0.999999281276446
0.9999991222597994
0.9999991718874363
0.9999992691630348
0.9999990945430656
0.9999991642506431
0.9999992535127009
0.9999990760208993
0.9999991619933074
0.9999992425180059
0.9999990724524244
0.9999991668232034
0.9999992331553229
0.9999990482481714
0.9999991612542846
0.9999992193229121
0.9999990352019863
0.9999991552864587
0.9999991839597168
0.9999990104710813
0.9999991474599492
0.9999991584740325
0.9999989892043547
0.999999129975385
0.9999991364442996
0.9999989777357062
0.9999991216244738
0.9999991101185856
0.9999989758252013
0.9999991140646619
0.9999990910707112
0.9999989607496033
0.9999991011741476
0.9999990664311152
0.999998959465651
0.9999990976009827
0.999999044805258
0.9999989584204736
0.9999990950654648
0.9999990240933181
0.9999989552417908
0.9999990940770802
0.9999989961414589
0.9999989448713955
0.9999990810649575
0.9999989748484763
0.9999989465479692
0.9999990683370465
0.9999989531170601
0.9999989447825042
0.9999990580693581
0.9999989218702786
0.9999989379901002
0.9999990386223617
0.999998906510704
0.9999989385677204
0.9999990235462844
0.9999988954130564
0.9999989348184929
0.9999990054299956
0.9999988839151037
0.9999989268371512
0.9999989789370733
0.9999988623405337
0.9999989290272668
0.9999989485449307
0.9999988505603005
0.9999989134134071
0.99999892451587
0.9999988438674171
0.9999989090273489
0.9999989004731445
0.999998831108927
0.9999989037897167
0.9999988807371218
0.9999988111196381
0.9999988814379762
0.9999988559781846
0.9999987956457632
0.9999988673497245
0.9999988385313634
0.9999987869236617
0.9999988588530963
0.999998819582298
0.999998778898246
0.9999988428901556
0.9999987848725065
0.999998773005875
0.9999988329585857
0.999998771566752
0.9999987697486606
0.9999988193839799
0.9999987531691238
0.9999987697417534
0.9999987955777944
0.9999987278035375
0.9999987484008785
0.9999987762702855
0.9999987164160662
0.9999987383801631
0.9999987565572652
0.9999987000244995
0.9999987261607844
0.9999987471367083
0.9999986939164941
0.9999987039889136
0.9999987334691562
0.9999986760347132
0.9999986910703099
0.9999987146689162
0.9999986637591594
0.9999986884776046
0.9999987010332669
0.9999986389378543
0.9999986808820736
0.999998691540942
0.9999986269324914
0.9999986856127149
0.9999986669130582
0.9999986201362066
0.9999986861385841
0.9999986453528857
0.9999986132318336
0.999998672369903
0.999998632548815
0.9999986147786092
0.9999986615906868
0.9999986218890767
0.99999860570403
0.9999986585512726
0.9999986143066824
0.9999986025071192
0.999998640304608
0.9999985926910744
0.9999985900620778
0.9999986259558565
0.9999985802853689
0.9999985749932605
0.9999986293752112
0.999998579052066
0.9999985757185261
0.9999986183601424
0.9999985663335166
0.9999985632451506
0.9999986016776414
0.9999985668116119
0.9999985555793243
0.999998592216551
0.9999985702382119
0.9999985488697496
0.9999985800579414
0.9999985584184771
0.9999985429782007
0.9999985782959226
0.9999985387033059
0.9999985381844794
0.9999985707337303
0.9999985147945114
0.9999985195730201
0.999998551197172
0.9999984978894766
0.999998519242997
0.9999985412921648
0.9999984817276801
0.9999985179359885
0.9999985292743478
0.9999984609485641
0.999998493250849
0.9999985066448641
0.9999984497857842
0.9999984829754852
0.9999984957404138
0.9999984339542892
0.999998474149868
0.9999984794453445
0.9999984262039111
0.9999984656146615
0.9999984513241911
0.9999984257087099
0.9999984590231288
0.9999984203457032
0.9999984283659542
0.9999984491417029
0.9999983984483963
0.9999984113286636
0.9999984327197146
0.999998385272356
0.9999983957397041
0.999998421503977
0.9999983642263471
0.9999983789470375
0.9999984037467152
0.9999983389486811
0.9999983673791127
0.9999983835245847
0.9999983243096758
0.9999983556750269
0.9999983638860197
0.9999983153323094
0.9999983456911968
0.9999983524113901
0.9999983123087449
0.9999983269536667
0.9999983279907732
0.9999983049567478
0.9999983117631814
0.9999983138910866
0.9999983059381847
0.99999829997892
0.9999983033994698
0.9999983016183002
0.9999982764280361
0.9999982947825579
0.9999982880771707
0.9999982609628179
0.9999982813773856
0.999998283746039
0.9999982598966195
0.999998264521982
0.999998261014336
0.999998253855417
0.9999982610802846
0.9999982581965167
0.9999982413409735
0.9999982485188631
0.9999982530059565
0.9999982278552395
0.9999982347569919
0.9999982361952755
0.9999982156394528
0.9999982316305255
0.9999982187333535
0.9999982054840764
0.9999982246523753
0.9999982052631247
0.9999982017380192
0.9999982047662271
0.9999981889939937
0.9999981877001279
0.9999981855397203
0.9999981733882201
0.9999981741382529
0.9999981708655451
0.9999981584258103
0.9999981541872927
0.9999981572383958
0.9999981462345506
0.9999981486188658
0.9999981457987869
0.9999981383565121
0.9999981286806693
0.9999981406968073
0.9999981194979768
0.9999981116577676
0.9999981269550124
0.9999981036673642
0.9999981087976101
0.9999981103770343
0.9999980907888639
0.9999980950938684
0.9999980914716223
0.9999980679347614
0.9999980897268609
0.9999980798802185
0.9999980527526372
0.9999980826909152
0.9999980731335646
0.9999980329894439
0.9999980679082108
0.9999980593338732
0.9999980368376741
0.9999980649675787
0.9999980397043068
0.9999980331617077
0.9999980520151731
0.9999980302971423
0.9999980378556284
0.9999980298055724
0.9999980132905905
0.9999980269403983
0.99999802423903
0.9999979917825564
0.9999980097956879
0.9999979951169635
0.9999979871653792
0.9999979970225678
0.9999979867675161
0.9999979892934467
0.9999979928607974
0.999997976079672
0.9999979759898793
0.9999979753307491
0.999997974448921
0.9999979659247868
0.9999979604780509
0.9999979504117855
0.9999979636408125
0.9999979518837788
0.9999979378078967
0.9999979448764778
0.9999979340384559
0.9999979364731918
0.9999979350081819
0.99999791058276
0.9999979267840556
0.9999979226612347
0.9999978964747964
0.9999979276071729
0.9999979027819762
0.9999978832593707
0.9999979237521217
0.9999978825207173
0.9999978698786108
0.9999978930551464
0.9999978717251067
0.9999978606293509
0.9999978833396826
0.9999978603062863
0.9999978482329305
0.9999978684893239
0.9999978530449629
0.9999978351377274
0.9999978606685208
0.9999978374241264
0.9999978181465432
0.9999978514563359
0.9999978102774538
0.9999978047321356
0.9999978500421904
0.9999977961105327
0.9999978041243345
0.9999978412021214
0.9999977753414995
0.9999978134675497
0.999997840768994
0.9999977666574886
0.999997796947997
0.9999978182245406
0.9999977592097715
0.9999977942043029
0.9999978062499937
0.9999977518594622
0.9999977911964307
0.9999977821280642
0.9999977513406859
0.999997788805124
0.9999977724331526
0.9999977531468573
0.9999977717111308
0.999997759943434
0.9999977362948919
0.9999977595495608
0.99999774966295
0.999997716461635
0.9999977378024134
0.9999977287322678
0.9999977065169051
0.9999977258576118
0.9999977234942256
0.999997693891401
0.9999977066199203
0.9999977253594823
0.9999976938586626
0.9999976967599808
0.9999976997993315
0.9999976753071657
0.9999976783577579
0.9999976909410301
0.9999976486510769
0.999997662411279
0.9999976698584194
0.9999976345399091
0.9999976483419967
0.9999976547083799
0.9999976158775387
0.9999976455586163
0.999997636265622
0.9999975942752775
0.999997629710395
0.9999976342873993
0.9999975864983125
0.9999976103561318
0.9999976188541674
0.9999975647494002
0.9999975994296908
0.9999976011159003
0.9999975626169882
0.9999975921354769
0.9999975798478197
0.999997547484427
0.9999975784451375
0.9999975566651073
0.9999975305651948
0.999997584114463
