0.9999916732869589
0.9999911764943272
0.9999896562265158
0.9999871856911813
0.9999839327164866
0.9999800942083241
0.9999758984144849
0.9999716114926227
0.9999674854919316
0.999963856949353
0.9999609350618078
0.9999588885024256
0.9999577790679901
0.9999575783096085
0.9999582295041973
0.9999596606112018
0.9999617501028162
0.9999643181018805
0.9999671704825854
0.9999701254468031
0.9999730333306903
0.9999757494895937
0.9999780911196552
0.99997992487507
0.9999811045767034
0.9999815493856204
0.9999811832408364
0.9999800076639686
0.9999780551785559
0.9999754523155409
0.9999723618166154
0.9999689663598221
0.9999654982925388
0.9999621959757412
0.9999592892896731
0.9999569396764428
0.9999553047127576
0.9999544573527053
0.9999543181632301
0.9999548943480839
0.9999560933504733
0.9999577893744361
0.9999598864480711
0.9999621990774413
0.9999645633770852
0.9999668216619986
0.9999688432925713
0.9999705111910732
0.999971776619264
0.9999725151697357
0.9999726503718458
0.9999721828918784
0.9999711124416514
0.9999694491284917
0.999967295426655
0.9999647037234928
0.9999618379770563
0.9999589237494084
0.9999561441245332
0.9999536814249642
0.9999516652689616
0.9999501608334684
0.9999492523518456
0.9999489616673278
0.9999492718460502
0.9999500514988018
0.9999512405835619
0.9999528395623477
0.9999546659061886
0.9999567088377537
0.9999587581011828
0.9999606499497811
0.9999622194588167
0.9999633524250918
0.9999639301753401
0.9999638814619105
0.9999631736362278
0.9999619126726056
0.9999601696201876
0.9999580996503121
0.9999558319303286
0.9999535353128475
0.9999513179130245
0.9999492888584495
0.9999476264207257
0.9999463862677185
0.9999455401525034
0.9999450977559106
0.9999450712317242
0.9999454027588581
0.9999460598605268
0.999947023893594
0.9999482746650935
0.9999496643864348
0.99995113842471
0.9999525255775817
0.9999537068320116
0.9999545767448593
0.9999550150184788
0.9999550167010031
0.9999545641544642
0.9999536949820519
0.9999524496432525
0.9999509403182955
0.9999493135500359
0.9999476624128897
0.9999460700450495
0.9999446593547126
0.9999434844244606
0.999942578668633
0.9999419952227739
0.9999417099852405
0.9999416778878754
0.9999418547213049
0.9999422402437556
0.9999428308403816
0.9999435205078658
0.9999442461545239
0.9999449508721193
0.9999456846276477
0.9999464002901828
0.9999470214437417
0.9999474821343317
0.9999476433543548
0.9999474674138789
0.9999469210736586
0.9999459720171325
0.9999446755474054
0.9999431566390894
0.9999415680775142
0.9999400728935403
0.9999387571109716
0.9999377207557623
0.9999369771700253
0.9999364893500918
0.9999361537253296
0.9999359594996085
0.9999358569267869
0.9999357987058775
0.999935807726439
0.99993591496819
0.9999361715162713
0.9999366002047004
0.9999371475860643
0.9999377833705836
0.9999384238232428
0.9999389975087695
0.9999394255280663
0.9999395873334073
0.9999394463260926
0.9999389969827917
0.9999383070868453
0.9999374142915896
0.999936349638702
0.9999352122691155
0.9999340238564051
0.9999329091259307
0.9999318617781693
0.9999309961854483
0.9999303758935408
0.999929954041682
0.9999297275847895
0.9999296923420818
0.9999297046654817
0.9999297543357584
0.9999297747408575
0.9999297679965575
0.9999297550378442
0.9999297729279851
0.9999298678255482
0.9999300194874282
0.9999302292207557
0.9999304083644314
0.9999305041109047
0.9999304389302194
0.9999302005360717
0.9999297565794218
0.9999291611241907
0.9999284301347514
0.999927593988173
0.9999267112743702
0.9999258622923032
0.9999250932198618
0.9999244156935957
0.9999238545851578
0.9999234427624949
0.9999231843974864
0.9999231127478034
0.999923170301993
0.9999234103840964
0.9999237324878681
0.9999240770452794
0.9999244137785619
0.9999246301130569
0.999924710721367
0.9999246996770143
0.9999245037910978
0.9999241956951394
0.9999239067912115
0.9999236511886076
0.9999233859558929
0.999923085976418
0.9999227784269099
0.9999224027305856
0.9999219193252769
0.9999213685949477
0.9999208122933934
0.9999202208642364
0.9999196303909644
0.9999190444811815
0.9999185234111478
0.9999180443383382
0.9999176708634987
0.9999173684560727
0.9999170872665701
0.9999168318444727
0.9999165916561191
0.9999163854928063
0.9999162156803032
0.9999160901732635
0.999915994235799
0.9999158934315188
0.9999158562255251
0.9999159101610059
0.9999159781727587
0.9999159840973331
0.9999158929549872
0.9999156375383415
0.9999152294764755
0.9999146464057987
0.9999138904346266
0.9999129547509493
0.9999119608343081
0.9999110568129803
0.9999103378036813
0.9999097826308903
0.9999093160741327
0.9999089055508287
0.9999085575633289
0.9999082485269625
0.9999079782745319
0.9999077723667537
0.9999075900864333
0.9999074788013156
0.9999075652432121
0.9999078960204911
0.9999084631772885
0.9999092093051422
0.999910000050308
0.9999106739507865
0.9999110964145143
0.9999112367112882
0.99991097833349
0.9999103733970104
0.9999094903913452
0.9999083442460472
0.9999070574139035
0.9999057270693045
0.999904467113054
0.9999032957593936
0.9999022712351538
0.999901436985444
0.9999007640813029
0.9999002377264721
0.9998998133551513
0.999899530856221
0.9998993736417882
0.9998993282216162
0.999899459629504
0.9998998149571782
0.9999003525912386
0.9999009993224177
0.9999017300706988
0.9999024926357243
0.9999031628966388
0.9999036509751026
0.9999038795474005
0.9999038847665123
0.9999036828965641
0.9999032262225339
0.9999025301272215
0.9999016967774411
0.9999007667938992
0.9998997803925651
0.9998986998171419
0.999897581875465
0.999896518815233
0.9998955355613652
0.9998946846253486
0.999894015694705
0.9998935574602008
0.9998933152043216
0.9998933512520367
0.9998935192511992
0.9998937931110993
0.9998941319168323
0.999894523989054
0.9998949636646335
0.9998953653343108
0.9998956045702063
0.9998957293711427
0.9998957108690429
0.9998955311150924
0.9998952402532779
0.9998948667418884
0.9998943974427988
0.9998938727425329
0.9998932900737214
0.999892704387971
0.9998921826803171
0.9998916300631144
0.9998910616401683
0.999890544666059
0.9998899859188325
0.9998894369034006
0.9998888974726124
0.9998884195884662
0.9998880003191102
0.9998877182231066
0.9998874724896514
0.9998872928609143
0.9998871744112845
0.9998871252315445
0.9998870971691923
0.9998870424534735
0.9998869531860889
0.9998867764108937
0.9998866578161076
0.9998865659420838
0.9998864252190081
0.9998863082247677
0.9998861539989868
0.9998860370566662
0.999885857478375
0.9998855792794251
0.999885204621981
0.9998847457548339
0.999884164832022
0.9998835726553317
0.9998829579453251
0.9998823390232296
0.9998818212772093
0.9998814111186509
0.9998810787745149
0.9998807318862016
0.9998803822508164
0.9998800629081371
0.9998797452150026
0.9998794000589188
0.9998791133035173
0.999878850646641
0.9998786816587999
0.9998785176458636
0.9998783251458636
0.9998781111604795
0.9998778806695257
0.9998776701068373
0.9998773645692789
0.9998769168454248
0.9998763846763065
0.9998758075327274
0.9998752626581799
0.9998747606664643
0.9998742618073547
0.999873800193061
0.999873308215876
0.999872812450197
0.9998723530382962
0.9998719558392717
0.9998715789641847
0.9998712712403174
0.9998709826125234
0.9998706458999724
0.9998704691345826
0.9998703130572123
0.9998700941656742
0.9998697872450611
0.9998693491491294
0.9998688465432735
0.9998683477997128
0.9998679514262766
0.9998677290354547
0.9998675930874164
0.9998674111050884
0.999867172254471
0.9998669022644944
0.9998665775135219
0.9998662091451185
0.9998657841091649
0.9998653755099258
0.9998650622305422
0.9998648751196992
0.9998646791688545
0.9998644988681329
0.9998643413854549
0.9998642057623204
0.9998640292674366
0.9998637482770633
0.9998633119483222
0.9998627521351428
0.9998621571172263
0.9998616036321971
0.9998611756339721
0.9998608660831358
0.9998607599813858
0.9998608933660952
0.9998611084404297
0.9998612944870292
0.9998614169250986
0.9998614878142814
0.99986132891602
0.9998609880715345
0.9998604209234484
0.9998597400419547
0.9998590526397851
0.9998583910517076
0.9998576935097637
0.9998569534912595
0.9998562228130539
0.9998555034538875
0.9998548648414072
0.9998542973516027
0.9998539104285692
0.999853724171751
0.9998536955393151
0.9998537512058984
0.9998538245217927
0.9998539881955285
0.9998541676965941
0.999854341520596
0.9998543918858954
0.9998543160186143
0.9998541437143788
0.9998539187083844
0.9998537148445363
0.999853433722449
0.9998531002337667
0.9998526898353033
0.9998522450925489
0.9998516997553516
0.9998511116894525
0.9998504125415723
0.9998495997934854
0.9998487535675379
0.9998479295797172
0.9998471097265585
0.9998463290826982
0.9998456156126374
0.9998450798436532
0.9998447762652347
0.9998445035657271
0.9998443290860491
0.9998442635866265
0.9998443048340891
0.999844277318268
0.9998441646613292
0.9998440536925012
0.9998438998071444
0.9998437787166905
0.9998436764817622
0.9998435682920135
0.9998434163875243
0.9998432827964083
0.9998432043519038
0.9998430602796382
0.9998428851695386
0.9998426394085488
0.9998423312798779
0.99984203234011
0.9998416263026164
0.9998410613436701
0.9998403794050259
0.99983968375257
0.9998389650940567
0.9998381916117011
0.9998375026376901
0.9998369742844727
0.9998366568091253
0.9998364497978381
0.999836336896674
0.999836308766185
0.9998362055652094
0.9998360719056989
0.9998359290817455
0.9998357618886388
0.999835623229602
0.9998355785114618
0.9998354921319205
0.9998354163413338
0.9998354047912851
0.9998353944583103
0.9998353754695368
0.9998354487262622
0.9998354940533016
0.9998354141076742
0.9998352365136023
0.9998349476129974
0.9998345505336149
0.999834097668382
0.9998335757773203
