0.9999999210512523
0.9999996269105684
0.9999998216732849
0.9999997755960977
0.9999996595248929
0.9999998923221974
0.9999995982172708
0.99999984591587
0.9999997150475
0.9999996897356963
0.9999998541416351
0.9999995884288772
0.9999998524808581
0.999999657389228
0.9999997266207963
0.9999998068073946
0.9999995952490321
0.999999848665879
0.9999996140137143
0.999999753832533
0.9999997561737385
0.9999996094858524
0.999999834808636
0.9999995765278604
0.9999997713735592
0.9999996938699288
0.9999996276020092
0.9999998093836585
0.9999995579738951
0.9999997859135322
0.9999996419259252
0.9999996552947253
0.9999997748459336
0.999999550952561
0.9999997921960224
0.9999995944923307
0.9999996843478968
0.9999997256402199
0.9999995596529122
0.9999997858003662
0.9999995609809332
0.999999709057805
0.9999996767583943
0.9999995714591224
0.9999997653156673
0.9999995290317198
0.9999997265056347
0.9999996312361864
0.9999995902912346
0.999999735531903
0.9999995153111463
0.9999997314824766
0.9999995828764767
0.9999996172634504
0.9999996981350724
0.9999995132820717
0.9999997253296191
0.9999995438902277
0.9999996401039527
0.9999996584586243
0.9999995241705961
0.9999997084899058
0.9999995167190339
0.999999657443698
0.999999608833012
0.9999995425108962
0.9999996853486011
0.999999491943677
0.9999996619614856
0.9999995695766826
0.9999995562103361
0.9999996594604763
0.9999994840905764
0.9999996610074409
0.9999995291791434
0.99999957420872
0.9999996242388792
0.9999994818616522
0.9999996542664953
0.999999496733479
0.9999995860691419
0.9999995926175888
0.9999994877496186
0.9999996399522415
0.9999994716669357
0.999999596684194
0.9999995562352724
0.9999994949114169
0.9999996168732337
0.9999994414547968
0.9999995900629066
0.9999995127281197
0.999999503175383
0.9999995914444281
0.9999994273085338
0.9999995871575956
0.9999994699138782
0.9999995217955189
0.9999995553100098
0.999999428664457
0.9999995783254495
0.9999994359981254
0.9999995356322707
0.999999517961924
0.9999994435243924
0.9999995613678864
0.999999415779882
0.9999995402125973
0.99999947824988
0.999999457468271
0.9999995346903264
0.9999993986660276
0.99999953422248
0.9999994428274369
0.9999994682683986
0.9999995022072905
0.9999993985796554
0.999999520243177
0.9999994122931801
0.999999477450325
0.9999994712993111
0.9999994017561217
0.9999995075050723
0.9999993853705973
0.999999478794006
0.999999438302586
0.999999402022464
0.999999482301247
0.999999369868257
0.9999994763938974
0.999999399316402
0.9999994093913545
0.9999994515912364
0.9999993571095656
0.9999994692363318
0.9999993740202314
0.999999421031602
0.9999994169159119
0.9999993528317334
0.9999994466601574
0.9999993520602486
0.9999994220533445
0.9999993856587231
0.9999993604907805
0.999999418075598
0.9999993277804688
0.9999994139332202
0.9999993585469116
0.9999993595385437
0.9999993966056762
0.9999993037638231
0.9999994116014375
0.999999317307467
0.9999993726178321
0.9999993687491345
0.9999992963041319
0.9999994000618897
0.999999295877571
0.9999993756411921
0.9999993366833898
0.9999993112279542
0.9999993765423065
0.9999992779988801
0.9999993764836368
0.9999993101360857
0.9999993100911561
0.9999993549283612
0.9999992624890074
0.9999993666196665
0.9999992851973956
0.9999993071995666
0.9999993307281062
0.9999992580914947
0.9999993555993157
0.9999992669336584
0.9999993143619242
0.9999993000529643
0.9999992568289531
0.999999330289072
0.9999992459217635
0.9999993100624576
0.9999992740281006
0.9999992564554321
0.9999993078975691
0.9999992401561953
0.9999993019220501
0.9999992571996139
0.9999992514477608
0.9999992836469322
0.9999992178671311
0.9999992888573915
0.9999992408586164
0.9999992587961952
0.9999992614824758
0.9999992178640087
0.9999992770882212
0.9999992213224659
0.9999992592399778
0.99999924919778
0.9999992115550219
0.9999992631382089
0.9999992058617341
0.9999992552361654
0.9999992202611803
0.9999992096712786
0.9999992412450783
0.9999991924461278
0.9999992482380229
0.9999992014366378
0.9999992146027158
0.999999220614058
0.9999991890045736
0.999999235538774
0.9999991905781833
0.9999992004653151
0.9999992029810375
0.9999991731899253
0.999999212039922
0.9999991792569508
0.9999991991346628
0.9999991831536339
0.9999991684265988
0.999999191129627
0.9999991631734032
0.9999991890885931
0.9999991680954778
0.99999915601358
0.999999179689947
0.9999991465518222
0.9999991731299702
0.9999991569379256
0.9999991468016606
0.9999991692912659
0.9999991303475947
0.9999991565768077
0.9999991371689008
0.9999991390685641
0.9999991513678127
0.9999991196620038
0.9999991428173735
0.9999991237915246
0.9999991244880975
0.9999991328388
0.9999991032471802
0.99999912304289
0.9999991053881068
0.999999110822177
0.9999991086834294
0.9999990941182736
0.9999991063272511
0.9999990868343012
0.9999991015835891
0.9999990905008223
0.9999990872969714
0.9999990910631086
0.9999990683440488
0.9999990842717749
0.999999062733432
0.9999990649541067
0.9999990761958162
0.9999990483693437
0.9999990698107305
0.9999990515581338
0.9999990467940915
0.999999069165097
0.9999990382865149
0.9999990585621834
0.999999036839104
0.9999990404151698
0.9999990455717951
0.999999025727305
0.9999990386028429
0.9999990215111694
0.9999990326831206
0.9999990299869598
0.9999990187704759
0.9999990328660846
0.9999990175934096
0.9999990260419634
0.9999990097980487
0.9999990141657275
0.9999990117993557
0.9999990013478544
0.9999990061892551
0.9999989908628286
0.9999990046659559
0.999998992734135
0.9999989924881989
0.9999989937998662
0.9999989781928739
0.9999989908581741
0.9999989752848123
0.9999989782887965
0.9999989763310907
0.9999989590462912
0.9999989821192864
0.9999989498770024
0.9999989646149473
0.9999989564176683
0.999998948975057
0.9999989614161507
0.9999989291160983
0.9999989534765524
0.9999989246336944
0.9999989297034946
0.9999989412723254
0.9999988988332205
0.9999989436896104
0.9999988979971022
0.9999989290894624
0.9999989121472419
0.9999988937957329
0.9999989142347238
0.9999988806100623
0.9999989187424915
0.9999988849474721
0.9999988865724142
0.9999988994627907
0.9999988611430192
0.9999989076111194
0.9999988744374758
0.9999988784746111
0.9999988870057431
0.9999988480255106
0.9999988931595647
0.9999988505384224
0.9999988706152704
0.9999988619353127
0.9999988392784852
0.9999988779800675
0.9999988398472205
0.999998862332523
0.9999988499163224
0.9999988377196474
0.9999988591860551
0.9999988260863025
0.9999988574362695
0.9999988248746327
0.9999988296931616
0.9999988342024538
0.9999988128452836
0.9999988459081006
0.9999988174846707
0.999998827304768
0.9999988200300748
0.9999987949765922
0.9999988302361037
0.9999987996616576
0.9999988037639395
0.999998802217024
0.9999987835780632
0.9999988203804929
0.9999987725885753
0.9999988009587397
0.999998782873335
0.9999987618984295
0.9999988067191052
0.9999987506508694
0.9999987916600728
0.9999987567171708
0.9999987495245602
0.999998772287855
0.9999987287495146
0.99999877513789
0.9999987345615521
0.9999987419359775
0.9999987556611335
0.9999987159767854
0.9999987619213829
0.9999987087788976
0.9999987407654959
0.999998736153223
0.9999987086604599
0.9999987488933108
0.9999986962192778
0.9999987334490207
0.9999987115315974
0.9999986899462857
0.9999987276158092
0.9999986764488301
0.9999987140060793
0.9999986889418763
0.9999986906458116
0.999998705725475
0.9999986594444633
0.9999987015869302
0.9999986620851237
0.99999868002186
0.9999986806336743
0.9999986576297681
0.9999986915073991
0.9999986489248203
0.9999986704261076
0.9999986661584134
0.9999986464687177
0.9999986734265709
0.999998634378415
0.9999986602582662
0.9999986385998918
0.9999986372671388
0.999998662489507
0.9999986217943828
0.9999986610989117
0.9999986224364035
0.9999986311532651
0.9999986376772214
0.999998613782635
0.9999986403379503
0.9999986073734841
0.999998623011867
0.999998612839794
0.9999985904666111
0.9999986341161328
0.9999985890024251
0.9999986230731861
0.9999986059068721
0.9999985813246008
0.9999986154801569
0.9999985781502575
0.999998607727747
0.9999985889983409
0.9999985798271567
0.999998601899992
0.9999985661315939
0.9999985932353168
0.9999985682627134
0.9999985742981938
0.9999985675801194
0.9999985583566602
0.9999985812069871
0.9999985439468572
0.9999985742538285
0.9999985525371121
0.9999985495727306
0.9999985738219153
0.9999985397319007
0.9999985764250571
0.9999985387009819
0.9999985461195449
0.9999985530967865
0.9999985144787843
0.9999985545713194
0.9999985095687146
0.9999985408418757
0.9999985204295485
0.999998508364425
0.9999985303851355
0.9999984837999608
0.99999852480136
0.9999984886807526
0.9999984915816396
0.9999985086028677
0.9999984723000104
0.9999985115962972
0.9999984628611784
0.999998496384016
0.9999984793287561
0.9999984589023333
0.9999984973824282
0.9999984395413937
0.9999984926732667
0.9999984597768649
0.9999984603209668
0.999998483725611
0.9999984449217612
0.9999984881949064
0.9999984426589478
0.9999984644028244
0.9999984642362352
0.9999984391308898
0.9999984787577014
0.9999984161692479
0.9999984644138336
0.9999984482108248
0.9999984202960661
0.9999984741231279
0.9999983948921148
0.9999984692531169
0.9999984193688588
0.9999984221630573
0.9999984486487578
0.9999983730990111
0.9999984487966419
0.9999983705612135
0.9999984170879298
0.9999984175293315
0.9999983606803374
0.9999984372023962
0.9999983480047896
0.9999984189348978
0.9999983879086313
0.9999983537427163
0.9999984215544689
0.9999983401189685
0.9999984041388498
0.9999983684528891
0.9999983490016245
0.9999983928441392
0.9999983164669017
0.9999984043004212
