0.9999996541109473
0.9999991721496282
0.9999983788687551
0.9999983953245788
0.9999991134417584
0.9999995748318902
0.9999990975599048
0.9999983539980429
0.99999834411732
0.9999990481338576
0.9999994836909251
0.9999990128132669
0.9999983207506359
0.9999983128434843
0.9999989977071672
0.9999993903689731
0.9999989373442796
0.9999982819873116
0.9999982717319231
0.999998930111279
0.9999993139976008
0.9999988752174644
0.999998232477486
0.9999982408154368
0.999998866650332
0.9999992281502523
0.999998791181364
0.9999981791430369
0.999998183572608
0.9999988050948756
0.9999991483679317
0.9999987287337246
0.9999981278372957
0.9999981405585378
0.9999987578071433
0.9999990673195932
0.9999986496928628
0.9999980861475001
0.9999981156002736
0.9999986867298483
0.9999989811505167
0.9999985941254915
0.9999980406013617
0.9999980585222287
0.9999986014952683
0.9999988871845108
0.9999985485224397
0.9999980217850551
0.9999980179944509
0.9999985509420518
0.9999988101866611
0.9999984795086116
0.9999979502808983
0.9999979727978123
0.9999984961164103
0.9999987387503019
0.99999839748567
0.9999979109987036
0.9999979104259531
0.9999984059680306
0.9999986397954507
0.9999983355731795
0.9999978907426701
0.9999978593447935
0.9999983261381166
0.9999985774786195
0.999998273285191
0.9999978134728876
0.9999978342389717
0.9999982953177732
0.9999985276269447
0.9999982153111704
0.9999977878315859
0.9999978372125825
0.9999982424768472
0.9999984361637221
0.9999981506487504
0.9999977501050649
0.9999977813569437
0.9999981648042859
0.9999983416703253
0.9999980856462234
0.9999977091826499
0.999997744748493
0.999998117304815
0.999998285391622
0.9999980593775796
0.9999976854684429
0.9999977079653968
0.9999980524396241
0.999998214602346
0.9999980071772021
0.9999976655704121
0.9999976464370223
0.9999979796577654
0.9999981527816633
0.999997975038657
0.9999976361377838
0.9999976093724331
0.9999979118909342
0.9999980666562246
0.9999978887104971
0.9999976163042894
0.9999976056246287
0.9999978771339563
0.9999980071182122
0.99999781855361
0.9999975554738727
0.9999975301642146
0.9999978103550196
0.9999979706732006
0.9999977985849786
0.9999975533224331
0.9999974742829415
0.999997726674731
0.999997896477957
0.9999977607591732
0.9999974990580096
0.9999974121557167
0.9999976896892273
0.999997845204116
0.999997721105918
0.9999974484735606
0.9999973642730673
0.9999976222079329
0.9999977557117009
0.9999976502781747
0.999997414213439
0.999997343572202
0.9999975418245733
0.9999976827939959
0.9999975829571873
0.9999973640224215
0.9999973072035582
0.9999974774330608
0.9999976301075161
0.9999975410247174
0.9999972915273773
0.9999972393477798
0.999997448595166
0.9999975732336949
0.9999974647189441
0.9999972579229339
0.9999971881146532
0.9999973625353953
0.9999975045631865
0.9999973908411101
0.9999972082200377
0.9999971348447222
0.9999973071953681
0.9999974390298005
0.99999732536783
0.9999971520994932
0.9999970685993532
0.9999972219855162
0.999997369543846
0.9999972685152919
0.9999971364082891
0.9999970655133952
0.9999971644005013
0.9999972713022394
0.9999972096280707
0.9999970939987752
0.9999970021085597
0.9999970794628276
0.9999972062376671
0.9999971394971
0.9999970214652223
0.9999969477633355
0.9999970445187315
0.9999971391247675
0.9999970569689136
0.9999969581280672
0.9999968877543848
0.99999696335155
0.9999970659281868
0.9999969920368089
0.999996912090036
0.999996823074766
0.9999968894767121
0.9999969801664967
0.9999969296143348
0.999996864659812
0.9999967700441
0.9999968248487048
0.9999969268652249
0.999996873167747
0.9999967884993014
0.9999967108468903
0.9999967312135902
0.9999968208993875
0.999996780520184
0.9999967201128074
0.9999966845399613
0.9999966890068741
0.9999967078975446
0.9999966999275539
0.9999966448188731
0.999996595897476
0.9999966252740877
0.9999966566388185
0.9999966692205481
0.9999966222300777
0.9999965249797585
0.9999965450691305
0.9999965877275181
0.9999965951923021
0.9999965474752996
0.999996485087607
0.9999965063215603
0.9999965131891615
0.9999965208693073
0.9999965160362408
0.9999964658478662
0.9999964576279299
0.9999964981911446
0.9999965097493116
0.9999964663404779
0.9999964018207207
0.9999964130762033
0.9999964645617265
0.9999964307924801
0.999996360881637
0.9999963473133618
0.9999963736082252
0.9999963928616682
0.9999963349007988
0.9999962748122938
0.9999962749475053
0.9999963082712863
0.9999963290931368
0.9999962850054133
0.9999962334827298
0.9999962281570449
0.9999962672526496
0.9999963056827178
0.9999962452821847
0.999996179968059
0.9999962032276946
0.9999962466984758
0.9999962436927153
0.999996134467051
0.9999961007403969
0.9999961037946037
0.9999961325090733
0.9999961905254989
0.999996126849622
0.9999960696142758
0.9999960748228683
0.9999961183219567
0.999996147352777
0.999996055616161
0.9999960064531747
0.9999960267486642
0.9999960558308327
0.9999961038971641
0.9999960085563541
0.999995940736828
0.9999959827645889
0.9999960245852236
0.9999960298965939
0.999995923394375
0.9999959010000432
0.9999959267418632
0.9999959726600817
0.9999959737114875
0.9999958393228494
0.9999958312551341
0.999995868774834
0.9999959237446672
0.9999959523376343
0.9999958065771529
0.9999957674167776
0.9999957995864152
0.9999958499046739
0.9999958859564653
0.9999957635637895
0.999995718937006
0.9999957244399175
0.9999957827572463
0.9999958213654816
0.9999957215345695
0.9999956733918556
0.9999956906989994
0.9999957430124135
0.9999957646985169
0.9999956527462458
0.9999955970442367
0.9999956273378998
0.999995731253803
0.9999957433673111
0.9999956076873256
0.9999955376696974
0.9999955539303664
0.9999956558428932
0.9999957018985647
0.9999955606539104
0.9999954901906237
0.9999954783993602
0.9999955641012904
0.9999956235158471
0.9999954836402563
0.9999953950588232
0.9999953911537358
0.999995497307332
0.9999955367383565
0.9999953592348221
0.9999952947012714
0.999995350656693
0.9999954712656698
0.9999954892418335
0.999995314462569
0.9999952474586838
0.9999953132332103
0.9999953940498019
0.9999953600573205
0.9999952048113419
0.9999951756282189
0.9999952354030913
0.9999952729149638
0.9999952222707709
0.9999951105063966
0.9999951305055725
0.9999951715506601
0.9999952011844462
0.9999951177570494
0.9999950300081569
0.9999950691110343
0.9999950841679357
0.9999951086755592
0.9999950379378418
0.9999949610216928
0.9999950323855349
0.9999951003695995
0.9999950920088571
0.9999950008668631
0.9999949063745677
0.9999949695434524
0.9999950410063511
0.9999950152694991
0.9999949080617869
0.9999948348909752
0.9999949054672903
0.9999949824922406
0.9999949570384805
0.9999948383813269
0.9999947687145715
0.9999948382444044
0.9999949234026851
0.9999949220715362
0.9999948495322183
0.9999947428727166
0.9999947536066733
0.999994860137598
0.9999948844659448
0.9999947669206143
0.9999946723870591
0.9999946955692084
0.9999948101813573
0.9999948221702963
0.9999947040784413
0.9999946250984271
0.9999945858624768
0.9999947130517699
0.9999947231515369
0.9999946540903242
0.9999945971242011
0.9999945373928568
0.9999946374452329
0.9999946386985195
0.9999945561411339
0.9999945145668414
0.9999944762361467
0.9999945681117383
0.9999945409569271
0.9999944321405608
0.9999944124982463
0.9999943998981675
0.9999944884156373
0.9999944694754935
0.9999944020745807
0.9999943588373371
0.9999943290244915
0.9999944056722515
0.9999944123770707
0.9999943440377296
0.9999942813592535
0.999994246935139
0.9999943009111628
0.999994312759243
0.9999942711927924
0.9999942269125841
0.9999941654055393
0.9999941636164863
0.9999941860874012
0.9999941813065727
0.9999941931712623
0.9999941729057413
0.9999941651887261
0.9999941451364919
0.9999941242650506
0.9999941546587446
0.999994107935557
0.999994074477639
0.9999940518484582
0.9999940348104054
0.9999940414766116
0.9999939811162634
0.9999939853229547
0.9999939533359252
0.999993914236341
0.9999939318075377
0.9999939057034066
0.9999939199307039
0.9999938859202772
0.9999938672472491
0.999993929617812
0.9999939167405987
0.999993862953396
0.9999938026229443
0.9999937874677479
0.9999938366834966
0.999993834893978
0.9999938084977719
0.999993748692785
0.9999936791522238
0.9999937373420946
0.9999937674116124
0.9999937316228672
0.9999936211210043
0.9999935719510087
0.9999936454289801
0.9999936733417423
0.9999936669824303
0.9999935781370763
0.9999935157660098
0.9999935839094124
0.9999935879244543
0.9999935970803701
0.9999934972363345
0.9999934405254963
0.999993528060105
0.9999935436117329
0.9999935322318344
0.9999934597424387
0.9999933596342357
0.9999933965644409
0.9999934525016079
0.9999934786326984
0.9999934255195992
0.9999932916884299
0.9999933308750073
0.9999933937091384
0.9999934220997461
0.999993390938892
0.9999932442300453
0.9999932522515446
0.9999933360062062
0.9999933697119125
0.9999933294648088
0.9999932068060976
0.9999931828273632
0.9999932686713886
0.9999933297816398
0.9999932739376034
0.9999931178303735
0.999993071433375
0.9999931725912101
0.9999933116373437
0.9999932981890595
0.9999931075138626
0.9999930088604481
0.9999931072066393
0.9999932259258134
0.9999932173697577
0.9999930427206907
0.9999929441515699
0.9999930666383049
0.9999932062196217
0.9999932014625851
0.9999930448704252
0.9999929478087766
0.999993008356641
0.9999930780409073
0.9999930656724286
0.9999929910008145
0.9999929537578691
0.9999929969445018
0.9999930453894406
0.9999930467990455
0.9999929805496436
0.9999929253930938
0.9999929373156922
0.999992983030988
0.9999929730892817
0.9999929135706083
0.9999928813056076
0.9999929063668967
0.9999929150034849
0.9999928549492492
