0.9999659863925889
0.9999654681712559
0.9999638429838087
0.9999611371084292
0.9999574536266109
0.9999528287634969
0.9999472939597701
0.9999409506408061
0.9999339012637876
0.9999262681985405
0.9999181669564821
0.9999097173779914
0.9999010883197291
0.9998923704535272
0.9998836251536418
0.9998750615608689
0.9998667081311016
0.9998586856402198
0.9998511428953899
0.9998442764907098
0.9998380965934346
0.9998327009095674
0.9998280978260797
0.9998242122965824
0.9998211754522589
0.999819012469645
0.9998176617728844
0.9998172010699979
0.9998175911676933
0.9998186621935732
0.9998203221744344
0.9998225434713629
0.999825204960579
0.9998283502449049
0.9998319522110142
0.9998358280630273
0.9998399813734187
0.9998443829994358
0.9998489444793762
0.9998534545249717
0.9998578436613718
0.9998621654209456
0.9998663510505307
0.999870234346428
0.999873859351749
0.9998771964831557
0.9998801850254493
0.9998826120076789
0.999884386205723
0.9998855273905412
0.9998860266244205
0.9998857986395557
0.9998847862340069
0.9998829777858425
0.9998804069401207
0.9998771609137276
0.9998733113884285
0.9998689254859986
0.9998639487778741
0.9998585268545134
0.9998527115660717
0.9998466871113094
0.999840571113626
0.9998343720037707
0.9998282582132325
0.9998223596260957
0.9998166801464298
0.9998113552337129
0.9998064909751407
0.9998020151484224
0.9997980323321176
0.9997945292889506
0.9997915876223258
0.9997891688474692
0.9997872947278894
0.9997859154980611
0.9997850971462742
0.9997846595843776
0.999784574788553
0.9997848557485811
0.9997855027548288
0.9997866010694972
0.9997879807938851
0.9997897376556931
0.999791692514025
0.9997939232455931
0.9997963709131492
0.9997988043255529
0.9998012870314337
0.9998037244051667
0.9998061115133018
0.9998084685991534
0.9998107197369644
0.9998128275340401
0.9998148354356985
0.9998165665546722
0.9998180554364473
0.9998192206498348
0.9998199724202298
0.9998201946855655
0.9998198615573561
0.9998190726765284
0.9998178476177695
0.9998161949301034
0.9998140729233876
0.9998114653754627
0.9998084943768508
0.9998051188703694
0.9998014221153816
0.9997973399508184
0.9997930959662131
0.9997887813070403
0.9997843125529354
0.9997798668344202
0.9997754057835346
0.9997709407032604
0.9997665139321116
0.9997622871593994
0.9997582639426752
0.9997545936593071
0.9997512947136211
0.9997484010000832
0.999745981827121
0.999743940058726
0.9997422085151841
0.9997407848473534
0.9997397361365048
0.999738979442068
0.9997384476648733
0.999738077212002
0.9997379395890521
0.9997380882691635
0.9997385105999747
0.9997390760317401
0.9997400276213487
0.9997412395282863
0.9997426289886076
0.9997441529743593
0.9997457231719379
0.9997472981988288
0.9997488596964841
0.9997504327559444
0.9997518867057834
0.9997531395587592
0.9997539973411843
0.9997545092279226
0.9997547462340983
0.9997546878938948
0.9997543252206215
0.9997537497597065
0.9997528498203674
0.9997516357176892
0.9997501161715505
0.9997482334498854
0.9997459631064115
0.9997432464633773
0.9997402145128899
0.9997370159560507
0.9997337663783515
0.9997304681404343
0.9997270298943012
0.9997236189833298
0.999720369082761
0.9997174293642692
0.999714724847752
0.9997121923039576
0.9997099509320124
0.9997079473844414
0.9997061731097509
0.9997045413178781
0.9997030743692907
0.9997016405225921
0.9997003297824082
0.9996991374577296
0.9996980138432976
0.9996970226322401
0.999696075606786
0.9996952045245333
0.9996942750451469
0.9996933472168777
0.9996926249023921
0.9996920449376759
0.9996915242140153
0.9996911832534154
0.99969104122756
0.999691079856303
0.9996914110917053
0.9996920073241342
0.9996927919621221
0.9996936873887243
0.9996946749284991
0.9996957315395517
0.9996966132472028
0.9996974593508446
0.9996982228082885
0.9996987989689592
0.9996990480737235
0.9996989875450728
0.9996984267304797
0.999697559260027
0.9996964362281878
0.9996949116131875
0.9996930704337915
0.9996911071262471
0.999688863644555
0.9996864247961615
0.9996838545560008
0.9996812637084243
0.9996786498788769
0.9996760771788838
0.9996734347900081
0.9996709147018586
0.9996686874651703
0.9996665351376209
0.9996645911637805
0.999662851804769
0.9996612445975588
0.9996597899800913
0.9996584441566211
0.9996571843584797
0.9996560847853555
0.9996550281100663
0.9996540236195075
0.9996530484087153
0.9996521179884451
0.9996513072352085
0.9996504821501084
0.9996496071157699
0.9996486521140213
0.9996477918978504
0.9996469503013818
0.9996461510879692
0.9996455062193969
0.9996449888658275
0.9996446112849358
0.9996443279017705
0.9996441655235774
0.9996441171886424
0.9996439368968582
0.9996436548318793
0.9996433209604132
0.9996429928261247
0.9996426610310616
0.9996421219519537
0.9996414387128201
0.9996405759097232
0.9996396017376046
0.9996384020929286
0.9996368910804727
0.9996351468385318
0.9996330391353695
0.9996307761760355
0.9996286070211379
0.9996266647532722
0.9996247182449426
0.9996227674216704
0.9996208499567371
0.9996190053158626
0.9996173341083624
0.999615847673466
0.9996145942657414
0.999613523032341
0.9996126311236345
0.9996117839341699
0.9996109608657993
0.9996102355720838
0.9996093881834659
0.9996085034209631
0.9996076623876637
0.9996068143050416
0.999605901513779
0.999604811591974
0.9996037212228257
0.9996026797628785
0.9996017202273434
0.9996008170921122
0.9996000038772342
0.999599283317456
0.999598567636351
0.9995979504173972
0.9995971060125217
0.9995960952449419
0.9995949106749304
0.99959376328779
0.9995927076588724
0.9995915364257457
0.9995902226429345
0.9995888642535712
0.9995874873626149
0.9995860355662539
0.9995844915637326
0.9995830114814288
0.9995815947152498
0.9995800292550823
0.9995785474738785
0.9995770452344478
0.9995754252953142
0.9995738136233406
0.999572359781284
0.9995711941226592
0.9995700978782374
0.9995691356707578
0.9995683686137401
0.9995677792685564
0.999567233376297
0.9995667930749274
0.9995662581839106
0.9995657468324988
0.9995653222681603
0.9995648633598375
0.9995643487283017
0.9995636344143858
0.9995627871231434
0.9995619546501553
0.9995611538822019
0.9995603448555526
0.9995594479004016
0.99955848507001
0.9995574051894162
0.9995562448600864
0.9995551023860214
0.9995540368465942
0.9995530958056391
0.999552046031432
0.9995509215106269
0.999549749349268
0.9995485086530924
0.9995472436923244
0.9995459302102806
0.9995445705218167
0.9995433789488078
0.9995422364265159
0.9995409803453936
0.9995395784817381
0.9995381912565903
0.9995367810427029
0.9995353802465602
0.9995340180178067
0.9995326318283215
0.9995313687054026
0.9995302613323169
0.999529258218982
0.9995285017012359
0.999527838397996
0.9995270803376685
0.999526304717643
0.9995256148521992
0.9995249595198785
0.9995242122633968
0.9995233891415106
0.9995226270257354
0.9995218560656303
0.9995211533557753
0.9995204108536473
0.9995197441064003
0.9995191505140348
0.9995184135309814
0.9995175295648556
0.9995165953318897
0.9995155434008397
0.9995144546036121
0.9995130135100265
0.9995114214408782
0.9995097025981573
0.9995077561876116
0.9995058274235415
0.9995037962577333
0.9995015617799762
0.99949913148301
0.9994965109799263
0.9994937429738691
0.9994907547752993
0.999487622648481
0.9994844596996639
0.9994814113871336
0.9994784115552109
0.9994755258644806
0.9994729217523952
0.9994706302831979
0.9994683729521825
0.999466150392566
0.9994640896147171
0.9994621605441215
0.999460418162884
0.9994588774119941
0.9994576886036238
0.9994568668784056
0.999456186042948
0.9994554821679031
0.9994547799623995
0.9994541619016026
0.9994537176166808
0.9994535563218045
0.999453578085599
0.9994536831356441
0.9994539082548088
0.9994544107383398
0.9994549787042717
0.9994555417274553
0.9994561100736765
0.9994568614867494
0.9994576395358024
0.9994584404997259
0.9994590819589476
0.9994596859579422
0.999460328943965
0.9994608948982475
0.9994614007464161
0.9994617052809703
0.9994618724598922
0.9994619073888895
0.9994616707647149
0.9994612561896878
0.9994607141472468
0.9994598332908634
0.9994587099088839
0.9994573202158549
0.9994557006385114
0.9994539398564919
0.9994521252388469
0.9994500838862362
0.999447925613578
0.9994454975811587
0.9994428553348913
0.9994401223729784
0.9994372961591921
0.9994343847290421
0.9994314084865057
0.9994283653200978
0.9994253410112597
0.9994223855979121
0.999419428574122
0.9994164042645418
0.9994133993601485
0.9994103798745351
0.9994075864379809
0.9994049737567886
0.9994026869319016
0.9994006979614403
0.9993987520690808
0.9993968410899716
0.9993950751453095
0.9993936287639399
0.9993923733510537
0.9993914826074538
0.9993908915230094
0.9993905551781286
0.9993904933143201
0.9993905109589374
0.9993906577803845
0.9993909073763669
0.9993911354314413
0.9993913334987015
0.9993915667323472
0.999391992153773
0.9993925015738693
0.9993929746382241
0.999393345359995
0.9993934641712284
0.9993933574041864
0.9993932165710587
0.9993931296454553
0.9993930707864438
0.9993928006160469
0.9993923618537032
0.9993915616253579
0.9993905302693006
0.9993892739840162
0.9993877946817429
0.9993861031525358
0.9993840883462332
0.999381824011363
0.9993793540742723
0.9993767463178064
0.9993740756687088
0.9993715251600509
0.9993689483370864
0.9993658752087591
0.9993627228255887
0.9993595731018744
0.9993564223393118
0.9993532342491406
0.9993501000578564
0.999347111341457
0.9993440175131962
0.9993410237881192
0.9993381725525868
0.9993354586077013
0.9993327938011208
0.9993303502905422
0.9993280423626936
0.9993259640993656
0.9993242979372893
0.9993229315422554
0.9993217027098438
0.999320763710804
0.9993200823456195
0.9993196241258798
0.9993194390462989
0.9993196000668018
