0.999999694577376
0.9999992267178333
0.9999985632388101
0.9999986277507166
0.9999993378521259
0.9999995882715489
0.99999899606198
0.9999984736626735
0.9999987373406664
0.9999994052812984
0.9999994385142771
0.9999987830517034
0.9999984477239015
0.9999988522764739
0.9999994273519208
0.9999992623025925
0.9999986249179064
0.9999984553692971
0.9999989658211544
0.9999994101722812
0.9999990711647578
0.9999984743590523
0.9999984880347711
0.999999063458526
0.999999328672618
0.9999988773165277
0.9999983838784254
0.9999985594949362
0.9999991296652828
0.9999992113245175
0.9999986721374332
0.9999983115846732
0.9999986611746708
0.999999168910089
0.999999049342152
0.9999984830692583
0.9999982879361385
0.9999987279869875
0.9999991330458275
0.9999988493855613
0.9999983391554476
0.9999983277674117
0.9999988145302712
0.9999990593423775
0.9999986604425452
0.9999982324622937
0.9999983776666019
0.9999988663246298
0.99999895869908
0.9999984869762344
0.9999981831451714
0.9999984417692148
0.999998885823334
0.9999988164332086
0.9999983351782398
0.999998152366782
0.9999984940640537
0.9999988532099497
0.9999986645878
0.9999982262153321
0.9999981408640213
0.9999985203576799
0.9999987764903806
0.9999984950767719
0.9999981371861272
0.9999981577327444
0.9999985605297663
0.9999986988296247
0.9999983261264459
0.9999980234610518
0.9999981545065654
0.9999985732137615
0.9999985846979863
0.9999981946848728
0.9999979759562573
0.999998199496425
0.9999985708950772
0.9999984736696983
0.9999980933554856
0.9999979362573129
0.9999982659931863
0.9999985615096763
0.9999983415554733
0.9999979909312848
0.9999979451414721
0.9999983058981945
0.9999984813432164
0.999998185538255
0.9999978813504876
0.9999979422092388
0.9999983120087593
0.9999983925372335
0.9999980515720904
0.999997805132314
0.9999979892947994
0.9999983351056058
0.9999982906957264
0.9999979391742845
0.9999977898195102
0.9999980378269586
0.9999982996377463
0.9999981549316223
0.9999978278733616
0.9999977736816172
0.9999980544631243
0.9999982383079067
0.9999980199042104
0.9999977302826824
0.999997793918164
0.9999981026373664
0.9999981794041681
0.9999978961447444
0.9999976695339916
0.999997811276721
0.9999980980480155
0.9999981008588554
0.999997770419066
0.9999976214371139
0.9999978196293053
0.9999980840047374
0.9999979839308663
0.9999976516324051
0.9999975652318389
0.9999978090113728
0.9999980495174563
0.9999978430484159
0.999997530984151
0.9999975456591617
0.9999978146651921
0.9999979647002296
0.9999977202448435
0.9999974624731977
0.9999975382148082
0.999997800779855
0.9999978818776736
0.9999976031137133
0.9999974069856808
0.9999975229319824
0.9999977814832696
0.9999977812158244
0.9999974438065992
0.9999973235551471
0.9999975231395388
0.9999977639417544
0.9999976433375233
0.9999972987964769
0.9999972765625473
0.9999975339535777
0.9999977179398715
0.9999975432063982
0.9999972431605676
0.9999972998550324
0.9999975248421897
0.9999976158655465
0.9999973714258062
0.9999971656288126
0.9999972874862493
0.9999975185603605
0.9999975534258098
0.9999972701135128
0.9999971508938027
0.9999972854664728
0.9999975060949718
0.9999974419685236
0.9999971576997635
0.9999970966166397
0.9999973151960962
0.9999975113067102
0.999997343375734
0.9999970770186766
0.9999970926976759
0.9999973228731651
0.9999974381436569
0.9999971980971966
0.999997011819932
0.9999970975936059
0.9999973022987164
0.9999973463814957
0.9999971056150007
0.999996994654931
0.9999971208839008
0.9999972975296727
0.9999972589056567
0.9999970346245379
0.9999969635922453
0.9999971256156497
0.999997290002178
0.9999971634630311
0.9999969789599745
0.999996963566794
0.9999971367073884
0.9999972273756217
0.999997053473689
0.9999969252895967
0.9999969437694617
0.9999971196871464
0.9999971377028775
0.9999969575728963
0.9999968556915008
0.999996908059902
0.999997075729032
0.9999970618706381
0.999996883783419
0.9999967943988106
0.9999968891367275
0.9999970329517002
0.99999695595661
0.9999968053917667
0.999996760001453
0.9999969157009824
0.9999969817927732
0.9999968510441299
0.9999966990096578
0.9999967260018555
0.9999969115983461
0.9999969246256443
0.9999967684826515
0.9999966329262779
0.9999967079414276
0.9999968663783375
0.9999968618949636
0.9999966876470013
0.999996587778528
0.9999966862508662
0.9999967890326196
0.9999967573036237
0.9999966259710368
0.999996589781505
0.999996684312003
0.9999967112334414
0.9999966576880526
0.999996555771751
0.9999965566095426
0.9999966446919244
0.9999966543543526
0.999996572932951
0.999996503049134
0.9999965303656854
0.9999966192581614
0.9999965970135781
0.9999964825956279
0.9999964360824305
0.9999965175777034
0.9999965749721307
0.9999965436562284
0.9999964341531966
0.9999964114617376
0.9999965030933764
0.9999965183312658
0.9999964511400399
0.9999963485223605
0.9999963412527811
0.9999964555611588
0.9999964559907075
0.9999963541889322
0.999996282187272
0.9999963139958878
0.9999964094455009
0.9999963765466834
0.999996280821106
0.9999962419440364
0.9999962977966891
0.9999963725577966
0.9999963116680447
0.9999962436771214
0.9999962165936676
0.9999962764666304
0.9999963061090751
0.9999962051776012
0.9999961787267515
0.9999962006133333
0.9999962646945195
0.9999962554716696
0.9999961472884733
0.9999961362492661
0.9999961378709221
0.9999962139546998
0.9999961965572428
0.9999961433979773
0.9999961086743367
0.9999960984484982
0.9999961746938085
0.9999961130273379
0.9999960762107436
0.9999960442186522
0.9999960705221815
0.9999961136012179
0.9999960545717275
0.999996027700661
0.9999960071566943
0.9999960298305
0.9999960352605064
0.9999959748794379
0.9999959726568034
0.9999959577057671
0.9999959676583755
0.999995948732343
0.9999959084083672
0.9999959309258093
0.9999958963176435
0.9999958872571947
0.9999958743009091
0.9999958572176186
0.999995880655331
0.9999958638366057
0.9999958876370746
0.9999958369874448
0.9999957609397371
0.9999957662177339
0.999995776443454
0.999995814576091
0.9999957645557548
0.9999957684528553
0.99999577376861
0.9999957402346288
0.9999957477227329
0.9999957255809347
0.999995757649028
0.9999957284626829
0.9999956883645992
0.9999956820861293
0.9999957024708235
0.9999957238945313
0.9999956744534056
0.9999956520587338
0.9999956157356186
0.9999956159857559
0.9999955955731209
0.9999956053241592
0.9999955996164077
0.9999955844253439
0.9999955922439824
0.9999955636328548
0.9999955447894917
0.9999955294716263
0.9999955193612777
0.9999954980352924
0.9999955314367737
0.9999955270648553
0.9999955172000172
0.9999954879316459
0.9999954591991327
0.9999954652477656
0.999995460934761
0.9999954970546949
0.9999954641392551
0.9999954254870919
0.9999954332822171
0.9999954366752776
0.9999954485866607
0.9999954316785599
0.9999954034996026
0.9999953988208727
0.9999953834639065
0.9999953650639444
0.9999953865399376
0.9999953697382225
0.9999953454510748
0.9999953176255707
0.9999952865766802
0.9999953059610635
0.9999953036861547
0.999995284531215
0.9999952668785448
0.9999952446729122
0.9999952549991042
0.9999952513068925
0.999995214930354
0.9999952063301905
0.9999951760683036
0.9999952131318758
0.9999951726395453
0.9999951381613408
0.9999950920396198
0.999995101077958
0.9999951420760311
0.9999951006677148
0.9999950801876865
0.9999950489414173
0.9999950844083569
0.9999951079059629
0.999995055330973
0.9999950272491482
0.9999950061682472
0.9999950688989325
0.9999950480414616
0.9999949531476474
0.9999948989702867
0.9999949392617224
0.9999950257314171
0.9999949674273593
0.9999949099431363
0.9999948921214763
0.9999949183480628
0.9999949606272636
0.9999948872791028
0.9999948377745741
0.9999948197303457
0.9999948896588691
0.9999949054570383
0.9999947820635627
0.9999947490553315
0.9999947729296181
0.9999948556818463
0.9999948127458915
0.99999467850556
0.9999946846021063
0.9999947489622693
0.9999948515117523
0.9999947648532564
0.9999946232291025
0.999994605575687
0.9999947473824802
0.9999947913640511
0.9999946440063986
0.9999945250859552
0.9999945496848864
0.9999947144521474
0.9999947041197469
0.9999945456438954
0.9999944533168709
0.9999945536107469
0.999994702047467
0.9999946331895777
0.999994444663069
0.999994420213052
0.999994547695234
0.9999946396956929
0.9999945528063638
0.9999944042304092
0.9999944161917471
0.9999945394987095
0.9999945989137681
0.9999944754898581
0.9999943403972219
0.9999944000037652
0.9999945481572052
0.9999945546678586
0.9999944187760654
0.9999943280551007
0.9999944014007022
0.9999944836843256
0.9999944398399885
0.9999943095697392
0.9999942792710065
0.9999944000723426
0.9999944582797469
0.9999943501695586
0.9999942066708721
0.9999942219117645
0.9999943431719274
0.9999944079620069
0.999994297940379
0.9999941548044471
0.999994176489549
0.9999943242757175
0.9999943638807369
0.9999942080668158
0.9999941324367008
0.9999941757352526
0.9999942876059268
0.9999941990537664
0.9999940866870338
0.9999940801872994
0.9999941536060349
0.9999942496915363
0.9999941424232643
0.9999940625760171
0.9999940405237586
0.999994112247004
0.9999941835018633
0.9999940822118489
0.9999940135982185
0.9999940159531958
0.9999941037376643
0.9999941345348191
0.9999940183405286
0.9999939637786281
0.9999939560892374
0.9999940176368995
0.9999939903221526
0.999993941704197
0.9999939185612707
0.9999939316776499
0.9999939656457475
0.9999938779433257
0.9999938644328475
0.999993876506885
0.9999939170502913
0.9999939118133746
0.9999938407564736
0.9999938554357353
0.9999938519175424
0.9999938875044765
0.9999938340313776
0.999993786963817
0.9999937782532171
0.9999938113388381
0.999993825512903
0.9999937003973424
