0.9999995860280866
0.9999990886724419
0.9999982309215127
0.9999979687574889
0.9999985406437338
0.9999993231102479
0.9999993582030181
0.9999986106110514
0.9999979581073355
0.9999980694965779
0.9999988398299755
0.999999363675675
0.9999989933249425
0.9999982120061498
0.9999978578164987
0.9999983041144268
0.9999990779402981
0.9999991915849454
0.9999985475427143
0.9999978971033329
0.999997890125935
0.9999985910567794
0.9999991431858161
0.9999988382858237
0.9999980908233538
0.9999976890223161
0.9999980653486867
0.9999988080671139
0.9999990024238781
0.9999984495213335
0.999997798042627
0.9999977335217238
0.9999983397293576
0.9999989090942164
0.9999987252640061
0.9999980241796552
0.9999976001510446
0.9999978711737157
0.9999985535983341
0.9999988544471181
0.9999983552483684
0.9999977000726382
0.9999975753176877
0.9999980604662784
0.9999986658880099
0.9999986023102106
0.9999979460865569
0.9999975091260448
0.9999976663373233
0.9999982446675261
0.999998613228891
0.9999982342621966
0.9999976236673263
0.9999974815621101
0.9999978581424903
0.9999984041749845
0.999998435657691
0.9999978848832127
0.9999974479701272
0.9999975160027876
0.9999980053708124
0.9999984352796788
0.999998176037959
0.9999975697465215
0.9999973435521916
0.9999976533706528
0.9999982028709198
0.999998319010739
0.9999977949873512
0.9999972961758036
0.9999973457271376
0.9999978462539693
0.9999982609214282
0.9999980388995048
0.9999974689505983
0.9999971863574744
0.9999974310873777
0.9999979805105086
0.9999981430089369
0.9999976996463652
0.9999972145522663
0.999997165599224
0.9999976286255088
0.9999980634073231
0.9999978767609652
0.9999973352170752
0.9999970402556322
0.9999972536252941
0.9999977849968952
0.9999979810623084
0.9999975696009202
0.9999971221101857
0.9999970477293821
0.9999973931813821
0.9999978144088429
0.9999977330650033
0.999997270306529
0.9999970052128776
0.9999970926085366
0.9999975016924059
0.9999977333530304
0.9999974403572727
0.9999970633012222
0.9999969377945473
0.999997180921935
0.9999976030093465
0.9999975900355762
0.9999971764599339
0.9999968934894008
0.9999969100580326
0.9999973014616257
0.9999975894269276
0.9999973161532193
0.9999969510476073
0.9999968034108125
0.9999969833083051
0.999997412531213
0.9999974501569056
0.9999970512747318
0.9999967977514346
0.9999967957636825
0.9999970914786528
0.9999973876755959
0.9999971685459296
0.9999967827609816
0.9999966708305982
0.999996803708148
0.9999971629281458
0.9999972986255312
0.9999969650819415
0.9999967013455009
0.9999966816996549
0.9999968912177586
0.9999971955609738
0.99999709295155
0.9999967552586755
0.9999966501816989
0.9999967075152459
0.9999969819241592
0.9999971499357669
0.9999968899766586
0.9999966128006136
0.9999966057818082
0.999996750570447
0.999996983471177
0.9999969562133824
0.999996647990589
0.9999965065856076
0.9999965653128658
0.9999967536309663
0.9999968705414541
0.9999966899195523
0.9999964448374234
0.999996414033543
0.9999965700773794
0.9999967695454572
0.9999967341199609
0.9999964760425433
0.999996344630521
0.9999964266750245
0.9999965976744231
0.9999967126606152
0.9999965419956125
0.999996325610162
0.9999962680220392
0.9999963943256773
0.9999966204819725
0.9999965865659736
0.9999963436126199
0.9999962253912905
0.9999962705288105
0.9999964677083566
0.9999965928201575
0.9999964112612049
0.9999962042685828
0.9999961734909674
0.9999962835229118
0.9999964643913116
0.9999964390715231
0.9999962396641585
0.9999961196325338
0.9999961147226081
0.9999962702501346
0.9999964164560848
0.9999962673421452
0.9999960553901881
0.9999960070185405
0.9999960796312313
0.9999962838560702
0.9999963177807413
0.9999960768531148
0.9999959259562445
0.9999959176425074
0.9999960595080296
0.9999962285713155
0.999996135453971
0.9999959152560693
0.9999958401596313
0.9999958869000444
0.9999960941628895
0.99999618348834
0.9999959977300918
0.9999958066813255
0.9999957653019141
0.9999958790473599
0.9999960817226283
0.999996046471806
0.9999958381400293
0.9999957083428174
0.9999957322297949
0.9999959172018332
0.9999960312962735
0.9999958671789834
0.9999956698222628
0.999995613216224
0.9999957019141471
0.9999958981984137
0.9999958952793018
0.9999956850517248
0.9999955793708825
0.999995579498723
0.9999957218302548
0.9999958637608771
0.9999957574664812
0.9999955794498628
0.9999954815752699
0.9999955221015141
0.9999957039996387
0.999995736732917
0.9999955780630992
0.999995444436969
0.9999954547917305
0.9999955523430982
0.999995638508683
0.9999955876041102
0.9999954820418276
0.9999954056565324
0.999995395607799
0.9999954694151008
0.9999954861319875
0.9999954461889492
0.9999954183411107
0.9999953375962539
0.9999953712518517
0.999995451400352
0.9999954169104489
0.9999953867291437
0.9999952980126054
0.9999952679380713
0.9999953361348944
0.9999953164395377
0.9999953535003926
0.999995359610968
0.9999952265557648
0.9999951725121541
0.9999951855657682
0.9999952023991877
0.9999952363839487
0.9999951770033092
0.9999950922006517
0.99999508434559
0.9999951054616882
0.999995119655783
0.9999950996329411
0.9999950703906573
0.9999950621199075
0.9999950215878555
0.9999950081237627
0.9999950034792875
0.9999949731442973
0.9999949618593246
0.9999949629399068
0.9999949256465404
0.999994952670656
0.9999949758979173
0.9999949202300744
0.9999948885744845
0.9999948374243247
0.9999948310147897
0.9999948532075539
0.9999948410171042
0.9999948344326649
0.9999948258264556
0.9999947962100888
0.9999948039311143
0.9999948112475776
0.9999947729108589
0.9999947479813981
0.9999947383726837
0.9999947249800945
0.9999947486097884
0.9999947531019846
0.9999947018019107
0.9999946628946714
0.9999946780766742
0.9999946796460201
0.9999946926198817
0.999994682231943
0.9999946026790065
0.9999945479795402
0.999994532983233
0.999994560823466
0.999994590508974
0.9999945526107906
0.9999945144545179
0.9999944856064596
0.999994439649691
0.999994440256666
0.9999944673218207
0.9999944667552964
0.9999944424278384
0.999994422174046
0.9999944037117146
0.9999944183297038
0.9999944285502764
0.9999944104945252
0.9999944257018859
0.9999943950897939
0.9999942977610304
0.9999942657982771
0.9999942958340474
0.9999943316413425
0.9999943426790561
0.9999942576958413
0.9999941771137926
0.9999942207220383
0.999994288488081
0.9999942697502487
0.9999942294557337
0.9999941628143312
0.9999941494762832
0.9999941845379965
0.9999941863224496
0.9999941829942427
0.9999941140814737
0.9999940644732296
0.9999940999125666
0.9999941269336151
0.9999941372642355
0.999994075372677
0.9999939821066347
0.999994030711177
0.9999940956974146
0.9999940823779201
0.9999940261447955
0.9999938897725231
0.9999938642701872
0.999993997142234
0.9999940511867234
0.9999940200987452
0.9999938738976428
0.9999937495739982
0.9999938623009313
0.9999940116444165
0.9999940255425298
0.9999939045583044
0.999993709025518
0.9999937303358367
0.9999938948758416
0.9999939238491989
0.9999938858021497
0.9999937300099394
0.9999936016048531
0.9999937397964106
0.999993817651026
0.9999938216967716
0.999993751177427
0.9999935611304916
0.9999935431029721
0.9999936444462041
0.9999936814972832
0.9999937459319267
0.9999936278220559
0.999993440385618
0.9999935339746949
0.9999936123733292
0.9999936728630411
0.9999936908475427
0.9999934832532654
0.9999934064055563
0.9999935165877316
0.9999935603089117
0.9999936819283874
0.9999935671375209
0.9999933573297056
0.9999934240021819
0.9999934509604054
0.9999935102892121
0.9999935749107144
0.9999933442578739
0.9999932342883299
0.9999933311255494
0.9999933763823536
0.9999935226525303
0.9999934668374801
0.9999931790018722
0.9999931005591048
0.9999931800016856
0.9999933183914663
0.9999934178076754
0.9999932346734789
0.9999930412374173
0.999993056485987
0.9999931486553648
0.9999933468133022
0.9999933426420835
0.9999930637417463
0.9999929098727312
0.999992978205915
0.999993159887747
0.9999932850734886
0.9999931301273487
0.9999928782375699
0.9999928373645074
0.999992961920685
0.9999931131497715
0.9999930889482531
0.9999928208677927
0.9999926648846544
0.9999927420567797
0.9999929401020728
0.9999930739458549
0.9999929254676316
0.9999926936290728
0.9999926674012494
0.9999927959918262
0.9999929779396911
0.9999929218900538
0.9999926468450842
0.9999925079248398
0.9999925743401236
0.9999927715439633
0.9999928673009442
0.9999926969114538
0.9999924900234873
0.9999924864445372
0.999992647621703
0.9999928143679766
0.9999927478800829
0.9999925091571902
0.9999923895254269
0.9999924568458991
0.9999926332315471
0.999992697567084
0.9999925105879768
0.9999923031721399
0.9999922567466515
0.9999924058998338
0.9999926177750906
0.9999926328415139
0.999992423882755
0.9999922228940359
0.9999922481721605
0.9999924419652408
0.9999925270902686
0.9999924251554381
0.9999922612732718
0.9999922019408399
0.9999923560835757
0.9999925247391389
0.9999924712839797
0.999992233342101
0.9999920737272657
0.9999921403715923
0.9999923828414483
0.9999924774093266
0.9999923231671546
0.9999921043769895
0.9999920305833774
0.9999921930272055
0.9999924176691257
0.9999923965274178
0.9999921573812878
0.9999919291149053
0.9999919649220639
0.9999922311213046
0.999992351697836
0.9999922359681174
0.9999919778246432
0.9999918234752475
0.99999198843814
0.9999922264927126
0.9999922198174553
0.9999920077637263
0.999991757394259
0.9999917674240958
0.9999920258408052
0.9999921565261746
0.999991997486334
0.9999917359248344
0.999991612464871
0.9999918115086701
0.999992127500613
0.9999921540911596
0.9999919033205409
0.9999916088107784
0.99999158968157
0.9999918881548777
0.9999920725042962
0.9999919439451852
