0.9999999480354143
0.9999997416759157
0.9999999415476672
0.999999741601358
0.9999999347738239
0.9999997410763991
0.9999999261374183
0.9999997434056386
0.9999999156356154
0.999999748611293
0.9999999059274974
0.9999997544972956
0.9999998963148523
0.9999997582610001
0.9999998832591582
0.9999997646333544
0.9999998696903684
0.9999997699589386
0.9999998560146034
0.9999997783318719
0.9999998415730427
0.9999997860622637
0.9999998276618348
0.9999997926110705
0.9999998117912647
0.9999997992580439
0.9999998007076547
0.9999998056746351
0.9999997872502476
0.9999998117477195
0.9999997745796947
0.9999998176176258
0.9999997605343476
0.99999982287414
0.9999997509869253
0.9999998259657878
0.9999997404582208
0.9999998299972763
0.9999997316070357
0.9999998314988607
0.999999721827824
0.999999833731715
0.9999997132128942
0.9999998349632956
0.9999997047259548
0.9999998341083642
0.9999996981596554
0.9999998331285472
0.9999996934140428
0.999999830424517
0.9999996915374557
0.9999998270327267
0.9999996902576722
0.9999998256751024
0.9999996890607672
0.9999998206894204
0.9999996873060039
0.9999998145281467
0.9999996901604072
0.9999998072663464
0.9999996903802744
0.9999997996936393
0.9999996903540158
0.9999997920081201
0.9999996903526749
0.9999997823532153
0.9999996924639343
0.9999997715399359
0.9999996935060952
0.9999997604586669
0.9999996961493514
0.99999974997666
0.9999996972414535
0.9999997399217684
0.9999997021188577
0.9999997245500721
0.9999997071741982
0.9999997137599802
0.9999997111261971
0.9999997006880729
0.9999997115414417
0.9999996895123924
0.9999997139379954
0.9999996774296926
0.9999997150586234
0.9999996644071593
0.9999997170765637
0.9999996549914606
0.999999715122958
0.9999996488248016
0.999999714573331
0.9999996411482032
0.9999997115274557
0.9999996373048906
0.9999997083746429
0.9999996323382878
0.999999708572116
0.9999996299732412
0.9999997072229947
0.9999996280109414
0.9999997021910914
0.9999996252507545
0.9999996968656902
0.9999996222673228
0.9999996933227229
0.9999996195773173
0.9999996865164905
0.9999996169298776
0.9999996770372197
0.999999615651667
0.9999996698349838
0.9999996155389326
0.9999996621819873
0.9999996118586623
0.999999656045145
0.9999996121346955
0.9999996507747302
0.9999996126849795
0.9999996432084101
0.9999996181531139
0.9999996348691587
0.9999996172052571
0.9999996288737489
0.9999996164598097
0.9999996207644942
0.9999996138913748
0.9999996134531066
0.9999996153428369
0.9999996051943182
0.9999996151554243
0.9999995994970249
0.9999996128717649
0.9999995942151142
0.9999996121390697
0.9999995885159763
0.9999996061637088
0.9999995780449226
0.9999996049379852
0.9999995715062195
0.9999996047076525
0.9999995647510146
0.9999996039603252
0.9999995599248332
0.9999996008827982
0.9999995513150911
0.9999995982617786
0.999999546485093
0.9999995952507835
0.9999995421211538
0.999999591968052
0.9999995349800224
0.9999995903942793
0.9999995309963374
0.9999995848156558
0.9999995290460729
0.999999580134683
0.9999995246372357
0.9999995760976556
0.9999995203322394
0.9999995683474
0.9999995182785387
0.9999995627868987
0.9999995190725072
0.9999995594991364
0.999999518884587
0.9999995563904511
0.9999995188406731
0.9999995571203479
0.9999995204770425
0.9999995511198613
0.9999995219425417
0.9999995454875341
0.999999522136908
0.9999995429699892
0.9999995254590153
0.9999995363826495
0.9999995276606976
0.9999995281375738
0.999999532621932
0.9999995252823696
0.9999995340578235
0.9999995233424203
0.9999995341673079
0.9999995134389102
0.9999995338036227
0.9999995059249267
0.9999995331496634
0.9999994994467245
0.9999995293563385
0.9999994903391818
0.999999525226772
0.9999994839922646
0.9999995226217504
0.999999478904809
0.9999995192820916
0.9999994753341742
0.9999995180620374
0.9999994733118142
0.9999995136227405
0.9999994655587109
0.9999995080374902
0.9999994620221062
0.9999995035136067
0.9999994580020114
0.9999994981227047
0.9999994566297108
0.9999994948078733
0.9999994554816526
0.9999994881607266
0.9999994529874519
0.9999994828778499
0.999999455003364
0.9999994835792767
0.9999994575890986
0.999999479599369
0.9999994567450862
0.999999475233943
0.9999994534578506
0.9999994730956554
0.9999994541247011
0.9999994684438502
0.999999446539959
0.9999994618597821
0.999999446073709
0.9999994559441705
0.9999994469065623
0.9999994495649142
0.9999994424464277
0.9999994426536783
0.9999994418854672
0.9999994375676415
0.9999994392935474
0.9999994321247222
0.9999994394525648
0.9999994219548457
0.9999994347755001
0.9999994157605234
0.9999994357201364
0.9999994062279716
0.9999994340250127
0.9999994048036598
0.9999994312435775
0.999999396395533
0.9999994254494494
0.9999993869686682
0.9999994259325312
0.9999993845683465
0.9999994237011487
0.9999993752639647
0.9999994222106263
0.9999993711751087
0.999999419437269
0.9999993674478379
0.9999994144788037
0.9999993585969714
0.9999994111864321
0.9999993580943864
0.9999994050420827
0.9999993543582847
0.9999993981755588
0.9999993556345436
0.999999395415815
0.9999993538520415
0.9999993914593182
0.9999993498109855
0.9999993881228937
0.9999993489805273
0.9999993838838156
0.9999993517770719
0.9999993784855705
0.9999993494491989
0.999999373310522
0.9999993479707613
0.9999993678713355
0.9999993511902703
0.9999993631057729
0.9999993537416699
0.9999993544742285
0.9999993488612241
0.9999993465242388
0.9999993500400757
0.9999993411823176
0.9999993490635679
0.9999993373366667
0.9999993489268469
0.999999328039253
0.9999993480650625
0.9999993262654371
0.9999993478481152
0.9999993201052989
0.999999347157908
0.9999993144386515
0.999999341252846
0.9999993114146756
0.9999993402768728
0.9999993092846386
0.9999993396610651
0.9999993054722761
0.9999993353391154
0.999999306035343
0.9999993298199615
0.9999993043636272
0.9999993203144774
0.9999993039904986
0.9999993181864284
0.9999992987920648
0.9999993117984174
0.999999297157897
0.9999993043106092
0.9999992914277487
0.9999992975994673
0.9999992914316791
0.9999992908775173
0.9999992893363502
0.9999992830708707
0.999999288093509
0.9999992726636738
0.9999992859531709
0.9999992715335688
0.9999992837152152
0.9999992702161347
0.9999992867722268
0.9999992650510525
0.9999992830277501
0.9999992634979843
0.9999992807432558
0.9999992612190042
0.9999992818460982
0.9999992627418411
0.9999992776155308
0.9999992558829836
0.9999992745104024
0.99999924884856
0.9999992675578496
0.9999992485606702
0.9999992628571645
0.999999243645975
0.9999992530211764
0.9999992412383429
0.9999992490840927
0.9999992372456834
0.9999992447804961
0.9999992326948731
0.9999992350761955
0.9999992279906673
0.9999992342462737
0.9999992248548123
0.9999992312238462
0.9999992258326796
0.9999992266123033
0.9999992274973794
0.9999992218822719
0.9999992227867578
0.9999992192397879
0.9999992175433452
0.999999215805913
0.9999992142784228
0.999999216406607
0.9999992125551495
0.9999992079634412
0.9999992120785334
0.9999992006147053
0.9999992113647397
0.9999992006160285
0.9999992102204027
0.9999991985070412
0.999999208100795
0.999999190071828
0.9999992020679223
0.9999991834488806
0.999999195167085
0.9999991768905775
0.9999991951769391
0.9999991694245923
0.999999190409228
0.9999991684624921
0.9999991832570564
0.9999991635872248
0.999999179691257
0.9999991583413654
0.9999991749391121
0.9999991577373387
0.9999991724244423
0.9999991535790852
0.9999991670195708
0.9999991458669775
0.9999991621302019
0.9999991404894985
0.9999991579622992
0.99999914121551
0.9999991507796577
0.9999991383334483
0.9999991477879268
0.9999991361718419
0.9999991412104163
0.9999991311144113
0.9999991347913176
0.9999991243231589
0.9999991268322614
0.9999991203803991
0.9999991232148481
0.9999991188453531
0.9999991165522333
0.9999991184752591
0.9999991126241636
0.9999991083520547
0.9999991047359217
0.9999991082288137
0.9999991002340741
0.9999991006692125
0.9999990964802113
0.9999990979206749
0.9999990970059549
0.9999990935617497
0.9999990887930091
0.9999990895355421
0.9999990819422062
0.9999990860267582
0.9999990781058591
0.9999990834349961
0.9999990764391923
0.9999990724419288
0.9999990767682183
0.9999990660980552
0.9999990724624982
0.9999990626464068
0.9999990682676118
0.9999990592530659
0.9999990663463726
0.9999990541472222
0.999999065267783
0.999999048859199
0.9999990628666197
0.9999990410455786
0.9999990643483101
0.9999990346339604
0.9999990604180388
0.9999990299000243
0.999999064222176
0.9999990256341159
0.9999990569535842
0.9999990237273296
0.9999990537972738
0.9999990164918641
0.9999990510233838
0.999999013980272
0.999999044058948
0.9999990042812733
0.9999990398519256
0.9999990008710429
0.999999040327509
0.9999990035990786
0.9999990326626702
0.9999990013246651
0.9999990256559713
0.9999989954551426
0.9999990157299825
0.9999989928482452
0.9999990151709308
0.9999989916724418
0.9999990149397168
0.9999989950750537
0.9999990099619674
0.99999899467949
0.9999990033358341
0.9999989886187627
0.9999989991476143
0.9999989877037682
0.9999989912481352
0.9999989860892412
0.9999989895696642
0.9999989849013267
0.9999989813761335
0.9999989855607232
0.9999989790965322
0.999998979545903
0.9999989758290322
0.9999989748642791
0.9999989750528518
0.9999989764149264
0.9999989734845666
0.9999989748392382
0.9999989679113881
0.9999989773731982
0.9999989699441769
0.9999989744356224
0.9999989654049833
0.9999989704133397
0.9999989633506382
0.9999989611095758
0.9999989613268221
0.9999989614028745
0.9999989602879511
0.999998953503759
0.9999989590066272
0.9999989489926708
0.9999989562739822
0.9999989472627145
0.9999989488708722
0.9999989469346489
