0.999998338554017
0.999997823390267
0.9999964988567368
0.9999947201812959
0.9999929759036447
0.9999918262231322
0.9999916310630166
0.9999924293973346
0.9999939447489375
0.9999956243559228
0.9999969286294011
0.9999974349753653
0.9999970082147942
0.9999958109189494
0.9999942156793965
0.9999926923564229
0.9999916427961524
0.9999913717754653
0.9999920078967092
0.9999933226433857
0.9999948580831727
0.999996079556642
0.999996572669145
0.9999962105389205
0.9999951876695242
0.9999937958900298
0.9999923633616803
0.9999912391945994
0.9999907855500663
0.9999912564749224
0.9999924990598316
0.9999940416209858
0.9999952891313413
0.9999958046656849
0.9999955190795101
0.9999945941005371
0.9999933194300034
0.9999919903839332
0.9999909314839285
0.9999904933982429
0.9999908618445199
0.9999919234743161
0.99999324061105
0.9999943057068585
0.9999947815669572
0.9999945876180434
0.9999938327153368
0.9999927137079033
0.9999914662717907
0.9999904407429294
0.9999899709186124
0.9999902678075759
0.9999912267000968
0.9999924771225955
0.9999935635999919
0.9999941274362314
0.9999940589270107
0.9999933872009213
0.999992257761012
0.999990966851759
0.9999899197610228
0.9999894725951649
0.9999897412419446
0.9999905345783933
0.9999915616411198
0.9999925024972033
0.9999931005917251
0.999993200384975
0.9999926989051613
0.9999917279786387
0.9999905408990681
0.9999895076532167
0.9999889936509403
0.9999891663701487
0.9999898822718557
0.99999085803685
0.9999917649990087
0.9999923735362957
0.999992523232352
0.9999921426738374
0.9999912967639657
0.9999901881502593
0.9999891842474958
0.999988616140923
0.999988632878387
0.9999892049326106
0.9999900363303703
0.9999908035697059
0.9999913714749307
0.9999915995834553
0.9999913781142031
0.9999906842270478
0.9999896451423526
0.9999886087361486
0.9999879967214053
0.9999880208558245
0.9999885556970438
0.9999892948150246
0.9999899884419207
0.9999905209295906
0.9999907717836649
0.9999905996542475
0.9999899869608628
0.9999891508108302
0.999988369885949
0.9999879168061606
0.999987867228084
0.9999881478187158
0.9999886079929966
0.9999891507652713
0.9999896739609906
0.999989989948366
0.9999899141389611
0.9999894113688437
0.9999886635045593
0.9999879559473155
0.9999875282542285
0.9999874514429046
0.9999876697004733
0.9999880565457404
0.9999885432779488
0.999989013847255
0.9999892852831601
0.999989183202286
0.999988687188476
0.9999879956401972
0.999987367186608
0.9999869636248577
0.9999868204293412
0.999986923362053
0.9999872687520707
0.9999877950175922
0.9999882895806316
0.9999885467624273
0.999988419266558
0.9999879448886418
0.9999873234498121
0.9999867435199046
0.9999863320180067
0.9999861984046735
0.9999863512491073
0.9999867149456726
0.9999871889732694
0.9999875966779357
0.9999877936905671
0.9999877001863431
0.9999873245166517
0.9999867677212873
0.9999861680514486
0.9999856886790761
0.9999854864038742
0.9999856285438732
0.9999860282692348
0.9999865321156576
0.9999869191217815
0.9999870496846043
0.9999869249392545
0.9999866165300464
0.9999862358977086
0.9999858703402716
0.9999854993047262
0.9999852050114515
0.9999850963941627
0.9999851869631009
0.9999854594800975
0.9999857644562714
0.9999859878913359
0.9999860410379899
0.9999858964031476
0.9999855915855362
0.9999851951892824
0.9999848570169336
0.9999846435689721
0.9999845309361183
0.9999845560239047
0.9999847380017532
0.9999849955381674
0.9999852798117183
0.9999854890851743
0.9999854829455452
0.9999852257745898
0.9999848127951602
0.9999843899109951
0.999984075807735
0.9999839236344555
0.9999838963130435
0.9999839829528137
0.9999842271523051
0.9999845574635885
0.9999847950460787
0.9999848145120285
0.9999846810022848
0.9999844555067068
0.9999841568291951
0.999983814615591
0.9999834848013467
0.9999832769860544
0.9999832782870584
0.9999835358597613
0.9999838877600346
0.999984135650818
0.999984194350084
0.9999840469980728
0.9999837243001478
0.9999833236034388
0.9999829318940852
0.9999826791818102
0.9999826228563167
0.9999827543851195
0.9999830043950305
0.9999832911496518
0.9999834916912859
0.9999835536885616
0.9999834407797598
0.9999831359229391
0.9999827065378266
0.9999823323285459
0.999982083541843
0.9999819910810288
0.9999821420366006
0.9999824647235955
0.9999828197697421
0.9999830820725542
0.9999830869973158
0.9999828188196916
0.9999823913458165
0.9999818977921106
0.9999814846092816
0.9999812757270222
0.9999813187921972
0.9999815792661954
0.9999819753219479
0.9999823505960933
0.999982581592022
0.9999826169531544
0.9999824196722389
0.9999820246008584
0.9999815101152115
0.9999810229556936
0.9999806913428593
0.9999805814694732
0.9999807493788279
0.9999811282832216
0.9999815051881735
0.9999817772535688
0.9999818301845873
0.9999816380969365
0.9999812804606144
0.999980858072504
0.9999804381674116
0.9999801587595627
0.9999801322142573
0.9999803311931056
0.9999806291129538
0.9999809579367708
0.9999812310093598
0.9999812878699944
0.9999810602307568
0.9999805948871907
0.9999800309350301
0.9999795009746615
0.9999791709781198
0.9999791707397406
0.9999794638731082
0.9999799149167318
0.9999803101438703
0.9999805159272229
0.9999805052540067
0.9999802732972415
0.9999798418661043
0.9999792415321408
0.9999786226443319
0.9999782635185334
0.9999783227967679
0.9999787291683654
0.9999792776526341
0.9999796928754869
0.9999798794581203
0.9999798761736681
0.9999796763830537
0.9999792734017929
0.9999787118636471
0.9999781865440155
0.9999779144040494
0.9999780019363027
0.999978370544901
0.9999787990234695
0.9999791157767695
0.9999792086738963
0.9999790862985639
0.9999787627823667
0.9999782901512422
0.9999778317626234
0.999977500599774
0.9999773787019771
0.9999775008802053
0.99997777792138
0.99997811487674
0.9999783654717962
0.9999784503097835
0.9999783926406457
0.9999781895248699
0.9999778395883162
0.9999773540819006
0.9999769162071651
0.9999766910523787
0.9999767059069181
0.9999768807218227
0.9999771067652761
0.9999773373834816
0.9999775368099265
0.9999776549702974
0.9999775968076255
0.9999773531159147
0.9999769877241134
0.999976591461314
0.9999762629270754
0.999976116743652
0.9999760852068466
0.999976145736291
0.9999762751538811
0.9999764517615171
0.9999766132630566
0.9999766546996923
0.999976529512168
0.9999762187087584
0.9999758121834931
0.9999754875865773
0.9999753396883709
0.9999753963982463
0.999975546283654
0.999975656641874
0.9999757577393946
0.9999758837775649
0.9999759923955264
0.9999759391126354
0.999975662830267
0.9999752670619563
0.9999749147613552
0.9999747245217071
0.9999746599708378
0.9999747434506043
0.9999749208645281
0.999975145237855
0.9999753813442558
0.9999755633471259
0.9999755613860392
0.9999753187136772
0.9999748473634459
0.9999743220982692
0.9999739529717928
0.9999738694129742
0.9999740166797948
0.9999742861364753
0.9999745803084482
0.9999748141156318
0.9999749877939516
0.9999749799381147
0.9999747328290551
0.9999742623909418
0.9999737348822507
0.999973399991644
0.9999733670512909
0.9999736058474596
0.9999739280984753
0.999974108050048
0.9999741296578278
0.9999740479364783
0.9999739614423985
0.9999737707674513
0.9999733911734017
0.9999729294843406
0.9999726732980471
0.9999727546437643
0.9999731347620036
0.9999735484652352
0.9999737790293031
0.9999738189431022
0.9999737149458895
0.9999735542763303
0.9999732967807576
0.9999729022118465
0.9999724235435405
0.9999720964076722
0.9999721150996608
0.9999724565793692
0.9999728912243022
0.9999731032986031
0.999973080957657
0.9999729232867455
0.9999727806431985
0.999972612844224
0.9999722897018603
0.9999718160960167
0.9999713863882473
0.9999712769068451
0.9999715471760274
0.9999720044962476
0.9999723705754279
0.9999725047539288
0.9999724449211778
0.99997229770945
0.9999720801739042
0.9999716876999158
0.9999711320429311
0.9999705978909039
0.9999703863089379
0.9999706155049831
0.9999711201361696
0.9999715684461368
0.999971767159108
0.999971764965382
0.9999716404521737
0.9999714448744376
0.9999711270696555
0.9999706779534845
0.9999702254978817
0.9999700608181109
0.9999702919722826
0.9999707114465306
0.9999710618195888
0.9999712184928764
0.9999712030481358
0.9999711529579433
0.9999709900252067
0.9999706386403449
0.9999700831989745
0.9999695912925622
0.9999694113004619
0.9999696231531711
0.9999700680600976
0.9999704165669009
0.9999705166116597
0.9999703929648954
0.9999702395298022
0.999970088007762
0.9999698501674754
0.9999694330447055
0.999968961023939
0.9999686644902077
0.9999687660927968
0.9999691709840872
0.9999695981251824
0.9999698591115396
0.9999699263444168
0.9999698439567939
0.9999696367212908
0.9999693284094289
0.9999689134071781
0.999968463572962
0.9999681127790272
0.9999680432585197
0.9999682628760957
0.9999686386688109
0.9999689644275264
0.9999690688592
0.9999690046246129
0.9999688671763141
0.9999686323923156
0.9999682454775717
0.9999678097322844
0.999967500694755
0.9999674843275959
0.9999677833318468
0.9999682158506096
0.9999685942720787
0.9999687643980937
0.9999687003416553
0.9999683931445545
0.9999679506457365
0.9999674400298215
0.999966958515804
0.9999666689866958
0.9999667360909583
0.9999670973387248
0.99996761984175
0.9999680938298577
0.9999683000743396
0.999968225689213
0.9999678717953677
0.9999672735977486
0.9999665717413629
0.9999659724798187
0.9999657250556171
0.9999659423306398
0.9999665311314623
0.999967216236142
0.9999677414598521
0.999967863816162
0.9999676268751069
0.9999671277489365
0.9999665199578324
0.9999659694909083
0.9999656343325164
0.9999655493003603
0.9999657163320956
0.9999661151907534
0.9999666090172226
0.9999670700314031
0.999967326460006
