0.999999740979012
0.9999992906250847
0.9999986897090033
0.9999990013201183
0.9999996216407196
0.999999486458209
0.9999987996496057
0.9999987705087857
0.9999994137229433
0.9999995899796185
0.9999989807920281
0.9999986198592364
0.9999991528652786
0.9999995748010357
0.9999991996580274
0.9999986335341944
0.9999988934615512
0.9999994565393839
0.999999368598394
0.9999987534634408
0.9999987029193463
0.9999992555810927
0.9999994497251444
0.9999989559953066
0.9999986049426682
0.9999990225516693
0.9999994114281268
0.999999129625281
0.9999986065237756
0.9999987925417826
0.9999992896160653
0.9999992621644851
0.9999986897210544
0.999998608951406
0.9999990965777821
0.9999993116018052
0.9999988508164335
0.9999985136647699
0.9999988919033086
0.9999992741641832
0.9999990044290348
0.9999985162202385
0.9999986799464601
0.999999145397115
0.999999129033431
0.9999986321715065
0.999998517500823
0.9999989627154445
0.9999991590370935
0.9999987580768286
0.9999984482997274
0.9999987440684754
0.9999991113672487
0.9999988641647048
0.99999845743834
0.9999985609762181
0.9999989820829972
0.999998968517089
0.9999985359311263
0.9999984179453572
0.9999988069499495
0.9999989880587741
0.9999986653303847
0.999998354211431
0.9999985988117139
0.9999989387832355
0.9999987822408715
0.9999983892257671
0.9999984517284732
0.9999988198767272
0.9999988514547081
0.9999984766869917
0.9999983259209582
0.9999986560763688
0.9999988644349133
0.9999985948942409
0.9999982895632709
0.9999984738365281
0.9999988082781562
0.9999986777748174
0.9999983238915433
0.9999983111161969
0.9999986838824411
0.9999987237965198
0.9999983706735878
0.999998205866157
0.9999985288797937
0.9999987362796214
0.9999984772854537
0.9999981617064272
0.9999983619216395
0.9999986717943349
0.9999985647075215
0.9999981914770855
0.9999982091071382
0.9999985511293562
0.9999986052538686
0.9999982686680072
0.999998110048279
0.9999983954616678
0.9999985898633933
0.999998357569201
0.9999980977621957
0.9999982537232898
0.9999985179823588
0.9999984298213098
0.99999813001169
0.9999981238010313
0.9999983891259621
0.9999984492832741
0.9999981800830352
0.9999980399090679
0.9999982471925645
0.9999984058069981
0.9999982217042626
0.999997990206761
0.9999981036631983
0.9999983413940641
0.9999982904743392
0.9999980274517762
0.9999979718683545
0.9999982251274203
0.9999982868066037
0.9999980963680833
0.9999979348663489
0.9999980782866833
0.9999982386665768
0.999998153250351
0.999997932182053
0.9999979890881209
0.9999981712517705
0.9999981577120519
0.9999979540255746
0.9999978908274421
0.999998104116794
0.9999981521577596
0.999997997868254
0.9999978228611909
0.9999979842912163
0.9999981362616597
0.9999980423763605
0.999997823455016
0.9999978266154037
0.999998056023134
0.999998047883084
0.9999978681593503
0.999997744338014
0.9999979718317371
0.999998074913566
0.9999979230711006
0.9999977182902335
0.9999978413225245
0.9999980406780623
0.9999979791015432
0.9999977417457526
0.9999977334226404
0.9999979676962446
0.9999980019667687
0.9999977803750296
0.9999976500311105
0.9999978676336159
0.99999800127083
0.9999978046002148
0.9999976121106866
0.9999977561071381
0.9999979526991428
0.9999978558234434
0.9999975965757875
0.9999976539141456
0.9999978641721736
0.9999978845883261
0.9999976561887648
0.999997555603447
0.9999977661034314
0.9999978622197508
0.9999977051864012
0.9999975385047132
0.9999976426874132
0.9999978203701247
0.9999977425365637
0.9999975427413675
0.9999975215581766
0.9999977235803861
0.9999977476335618
0.9999975366062613
0.9999974327572497
0.9999976032262945
0.9999977369942384
0.9999975650095303
0.9999973970351569
0.999997487546283
0.9999976838401682
0.9999976185029992
0.9999974051725
0.999997388026658
0.9999975689896026
0.9999976206388899
0.9999974087364661
0.9999973595700657
0.9999974711455721
0.9999975995163423
0.9999974391694469
0.9999973243635688
0.9999973979451039
0.999997557735009
0.9999974846518936
0.9999972997598271
0.9999973368960745
0.9999974813326526
0.9999975128374711
0.9999973152110135
0.9999972542626996
0.999997395621444
0.9999975118704427
0.999997354065879
0.9999971954516539
0.9999972961337062
0.9999974526796191
0.9999973722279062
0.9999971715740265
0.9999971890331301
0.9999973553713086
0.9999973604784812
0.99999716897461
0.9999970979479523
0.9999972468816617
0.9999973564953967
0.9999972172820782
0.9999970680179947
0.9999971531515705
0.9999973149864445
0.9999972461422331
0.9999970721493993
0.9999970701528964
0.9999972451926749
0.999997266802069
0.9999970924358931
0.9999970096845726
0.9999971185782682
0.9999972334228268
0.9999971029717339
0.9999969882907445
0.9999970356611085
0.9999971761853617
0.999997137742277
0.9999969813675071
0.9999969721656213
0.9999970765574454
0.9999971320147092
0.9999969641835187
0.9999969055496093
0.9999969812498094
0.9999970625759748
0.9999969547474893
0.9999968662536688
0.9999969063362264
0.9999970033872201
0.9999969673903941
0.9999968427298206
0.9999968741777027
0.9999969517245736
0.9999969533903226
0.9999968100016641
0.9999968175458945
0.9999968798298822
0.9999969231305323
0.9999968243733999
0.9999967412236387
0.9999968033783652
0.9999968759593849
0.9999968313359548
0.9999966947192616
0.9999967369862605
0.9999968407962202
0.99999684447562
0.999996705940603
0.9999966728313765
0.9999967729893865
0.999996820431264
0.9999967207360086
0.9999966170234798
0.9999966998455914
0.9999967649982878
0.9999967258231337
0.999996566675659
0.9999965761814281
0.9999966992895
0.9999967291577959
0.9999965726933367
0.9999965180284641
0.9999966401579183
0.9999966925578445
0.99999657938456
0.9999964783256822
0.9999965741729046
0.9999966354951169
0.9999965641605892
0.9999964363070529
0.9999964931230236
0.9999965740053905
0.9999965519065945
0.9999964395468652
0.9999964114644976
0.9999965152820348
0.9999965395611723
0.9999964509164824
0.9999963606548419
0.9999964313270232
0.9999964866348656
0.9999964423121892
0.9999963238493083
0.9999963588645377
0.999996437026264
0.9999964507246668
0.9999963270682954
0.9999963097645503
0.9999963689534019
0.9999964164003373
0.9999963173102286
0.9999962402125687
0.9999963022906451
0.9999964184045972
0.9999963691535828
0.9999962204496909
0.9999962578545496
0.9999963600519131
0.9999964069347776
0.9999962518258679
0.9999961858668339
0.9999962616477729
0.9999963868105359
0.9999962872242293
0.9999961509529975
0.9999961605943122
0.9999962800333563
0.9999962740818261
0.9999961321114861
0.9999961221183259
0.9999962067829529
0.9999962525854839
0.9999961689580275
0.9999960718697319
0.9999961220425232
0.9999962103960643
0.999996181341663
0.9999960644662065
0.9999960381673487
0.9999961540061372
0.9999962006269099
0.9999960764448669
0.9999960086675492
0.9999961111412021
0.9999961641578037
0.9999960991405349
0.9999959708785779
0.999996018633877
0.9999961218867406
0.9999961054348283
0.9999959909735091
0.9999959997872471
0.9999960757080687
0.9999961072957255
0.9999960119493582
0.9999959386951117
0.9999960036248866
0.9999960402911691
0.9999959992273536
0.9999959309202725
0.9999959878224631
0.9999959943183693
0.9999959994489545
0.9999959284109498
0.9999959429184802
0.9999959397255455
0.9999959845806463
0.9999959311584029
0.9999958925807381
0.9999959188698424
0.9999959564918492
0.9999959290369305
0.9999958351864872
0.9999958551199665
0.9999959006142987
0.999995884827302
0.9999957905692163
0.9999957918286845
0.9999958495529462
0.9999958673799249
0.9999958121989868
0.9999957468633603
0.9999957867875174
0.9999958303104076
0.9999957963511488
0.9999957345937374
0.9999957284183185
0.9999957681240533
0.9999957885540636
0.9999957421262435
0.999995691554682
0.99999572530631
0.9999957459916511
0.9999957244024114
0.9999956684018286
0.9999956668513543
0.999995724552795
0.9999957366240316
0.9999956509875881
0.9999955824520246
0.9999956626794491
0.9999956776477128
0.9999956156151819
0.9999955212060604
0.9999956014528975
0.9999956800696281
0.9999956308582509
0.9999955200158323
0.9999955307031234
0.9999956300318966
0.9999956006935549
0.9999955089751056
0.9999954261156604
0.9999955402920068
0.9999955547739939
0.999995499876848
0.9999953917026918
0.9999954173070784
0.999995552492726
0.999995498687982
0.9999953910531554
0.9999953081258345
0.9999954520795519
0.9999954773317935
0.999995414278576
0.9999952978068204
0.9999953836142084
0.9999954575344828
0.9999954237797797
0.999995320896073
0.9999953080315841
0.999995370055314
0.9999953808315769
0.9999953339313267
0.9999952332388939
0.9999952998801164
0.9999953551442581
0.9999952989293381
0.9999952073485225
0.999995216889506
0.9999952776011934
0.9999952739991661
0.9999952245903473
0.9999951900927864
0.9999952378294569
0.9999952414755685
0.9999952161968386
0.9999951676287858
0.9999951966635776
0.9999952087074144
0.9999951790327936
0.9999951307268145
0.9999951288002116
0.9999951542935647
0.9999951601121457
0.9999950935092397
0.9999950684077563
0.9999950846949067
0.9999951202125203
0.9999950672815493
0.9999950312647333
0.9999950232894027
0.9999950778602146
0.9999950420169182
0.9999949853686002
0.9999949627547889
0.999995032113241
0.9999950511386271
0.9999949601140131
0.9999949287657728
0.999994967366968
0.9999950331343606
0.9999949580297012
0.9999948950799418
0.9999949319090601
0.999994984829323
0.9999949518018032
0.9999948802584357
0.9999948534491054
0.9999949111056932
0.9999949024711721
0.9999948242189801
0.9999947670516612
0.9999948456622498
0.9999948961414681
0.9999948303479432
0.9999947326876785
0.9999947739720904
0.9999948413637199
0.9999948005762387
0.9999946812633297
0.9999946952721898
