0.9999999152011058
0.9999996112060326
0.9999997903133255
0.9999997839360847
0.9999996027023798
0.9999998935836995
0.9999996031251375
0.9999997737933316
0.9999997664257169
0.999999596347301
0.9999998697437178
0.9999995918817614
0.9999997580777201
0.9999997466386484
0.999999592368956
0.9999998499755792
0.9999995807949238
0.9999997457816653
0.9999997259783932
0.9999995847996512
0.9999998323124202
0.9999995659364816
0.9999997270326565
0.9999997133437296
0.9999995766464773
0.9999998078486042
0.9999995592249241
0.9999997164927126
0.9999997022390525
0.9999995607395363
0.9999997907030406
0.9999995475713445
0.9999997036174227
0.9999996862916418
0.9999995481891912
0.9999997699227129
0.9999995260441337
0.999999686929941
0.9999996648346858
0.9999995406036254
0.999999755686878
0.9999995149818762
0.9999996718436192
0.9999996495872376
0.999999530414207
0.9999997357903194
0.9999995079168761
0.9999996585960446
0.9999996372586838
0.9999995244610617
0.999999716629189
0.9999995007841571
0.9999996455388398
0.9999996210722923
0.999999510498649
0.9999996984414848
0.9999994908142136
0.9999996272894087
0.9999996085780172
0.9999995005268302
0.9999996785353845
0.9999994764892401
0.9999996123196669
0.999999594251589
0.9999994891380567
0.9999996648599512
0.9999994740321745
0.9999995983272555
0.9999995721567307
0.9999994797462124
0.9999996452087561
0.9999994577619583
0.9999995855602223
0.9999995550742544
0.999999467634993
0.9999996215620888
0.999999444004021
0.9999995681626949
0.999999536547844
0.9999994594797229
0.9999996033274619
0.9999994351584148
0.9999995578425113
0.9999995225227645
0.999999449264243
0.9999995874916217
0.9999994221077946
0.9999995385386788
0.9999995110847723
0.9999994339401569
0.9999995735920537
0.9999994006279953
0.9999995279589479
0.9999994925497185
0.9999994254940083
0.999999559336712
0.9999993912190632
0.999999513958197
0.99999947747011
0.9999994164168936
0.9999995390377129
0.999999391750796
0.9999995014181532
0.9999994595999517
0.999999412584014
0.999999531327039
0.9999993840445717
0.9999994930143338
0.999999450556529
0.9999994041377754
0.9999995194174746
0.9999993717180294
0.9999994862295496
0.9999994361541437
0.9999993913984858
0.9999995047543907
0.9999993602721846
0.9999994682847053
0.9999994108635655
0.9999993765154659
0.9999994822341487
0.9999993410835049
0.9999994505902572
0.9999993869798848
0.9999993590457765
0.9999994617705654
0.999999327326237
0.9999994410394002
0.9999993672996488
0.9999993559140616
0.9999994481609952
0.9999993187590377
0.9999994300731049
0.9999993645157409
0.9999993471605293
0.9999994357120694
0.9999993053875486
0.9999994217853766
0.9999993496842703
0.99999932911504
0.9999994129751222
0.9999992904920983
0.9999994044869887
0.9999993394098162
0.99999931343082
0.9999993989057833
0.9999992733173009
0.9999993886871871
0.9999993224946252
0.9999992981817368
0.9999993841471623
0.9999992590961827
0.999999378369115
0.9999993090176355
0.9999992915624097
0.9999993776059513
0.9999992411212038
0.9999993621960233
0.9999992970100466
0.9999992758902936
0.9999993607707937
0.9999992240731465
0.9999993519436807
0.9999992812668412
0.9999992716097694
0.9999993484455627
0.9999992178993823
0.9999993371181548
0.9999992681235971
0.9999992607243732
0.9999993238237906
0.9999992004335805
0.9999993199681364
0.9999992483118582
0.9999992475088043
0.9999993103135326
0.9999991938786997
0.9999993081774983
0.9999992396897
0.9999992365616871
0.9999992981113346
0.9999991824715326
0.9999992960318311
0.9999992296775828
0.9999992197200471
0.9999992794181332
0.9999991697348128
0.9999992824502351
0.9999992192665976
0.9999992051847748
0.9999992713730713
0.9999991595599041
0.999999271371395
0.999999197320313
0.9999991872150488
0.999999262714559
0.9999991406719663
0.999999253174236
0.999999183147648
0.9999991706489586
0.9999992421911537
0.9999991272669639
0.9999992379580731
0.9999991566820184
0.9999991605993025
0.9999992186264441
0.999999107919422
0.9999992129546044
0.9999991346873812
0.9999991436328082
0.9999991934240062
0.9999990925743755
0.9999992038360697
0.9999991183884543
0.9999991379587124
0.9999991796932561
0.9999990836641962
0.999999194600548
0.9999991024968611
0.9999991258000664
0.9999991622627065
0.9999990644838016
0.9999991720986433
0.9999990860518851
0.9999991071298393
0.9999991460733676
0.9999990530077166
0.999999149643275
0.9999990652484297
0.9999990914386847
0.9999991245833286
0.9999990271441854
0.9999991349556849
0.9999990486224994
0.9999990747281416
0.9999991064037439
0.9999990222593861
0.9999991218267161
0.9999990443437924
0.9999990612756384
0.9999990927231939
0.9999990068877938
0.9999991181596464
0.9999990239371427
0.999999041338594
0.9999990727410101
0.999998983594444
0.9999990927475741
0.9999990117605826
0.9999990278558474
0.9999990562637728
0.9999989825987026
0.9999990726660892
0.9999989908377773
0.9999990190094341
0.9999990430826287
0.9999989591852613
0.9999990662041413
0.9999989660489269
0.9999990055940711
0.9999990254835323
0.9999989394250245
0.9999990447616599
0.999998949818015
0.9999989869951209
0.9999990007898941
0.9999989361741253
0.9999990228001704
0.9999989282385477
0.9999989822886839
0.9999989887661113
0.9999989318393154
0.9999990048817595
0.9999989162269496
0.9999989565847838
0.9999989626238653
0.9999989133205122
0.9999989826626605
0.9999989001536211
0.9999989403039192
0.9999989432581923
0.9999988886375039
0.9999989636469756
0.9999988731237816
0.9999989228189013
0.9999989175339673
0.999998864239753
0.9999989434132911
0.9999988503029716
0.9999989110541412
0.9999988903536476
0.9999988523474823
0.9999989257728392
0.9999988218914239
0.9999988983823365
0.9999988706331562
0.9999988396622551
0.9999989113609558
0.9999988201360654
0.9999988855616386
0.9999988607493367
0.999998828676478
0.9999988841682514
0.9999988033425199
0.999998864966218
0.9999988484126584
0.9999988033111927
0.9999988781387095
0.9999987943085884
0.9999988492035805
0.999998844162033
0.9999987920259658
0.9999988668217181
0.9999987808933878
0.9999988414025811
0.999998816710042
0.9999987812901959
0.999998852861703
0.9999987625199941
0.9999988283326111
0.9999988002116416
0.9999987696696457
0.9999988229625731
0.9999987469806599
0.9999988072080167
0.9999987859139917
0.999998764436533
0.9999988125461894
0.9999987392896721
0.9999988018165756
0.9999987757461387
0.9999987572420986
0.9999987996777813
0.9999987364080337
0.9999987847181022
0.9999987596303355
0.999998742257532
0.999998779651878
0.9999987166751132
0.9999987761662519
0.9999987545116011
0.9999987286105803
0.9999987748154218
0.9999987072944249
0.9999987579645702
0.9999987321140955
0.9999987174889025
0.9999987531551764
0.9999986881596719
0.9999987391627863
0.9999987184136417
0.9999987009832421
0.9999987352025331
0.999998679333061
0.999998709343849
0.9999987034966881
0.999998676541382
0.9999987221557425
0.9999986725307074
0.9999986993257405
0.9999986967728233
0.999998677938375
0.9999987059761483
0.9999986599911485
0.9999986877893215
0.9999986817495351
0.9999986540074327
0.9999986908604293
0.9999986476059259
0.9999986652380055
0.9999986690490852
0.9999986362956782
0.9999986632899609
0.9999986232472651
0.9999986390016508
0.999998654292188
0.9999986200205142
0.9999986464149325
0.9999986136397151
0.9999986283420053
0.999998630982665
0.9999986059777595
0.9999986266437935
0.9999985918872001
0.999998621622505
0.9999986139258883
0.9999985943376389
0.9999986104296544
0.9999985809599066
0.9999985999025396
0.9999985913583842
0.9999985811700105
0.9999985814780175
0.9999985692182493
0.9999985876075619
0.9999985742831852
0.9999985698726833
0.9999985732754979
0.9999985618965395
0.9999985768192095
0.9999985593439218
0.9999985590279507
0.9999985538611775
0.9999985435460955
0.9999985566002101
0.9999985369842921
0.9999985381259809
0.9999985303229242
0.9999985231590511
0.9999985297927396
0.999998519186192
0.9999985216119598
0.9999985024465277
0.9999984974738971
0.9999985139608519
0.9999985003021133
0.9999984999514158
0.999998485932477
0.9999984810016428
0.9999984989821927
0.9999984678300801
0.9999984882323683
0.9999984768412248
0.9999984690994209
0.9999984831943836
0.9999984568530621
0.9999984723693393
0.999998464756235
0.9999984541592156
0.9999984751014604
0.9999984449144903
0.9999984586403455
0.9999984548275946
0.9999984413275342
0.9999984658979397
0.9999984398329461
0.9999984393496685
0.9999984465744112
0.9999984205153175
0.9999984443159505
0.9999984278200181
0.9999984195805182
0.9999984387893118
0.9999984138404077
0.9999984328985121
0.9999984199197741
0.9999984041600051
0.999998424669737
0.999998403894757
0.9999984135508374
0.9999984131622792
0.9999983896528587
0.9999984244182445
0.9999983890563786
0.9999983986777126
0.9999984093156455
0.9999983680728594
0.9999984072252178
0.9999983716692915
0.999998374135612
0.9999984020900806
0.9999983401378062
0.9999983907876561
0.9999983613605682
0.9999983431673023
0.9999983890341543
0.9999983217820186
0.9999983766871077
0.9999983554895722
0.9999983317966036
0.9999983692273622
0.9999983221023523
0.9999983499361761
0.9999983306434641
0.9999983160450593
0.9999983387093725
0.9999983076164378
0.9999983345318131
0.9999983173901335
0.9999983129371807
0.9999983279860913
0.9999983057626971
0.9999983164370727
0.9999983008014601
0.9999983014392925
0.9999983008031594
0.9999982853043332
0.9999983016898034
0.9999982675652351
0.9999982976299875
0.999998277929937
0.9999982678781447
0.9999982833279606
0.999998266225787
0.9999982729875475
0.9999982706656241
0.999998266171532
0.9999982675543416
0.9999982533612839
0.9999982524626603
