0.9999998334283285
0.9999994203499285
0.9999992133330753
0.9999996448411588
0.9999997105112834
0.9999992160267543
0.9999993437907174
0.9999997612775644
0.9999994600279563
0.999999162397149
0.9999995378300582
0.9999997031542366
0.9999992290504104
0.9999992678506173
0.9999996744297007
0.9999994928477351
0.9999991346028977
0.9999994292671547
0.9999996743748638
0.9999992558355261
0.9999991848891214
0.9999995795812141
0.9999995141859943
0.9999991249799677
0.999999335092213
0.9999996269753697
0.9999992863638745
0.9999991365148668
0.9999994832404591
0.99999951794697
0.9999991290874743
0.9999992420368121
0.9999995567285319
0.9999993169014314
0.9999990848257219
0.9999993726609434
0.9999994983725949
0.9999991348834932
0.9999991653422817
0.9999994791937715
0.9999993230318219
0.9999990728983548
0.9999992966961555
0.9999994602097229
0.9999991347657754
0.9999991061564643
0.9999993919109421
0.9999993238069476
0.9999990458338903
0.9999991939862639
0.999999417613675
0.9999991449858179
0.9999990443283745
0.9999993035316037
0.999999324852526
0.9999990248807605
0.999999107751476
0.999999371014574
0.9999991563673507
0.999998979317176
0.9999992158787754
0.9999993168136622
0.9999990136105374
0.999999026142069
0.9999993098299281
0.9999991668317467
0.9999989458068381
0.9999991270019273
0.9999992985046424
0.9999990076727343
0.999998957897973
0.9999992200354193
0.9999991755246649
0.9999989186038142
0.9999990240446611
0.9999992440611023
0.9999990178012976
0.99999889264814
0.999999129262599
0.999999157797698
0.999998899913261
0.9999989459164509
0.9999991914780237
0.9999990238048745
0.9999988476365252
0.9999990444615843
0.9999991403353301
0.9999989046039273
0.999998883368524
0.999999126266832
0.9999990211946304
0.9999988335407228
0.9999989567988546
0.999999108039502
0.9999989040807572
0.999998842274911
0.9999990440689643
0.9999990090330619
0.9999988292422185
0.9999988978509902
0.9999990628871013
0.9999988912259662
0.9999987918445691
0.9999989646872254
0.9999989882059905
0.9999987985268951
0.9999988171372268
0.9999990013516482
0.9999988712587591
0.999998749200031
0.999998895101793
0.999998965632113
0.9999987749495349
0.9999987585887349
0.999998949475949
0.9999988740060393
0.9999987141838611
0.9999988136423636
0.9999989419450209
0.9999987684946965
0.9999987056480271
0.9999988748876668
0.9999988637873731
0.999998691679763
0.9999987307973078
0.9999988972928395
0.9999987551197305
0.999998659118876
0.9999988050344412
0.9999988493239222
0.9999986588862307
0.9999986731989512
0.9999988448587628
0.9999987530302825
0.9999986115757146
0.9999987289438504
0.9999988337016684
0.9999986600906583
0.999998612431609
0.9999987804906785
0.9999987538508408
0.9999985826921197
0.9999986549500176
0.9999987892848592
0.999998655363253
0.9999985783871909
0.999998725351188
0.9999987267654236
0.999998566861603
0.9999986046797721
0.9999987366931251
0.9999986339388457
0.999998521769788
0.9999986586870433
0.9999986886004485
0.9999985267479011
0.9999985439559499
0.9999986855017831
0.999998601123286
0.9999984888897789
0.9999986003761283
0.9999986379086759
0.9999984976378009
0.9999984960524927
0.9999986274701437
0.9999985577732544
0.9999984501603609
0.9999985560685241
0.9999986013057716
0.9999984908729334
0.9999984636824516
0.9999985903193125
0.9999985425826354
0.9999984198899774
0.9999984991493462
0.9999985818965544
0.9999984685643127
0.9999984083007474
0.9999985518476319
0.9999985308542927
0.9999983972673205
0.9999984392162864
0.9999985439204103
0.99999843532603
0.9999983519778352
0.9999984879471824
0.9999984877258379
0.9999983593073615
0.9999983868188951
0.9999985210086967
0.9999984130088019
0.9999983136049941
0.9999984434777248
0.9999984696844361
0.9999983234804481
0.9999983077217705
0.9999984720898111
0.9999983726969371
0.9999982540153025
0.9999983593580056
0.9999984199954383
0.999998281716732
0.9999982220070082
0.9999983983749634
0.9999983466076188
0.999998217744526
0.9999982736369577
0.9999983741768578
0.9999982688040713
0.9999981877269598
0.9999983162861804
0.9999983234477824
0.9999982083145006
0.9999982133148678
0.9999983290691319
0.9999982460002876
0.999998158905163
0.9999982756016723
0.9999982866337114
0.9999981735758084
0.9999981645423361
0.9999982963090724
0.9999982321867061
0.9999980966174177
0.99999821772992
0.9999982894929524
0.9999981658101595
0.9999980869571753
0.9999982639911215
0.999998246673845
0.9999980831057423
0.9999981510081165
0.9999982686654557
0.9999981533362604
0.9999980545440423
0.9999982011750899
0.9999982156210484
0.9999980592163215
0.9999980620568817
0.9999981976117912
0.9999981408771375
0.9999979830608562
0.9999981054884595
0.9999981727058981
0.9999980342888777
0.9999979947501345
0.9999981359303053
0.9999981278428935
0.9999979606920594
0.9999980319447465
0.9999981273614845
0.999998026075786
0.999997932170698
0.9999980406203182
0.9999980894764458
0.9999979400541306
0.9999979482473785
0.9999980574482178
0.9999980116078124
0.999997895629449
0.999997968387761
0.9999980456868763
0.9999979074784815
0.9999978968973793
0.9999980173378494
0.9999979827609035
0.9999978668796669
0.9999979287817314
0.9999980022968777
0.9999978947298308
0.9999978522827265
0.9999979538636367
0.9999979505825157
0.9999978520984574
0.9999978764510548
0.9999979502466054
0.9999978805390479
0.9999978430634275
0.9999979018659924
0.9999979054909974
0.9999978306401853
0.9999978381116968
0.999997895880551
0.9999978518333706
0.999997838384997
0.999997847115957
0.9999978681246193
0.9999978181612343
0.999997805967897
0.999997836318711
0.9999978035467673
0.9999977713234391
0.9999977706866671
0.9999978132670133
0.9999977508678737
0.9999977504672197
0.9999977771858849
0.9999977697614811
0.999997736040388
0.9999977438113717
0.9999977796042099
0.9999977176333908
0.9999977192938384
0.9999977548070533
0.9999977357282349
0.999997697938574
0.9999977131354425
0.9999977415769522
0.9999976781030188
0.9999976902731211
0.9999977047362414
0.9999976814743591
0.999997658954239
0.9999976759238788
0.9999976633931478
0.9999976294074433
0.9999976511306969
0.9999976519028457
0.9999976218624417
0.9999976324750397
0.9999976592943884
0.9999976353103182
0.9999975784837849
0.9999976178637163
0.9999976203971371
0.9999975576967015
0.9999975777291779
0.9999975905762467
0.9999975814713188
0.9999975368178938
0.9999975650473171
0.9999975743737953
0.9999975374187292
0.9999975170495559
0.9999975547314428
0.9999975519642461
0.9999975051008235
0.9999975221873922
0.9999975266497622
0.9999975108963621
0.9999974950280365
0.9999974902701636
0.9999974815250724
0.9999974550969303
0.9999974724098091
0.9999974469772552
0.9999974286596197
0.9999974398492478
0.9999974457019424
0.9999974032670744
0.9999974119033412
0.999997452827107
0.9999974147914801
0.9999973720528813
0.9999973772349571
0.9999974306452329
0.9999973705577777
0.9999973438633846
0.9999973813082492
0.9999973783751053
0.9999973416330472
0.9999973340628038
0.9999973696558551
0.9999973148248757
0.9999973055767379
0.9999973349348462
0.9999973164771359
0.9999972920332415
0.9999973020476208
0.9999973430037277
0.9999972848270325
0.9999973073368281
0.9999973253869677
0.9999973046583036
0.9999972533007412
0.9999972618402089
0.9999973107297424
0.9999972545144644
0.9999972628314628
0.999997269288284
0.9999972652490543
0.9999972366447801
0.9999972573522713
0.9999972414659359
0.9999972216433223
0.9999972443826951
0.9999972397466271
0.9999972072251304
0.9999971826379381
0.9999972084154067
0.9999972143961411
0.9999971751481543
0.9999971829338206
0.9999971887478635
0.9999971690447159
0.9999971343915476
0.9999971536340818
0.999997172415364
0.9999971241932782
0.9999970942686467
0.9999971400335225
0.9999971297976081
0.9999970738255678
0.9999970773112277
0.9999971359333523
0.9999970835265937
0.9999970505668362
0.9999971062842985
0.999997090889471
0.9999970335909238
0.9999970444881523
0.9999971108643092
0.9999970579548073
0.9999970189004546
0.9999970546748069
0.9999970865794983
0.9999970138877017
0.9999970020894813
0.9999970650890794
0.9999970263097544
0.9999969754404378
0.9999970118983402
0.999997054925566
0.9999969769075581
0.9999969537462765
0.9999970288592005
0.999997030294853
0.9999969545396347
0.999996964709944
0.9999970274251478
0.9999969739383147
0.9999969304487887
0.9999969679345174
0.9999969995317585
0.999996918358671
0.9999969139874587
0.9999969662746915
0.9999969516817262
0.9999968836462878
0.9999969017101112
0.999996972163546
0.9999968960813422
0.9999968411645667
0.9999969091795082
0.9999969426312856
0.9999968383361828
0.9999968540636657
0.9999969311024741
0.9999969053809591
0.9999968285481455
0.9999968697537438
0.9999969317616378
0.9999968596308382
0.9999968118722267
0.9999968683622029
0.999996897670206
0.999996817132583
0.999996806711298
0.9999968808493453
0.9999968328950912
0.999996772976411
0.9999968264949433
0.9999968677437941
0.9999967791733922
0.9999967733163191
0.9999968557826482
0.9999968240163719
0.9999967523618455
0.9999967862488699
0.9999968403862107
0.9999967529331276
0.9999967336453639
0.9999968088260328
0.999996796127342
0.9999967141429617
0.9999967514771874
0.9999967978072942
0.9999967241146409
0.999996693117395
0.9999967465472362
0.9999967521398567
0.9999966964312761
0.9999966826851072
0.9999967379408893
0.9999967367034666
0.999996666554039
0.99999666648461
0.9999967162701419
0.9999967046761279
0.9999966295047852
0.9999966672975175
0.9999967065632471
0.9999966485711589
0.999996625681939
0.9999966893176463
0.9999966895874368
0.9999966087128599
0.9999966373954947
0.9999966686000248
0.9999966324126576
