0.9999986312068029
0.9999981259670038
0.999996738099592
0.9999949957689969
0.9999935814827019
0.999993008573742
0.9999934579545311
0.99999471647448
0.9999962533343869
0.9999974743762339
0.9999979323721335
0.9999974656254742
0.9999962665607911
0.9999947763415151
0.9999935125038691
0.9999929012390381
0.999993153249766
0.9999942035250609
0.9999956365034218
0.9999968444180123
0.9999973493552664
0.999996968832843
0.9999958385413842
0.9999943834240798
0.999993144064526
0.9999925258990474
0.9999927486564469
0.9999937185808071
0.9999950523748854
0.999996235678749
0.9999967511305771
0.9999963643020291
0.9999952423478486
0.9999938578662239
0.9999927145750268
0.9999921561529287
0.9999923536304777
0.9999932373809349
0.9999944573687263
0.9999955280468531
0.999996005659892
0.9999956695446869
0.9999946348410169
0.9999933045787215
0.9999922168497348
0.9999917922669312
0.999992099657432
0.9999929672526853
0.999994050471988
0.9999949828136856
0.999995383966809
0.999995074505591
0.9999941520187374
0.9999929802024834
0.9999920279985468
0.9999916135900055
0.9999918725905773
0.9999927027549356
0.9999937589919572
0.9999945673951856
0.9999948045143546
0.9999944074793479
0.9999935594115377
0.9999925538291192
0.9999917353592264
0.9999914012874849
0.9999916907427228
0.9999924533306176
0.9999933294894099
0.9999939743788718
0.9999941516856661
0.9999937609880937
0.9999929349394935
0.9999919726403261
0.9999912407846565
0.9999910004575211
0.9999913125937823
0.9999920122190655
0.9999928047404717
0.9999934168729276
0.9999936066186795
0.9999932315535895
0.9999923989087995
0.9999914619188964
0.9999908086666759
0.9999906688340984
0.9999909944107431
0.9999915918653544
0.9999922474061358
0.9999928088422583
0.9999930578758371
0.9999927829770391
0.9999920284137832
0.9999911324659412
0.9999905058474513
0.9999903696347877
0.9999906937124748
0.9999912494016329
0.9999918179680215
0.9999923022710413
0.9999925115209597
0.9999922262911369
0.999991482687797
0.9999906128693103
0.9999900437201727
0.9999899744231432
0.9999903106523123
0.9999908195013172
0.9999913534360252
0.9999917749931996
0.9999919201108621
0.999991663772734
0.9999910386660058
0.9999902466359267
0.9999896698384938
0.999989581842836
0.9999899687599788
0.9999905685591026
0.999991084589131
0.9999913819411268
0.999991387008705
0.9999910438073077
0.9999904089774933
0.9999896958198952
0.999989237234621
0.9999892272530221
0.9999895827944618
0.9999900889865879
0.9999905001570915
0.9999907393742898
0.9999907150320562
0.9999904200906018
0.9999899114055764
0.9999893335507805
0.9999889664071585
0.9999889183788723
0.999989193984724
0.99998965364282
0.9999901054544932
0.9999903470256958
0.9999902898224998
0.9999899504681725
0.9999894297911119
0.9999888979422928
0.9999885763652892
0.9999885813269961
0.9999888790093294
0.9999893494462979
0.9999897884933382
0.9999900072172718
0.9999899043607348
0.9999895200297679
0.9999889702044816
0.9999884789689276
0.9999882415300457
0.9999883215469758
0.9999886822037249
0.9999891333011309
0.9999894735609915
0.9999895969678606
0.9999894564892444
0.9999890590419531
0.9999885070752665
0.9999879860834842
0.9999876888545008
0.9999877517931963
0.999988098861012
0.9999885449177944
0.9999888832578573
0.999988996560823
0.9999889079780007
0.9999886046347063
0.999988150308222
0.9999876687126827
0.9999873825375397
0.9999874147084542
0.9999876806389072
0.999988016177932
0.9999882653999296
0.9999883743699525
0.9999883440584277
0.9999881278435064
0.9999877247782072
0.9999872476928647
0.999986863316813
0.9999867696272687
0.9999869633368704
0.9999873100953267
0.9999876541780389
0.9999878902669432
0.9999879294890706
0.999987755433269
0.9999873801244192
0.9999869211685356
0.9999865557003905
0.9999864381486527
0.9999865522842982
0.9999867679378688
0.9999869830355778
0.9999871486564018
0.9999872178700308
0.9999871637231796
0.9999869600619481
0.9999866261751844
0.9999862649948484
0.999986061466392
0.999986114458539
0.9999863150819928
0.9999865429287542
0.9999867564229951
0.9999868967301716
0.999986888443281
0.9999866474905359
0.9999862255129404
0.9999858173628733
0.9999856529233798
0.9999857563091804
0.9999859534115622
0.9999861048657851
0.9999861722921725
0.9999861988144967
0.9999861321058217
0.9999858662030289
0.9999854502975427
0.999985116148123
0.9999850415969705
0.9999852190837388
0.9999854610986305
0.9999856613217363
0.9999858686674192
0.9999860205419875
0.9999859494499556
0.9999855608634922
0.9999850426707212
0.9999846915453173
0.9999846026383383
0.9999847670720131
0.9999850329802242
0.9999852920714288
0.9999854966782356
0.9999855701957756
0.9999853553585045
0.999984899949226
0.9999843360221055
0.9999839676096894
0.9999839016726686
0.9999840377381971
0.9999842920420728
0.999984591839412
0.9999848612552167
0.9999850029743842
0.9999848554334227
0.9999844567952134
0.999984006438642
0.9999836616007433
0.9999835113236114
0.9999835541125536
0.9999837470237564
0.9999840332028659
0.9999843233179879
0.9999844702513213
0.9999843399583993
0.9999840116788121
0.9999836488106579
0.9999833245065894
0.9999830433146069
0.9999828998582783
0.9999830410717707
0.9999834104039313
0.9999838144598108
0.9999840204729761
0.999983935741717
0.9999836090966978
0.9999831701228746
0.999982734891525
0.9999824148034284
0.9999823155178663
0.9999824656571966
0.9999828250072307
0.9999832235001681
0.9999834611424023
0.9999833993470267
0.9999831197315247
0.9999827344658162
0.9999822993410364
0.9999819050977153
0.9999817597319964
0.9999819153256011
0.9999822909012629
0.9999826852640887
0.999982944468067
0.9999829692426125
0.9999827684444957
0.9999823754202157
0.9999819146177557
0.9999815315384122
0.9999813353863376
0.9999814287486899
0.9999817482313169
0.999982067885389
0.9999822655088523
0.9999823307117028
0.9999822136454736
0.9999818866141164
0.9999813730389403
0.9999808655267058
0.9999806283723263
0.9999807420483849
0.999981088109094
0.9999814604600219
0.9999817143405624
0.9999817728778551
0.9999815927091846
0.9999812316062956
0.9999808471196258
0.9999806125886244
0.9999805560081758
0.9999806803453694
0.9999808868620069
0.9999811112448241
0.9999812631204109
0.999981236501265
0.9999809953079798
0.9999806273343322
0.999980277085462
0.9999800331807169
0.9999799999094298
0.9999801385473871
0.999980409757501
0.9999807148021839
0.9999808686235964
0.9999807855669359
0.9999804699045768
0.9999800587071163
0.9999797157307226
0.9999795259422728
0.999979589641013
0.9999798374990668
0.9999801204582982
0.9999803691400161
0.999980541013529
0.9999804862381173
0.9999801701317237
0.9999797487879791
0.9999794134776409
0.9999792991604661
0.9999794070681097
0.9999795966055061
0.9999798136668926
0.9999800085501257
0.9999800942735956
0.9999799943338716
0.9999797503015119
0.9999794155204075
0.9999791323281725
0.9999790442246593
0.999979146925563
0.9999793557194814
0.9999795819901999
0.9999797380986946
0.9999797732408174
0.9999796037152765
0.999979229431119
0.999978844914686
0.9999786158357942
0.9999785952416548
0.9999787504724749
0.9999790423532992
0.9999793416156538
0.9999795495490775
0.9999795641677794
0.9999793028758138
0.999978839558199
0.9999784068521919
0.9999781291002373
0.9999779962680297
0.9999780412899011
0.9999782674488408
0.9999785633108365
0.9999787977776047
0.9999789147675567
0.9999788247575245
0.999978534096658
0.9999781207953266
0.9999777564156869
0.9999775495553166
0.999977541872635
0.999977640672501
0.9999778148354896
0.9999780943574788
0.9999783294030841
0.9999783551413808
0.9999780628561947
0.9999776418288393
0.9999773284661579
0.9999772542489402
0.9999773610776316
0.9999775173289859
0.9999777256438037
0.9999779797801973
0.9999781409940987
0.9999780012453819
0.9999775398982369
0.9999770137925363
0.9999766931403473
0.9999766721682409
0.9999768557537135
0.9999771077760906
0.9999773387057824
0.9999775071638884
0.9999775502681846
0.9999774034924139
0.9999770960321668
0.999976691457821
0.9999763721195523
0.9999762578394461
0.9999763351947512
0.9999765650566931
0.999976824915434
0.9999770317826756
0.9999770975200568
0.9999769384024476
0.9999765816945945
0.9999761491679701
0.9999757884759195
0.9999756418550537
0.9999756791102826
0.9999758543675087
0.9999760724072333
0.9999762529580789
0.9999763287879299
0.9999762955930118
0.9999761029805453
0.9999757686986996
0.9999753848962972
0.9999750795592924
0.9999749861505545
0.999975103410509
0.9999753537063714
0.999975641210487
0.9999757827431681
0.9999757078875946
0.9999754299635749
0.9999750705987537
0.9999747399592983
0.9999745472375968
0.9999745302414259
0.9999746992312835
0.9999749786148994
0.9999752712763772
0.9999753664027996
0.9999752603365308
0.9999750023995899
0.9999746867188148
0.9999743720512877
0.9999741449121616
0.999974095810384
0.9999742709268636
0.9999745877597239
0.9999748071020921
0.9999747915382725
0.9999746087539941
0.999974409417763
0.9999742242396293
0.9999740004655386
0.9999737659257333
0.9999736658639495
0.9999737893597053
0.9999740619883035
0.9999742566987622
0.9999742139280542
0.9999739815035238
0.9999737727889149
0.9999736699322409
0.9999735631633612
0.9999734110261556
0.9999733004721413
0.9999734008075881
0.9999735647574374
0.9999736258504257
0.9999735264292607
0.9999734095846848
0.9999733531349082
0.9999732954700064
0.9999731527683858
0.9999729550915477
0.9999728022374642
0.9999728206013668
0.9999729165810785
0.9999729187809697
0.9999728490111657
0.999972812738087
0.9999727562648166
0.9999726407862348
0.9999724340506484
0.999972244383987
0.9999722033680524
0.9999723092030943
0.9999723763671493
0.9999722838002494
