0.9999945232630706
0.9999940866401099
0.9999925883400564
0.9999901707174678
0.9999870336396655
0.999983485273839
0.9999798928083453
0.9999765948422839
0.9999739187390978
0.9999720418784227
0.9999711445096554
0.9999712957925919
0.9999723980699389
0.9999742814027918
0.9999766965126881
0.999979475779904
0.9999823698371275
0.9999850898867143
0.999987359467293
0.999988918900076
0.9999895222928822
0.9999890365073543
0.9999874803557325
0.9999850583986237
0.9999821141956029
0.9999790064660704
0.9999761140861735
0.9999736779282093
0.9999718143363345
0.999970589156838
0.9999699670428751
0.9999699554965168
0.9999705895345558
0.9999718620382564
0.999973723663854
0.9999760027820009
0.9999784370570254
0.9999807082748735
0.9999825316614124
0.9999836442317884
0.9999839016548103
0.999983282752795
0.9999818882879183
0.9999799325518063
0.9999776236790486
0.9999751955069996
0.9999728875824655
0.9999708793866012
0.9999692895358095
0.9999681915275398
0.9999676641203061
0.9999677031967038
0.9999683103602965
0.999969489591449
0.9999710954605572
0.9999729733690963
0.9999749189497169
0.999976709265422
0.9999781077492018
0.9999789059285524
0.9999790276648048
0.9999784657572084
0.9999773044203509
0.9999757184627593
0.999973921803853
0.9999720236495097
0.999970141654898
0.9999684748192637
0.9999671278267827
0.9999661987773246
0.9999657134782284
0.9999656305272331
0.9999660206154796
0.999966864400996
0.9999680749311355
0.9999694977382331
0.999970907819946
0.9999721473483298
0.9999730617559708
0.9999735403357051
0.9999735808146643
0.9999731452641049
0.9999722476730862
0.9999709318213365
0.9999694348094647
0.9999678830932672
0.9999663993946118
0.99996510767383
0.9999641420827465
0.9999635114083056
0.9999632542091504
0.9999633594480075
0.9999637526670627
0.9999643781560575
0.9999651981591379
0.9999661318822262
0.9999670982314062
0.9999679560383412
0.9999685601384017
0.9999688689601394
0.9999687802052504
0.9999683336028452
0.9999675677569818
0.9999664756648131
0.9999651684386606
0.9999638462805536
0.9999626605164049
0.9999616937622879
0.9999610364020843
0.9999606562470373
0.9999605336816046
0.9999606385707035
0.9999609499098789
0.9999614103980481
0.9999620082442974
0.9999627359834506
0.9999635353320938
0.9999642707048161
0.9999648228435788
0.999965027856703
0.9999648319849375
0.9999642387815681
0.9999633305610066
0.9999622108740913
0.9999610620864018
0.9999599696789478
0.9999590219585325
0.9999582985493809
0.9999577855822129
0.999957437673983
0.9999572190651856
0.999957185651809
0.9999573436348236
0.999957668611467
0.9999581710847574
0.9999588182985485
0.9999595058671868
0.9999601061960278
0.9999605801300053
0.9999607990485063
0.9999607099312608
0.9999603006399674
0.9999595223665871
0.9999584925592033
0.9999573414002736
0.9999561651226525
0.9999551307368365
0.9999542723735096
0.9999536002099704
0.9999532064209402
0.9999530363201357
0.9999530643545989
0.9999532918451396
0.9999536988977692
0.999954256571674
0.9999550005573394
0.999955811891103
0.9999566249526597
0.9999572963669634
0.999957673060838
0.99995763446032
0.9999571690649941
0.9999563408303637
0.9999553460654841
0.9999542796011699
0.9999532242990187
0.9999522757306055
0.9999515293471233
0.9999509212096156
0.9999504560345976
0.9999501948349465
0.9999502061080542
0.9999505245785214
0.9999510794704366
0.9999517629921629
0.999952451369308
0.9999530004392176
0.9999532724760707
0.9999532649127797
0.9999530221164407
0.9999525943189612
0.9999520248308164
0.9999513867191423
0.9999507460814351
0.9999501338101867
0.9999495577617442
0.9999489303131813
0.9999482709323874
0.9999476592342319
0.9999472182249587
0.99994698809305
0.9999469491475391
0.9999471246310829
0.9999474703989008
0.999947920873415
0.9999483704500093
0.9999487715068377
0.9999490854849027
0.9999492133726605
0.9999491536439452
0.999948832353132
0.9999483128014177
0.9999477125067509
0.9999470689901322
0.9999463736664694
0.9999457134531211
0.9999451095718184
0.9999445979429474
0.9999441527669799
0.9999438478358192
0.9999436585077092
0.9999436331460769
0.9999437519299148
0.9999440042116131
0.9999443380687958
0.9999447365251344
0.9999450782248882
0.9999453450083744
0.9999454874234497
0.9999455307345385
0.9999454330054813
0.9999452681987342
0.9999450158736968
0.9999447268576408
0.9999443453140276
0.999943855630367
0.999943267284771
0.9999426513744982
0.9999420511095252
0.9999415324029322
0.9999411336558713
0.9999408535685141
0.9999407483312999
0.9999407678681593
0.9999409136630766
0.9999410721359795
0.9999411371356228
0.9999410783550575
0.9999409440951166
0.9999407465480425
0.9999404970039719
0.9999402298355621
0.9999399957050795
0.9999398117995374
0.9999396552853621
0.9999395286083076
0.9999393848951404
0.9999391568455165
0.9999388314386942
0.9999384823680788
0.9999381899159266
0.9999379685682726
0.9999377915862188
0.9999376902803766
0.999937627040145
0.9999376008058605
0.9999375328942506
0.9999374509126802
0.9999373342917365
0.9999371534363086
0.9999370144905043
0.9999369267595565
0.9999368840393507
0.9999368631664906
0.9999368206451394
0.9999366648989408
0.9999363716069262
0.9999360069741745
0.9999355836416738
0.999935224586828
0.9999349419064756
0.9999348018183234
0.9999347876875982
0.9999348893642491
0.9999350478879762
0.999935180723238
0.999935208018598
0.9999351584552217
0.9999349627308916
0.9999346617221287
0.9999344131373893
0.9999342594521548
0.9999342177904952
0.9999341837358889
0.9999340170220319
0.9999337517595626
0.9999333517805961
0.9999328517774204
0.9999322757064154
0.9999317357934941
0.9999312796713768
0.9999310007317203
0.9999309236686501
0.9999309135961765
0.9999309420705986
0.9999308962939276
0.9999307143940349
0.9999303588073473
0.9999299216891097
0.9999295240614794
0.9999291860111906
0.9999289429049812
0.9999288480412105
0.999928850265636
0.9999289246576468
0.9999290442734432
0.9999291247477787
0.9999291195097719
0.999928989773732
0.9999286407398612
0.9999282195482845
0.9999278643619025
0.9999276004173248
0.9999273700592627
0.9999271866734045
0.9999270369394602
0.9999268196804021
0.9999264053288204
0.9999258235725486
0.9999252362453726
0.9999247331082706
0.9999243450320141
0.9999240221739615
0.9999238273597404
0.9999237793362058
0.9999237894289821
0.9999238420704799
0.9999239162058488
0.9999239247752187
0.9999238868928247
0.9999237724653117
0.9999236143873159
0.9999233376176374
0.9999229785456283
0.9999225687393815
0.99992216102073
0.9999218343481188
0.9999215705348791
0.9999213929776377
0.9999211669691038
0.9999209672211815
0.9999207777530991
0.9999205935755789
0.999920395677327
0.999920250678666
0.9999201126575937
0.9999200075368281
0.9999199074233676
0.9999197247728375
0.9999195168979504
0.9999193013947552
0.9999190375505841
0.9999187565059345
0.9999185090297806
0.9999183360148911
0.9999182285409592
0.9999182052773679
0.9999181424847795
0.9999180491209377
0.9999178840758783
0.9999176087154991
0.9999172371248158
0.9999168308907311
0.9999164065770686
0.9999160796289887
0.999915839168146
0.9999156611779582
0.9999155359349078
0.9999154769252439
0.9999154607094062
0.9999154174357028
0.9999155336197166
0.9999157530157928
0.9999159503277378
0.9999160630176376
0.999915987917239
0.9999156606148599
0.9999151646479159
0.9999145046831933
0.9999136782130827
0.9999127388248468
0.9999118630526879
0.9999111603153756
0.9999106537430018
0.9999103327884239
0.9999102240934619
0.999910277913142
0.9999103797940714
0.9999104593317069
0.9999105358748225
0.9999106645433186
0.9999108726281009
0.9999111308652284
0.999911388125229
0.999911517255575
0.9999115047477236
0.9999112374235375
0.9999107073160236
0.999909917307967
0.9999090146754004
0.9999080765777607
0.9999071754142982
0.9999064283370603
0.9999059313446294
0.9999056261588314
0.9999055175175882
0.9999056300444097
0.9999059418666709
0.999906325572873
0.9999067375502293
0.9999070670694777
0.9999072307197182
0.999907239934164
0.9999070218040194
0.9999066417164547
0.9999062277439387
0.9999058414602416
0.99990547728851
0.9999050725883911
0.9999045937952659
0.999903998730418
0.9999033736303217
0.9999027498458218
0.9999022621869849
0.9999018922657921
0.9999017658474864
0.9999018484951583
0.9999020446866085
0.9999023406298337
0.9999026630826995
0.9999028887899082
0.9999029946549923
0.9999029525159812
0.9999028163576255
0.9999025978589626
0.9999023235947299
0.9999020210622622
0.9999016975611281
0.9999013477308278
0.9999009148427271
0.999900345139336
0.9998996997053035
0.999899013073929
0.9998983695408558
0.9998978487520624
0.9998975962420876
0.999897599569038
0.9998976431495522
0.9998977449728705
0.9998979181600243
0.9998980395840743
0.9998981309982405
0.999898133019458
0.9998980185767965
0.9998978663809184
0.9998977035029342
0.9998975163455134
0.9998972605026222
0.9998968915636114
0.9998963862876391
0.9998957605118992
0.9998951223444823
0.9998945686979323
0.9998941112107316
0.999893770390578
0.9998936371947894
0.9998936688217431
0.9998937378988836
0.999893751518201
0.9998937865008183
0.999893808984051
0.9998937220167884
0.9998935323744025
0.9998932087728334
0.999892806743011
0.9998924893884307
0.9998922374405022
0.9998920797003421
0.9998919703699944
0.9998918134964517
0.9998915841287499
0.9998912825749293
0.9998908627323098
0.9998903853792696
0.9998899252413319
0.9998895862101167
0.9998893456138824
0.9998892078077634
0.9998891599842967
0.9998892063399425
0.9998892709137907
0.999889288241315
0.9998892791648257
0.9998892882649484
0.9998893065912329
0.9998892020702005
0.9998889280608201
0.9998885720096718
0.999888213920307
0.9998878731348204
