0.9999997465991706
0.9999992826079682
0.9999987682331827
0.999999030541638
0.9999996218570643
0.9999994870321101
0.9999988398185292
0.9999988081271232
0.9999993996369813
0.9999995956145178
0.9999990124768915
0.9999986876017397
0.9999991417865721
0.9999995848752669
0.9999992119372001
0.999998693400257
0.9999989038413157
0.9999994624951388
0.9999993643316872
0.9999987971365474
0.9999987296890798
0.9999992562580211
0.9999994367086125
0.9999989561501692
0.9999986431643716
0.9999990153727704
0.9999994226329502
0.9999991012459227
0.9999986550280178
0.9999987930082515
0.9999993017264579
0.9999992273528795
0.9999987298508779
0.9999986400482118
0.9999991194344966
0.9999992943430335
0.9999988586858407
0.9999985614518717
0.9999988856015511
0.9999992712931559
0.9999989949583452
0.9999985678396446
0.9999987097818596
0.999999159759497
0.9999990991324643
0.9999986288508252
0.9999985572061747
0.9999989853949707
0.9999991619020836
0.9999987690513792
0.9999984826726006
0.999998784177066
0.9999991213431396
0.9999988724641715
0.9999984717448911
0.999998600679744
0.9999990062463013
0.9999989916035755
0.9999985492270695
0.9999984744234706
0.9999988448759123
0.9999990324838443
0.999998677914066
0.9999984039398561
0.9999986471990215
0.9999989838957798
0.9999987959485627
0.9999984105162348
0.9999984694027132
0.9999988697856489
0.9999988782262551
0.9999984820166213
0.9999983536933041
0.9999987046634817
0.9999989052236006
0.9999986021040869
0.9999983282941733
0.999998525633192
0.9999988584443964
0.9999986973368177
0.9999983681678128
0.9999983980777506
0.9999987438707488
0.9999987678738098
0.9999984188596173
0.9999983043324668
0.9999985910834291
0.9999987800334684
0.9999985192658298
0.9999982614089818
0.9999984297153575
0.9999987044960786
0.9999985979730425
0.999998266721857
0.9999982885568548
0.9999985814390796
0.9999986271628017
0.9999983147691291
0.999998185009465
0.9999984415745456
0.9999986344916599
0.999998403828371
0.9999981307319327
0.9999982879714471
0.9999985671306469
0.9999984803385237
0.9999981494308259
0.9999981492334513
0.9999984482972836
0.9999985166051504
0.9999982149614076
0.9999980603040541
0.9999983136101855
0.9999984848066643
0.9999983078259301
0.9999980502255874
0.9999981583000586
0.9999984171316866
0.9999983468448095
0.9999980746072398
0.9999980373977932
0.9999983273960354
0.9999983799985667
0.9999981300458659
0.9999979663586573
0.9999982001337447
0.9999983632504204
0.9999982039205364
0.999997932043938
0.9999980543632089
0.9999982947228243
0.9999982472024712
0.9999979748372606
0.9999979217846507
0.9999981833614608
0.9999982722695469
0.9999980645735768
0.9999978759090494
0.9999980556634458
0.9999982378491657
0.9999981264626048
0.9999978825807543
0.9999979514106295
0.9999981758339574
0.9999981548758216
0.9999979264774946
0.9999978410342727
0.9999980581363336
0.9999981458900391
0.9999979744266976
0.9999978077866049
0.9999979335600883
0.9999980898792349
0.9999979995425287
0.9999977991083314
0.9999978331867524
0.9999980312206627
0.9999980359780806
0.999997853630412
0.9999977657688254
0.9999979360473207
0.9999980368492669
0.9999979038122022
0.9999977290989189
0.9999978296776131
0.9999979887547261
0.999997922738476
0.999997743662324
0.9999977498983934
0.999997911798174
0.999997927766571
0.9999977250759068
0.9999976465832645
0.999997818062706
0.999997925698445
0.9999977569475939
0.9999976076478957
0.9999977274308682
0.9999978770208887
0.9999977983767326
0.9999975975664198
0.9999976342211303
0.9999978091291739
0.9999978192581362
0.99999760856916
0.9999975315177735
0.9999976797489468
0.9999977749082362
0.9999976457005262
0.9999974692915825
0.999997572863162
0.9999977184637064
0.9999976731602706
0.9999974733411724
0.9999974698787646
0.9999976110299266
0.99999766001438
0.9999974916898056
0.999997397866774
0.9999975120300549
0.999997629102379
0.9999975343771402
0.9999973693235878
0.9999974243356882
0.9999975747722949
0.9999975495443211
0.9999973823022753
0.9999973463637347
0.9999974924270824
0.9999975822042964
0.9999973869843805
0.9999972919848275
0.9999973845854351
0.9999975666171838
0.999997427703919
0.9999972492551754
0.9999972651368737
0.9999974812593029
0.999997475533464
0.9999972469925139
0.9999971847583922
0.9999973553266485
0.999997494980734
0.9999972988088383
0.9999971502173947
0.9999972420738898
0.9999974642785556
0.9999973384291144
0.9999971349093145
0.9999971425095155
0.9999973811952889
0.9999974082651466
0.9999971655760609
0.9999970652899838
0.9999972493589686
0.9999973954228104
0.9999972098479841
0.9999970414871454
0.9999971346684668
0.999997356376857
0.999997240802653
0.9999970091990527
0.9999970190025912
0.9999972864311119
0.9999973011049108
0.9999970439107811
0.9999969495497715
0.9999971614693757
0.9999972923012131
0.9999971132093091
0.999996933161623
0.9999970133313059
0.9999972263385931
0.9999971655396968
0.9999969703432057
0.9999969263069184
0.9999971193854669
0.9999971746085421
0.9999969964939818
0.9999968890491409
0.9999970039091209
0.999997141709648
0.9999970499373698
0.9999968641291991
0.9999968966152535
0.9999970717720246
0.999997060839532
0.9999968680273359
0.9999968131568934
0.9999969681601892
0.9999970699482751
0.9999969158822639
0.9999967583394981
0.9999968420097746
0.9999970135681188
0.9999969445735634
0.9999967632804619
0.9999967522842997
0.9999969194552916
0.9999970044394996
0.9999968129706989
0.9999967058912757
0.9999968192022339
0.9999969777501639
0.9999968582159574
0.999996652757428
0.9999967035058387
0.9999968952946964
0.9999968995198152
0.9999966644626767
0.9999966067420605
0.9999968028684504
0.9999969382542563
0.9999967100443654
0.9999965297781599
0.9999966594209683
0.9999968738186685
0.9999967676098701
0.9999965315050894
0.9999965430719303
0.9999967677121343
0.9999968015489737
0.9999965590433837
0.9999964677129973
0.9999966673349552
0.9999968061783293
0.9999966159549597
0.9999964264841881
0.9999965311240747
0.9999967487494087
0.9999966502443292
0.9999964388684497
0.9999964277917129
0.9999966452656792
0.9999966637986761
0.9999964478644929
0.9999963670138623
0.999996535303106
0.9999966623330364
0.9999964874686227
0.999996313048578
0.9999963947988875
0.9999966017677633
0.9999965113579278
0.999996301978354
0.9999962873545684
0.9999965090990268
0.9999965532505322
0.9999963370394704
0.999996229813152
0.9999963861604233
0.999996553451729
0.9999963773293532
0.9999961623035979
0.9999962205603474
0.9999964657401227
0.9999964507292072
0.9999962174926338
0.9999961271989993
0.9999963245599756
0.9999964561065499
0.9999962572678868
0.9999961003169084
0.9999962141958919
0.9999964028532657
0.9999962807719115
0.9999960944254587
0.9999961133474724
0.9999963217882295
0.9999962711234847
0.9999960787555388
0.9999960694150656
0.9999962397437256
0.9999962781980807
0.999996077570075
0.9999960134847304
0.9999961508346308
0.9999962507113235
0.9999960968484716
0.9999959706127415
0.9999960693049358
0.9999961888351809
0.9999961098302912
0.9999959709558797
0.9999959658088331
0.9999960850514711
0.9999960689613554
0.999995983096363
0.9999958907267121
0.9999960016883482
0.9999960173312895
0.999995948291575
0.9999958517139168
0.999995918752417
0.9999960240870618
0.9999959306669037
0.9999958391920958
0.9999958062637831
0.9999959570516764
0.9999959511974678
0.9999958315138207
0.9999957421283248
0.9999958390127326
0.9999959290621038
0.9999958417123332
0.9999957357945913
0.9999957290795527
0.9999958427909678
0.999995833841007
0.9999957498267363
0.9999957092094258
0.9999957732875228
0.9999957717497857
0.9999957444683191
0.9999957012935345
0.9999957274990494
0.9999957269626069
0.9999957153952391
0.9999956853822143
0.9999957067063555
0.9999957108125843
0.9999956736311715
0.999995651691752
0.9999956577016562
0.999995689739751
0.9999956715982533
0.9999956224273875
0.9999955996356983
0.9999956396471079
0.9999956338038839
0.9999955841445292
0.999995530490981
0.9999955767228521
0.9999956359057005
0.9999955859138899
0.9999955093626474
0.9999955261572155
0.9999956323958611
0.9999956047719489
0.9999955147494316
0.9999954822167404
0.9999955579231387
0.9999956058080116
0.9999955047719259
0.9999954513690394
0.9999954872175828
0.9999955619347658
0.9999954945735824
0.9999954140125095
0.9999954297565405
0.9999954983819379
0.9999954931046042
0.9999953956772984
0.9999953758531868
0.9999954294312368
0.9999954631810289
0.9999953842115994
0.9999953288601715
0.9999953383084943
0.9999953857934217
0.9999953246956546
0.9999952954548889
0.9999953138137014
0.9999953539991566
0.9999952968238535
0.9999952594218374
0.9999952805063198
0.9999953246636892
0.9999952938793087
0.9999952252308127
0.9999952284395366
0.9999952655340719
0.9999952909127371
0.9999952197730809
0.9999951861901777
0.9999952256891489
0.999995302466676
0.9999952411314215
0.9999951703413317
0.9999951502047358
0.9999952410295992
0.999995250948446
0.9999951667853961
0.9999951324744217
0.9999951860946663
0.9999952194891455
0.9999951381996433
0.9999950839851058
0.9999951039710312
0.9999952083182405
0.9999951683655072
0.9999950751800456
0.9999950345677222
0.9999951088760126
0.9999951398125776
0.9999950543045409
0.9999949995917709
0.9999950400467328
0.9999951155497412
0.9999950375374052
0.9999949900076582
0.9999949888647678
0.9999950541361836
0.9999950115603158
0.9999949303540092
0.9999949334339967
0.9999950069208172
0.9999950062190808
0.9999948988234304
0.999994875615258
0.9999949207726271
0.999994980661439
0.9999948972296512
0.9999948322395332
0.999994856366739
0.9999949500430573
0.999994916868119
0.999994789816021
0.9999947692936331
0.9999948557344046
