0.9999999013942804
0.9999995692728934
0.9999996942570153
0.9999998447230369
0.999999491104137
0.9999998068158428
0.9999997245882547
0.9999995193124782
0.9999998560542454
0.99999959144743
0.999999621067844
0.9999998270985773
0.9999994949336521
0.999999736235988
0.9999997339433707
0.9999994851280521
0.9999998054163088
0.999999609768182
0.9999995545982057
0.9999998066384674
0.9999995010165457
0.9999996603992586
0.9999997414731269
0.9999994597123538
0.9999997456835045
0.9999996270613947
0.9999994971036553
0.9999997781059313
0.9999995041715855
0.9999995898423047
0.9999997348232209
0.9999994317043907
0.9999996860810075
0.9999996392012803
0.9999994387157101
0.9999997355958922
0.9999995222578983
0.9999995184769279
0.9999997131889184
0.9999994294587152
0.999999616893381
0.9999996398398826
0.9999993989171855
0.9999996856998405
0.9999995277443867
0.9999994482396206
0.9999996869585053
0.9999994366405287
0.9999995415287195
0.9999996239629807
0.9999993876251078
0.999999614026167
0.9999995362962177
0.9999994003418051
0.9999996377180151
0.9999994407008954
0.9999994732100417
0.9999996035089841
0.9999993749305014
0.9999995513411174
0.9999995284311174
0.9999993569676511
0.9999996049258264
0.9999994416322322
0.9999994134693018
0.9999995893745555
0.9999993726303966
0.9999994982065151
0.9999995241586529
0.9999993445712827
0.9999995534098958
0.9999994472026739
0.9999993737797478
0.9999995618765363
0.9999993675092761
0.999999438348376
0.9999995155849964
0.9999993212116837
0.9999995017701943
0.9999994384086756
0.9999993202077717
0.9999995233751354
0.9999993643800575
0.9999993701947003
0.999999493916494
0.9999992996566763
0.9999994437523748
0.9999994347726097
0.9999992801927788
0.9999994816779924
0.9999993542115251
0.999999316440442
0.9999994736083326
0.999999293558569
0.9999993842552847
0.9999994212326607
0.9999992648584708
0.9999994257183542
0.9999993475822813
0.9999992789872005
0.9999994324599498
0.9999992861387065
0.9999993276304795
0.9999993971502268
0.999999251673442
0.9999993744528813
0.9999993379561344
0.9999992560096015
0.9999993955560177
0.9999992782746339
0.9999992919466731
0.9999993714915518
0.9999992347986985
0.9999993308972165
0.9999993209368488
0.99999922730702
0.9999993544756131
0.9999992723642155
0.9999992445836109
0.9999993500530263
0.9999992226772622
0.9999992781485527
0.9999993129716759
0.9999991919423348
0.9999993072548339
0.9999992546618733
0.9999991939806009
0.9999993183652686
0.9999992072031783
0.9999992280554232
0.9999992970424801
0.999999173302987
0.9999992754113248
0.99999924910568
0.999999161296557
0.9999992883628545
0.999999195867476
0.9999991758465487
0.9999992814490721
0.999999149619894
0.999999205065459
0.99999923763138
0.9999991301168903
0.999999244318106
0.9999991826808734
0.9999991328481058
0.9999992581579139
0.9999991339487085
0.9999991647784007
0.9999992287498849
0.9999990997623899
0.999999200865971
0.9999991708627397
0.9999991057964812
0.999999217581008
0.9999991117393113
0.9999991164169061
0.9999991968118614
0.9999990688284467
0.9999991480724333
0.9999991582726443
0.9999990661011867
0.9999991721131324
0.9999991032089763
0.999999074155607
0.9999991765509892
0.9999990568735883
0.9999991007754685
0.9999991379905753
0.9999990367299534
0.9999991232225889
0.9999990764459085
0.9999990238406363
0.9999991336730879
0.9999990329735461
0.9999990509381734
0.999999111982241
0.9999990042671384
0.999999084937997
0.9999990618541318
0.9999989954541673
0.9999991060811855
0.9999990181867883
0.9999990151012335
0.9999991016217225
0.999998982395067
0.9999990435067527
0.9999990567693975
0.9999989618639124
0.999999069098324
0.9999990147917031
0.9999989747414297
0.9999990673249418
0.9999989768101827
0.999999007053533
0.9999990345325344
0.9999989538762083
0.9999990294833616
0.9999990044863277
0.9999989499633489
0.9999990307289331
0.9999989650283779
0.999998967379294
0.9999990082248422
0.9999989361292466
0.999998981184343
0.9999989840910071
0.9999989212052942
0.9999989896574747
0.9999989541367662
0.9999989291792981
0.999998982876633
0.9999989191173314
0.999998935428066
0.9999989540746392
0.9999989010496021
0.999998942991509
0.9999989208431949
0.9999989063823276
0.9999989395200994
0.9999988852874994
0.9999989099829595
0.999998928326146
0.9999988699189608
0.9999989128778692
0.9999988916519812
0.9999988734871282
0.9999989141626876
0.9999988630441736
0.9999988820933187
0.9999989115536415
0.9999988510973877
0.9999988778618366
0.9999988904717532
0.9999988413570637
0.9999988772110556
0.9999988647179167
0.999998841225447
0.9999988780318704
0.9999988343121906
0.9999988436631372
0.9999988655172836
0.9999988210888252
0.9999988522283197
0.9999988390385764
0.9999988122355858
0.9999988647173331
0.9999988130133489
0.9999988203943113
0.999998853060257
0.9999987908713294
0.9999988368307164
0.999998836496881
0.999998778271835
0.9999988470944154
0.9999987985854059
0.9999987821531954
0.999998836642615
0.9999987739038293
0.9999987985292678
0.9999988058272229
0.999998742172693
0.9999988131698886
0.9999987761503738
0.99999875096279
0.9999988110545336
0.9999987534324912
0.9999987602787475
0.9999987969509718
0.9999987276485338
0.9999987816847739
0.9999987763216297
0.9999987064738127
0.9999987940456583
0.9999987388807896
0.999998714632588
0.9999987827691103
0.9999987013515907
0.9999987453772478
0.999998745467906
0.9999986745413385
0.999998756242466
0.9999987140187173
0.9999986913132293
0.9999987577829133
0.9999986855225248
0.9999987171947043
0.9999987270711544
0.9999986691023469
0.9999987267509771
0.9999987002783406
0.9999986544050196
0.9999987292691328
0.9999986688780613
0.9999986602992702
0.9999987189599647
0.9999986361123585
0.9999986841326584
0.9999986889037765
0.9999986184028289
0.9999986991087035
0.9999986638705782
0.9999986212551423
0.999998690668304
0.999998622341973
0.9999986391990479
0.9999986670434976
0.9999985942710063
0.9999986607563623
0.9999986333629188
0.9999985890206093
0.9999986565074241
0.9999985912779658
0.9999986035455859
0.9999986462550041
0.9999985671645135
0.9999986376497637
0.9999986053704218
0.999998555285436
0.9999986401357464
0.9999985686747963
0.9999985877341734
0.9999986133449972
0.9999985446010538
0.999998607869141
0.9999985723534047
0.9999985318908514
0.9999986008096909
0.9999985284994976
0.9999985451412201
0.9999985699413804
0.9999984906232297
0.9999985697427464
0.9999985390020801
0.9999984882697288
0.999998563014664
0.999998502727779
0.9999985164122256
0.9999985441460049
0.9999984779883091
0.9999985281579241
0.999998525370717
0.9999984668454256
0.9999985291602413
0.9999984876657881
0.9999984713571809
0.9999985173165709
0.9999984481929123
0.9999984771033589
0.9999985013228082
0.9999984386933837
0.9999984940368549
0.9999984732428047
0.999998441854403
0.9999984997947368
0.999998440547146
0.9999984448825774
0.9999984899573248
0.9999984179439146
0.9999984691024011
0.9999984555661612
0.9999984157741201
0.9999984776371145
0.9999984076617824
0.9999984245364648
0.9999984632405776
0.9999983817620148
0.9999984319507788
0.9999984375828757
0.9999983861692876
0.999998459075565
0.999998405378231
0.9999983877423512
0.9999984555772752
0.9999983780776126
0.9999984057343393
0.9999984273854824
0.9999983628476596
0.9999984234833534
0.9999983923494713
0.9999983631727244
0.9999984315927347
0.999998360901916
0.9999983774848782
0.9999984129239334
0.9999983391998739
0.9999983875060603
0.9999983756370563
0.9999983372848654
0.9999983992848939
0.9999983396034345
0.9999983547871278
0.9999983841094473
0.9999983189991839
0.9999983785660325
0.9999983459877415
0.9999983104025354
0.9999983694793378
0.9999983037678165
0.9999983159410533
0.9999983557349682
0.9999982883947623
0.9999983275114573
0.9999983405091181
0.9999982760496786
0.9999983267857775
0.9999982938189191
0.9999982631613682
0.9999983275264107
0.9999982647071104
0.9999982853036553
0.9999983134568043
0.9999982437132524
0.999998291045671
0.999998288424643
0.9999982346854462
0.9999982957870611
0.9999982559657496
0.9999982547870075
0.9999982959318376
0.999998228381231
0.999998269476164
0.9999982646780141
0.9999982177485391
0.9999982790136446
0.9999982328656213
0.9999982092396413
0.9999982657758674
0.9999982038874381
0.9999982163171603
0.9999982414148157
0.9999981751146666
0.9999982406275002
0.999998199839294
0.9999981694533447
0.9999982410906094
0.9999981805143534
0.9999981849604495
0.999998213261594
0.9999981439618444
0.9999982058824286
0.9999981751450155
0.9999981395610834
0.9999982118289538
0.9999981410055285
0.9999981427351574
0.9999981949222662
0.9999981151924309
0.9999981553459837
0.9999981591412287
0.9999981063470457
0.9999981674670724
0.9999981222029038
0.9999981124771696
0.9999981483268788
0.999998098029254
0.9999981259427227
0.9999981250900883
0.9999980944658856
0.9999981270234429
0.9999981040460395
0.9999980949816192
0.9999981331580918
0.9999980923609777
0.9999981024444426
0.9999981221989297
0.999998077210734
0.999998102239688
0.9999980898359608
0.9999980728770795
0.9999981095816836
0.9999980717549212
0.999998072046178
0.9999980981204825
0.9999980632073184
0.9999980755866313
0.9999980707159705
0.9999980552686452
0.9999980690219737
0.9999980505802849
0.9999980440047538
0.9999980666733581
0.999998033591684
0.999998035923708
0.9999980388830962
0.9999980105969921
0.9999980358362839
0.9999979978634226
0.9999980176236001
0.9999980130278465
0.999997981571801
0.9999980169127319
0.9999979917521911
0.9999979818254041
0.9999979982780673
0.9999979625335054
0.9999979897864865
0.9999979737977496
0.999997958661251
0.9999979822985184
