0.9999998893155901
0.9999995263948797
0.9999996021503017
0.9999998657798532
0.9999994692033121
0.9999996536307163
0.9999998150435325
0.9999994420807372
0.9999996994030124
0.9999997506057162
0.9999994320349109
0.9999997405152469
0.999999675053655
0.9999994447052931
0.9999997673614371
0.999999603487032
0.9999994564726312
0.9999997856456281
0.9999995291235868
0.999999488633974
0.9999997825071518
0.9999994633873476
0.9999995321110353
0.9999997539452702
0.9999994184427866
0.9999995776193277
0.9999997121784397
0.999999388894321
0.9999996201905539
0.9999996561536
0.9999993787155914
0.9999996506808421
0.9999995918139435
0.9999993921894106
0.9999996698356846
0.9999995251607285
0.9999994173476586
0.9999996774546981
0.9999994613503607
0.9999994466832179
0.999999667641727
0.9999994065405192
0.9999994686661571
0.9999996454361432
0.9999993628802273
0.9999995037149775
0.9999996104640819
0.9999993416432643
0.9999995346874498
0.9999995664929496
0.9999993323828742
0.9999995604414043
0.999999507924075
0.9999993339633862
0.9999995739781903
0.9999994582244452
0.999999344491334
0.9999995730944575
0.9999994065230933
0.9999993719297736
0.9999995714082089
0.9999993542394786
0.9999993941758678
0.9999995466201432
0.9999993196671986
0.9999994159348211
0.9999995180819591
0.9999992866441619
0.9999994403072706
0.9999994756325477
0.9999992780422987
0.9999994552513042
0.9999994220554795
0.9999992767043209
0.9999994747661309
0.9999993733995802
0.9999992812534645
0.9999994744865435
0.999999326706051
0.999999303860307
0.9999994654734191
0.9999992877798644
0.999999326947963
0.9999994457795562
0.9999992643793516
0.999999348711231
0.9999994212913631
0.999999238435342
0.9999993720711191
0.9999993826296466
0.9999992108231716
0.9999993830575195
0.9999993475665363
0.9999992112009561
0.9999993826850534
0.9999993057212377
0.9999992229948229
0.9999993812161897
0.9999992644396687
0.9999992458371016
0.9999993721757656
0.999999223760283
0.9999992520944088
0.9999993555786278
0.9999991897612132
0.999999266561363
0.9999993391597233
0.9999991671657034
0.9999992766339219
0.999999303675448
0.9999991585252266
0.9999992928211802
0.9999992660278606
0.9999991612591352
0.9999992969051738
0.9999992202530392
0.9999991704942213
0.9999992880680265
0.999999177442601
0.9999991770607427
0.999999279427371
0.9999991387037089
0.9999991915087357
0.9999992638159586
0.9999991226135877
0.9999992040144932
0.9999992343822823
0.9999991002231711
0.999999204935683
0.9999991993849688
0.9999990933376167
0.9999992037361742
0.99999916939355
0.9999990886694882
0.9999992051508185
0.9999991268347733
0.9999990980684738
0.9999991994525799
0.9999991056595076
0.9999990966495095
0.9999991916161944
0.9999990799091107
0.9999991172976336
0.9999991714050409
0.9999990515847434
0.9999991240124
0.9999991467212724
0.9999990425166944
0.9999991373835271
0.9999991197761836
0.9999990361527986
0.999999133427785
0.9999990958770755
0.9999990310755112
0.9999991264266678
0.99999905634526
0.9999990350022955
0.9999991253095327
0.999999027758495
0.9999990339933656
0.9999991086758725
0.9999989903942793
0.9999990456085627
0.9999990878267897
0.9999989724981828
0.9999990489529058
0.9999990648413944
0.9999989635224618
0.9999990499618375
0.999999031630177
0.9999989600322086
0.9999990477952271
0.999999008270668
0.9999989549549386
0.999999043624069
0.9999989799344403
0.99999896191908
0.999999035054359
0.999998955544473
0.9999989649795067
0.9999990220071359
0.999998935147353
0.999998957448352
0.9999990164981962
0.9999989131572061
0.9999989488783858
0.9999989984748735
0.999998898221043
0.9999989457989993
0.9999989773720638
0.9999988910045909
0.9999989561605857
0.9999989481770282
0.9999988869341061
0.9999989594272611
0.9999989130610969
0.999998876724454
0.9999989564060541
0.9999988837506097
0.9999988585424804
0.9999989528834643
0.9999988503751898
0.9999988563563065
0.999998936354249
0.9999988185923023
0.9999988704804036
0.9999989192439493
0.999998805794287
0.999998871000471
0.9999988849013491
0.9999987947286889
0.9999988765097063
0.9999988566845144
0.9999987797572452
0.9999988840192708
0.999998824808451
0.9999987697711167
0.9999988713365767
0.9999987941457887
0.9999987752538663
0.9999988720703109
0.9999987655121918
0.9999987782452748
0.9999988632346514
0.9999987328112648
0.9999987858201664
0.9999988399907102
0.9999987112799039
0.99999879331722
0.999998811502601
0.9999986876528935
0.9999987941152261
0.9999987776190035
0.9999986821000196
0.9999987873427466
0.9999987440573782
0.9999986786065069
0.9999987828055638
0.9999987127167479
0.9999986866014637
0.9999987699759142
0.9999986800469525
0.9999986958019692
0.999998762113909
0.9999986611196501
0.9999986942872854
0.9999987461295607
0.9999986241334428
0.9999986922927108
0.9999987293106801
0.9999986080247794
0.9999987000115612
0.9999987066245825
0.9999986043640108
0.9999987033841488
0.9999986849815908
0.9999986057457378
0.9999987023675524
0.9999986485242816
0.9999986217736216
0.9999986935965256
0.9999986241644989
0.9999986320859261
0.9999986757051642
0.9999986047134409
0.9999986411045205
0.9999986637841396
0.9999985818340836
0.9999986420478544
0.9999986503870572
0.9999985708612796
0.9999986432615608
0.9999986208675395
0.999998562883014
0.9999986235596136
0.9999985984851201
0.9999985670933141
0.9999986030527688
0.9999985823403336
0.9999985646685874
0.9999985814010022
0.999998561317248
0.9999985672960701
0.9999985792144713
0.9999985566128878
0.9999985627668759
0.9999985535201195
0.9999985469608431
0.9999985497233643
0.9999985468925712
0.9999985284870972
0.9999985323542786
0.9999985174186841
0.9999985128392155
0.9999985051645506
0.9999985080664421
0.9999984903538283
0.9999984822802682
0.9999984869232367
0.9999984673755151
0.9999984731032469
0.9999984945299966
0.999998455729607
0.9999984526540873
0.9999984616220736
0.9999984440490203
0.9999984426936754
0.9999984435184684
0.9999984337482403
0.9999984266259693
0.9999984252654252
0.9999984248920396
0.999998423411608
0.9999984059277637
0.9999984243459914
0.9999984146556123
0.9999983974084365
0.9999984111381148
0.9999984002572709
0.9999983823078641
0.9999983878394197
0.9999983825302027
0.9999983648073898
0.9999983672390612
0.9999983787574581
0.9999983604130356
0.9999983482772776
0.9999983673050648
0.9999983584429867
0.9999983383169184
0.9999983558708553
0.9999983585623002
0.9999983328856641
0.9999983557450219
0.9999983542126701
0.9999983387941863
0.9999983477758169
0.9999983278337833
0.9999983258219644
0.9999983205015447
0.9999983024955211
0.999998324514368
0.9999983120853387
0.9999982928067315
0.9999983209490978
0.9999983075587505
0.9999982776403065
0.9999983086285394
0.999998297346331
0.9999982601851466
0.9999982892994417
0.999998297369068
0.9999982637809278
0.999998283067904
0.9999982693224405
0.9999982615578697
0.9999982746365196
0.9999982506803515
0.9999982550977251
0.9999982645331528
0.9999982382481305
0.9999982518788995
0.9999982521120178
0.9999982242154393
0.9999982454554225
0.9999982452705549
0.9999982172831215
0.9999982439009591
0.9999982300618137
0.9999982029481518
0.9999982315617174
0.999998210831931
0.9999981915019964
0.9999982251197358
0.9999981991213234
0.9999981876987643
0.9999982105675804
0.999998189834464
0.9999981861682438
0.9999981964064205
0.9999981741769864
0.9999981816667894
0.9999981846564098
0.9999981647737276
0.9999981761567371
0.9999981666938755
0.999998155889986
0.9999981693972995
0.9999981378173707
0.9999981400577247
0.9999981396428947
0.9999981350852458
0.999998145897727
0.9999981347085831
0.9999981295017472
0.9999981448000975
0.9999981151685755
0.9999981273660808
0.999998134912968
0.9999981022785708
0.999998118895102
0.9999981261496701
0.9999980899368418
0.999998096718923
0.9999981121440344
0.9999980816606799
0.9999980981660439
0.9999980966285594
0.9999980685084175
0.9999980921512864
0.9999980720512904
0.9999980579809562
0.9999980836321453
0.9999980655409118
0.9999980506809726
0.9999980741009515
0.9999980544867274
0.999998037608999
0.999998052438352
0.9999980472876514
0.9999980283481242
0.9999980418964242
0.9999980291866449
0.9999980161287698
0.999998025314228
0.9999980042703618
0.9999979959184194
0.9999980168842039
0.9999979871535015
0.9999980078507493
0.9999980049359912
0.9999979723195892
0.9999979903354935
0.9999979895481386
0.999997963076979
0.9999979850751504
0.9999979760026295
0.9999979523032873
0.9999979715417479
0.9999979589056943
0.999997957621679
0.9999979545390287
0.999997938138809
0.9999979484145994
0.9999979364336347
0.9999979114933387
0.9999979281661372
0.9999979298883462
0.9999979002151704
0.9999978980302598
0.9999979209329571
0.9999978861502457
0.9999978950462411
0.9999979106397984
0.9999978762282058
0.9999978996640587
0.9999979024387682
0.9999978626739366
0.999997882391721
0.9999978895959308
0.9999978420531009
0.9999978811927185
0.9999978800504231
0.9999978395509205
0.9999978697283988
0.9999978440584361
0.9999978260872379
0.9999978664110232
0.9999978306775316
0.9999978266091654
0.9999978667861984
0.9999978120048629
0.9999978194294468
0.9999978575861528
0.999997786656321
0.9999978320843433
0.999997846678535
0.99999776778815
0.9999978375136964
0.9999978090377608
0.9999977496630581
0.9999978306291516
0.9999977743803687
0.9999977483470591
0.9999978205197317
0.9999977503924473
0.9999977477387437
0.9999977984156966
0.9999977185924322
0.9999977451868323
0.9999977783241231
0.9999977033893214
0.9999977494873601
0.9999977349779756
0.9999976846349007
0.9999977629226121
0.9999977140337574
0.9999976802129499
0.999997764705241
0.9999976929978128
