0.9999978624795562
0.999997276157516
0.999995750809537
0.999993715329578
0.9999916564237574
0.9999900436291129
0.9999892157445118
0.9999893172362778
0.9999902693979712
0.9999918930610664
0.9999938151837056
0.9999955222185996
0.999996514319449
0.999996499184346
0.9999955063601287
0.9999938284540096
0.9999919094355322
0.9999901783457653
0.9999889978451674
0.9999886002204545
0.9999890944507173
0.9999903748771896
0.999992098403357
0.9999938042573249
0.9999949629787743
0.9999952828156103
0.9999947349091294
0.9999934887735565
0.9999918467225216
0.9999901787338028
0.9999888822720334
0.9999882099003891
0.9999882867332996
0.999989144414197
0.9999905681019707
0.9999921600019855
0.9999934499208869
0.9999940686899089
0.9999938663303863
0.9999929835281404
0.9999916684095183
0.9999901793478042
0.9999887935483313
0.9999878306580504
0.9999875330429309
0.9999878982992234
0.9999888598968524
0.9999902344506052
0.9999916564095053
0.999992651960845
0.999992892115536
0.9999923388044829
0.9999912189448045
0.9999898460788824
0.9999885164525437
0.9999874676515831
0.9999868987500338
0.9999869361882127
0.9999875611761094
0.9999886660763772
0.9999899522791089
0.9999910335382166
0.9999915870755163
0.9999914660596484
0.9999907628005423
0.9999896904728148
0.9999884824333036
0.9999873879943804
0.999986617716678
0.9999863273155228
0.9999865960692172
0.999987402992165
0.9999885288513455
0.9999896326095341
0.9999903276351995
0.9999904037531406
0.9999898593971898
0.9999889133547667
0.9999878327058367
0.9999868152429308
0.9999860747770968
0.9999856852383777
0.9999857436400641
0.9999862878037395
0.9999871903597153
0.9999881846093194
0.9999889967117264
0.9999893512619058
0.9999891374647836
0.9999884410437322
0.9999874829002086
0.9999865084752104
0.9999857088219478
0.9999852011724373
0.9999850825046882
0.9999853597132861
0.9999859824943339
0.9999868395808994
0.9999876993684447
0.999988275108044
0.9999883877198725
0.9999879794197165
0.9999871796943328
0.9999861548317261
0.9999851933692316
0.9999845589808875
0.9999843316707759
0.999984516475942
0.9999850263680077
0.9999857700028348
0.9999865130524705
0.9999870357080833
0.9999872536094092
0.9999870968408903
0.9999866138142383
0.9999859459535121
0.9999852458516421
0.9999846286895892
0.999984199450329
0.9999840149468119
0.9999841446209783
0.9999845569620606
0.9999851518521801
0.9999857278450054
0.9999860651765009
0.9999860735116727
0.9999857502558032
0.999985199987848
0.999984596614099
0.9999840703422733
0.9999836886623942
0.9999834969639492
0.9999835188113566
0.9999837331523928
0.9999841533742997
0.999984646763773
0.9999850483320722
0.9999852182484056
0.9999850679132171
0.9999846196767622
0.9999840076296465
0.9999833792205056
0.9999828461778529
0.9999824888989445
0.9999824169909897
0.9999826105389136
0.9999830114329458
0.9999834977388166
0.9999839265008481
0.9999841641099849
0.9999841632583323
0.9999839107695631
0.9999834562448541
0.9999828937532207
0.9999823210184117
0.9999818509919096
0.9999816018136237
0.999981639992074
0.9999819623965833
0.9999824903476645
0.9999830641157267
0.9999835004819482
0.999983624436309
0.9999833666256829
0.9999828284871181
0.999982208837648
0.9999817020528374
0.9999812604443339
0.9999809565938063
0.9999808190964588
0.9999809134279471
0.9999813285778799
0.999981903582773
0.9999823554395896
0.9999824859389153
0.9999822686136646
0.9999818611715559
0.9999813995551855
0.9999809192576108
0.9999804294469584
0.999979938080407
0.9999795719520964
0.9999795221747096
0.9999798559880069
0.9999804885182327
0.9999811299075552
0.9999814761243094
0.9999814260133225
0.9999810929515194
0.9999806469898628
0.9999801688828124
0.9999796850897449
0.9999792242352065
0.9999789293510339
0.9999789264917249
0.9999792301757332
0.9999797702809331
0.9999803372735429
0.9999807473344086
0.9999807930379487
0.9999804760375277
0.9999800001676405
0.999979420886662
0.9999788507789313
0.9999784027715534
0.9999780847244543
0.999977977813077
0.9999781673623384
0.9999786158487739
0.9999791828872274
0.9999796317427111
0.99997977788526
0.9999796407888965
0.9999792875681229
0.9999788629876031
0.999978438269744
0.9999780831954527
0.9999777563915929
0.9999775117510487
0.9999775066000476
0.9999777798082358
0.9999782297618457
0.9999787058375544
0.9999789533293814
0.9999788299684279
0.999978427004021
0.9999779514960793
0.9999775782519891
0.9999773189713896
0.9999771156807955
0.9999769212345596
0.999976786687599
0.9999767605979016
0.9999769276403627
0.9999772568382069
0.9999775767778964
0.999977688845188
0.9999775765112391
0.9999772651782687
0.9999768558754716
0.9999764867726224
0.999976198271034
0.9999760068737287
0.9999759021945964
0.9999758884615262
0.9999760487581987
0.9999763334590823
0.999976644637903
0.999976866159938
0.9999768570740623
0.9999766471154886
0.999976340906408
0.9999760116619022
0.9999757000689262
0.999975382891832
0.999975114952849
0.9999749518834679
0.9999750057001302
0.999975302256872
0.9999756815276951
0.9999759091809131
0.9999758626049579
0.999975615141509
0.9999753157991156
0.9999750432832116
0.9999748854657459
0.9999747536114716
0.9999746315671812
0.9999744973776468
0.9999744245585408
0.9999744812794367
0.9999747297106073
0.9999750628160963
0.9999753238347101
0.9999753471328806
0.9999751216140466
0.9999746969190616
0.9999742271070795
0.9999738091922782
0.9999734871255073
0.9999732662605385
0.9999731383032858
0.9999731921089692
0.9999734264991191
0.9999737970640021
0.9999741339053866
0.9999742457842422
0.999974082090397
0.9999737550345437
0.9999734051753046
0.9999730670387187
0.9999727571421921
0.9999724861706114
0.999972299980756
0.9999722800392477
0.9999724230720466
0.9999726298754084
0.9999727923806493
0.9999728069866305
0.9999726548281386
0.9999724616491811
0.999972267868069
0.9999721089786213
0.9999719424315199
0.9999717332505045
0.9999715147122805
0.999971438827475
0.9999715340738652
0.9999716767428733
0.9999716986577573
0.9999715612540979
0.9999713457339752
0.9999711384729316
0.9999709913926443
0.9999708807468823
0.9999707344999366
0.9999705258055345
0.9999703763085676
0.9999703532505465
0.9999704254513871
0.999970529592174
0.9999705692472811
0.9999705191832506
0.9999704011493491
0.9999702496904607
0.9999700237585021
0.9999697534256324
0.999969516950477
0.9999693639971113
0.9999693850202643
0.9999695851974014
0.9999698345419686
0.9999699798009486
0.9999699506451544
0.9999697647462374
0.9999694945490242
0.9999692742247762
0.9999690942522125
0.9999689065485194
0.9999687181500495
0.9999685699428797
0.9999684729037598
0.9999684551417208
0.9999685172534759
0.999968577265109
0.9999685566048837
0.9999683990950985
0.999968176486272
0.9999679762693693
0.9999678132000904
0.9999676352290376
0.9999674298626228
0.9999672882382361
0.9999672820539839
0.9999674675512993
0.9999677463791942
0.9999679752393974
0.9999679850249679
0.9999678060764019
0.9999675333168546
0.9999672566157857
0.9999669226520373
0.9999665450034667
0.9999661621268373
0.9999659024495965
0.9999658597254465
0.9999660078810066
0.9999662443827558
0.9999664459403087
0.999966481884989
0.9999663632482572
0.9999661589988263
0.9999659708082296
0.9999658112532277
0.9999656264277935
0.9999653889963801
0.999965161898498
0.9999649987885729
0.9999648658902961
0.9999647904888166
0.9999647793467004
0.9999648149957768
0.9999648442602126
0.9999648367095613
0.9999647937224323
0.9999647249651734
0.999964673850916
0.999964586356086
0.9999644204733223
0.9999641526870066
0.9999639728127165
0.9999639643451416
0.9999640720291931
0.9999641857753446
0.9999642478035902
0.9999642465951422
0.9999642386477273
0.9999642047473547
0.9999641330079887
0.9999639912222998
0.999963746419389
0.9999634247211265
0.9999631456103406
0.9999630434871372
0.9999630551339589
0.999963110561016
0.999963148938607
0.9999631516070329
0.9999631141935096
0.9999630856040613
0.9999630317606913
0.9999628722631213
0.9999625243282512
0.9999620551915104
0.9999616942159317
0.9999615887403569
0.9999617254616515
0.9999619527300944
0.9999621535169034
0.9999622615066696
0.9999622864167351
0.999962250480297
0.9999621518685418
0.9999619575720797
0.9999616762407761
0.999961389693058
0.9999611545416464
0.9999610754432762
0.9999611373069
0.9999612519763625
0.9999613549287781
0.9999614018406496
0.9999614107039003
0.9999613808357394
0.9999613078265109
0.9999612001768263
0.9999609848510218
0.9999606869871847
0.9999603615777577
0.9999601313717309
0.9999600947459466
0.9999602940441618
0.9999605087728591
0.9999607153280081
0.9999607936541316
0.9999606656335428
0.9999603757745122
0.9999600893657881
0.9999598608824818
0.9999596328008897
0.999959419342251
0.9999592292112138
0.999959093092606
0.9999590889572084
0.9999591934816455
0.999959347863516
0.9999594069974407
0.9999592773431497
0.9999589946358289
0.9999587016128136
0.9999584700909412
0.9999584165178041
0.9999584870955878
0.9999585756146866
0.9999586800689977
0.9999587750810834
0.9999588661877588
0.999958897501072
0.9999588839573237
0.9999587300160461
0.999958386520732
0.9999579573114505
0.9999575995793915
0.9999573487459091
0.9999572709889633
0.9999573732845036
0.999957560106962
0.9999577266981323
0.9999577896409566
0.999957806462161
0.9999577012486877
0.9999574777361171
0.9999572512161311
0.9999570031313515
0.9999567677151774
0.9999566235456072
0.99995661588749
0.999956742441018
0.9999569617362303
0.999957145598019
0.9999572080499206
0.9999571826309335
0.9999570068467051
0.9999566555461783
0.9999562489209283
0.9999559284541238
0.9999557512626523
0.9999557731794521
0.9999558477173554
0.9999559140010008
