0.9999998811085516
0.9999995154811575
0.9999995297665595
0.9999998656353922
0.9999994845689153
0.999999542712048
0.9999998428094738
0.9999994557111558
0.9999995576794463
0.9999998136847856
0.9999994370092627
0.9999995688657114
0.9999997846037708
0.9999994185305126
0.9999995866876299
0.9999997523412357
0.9999994019316599
0.9999995978054326
0.9999997203372794
0.9999993843017366
0.9999996126849415
0.9999996892597633
0.9999993681187598
0.9999996278635904
0.9999996551326962
0.9999993588725189
0.9999996376470457
0.9999996254174028
0.9999993493217537
0.9999996452979495
0.999999595896266
0.9999993478894028
0.99999964737849
0.9999995581782486
0.9999993530127
0.9999996538948257
0.9999995155949908
0.9999993522359792
0.9999996513983647
0.9999994812632951
0.9999993504297001
0.9999996458966289
0.9999994496774236
0.9999993550522988
0.9999996354585193
0.9999994144669738
0.9999993614705726
0.999999622402827
0.9999993814344487
0.9999993701127174
0.9999996113026343
0.999999355496727
0.9999993783482762
0.9999996004498936
0.999999330477301
0.9999993903378729
0.9999995767775897
0.9999993173232393
0.9999993938741157
0.9999995565634402
0.9999992970958222
0.9999993979759009
0.9999995344245235
0.9999992830926917
0.9999994000282657
0.9999995042642262
0.9999992733280331
0.9999994079498905
0.9999994849735493
0.9999992543304892
0.9999994132436534
0.9999994585148116
0.9999992471774699
0.9999994138532413
0.9999994291384666
0.9999992358814683
0.999999417482597
0.99999939560606
0.9999992238453433
0.999999421143588
0.9999993568066126
0.9999992233410699
0.9999994208170649
0.9999993231135322
0.9999992182239584
0.9999994177924618
0.9999992872752841
0.999999210692633
0.9999994054057683
0.9999992682840813
0.9999992093443242
0.9999993829749385
0.999999244909367
0.999999205638668
0.9999993734145134
0.9999992134712874
0.9999991951467345
0.9999993573592773
0.9999991956357859
0.9999991915968754
0.9999993440000862
0.9999991674854524
0.9999991943241496
0.999999325798738
0.9999991555329086
0.999999198840224
0.9999993081466738
0.9999991429682261
0.9999991991312915
0.9999992898163976
0.9999991260767203
0.9999991997938403
0.9999992691741728
0.9999991072476931
0.9999991956523432
0.9999992468289202
0.9999990943766526
0.9999991915293225
0.9999992220560399
0.9999990838139966
0.99999920012234
0.99999920047217
0.9999990712496134
0.99999919992865
0.9999991918701469
0.9999990625312681
0.9999991900960681
0.9999991590988008
0.9999990589592147
0.9999991789365953
0.9999991375958578
0.9999990609703729
0.9999991693243748
0.9999991147563019
0.9999990609870578
0.9999991615670177
0.9999990886283089
0.9999990534923543
0.9999991558298958
0.9999990756836172
0.9999990527050375
0.9999991402351217
0.9999990554416527
0.9999990401440709
0.9999991132682146
0.9999990372441034
0.9999990292125397
0.9999990805896718
0.9999990235363493
0.9999990216989496
0.9999990660086732
0.9999989993183243
0.9999990119396596
0.9999990486258332
0.9999989871580104
0.9999990030164818
0.9999990315553576
0.9999989815543453
0.9999989922405461
0.9999990175745145
0.9999989674273647
0.9999989942738412
0.9999990056918866
0.999998946080987
0.9999989881438249
0.9999989917653096
0.9999989357944113
0.9999989781390933
0.9999989848438261
0.9999989259630075
0.999998970981541
0.9999989673066358
0.9999989175501002
0.9999989670287585
0.9999989432627588
0.9999989047514969
0.9999989649416026
0.999998933984953
0.9999988995797369
0.9999989570840583
0.999998934082558
0.9999988902661493
0.9999989490528515
0.9999989196736437
0.9999988770715672
0.9999989342733026
0.9999988998835754
0.9999988727472332
0.9999989263978398
0.99999888796823
0.9999988513629815
0.9999989090963507
0.9999988755704252
0.9999988365518869
0.9999988915348299
0.9999988597556061
0.9999988246066062
0.999998883944506
0.9999988488092907
0.9999988092467946
0.9999988836052777
0.9999988326495851
0.999998788593636
0.9999988757326916
0.9999988271178584
0.9999987781542763
0.9999988638286378
0.999998812708073
0.9999987817506645
0.9999988563680242
0.9999987958181041
0.9999987845824412
0.9999988379857255
0.9999987776539001
0.9999987895531445
0.9999988169348814
0.9999987710299567
0.9999987904649472
0.9999987972841601
0.99999875950167
0.9999987864090006
0.9999987850416702
0.9999987447631394
0.9999987784057198
0.9999987781567156
0.9999987260194972
0.999998766899013
0.9999987599301102
0.9999987202822728
0.9999987609464722
0.999998754139534
0.9999987046606607
0.9999987563024217
0.9999987295506839
0.9999986922719887
0.9999987479765488
0.9999987093020383
0.9999986857165759
0.9999987302338713
0.9999986962578129
0.9999986739795138
0.999998725669535
0.9999986885943917
0.9999986708663723
0.9999987240553235
0.9999986815237327
0.9999986611877201
0.9999987094190358
0.9999986655840069
0.9999986458336988
0.9999986880257069
0.999998662746479
0.9999986482207074
0.9999986768634386
0.9999986485210008
0.9999986427063519
0.9999986586280394
0.999998632093505
0.9999986269323397
0.9999986626991924
0.99999862689646
0.9999986251433497
0.999998641798697
0.9999986105853399
0.999998617929218
0.9999986307655673
0.9999985909051481
0.9999986130370044
0.9999986210671828
0.9999985786636691
0.9999986011032906
0.9999986050567526
0.9999985642407755
0.9999986035681903
0.9999985953938312
0.9999985449283865
0.9999985928662627
0.9999985740735751
0.9999985402653713
0.9999985873320816
0.9999985618946723
0.9999985262781759
0.9999985718188689
0.9999985447901488
0.999998512082762
0.9999985624909349
0.9999985247657434
0.9999985107649494
0.9999985547765214
0.9999985110867615
0.9999985007973695
0.9999985336257261
0.9999984990514161
0.9999984869558171
0.9999985142783537
0.9999984843143946
0.999998486650368
0.9999984920652285
0.9999984679909695
0.9999984724264995
0.999998483165904
0.9999984602014338
0.9999984576795746
0.999998465369832
0.9999984494296248
0.9999984577650222
0.9999984505097759
0.9999984428817777
0.9999984483898385
0.9999984336553568
0.9999984178442295
0.999998435722007
0.999998431968158
0.99999840167276
0.9999984279474944
0.9999984227397359
0.9999983830908254
0.9999984209268015
0.9999984206912699
0.9999983717472779
0.9999984142012883
0.9999984006387569
0.9999983521712333
0.9999983947250015
0.999998386180862
0.9999983349684791
0.9999983696963772
0.9999983677322196
0.9999983223242283
0.9999983526232624
0.9999983406707298
0.9999983149428068
0.9999983478059468
0.9999983167134853
0.9999982947473344
0.9999983377689309
0.9999983075272071
0.9999982910947494
0.999998327521128
0.9999983037937181
0.9999982849212204
0.9999983229009417
0.999998291268187
0.999998283983312
0.9999983162323753
0.9999982826681751
0.9999982697187911
0.9999982980733579
0.9999982607445635
0.9999982519199475
0.9999982841773668
0.9999982522984653
0.9999982560560647
0.999998283898158
0.9999982434048631
0.9999982479924052
0.9999982719565813
0.9999982199483911
0.9999982328963397
0.9999982622738255
0.9999981932701943
0.999998221453609
0.9999982410204536
0.9999981799180011
0.9999982021030359
0.9999982195517043
0.9999981669306103
0.9999981949504884
0.9999981982860321
0.9999981480403705
0.9999981841388101
0.9999981783588269
0.9999981309417842
0.9999981584482612
0.9999981655816417
0.9999981181118167
0.9999981502430183
0.9999981517424009
0.9999980972045499
0.9999981252581674
0.9999981337432886
0.9999980853102594
0.9999981115009613
0.9999981157401704
0.9999980779140022
0.9999981031159749
0.9999980984936842
0.9999980620966444
0.9999980909715595
0.9999980767546331
0.9999980549317795
0.9999980774221714
0.9999980677967543
0.9999980427039743
0.9999980619100711
0.9999980591904429
0.9999980267784743
0.9999980477574327
0.99999805121243
0.9999980100530821
0.9999980289712593
0.9999980246323519
0.9999979965333438
0.9999980134097691
0.9999980135647577
0.9999979809832952
0.9999980042480766
0.9999979863432552
0.9999979750137415
0.9999979804905132
0.9999979689724894
0.9999979612433907
0.9999979470857819
0.9999979395685065
0.9999979531834515
0.9999979347407812
0.9999979317694422
0.9999979387168073
0.9999979230909625
0.9999979212900904
0.9999979217497074
0.9999978974215357
0.9999979086882916
0.9999979097263031
0.9999978857825481
0.999997887725386
0.9999979014920504
0.9999978810425868
0.9999978699785635
0.9999978755131981
0.9999978648560689
0.9999978655334926
0.9999978679932354
0.9999978474458987
0.999997854381235
0.9999978550707153
0.9999978278995069
0.9999978477892852
0.9999978483734703
0.9999978212619999
0.9999978280261004
0.9999978258574675
0.999997797617341
0.9999978275735117
0.9999978027340473
0.999997778598073
0.9999977990723123
0.9999977899018646
0.9999977798147449
0.9999977908150344
0.9999977621582561
0.9999977475833111
0.9999977849402646
0.999997732325047
0.9999977369170415
0.9999977756820727
0.9999977084958506
0.9999977329656908
0.9999977691092217
0.9999977011699643
0.9999977265951412
0.9999977492549875
0.9999976948076342
0.9999977123036686
0.9999977473849914
0.9999976843644668
0.9999977117362776
0.9999977454964617
0.9999976782064142
0.999997712128
0.9999977488986908
0.999997661773227
0.9999977051869875
0.9999977195032601
0.9999976487418811
0.9999976905523007
0.9999976991420355
0.9999976252306145
0.9999976709861029
0.9999976806158429
0.9999976176153935
0.9999976692130399
0.9999976702842407
0.9999976045082668
0.9999976553421249
0.9999976645651187
0.9999975834299422
0.999997646542025
0.9999976487499869
0.999997568864075
0.9999976357388718
0.9999976348653611
0.999997556047905
0.9999976166723652
0.9999976187210629
0.9999975397868898
0.9999976150633467
0.9999976074044273
0.9999975202859012
0.9999976098685984
