0.9999989042373805
0.9999984341129537
0.9999971104112313
0.9999955324127798
0.9999944882010728
0.9999944849397268
0.9999953960308808
0.9999967151468848
0.9999978526852235
0.9999983674483686
0.9999980469285064
0.999996958806856
0.9999955241003404
0.999994415531624
0.9999942003415002
0.9999949629877828
0.99999622665444
0.9999973590343415
0.9999978880373308
0.9999976214335058
0.999996664186282
0.9999954034958033
0.9999944209843458
0.9999941587916374
0.9999947154069028
0.9999957644924282
0.9999968078791066
0.9999973786304406
0.9999972306252728
0.999996387962186
0.9999952093516975
0.9999942300943133
0.9999939198745943
0.9999944037111228
0.9999953811811606
0.9999963720597882
0.9999969371159978
0.9999968345880146
0.999996099539422
0.9999950276801116
0.9999940612441833
0.9999936776440784
0.9999940259737834
0.999994892070159
0.9999958230890137
0.9999964002419532
0.9999964115784636
0.999995815847845
0.9999948207608378
0.9999938534459117
0.9999934210894852
0.9999937290954422
0.999994512432412
0.9999953445405176
0.9999959240624624
0.9999959883826087
0.9999954542325944
0.9999945312685812
0.9999936698163268
0.9999932432706913
0.9999934285740335
0.9999940955761508
0.9999949144355796
0.9999954995792697
0.9999955801762773
0.999995108852083
0.999994278873183
0.9999934751744514
0.9999930430270145
0.9999931521868045
0.999993720534832
0.9999944273574678
0.9999949386867363
0.9999950381471668
0.9999946935508756
0.9999940308299703
0.9999932973385067
0.9999928018956606
0.9999927895657248
0.9999932579970001
0.9999938900930584
0.9999943497851264
0.999994515621097
0.9999943233003534
0.9999937879159856
0.9999930765465218
0.999992525797401
0.9999924682360537
0.999992870730646
0.999993424716559
0.9999938662715223
0.9999940777560118
0.9999939643793273
0.9999935044906322
0.9999928742545643
0.9999923616721611
0.9999922423904929
0.9999924867448816
0.999992951781764
0.9999933656561191
0.9999935639802763
0.9999934533236015
0.9999930542249539
0.9999925124002116
0.9999920710355675
0.9999919535115294
0.9999921739546463
0.9999925561304573
0.9999928891493965
0.9999930504866827
0.9999929818435302
0.999992673056434
0.9999922198079971
0.9999918458303093
0.9999917165752251
0.9999918905684971
0.9999922324195492
0.9999925072053529
0.9999926022901519
0.9999925262031335
0.9999922586005097
0.99999187507925
0.9999915396536877
0.9999914058146178
0.9999915171154028
0.9999917818510606
0.9999920521983074
0.9999922206815756
0.9999922077070298
0.9999919101585079
0.9999914381407895
0.9999910578618061
0.9999909928391186
0.9999911851280507
0.9999914690136528
0.9999917384916357
0.9999919289851452
0.9999919570290734
0.9999916863274015
0.9999911683615206
0.9999907155279277
0.9999906134209072
0.9999908212245489
0.9999911251835133
0.9999913633103539
0.999991486732042
0.9999914593559264
0.9999911995112188
0.9999907586263411
0.9999903944107382
0.9999903084160626
0.9999905002934845
0.9999908167655575
0.9999911450779432
0.9999913407115629
0.9999912794158689
0.9999909020336611
0.9999903680831732
0.999989983033196
0.9999898996139057
0.9999900641632243
0.9999903537057239
0.9999906667821239
0.9999908682656928
0.9999908607225981
0.9999906076824323
0.9999901633260381
0.9999897694619588
0.9999896390434605
0.9999897542867429
0.9999899905103161
0.9999902165483547
0.9999903574710585
0.9999903427269403
0.9999901455448693
0.9999898443321662
0.9999895859611676
0.9999894288524062
0.9999893834657846
0.9999894874158725
0.9999897073514403
0.9999899352074273
0.9999900230142309
0.9999898673624384
0.9999894992071144
0.9999891538271629
0.9999889974596327
0.9999890268219503
0.999989141067247
0.9999893045737056
0.9999894747362175
0.9999895460402042
0.9999894125905513
0.9999891220213061
0.9999888306767225
0.9999886544052401
0.9999886165750413
0.9999886941118064
0.9999888794312098
0.999989096777645
0.9999892035973935
0.9999890946253075
0.9999887998138809
0.9999885080302456
0.9999883344635001
0.9999882807063538
0.9999882881208587
0.9999883779242298
0.9999885326522774
0.999988681287132
0.9999886790727971
0.9999885051303332
0.9999882694264255
0.9999880791461362
0.9999879860695837
0.9999879752811297
0.9999880527828765
0.9999882273946903
0.9999884052488965
0.9999884026051472
0.9999881852865463
0.999987914751969
0.9999877495553942
0.9999876594877428
0.9999875920319689
0.9999875864822936
0.9999877257678385
0.9999879275840057
0.999988004016178
0.9999878680847273
0.9999876393898267
0.9999874710385659
0.9999873658050694
0.9999872614413778
0.9999871953965317
0.9999872556657389
0.9999874345004234
0.9999876047773798
0.9999876374103172
0.999987511742032
0.9999873138295807
0.9999870841064004
0.9999868770796556
0.9999867958411948
0.9999869083703964
0.9999870813542606
0.9999871711862218
0.9999871412638426
0.999987055960277
0.9999869272740578
0.9999867105290811
0.999986463817818
0.9999862908269157
0.9999863074244774
0.9999864259519018
0.9999865073238522
0.999986545055193
0.9999865706915204
0.9999865073553756
0.9999863117172058
0.9999860483226849
0.9999858670147751
0.9999858554492697
0.9999859906685441
0.9999861751518418
0.9999863134138977
0.9999863723220237
0.9999863292255984
0.9999861277535779
0.9999858390110062
0.9999856118306839
0.9999855428165231
0.9999856672382614
0.9999859011140309
0.9999861292493102
0.9999861982577232
0.9999860807646037
0.9999858643801458
0.9999856630231718
0.9999855144664893
0.9999854095010002
0.9999853664834889
0.9999854489873026
0.9999856405404035
0.9999857485572125
0.9999856921371426
0.9999855550344233
0.9999854100316046
0.999985220699767
0.9999850362721651
0.9999849747326524
0.9999850419812611
0.9999851839482304
0.9999852409125577
0.9999851699906684
0.999985059601867
0.9999848935940248
0.9999846530198492
0.9999844527877334
0.9999843822538415
0.9999845500707057
0.9999848065907503
0.9999849652820988
0.9999849392593563
0.9999847701006297
0.9999845626549582
0.9999843428048766
0.9999841672387528
0.9999841319004189
0.9999843156574014
0.9999846128280094
0.9999847632261751
0.9999846717302886
0.9999844372805408
0.9999841390969163
0.99998387272507
0.9999837074302418
0.9999837969818723
0.9999840671656046
0.9999843571019065
0.9999845085423701
0.9999844705152549
0.9999842196063249
0.9999838853850126
0.9999835576802947
0.9999833667157934
0.999983442362735
0.9999837538203263
0.9999840845943735
0.9999842334863432
0.9999841534082147
0.9999839417606299
0.9999836259213776
0.9999832706353983
0.9999830173606992
0.9999830407082769
0.9999832936312447
0.9999835794592381
0.9999837342958682
0.9999837284101659
0.9999835450381679
0.9999831924288869
0.9999827771283674
0.9999824970868622
0.9999825387811389
0.9999828303116951
0.9999831389852141
0.9999832872828993
0.9999832472674769
0.9999830699130074
0.999982795909065
0.9999824569967078
0.9999822152782843
0.9999822060198662
0.9999824584123205
0.9999827952083664
0.9999829773702853
0.9999829252107447
0.9999827420822304
0.9999824300779961
0.9999820756618776
0.9999818091992699
0.9999817775949917
0.9999819332289955
0.9999821513488375
0.9999823290292381
0.9999823803091793
0.9999822774378725
0.9999820827428939
0.9999818229260522
0.9999815986985223
0.9999814856371162
0.999981514030311
0.9999816158547244
0.9999817101992867
0.9999817166004797
0.9999816267942576
0.9999814428816941
0.9999812556240558
0.9999811208625816
0.9999810635457521
0.9999810952839496
0.9999811979603771
0.9999813037917266
0.9999813487668526
0.9999812080264466
0.9999809684994557
0.9999808298511171
0.9999808262693609
0.999980865383631
0.9999808531441016
0.9999808416731911
0.9999808638847573
0.9999808751909454
0.9999807721160612
0.9999805983811417
0.9999804602512401
0.9999803802842142
0.9999804010585328
0.9999804929563095
0.9999805702114611
0.9999805890108822
0.9999805038075028
0.9999803189516302
0.9999801574242494
0.9999800794281722
0.9999801451836179
0.9999803367826333
0.9999805616369781
0.999980691283632
0.9999806617203622
0.9999804408188507
0.9999801027365504
0.9999798470612206
0.9999797357062378
0.9999797494015663
0.9999798840582224
0.9999801208011247
0.999980285618828
0.9999802345427652
0.9999799771016866
0.999979664992055
0.9999794775367588
0.9999794661833408
0.9999795731410044
0.9999797400137731
0.9999798714697506
0.9999799056518313
0.999979794941955
0.9999795594075714
0.9999793300695021
0.9999792168149187
0.9999792148750781
0.9999792708701092
0.9999793915655454
0.9999795457817714
0.9999795976088426
0.9999794764986054
0.9999792205301811
0.9999789893317241
0.9999788865360489
0.9999789375569114
0.9999790590553542
0.9999791407974705
0.9999791918767408
0.9999792370100018
0.999979115190563
0.9999788428704092
0.9999785968880028
0.9999784979618679
0.9999784835093546
0.9999784663187031
0.9999784155441267
0.9999784496288323
0.9999785419944424
0.9999785588509407
0.9999784752951147
0.999978318769261
0.9999781854983484
0.9999781715166927
0.9999782303885207
0.9999783618940133
0.9999785062586782
0.9999785922281043
0.999978545515549
0.9999783130542184
0.9999780017872812
0.9999777804093704
0.999977724915986
0.9999778413503524
0.9999780634986127
0.999978229746397
0.9999782837782137
0.999978183436685
0.9999779110502743
0.9999775261666417
0.9999773037246412
0.9999773614371605
0.9999775667257463
0.9999777583451269
0.9999778473583023
0.9999779009056358
0.9999778412819545
0.9999775661818009
0.999977187824946
0.9999769201289381
0.9999769144973768
0.9999771052880244
0.9999772789571684
0.9999773423704749
0.9999773621085977
0.9999773119016456
0.9999771248195936
0.9999768185190204
0.9999765336704833
0.9999764556395409
0.9999765277406296
0.9999766168157409
0.9999767378516504
0.9999768227134082
