0.9999997169972009
0.9999992403947437
0.9999986255997625
0.9999988179908421
0.9999994968741435
0.9999995436184307
0.9999988830462727
0.9999985940226707
0.9999990890091149
0.9999995857026257
0.9999992275053671
0.9999986073375465
0.9999987013099406
0.999999340837712
0.9999994684439619
0.9999988461903
0.9999985048881675
0.99999895087959
0.9999994531056937
0.9999991739423021
0.9999985649053063
0.9999985995965847
0.9999991917658061
0.9999993518008009
0.9999988182424051
0.9999984556986161
0.999998826676556
0.9999993171830387
0.9999991108989701
0.9999985241111176
0.9999985001274986
0.999999055019518
0.9999992572513604
0.999998808396192
0.9999983906831164
0.9999986819462595
0.999999187025401
0.999999064757156
0.9999985190030061
0.9999983946061104
0.9999989114444957
0.9999991717724906
0.999998771866786
0.9999983314745626
0.9999985566945419
0.9999990669031331
0.9999989896708193
0.9999984691584957
0.9999982992513826
0.9999987847094661
0.9999990686194183
0.99999871728053
0.999998285424848
0.9999984612468237
0.9999989319710615
0.9999989061050978
0.9999984404924989
0.999998254968073
0.999998665442518
0.9999989313912289
0.999998649562787
0.9999982693911253
0.9999983531042643
0.9999987978853621
0.9999987991716905
0.9999984118750747
0.9999981799616042
0.9999985237247038
0.999998821179636
0.999998594988779
0.9999982200466261
0.9999982623122082
0.9999986527487847
0.9999987086461914
0.9999983424891822
0.9999981231155387
0.9999983855006557
0.9999986719738042
0.9999985057767503
0.9999981770567576
0.9999981734139725
0.999998489693483
0.9999985866438359
0.9999982971004526
0.9999980924331744
0.9999982743978678
0.9999985626866147
0.9999984439421072
0.9999981516006685
0.9999980893723694
0.9999983680989395
0.9999984917887363
0.9999982525738204
0.9999980294913021
0.9999981459528549
0.9999984223487163
0.9999983871519611
0.9999981142238341
0.999997999814855
0.9999982412297497
0.9999984170155249
0.9999982204227489
0.9999979816593652
0.9999980333527717
0.999998316014568
0.9999983130206861
0.999998067077759
0.9999979296209641
0.9999981178528864
0.9999983134994737
0.999998161714968
0.9999979304421287
0.9999979333516551
0.999998178019775
0.9999982113758334
0.9999980013617379
0.9999978502412731
0.9999979767666424
0.9999981745511013
0.9999980827716041
0.9999978541006695
0.9999978284290211
0.9999980342880543
0.9999981170670933
0.9999979382406413
0.9999977834531243
0.9999978737167085
0.9999980715526172
0.9999979965790377
0.9999977850203806
0.9999977496873764
0.999997956648055
0.9999980370432678
0.9999978432560254
0.9999976777056924
0.9999977915414149
0.9999979934909347
0.9999979417953856
0.9999977164359924
0.9999976369351962
0.9999978104708821
0.9999979375061544
0.9999977772628206
0.9999976082861657
0.999997643468741
0.9999978540591834
0.9999978291875602
0.9999976411084958
0.9999975434773646
0.9999977006106529
0.9999978404654627
0.9999976876806029
0.9999975462309156
0.9999975432753094
0.9999977492379364
0.9999977345517835
0.9999975680897668
0.9999974675318856
0.9999975547670718
0.9999977247566738
0.9999976331755475
0.9999975013711384
0.9999974329750679
0.999997604150788
0.999997666751022
0.9999975325281194
0.9999974043514799
0.9999974435744664
0.9999976078831756
0.9999975532873772
0.9999973849132372
0.9999973359004639
0.9999974777900097
0.9999975491430905
0.9999974335436618
0.9999972900747905
0.9999973443060746
0.9999974883806076
0.9999974480547146
0.9999973177104758
0.9999972643693552
0.9999973817560232
0.9999974318078033
0.9999973294634463
0.9999972308574977
0.9999972594428583
0.9999973883049721
0.9999973652340303
0.9999972662485678
0.9999972104011868
0.9999972974112437
0.9999973774549885
0.9999972832578755
0.9999971842332495
0.9999971858246022
0.9999973225035267
0.9999972954100265
0.9999971795787264
0.9999971334818888
0.9999972217033394
0.9999973043733463
0.9999972063535127
0.9999970987393635
0.9999970867352722
0.9999971821947033
0.9999971876407422
0.9999970840479143
0.9999970456852311
0.9999970804342011
0.999997154469009
0.9999970746495143
0.9999970143838083
0.9999969873756968
0.9999970885771403
0.9999970888545052
0.9999970040836597
0.9999969537701102
0.9999969848851397
0.9999970724744524
0.9999969936048703
0.9999968912491396
0.9999968931154274
0.9999969897841106
0.9999970053248272
0.9999968781828515
0.9999968136828741
0.9999968296903432
0.9999969592487653
0.9999969494214592
0.9999968407955347
0.999996784063708
0.9999968485066227
0.9999969304667155
0.9999968404521756
0.9999967952055153
0.9999967585039451
0.9999968803902612
0.9999968981196963
0.9999967785271411
0.999996712659358
0.999996748675382
0.9999968515406508
0.9999967799919912
0.9999967123426052
0.9999966995254305
0.9999967843573544
0.999996791816314
0.9999966734688557
0.9999966482055266
0.9999966769981645
0.9999967573337899
0.9999966670363285
0.9999965779054355
0.9999965940435104
0.999996671798268
0.9999966904554719
0.9999965521965275
0.9999965148267137
0.9999965740059344
0.9999966299797436
0.9999965808194874
0.9999964773520208
0.9999965012545887
0.9999965626793599
0.9999965843359317
0.9999965036563302
0.9999964662457819
0.9999965134413008
0.9999965387152698
0.9999965133861668
0.9999964285656652
0.9999964489214445
0.9999964817559094
0.9999965082794084
0.9999964245141316
0.999996322563427
0.9999963807185674
0.9999964308108553
0.9999964010413708
0.9999963027589214
0.9999962768568335
0.9999963395841277
0.9999963915861199
0.9999963192060256
0.9999962570154822
0.9999962862909787
0.9999963294059334
0.9999963265367985
0.9999962499608277
0.9999962471411755
0.999996264170749
0.9999962840230342
0.9999962402884324
0.9999962010050393
0.999996228272178
0.9999962548379757
0.9999962067695913
0.9999961362256612
0.9999961406290622
0.9999961984804066
0.9999962034231196
0.9999961154967262
0.9999960966594164
0.9999961366858185
0.9999961913733366
0.9999961331955443
0.9999960364770664
0.9999960627732475
0.9999961354899484
0.999996163603451
0.9999960553204731
0.9999960256037633
0.9999960576782416
0.999996105114529
0.9999960442321495
0.9999959826106753
0.9999959683935897
0.9999960142057458
0.9999960498041494
0.9999959751346814
0.9999959123407051
0.9999959004119819
0.9999959935764237
0.9999959865817051
0.9999959166695949
0.9999958320265085
0.9999958782245802
0.9999959392015982
0.9999958912765655
0.9999958368747346
0.9999958092108628
0.999995883669821
0.9999959042021301
0.9999958405436863
0.9999957934124193
0.9999958058359322
0.9999958828927307
0.9999958361539114
0.9999957882719297
0.999995754099248
0.999995798028331
0.9999958107530007
0.9999957510092007
0.9999956996759252
0.9999957409530276
0.9999957981025179
0.9999957430908024
0.9999956705486236
0.999995657225352
0.9999957518870701
0.9999957751616667
0.9999956819667706
0.999995599658806
0.9999956400709081
0.9999957283276151
0.99999566415171
0.9999955558519158
0.9999955302413639
0.9999956343124906
0.9999956675957649
0.9999955859755026
0.9999955080775409
0.9999955396765349
0.9999956184789769
0.9999955939138472
0.9999954912234118
0.999995435218017
0.9999955098316208
0.9999955569518163
0.9999955035413173
0.9999954019614504
0.9999954007899214
0.9999954985895039
0.999995490909302
0.9999954114214699
0.9999953199657382
0.9999953628455925
0.9999954333883703
0.9999954018136332
0.9999953016302437
0.9999952943827563
0.9999953628742745
0.9999953776132745
0.9999952854160242
0.9999952177964873
0.999995266083817
0.999995337678287
0.9999953066482796
0.9999952316789475
0.9999951859611654
0.9999952402277734
0.9999952631388582
0.999995230773146
0.9999951615963456
0.9999951361410758
0.9999952269297645
0.9999951826477602
0.9999951464006053
0.9999950921683688
0.9999951449509829
0.9999951972772182
0.9999951293808799
0.9999950944777546
0.999995059448049
0.9999951353690667
0.9999951227859293
0.9999950478621276
0.9999949964790941
0.9999950144462008
0.9999950892897498
0.9999950605124323
0.9999949804334706
0.9999949328053857
0.9999950045772299
0.9999950350252784
0.9999949951428958
0.9999949311790003
0.9999949258860336
0.9999949652005076
0.9999949720865258
0.9999949340284838
0.9999948884200179
0.9999949026004888
0.9999949238640188
0.999994911009236
0.9999948362403779
0.999994819588582
0.9999948815061818
0.99999488225213
0.9999948099068898
0.9999947410104697
0.9999947911996695
0.9999948326043949
0.9999948041871636
0.9999947303851667
0.9999947292162652
0.9999947681855624
0.9999947867085511
0.9999947589893283
0.9999946804415212
0.9999947026533279
0.9999947046495873
0.9999947176608398
0.9999946584760995
0.9999946399230654
0.9999946770578624
0.9999946530435612
0.9999946671593628
0.9999945876903311
0.9999946363115562
0.9999946744588459
0.9999946676997031
0.9999945948503218
0.9999945724103474
0.9999946248916508
0.9999946073753532
0.9999945946825021
0.9999945210910391
0.9999945476088037
0.9999945427565934
0.9999945327182654
0.9999945136138557
0.9999944967253448
0.9999944987750213
0.9999944546007017
0.999994467241465
0.9999944315502645
0.9999944588355667
0.9999944382677294
0.999994419919292
0.9999944169487605
0.9999944038765758
0.9999944405060714
0.9999944017383285
0.9999944098406637
0.9999943753365071
0.9999943875031709
0.9999944023920827
0.9999943799386162
0.9999943712973385
0.9999943139409948
0.9999943602391523
0.9999943164403433
0.9999943193085965
0.9999942732345661
0.9999942786183269
0.9999943104651223
0.9999942799063405
0.9999942792220159
0.9999942233181706
0.9999942712343041
0.9999942071315
0.999994199539728
0.9999941952834138
0.9999942430689824
0.9999942101901161
0.9999941251198662
0.9999941845407754
0.9999941810974106
0.9999942261498713
