0.999997927261638
0.9999973900780454
0.9999959818328974
0.9999940704042531
0.9999921003684649
0.9999904787635515
0.9999895309633547
0.9999895039881995
0.9999904188996969
0.9999920625038784
0.9999939762055007
0.9999956253231516
0.9999965261230345
0.9999964923028344
0.9999955983860136
0.9999940622446288
0.9999922276930467
0.9999905391951727
0.999989348662319
0.999988917253327
0.9999893472360929
0.9999905246924778
0.9999921618458699
0.9999938038022764
0.999994970579684
0.999995372699294
0.9999949461419927
0.9999937983067202
0.9999921664495127
0.999990403697401
0.9999889468978443
0.9999881963006939
0.9999883203020766
0.9999892075797434
0.9999905842816805
0.9999920773376739
0.9999933434462235
0.9999940845023798
0.9999941007584903
0.9999933882674719
0.9999920650568098
0.9999904161168417
0.9999888641589975
0.9999878398033585
0.9999875821350046
0.999988071695378
0.9999890868003146
0.9999903774295681
0.9999916527260364
0.9999926293946388
0.9999930412729597
0.9999927459423655
0.9999917293627213
0.9999902168789232
0.9999886364102588
0.9999874330186921
0.9999869096420186
0.9999871119274496
0.9999879320230778
0.9999891081318738
0.9999903141780659
0.9999913122503445
0.9999919082305536
0.9999918771460053
0.999991152167158
0.999989854905131
0.9999883380273745
0.9999870099441263
0.9999862432072815
0.9999862240365095
0.999986845327465
0.9999879024378413
0.9999890453117277
0.9999900249371328
0.9999906550077224
0.9999907950842756
0.9999904192575477
0.9999896116071177
0.9999885078144146
0.9999873188560956
0.9999863046832985
0.9999857986390296
0.9999859482708561
0.9999866302312742
0.9999876446727849
0.9999886496727725
0.9999893186982031
0.9999895268854817
0.9999893074559618
0.9999887373034886
0.9999878588328855
0.999986816749738
0.9999858159093405
0.9999851431020319
0.9999850317992066
0.9999855221322671
0.9999864336505678
0.9999874471404753
0.9999882691571194
0.9999887087914539
0.9999886555336038
0.9999881424939507
0.9999873161828188
0.9999863654533272
0.9999854793873125
0.9999848266562413
0.9999845503397313
0.9999847116747128
0.9999852492218669
0.9999860229944775
0.9999868256763822
0.9999874823804338
0.999987806778222
0.9999876683463939
0.9999870584052554
0.9999861807681814
0.999985251615964
0.9999844810143661
0.9999840517873916
0.999983971157275
0.9999842578316692
0.9999847850536875
0.9999854506093449
0.9999860716042792
0.9999864811440281
0.999986534519907
0.9999862051239934
0.9999855840395253
0.9999848569073363
0.9999841531529967
0.999983612331564
0.9999833176399747
0.999983383003036
0.999983776909191
0.9999843645038292
0.9999849856836547
0.9999854863462871
0.99998572512271
0.9999855719918088
0.999985074612498
0.9999844124976697
0.9999837756813416
0.9999832525700157
0.9999829542155317
0.999982881174191
0.9999830292102765
0.9999833155320814
0.999983645264459
0.9999839767273606
0.9999842299058209
0.9999843266846237
0.9999841551373331
0.9999837389878512
0.9999832075812338
0.9999827126807915
0.9999823363895551
0.9999821158653466
0.9999821115239423
0.9999822760855136
0.9999825845643356
0.9999829743790527
0.9999832881285039
0.9999833988332023
0.9999832936613444
0.9999829672843809
0.9999825311688862
0.9999820671692319
0.9999816221261245
0.9999812908189427
0.9999811422547731
0.999981227916306
0.9999814984385511
0.9999818291962194
0.9999821094447241
0.9999822713194041
0.9999822375001841
0.9999820494367684
0.9999817081712509
0.9999812660674118
0.9999808044625508
0.9999804263913931
0.9999802400709232
0.9999802458183725
0.9999804056069483
0.99998065517894
0.9999809381081926
0.9999811734221609
0.9999812826771571
0.9999812310745312
0.9999809803566638
0.9999805382156346
0.9999800229656105
0.9999795789123723
0.999979330766578
0.9999792893892938
0.9999794153138203
0.99997963342751
0.9999798939651351
0.9999801311457128
0.9999803028524853
0.9999803684185216
0.9999802519475173
0.9999799087607986
0.9999793960122507
0.9999788741998049
0.9999784543883277
0.9999782496776306
0.9999782614724451
0.9999784240098191
0.9999786731754574
0.9999789753504736
0.9999792648738699
0.999979523708899
0.9999796087428728
0.9999794551717472
0.9999790716783071
0.9999785391583575
0.9999780963408524
0.9999778204728008
0.9999776721774039
0.9999777016322439
0.9999778639330109
0.999978092086922
0.9999783317148304
0.9999785608562426
0.9999786681307106
0.999978611901568
0.9999783552580643
0.9999779477660854
0.9999774723351232
0.9999770475217452
0.9999767658379043
0.9999766814540216
0.9999767644178775
0.9999769598969428
0.9999771614860093
0.9999773660188611
0.9999775752166481
0.9999776943952581
0.9999776573511238
0.9999774457083604
0.9999770097046108
0.9999764859834311
0.9999760784628158
0.9999759189021331
0.9999759609618125
0.9999760871333058
0.9999762091606852
0.9999763394046085
0.9999765015558305
0.9999766919792148
0.9999767862201597
0.9999766442743326
0.9999762489205197
0.9999757041115849
0.9999751559048742
0.9999748214723224
0.9999747595024765
0.999974868136374
0.9999750787376154
0.9999752734474744
0.9999754420437986
0.9999755629546709
0.9999756326213246
0.9999756487404501
0.999975556821264
0.9999753646964425
0.9999751199289003
0.9999748702994579
0.9999746924115734
0.9999746002898584
0.9999745533683377
0.9999744917407113
0.9999743959509028
0.9999742407528466
0.9999740799875539
0.999973970343244
0.9999739654397666
0.9999740144820922
0.9999740329710846
0.999973963537986
0.9999738187535642
0.9999736890047545
0.9999736840997959
0.999973783226934
0.9999738921205821
0.9999738728673673
0.9999737042609291
0.9999734266548275
0.9999731547405953
0.9999730375701953
0.9999730586678448
0.9999731151205223
0.9999730868864404
0.9999729576088073
0.999972826054241
0.9999727927941764
0.9999728381548231
0.9999728318690733
0.9999726898216135
0.9999724821223683
0.9999723129490388
0.9999722690143493
0.9999723511519069
0.9999724395157544
0.9999724789322857
0.9999724189277661
0.9999722288029678
0.9999719855795133
0.9999717826735829
0.9999717049087106
0.9999716525073891
0.9999715978653533
0.9999715548210031
0.9999715544915329
0.9999715841196379
0.9999716197585938
0.9999716426998644
0.9999716356766528
0.9999715616763907
0.9999714689476875
0.9999713675112835
0.9999712989533915
0.9999712361275366
0.9999711270835316
0.9999709289723321
0.9999706916462574
0.9999704757200643
0.9999703684654818
0.9999703618310405
0.9999704148931816
0.9999705179811351
0.9999706071055028
0.999970642162566
0.9999706331934136
0.9999705636439873
0.9999704283778275
0.9999702636238262
0.9999700896475916
0.9999698767859623
0.9999696717501453
0.9999694650449006
0.999969318734858
0.9999692261724834
0.9999692214404059
0.9999692580381426
0.9999693190591029
0.999969364446529
0.9999693892352113
0.9999693552752726
0.999969265702941
0.9999690522730782
0.9999687951980826
0.9999686248146415
0.9999685475313984
0.9999685407103989
0.9999685562370311
0.999968509012957
0.9999684489632041
0.9999684614210845
0.9999685017900464
0.999968471537922
0.9999682992380624
0.9999679742111456
0.9999676616457408
0.9999674638812088
0.9999673662316213
0.9999673463167985
0.9999673145341644
0.9999672436112351
0.9999672354208838
0.999967292096664
0.9999673483014017
0.999967259762792
0.9999670451487798
0.9999667538222463
0.9999664334078462
0.9999662188254508
0.999966122451836
0.9999661060171784
0.9999661483231425
0.9999661978330798
0.9999662146310708
0.9999662042327185
0.9999661977931641
0.9999661888444944
0.9999660547157627
0.9999657747097539
0.9999654750820028
0.9999652490927853
0.9999651496484242
0.9999651191541216
0.9999650798621276
0.9999650812593105
0.9999651552953885
0.9999652886574049
0.9999654491399815
0.9999655182394811
0.9999654137040087
0.9999651664274709
0.9999648724203279
0.9999646220026904
0.999964418066419
0.9999642835274598
0.9999641719058527
0.9999640440197515
0.9999639838662976
0.9999640190348635
0.9999640912389378
0.9999641437455136
0.9999641342040018
0.9999639938133168
0.9999637639830371
0.9999635548679445
0.9999634009666369
0.9999633452274712
0.9999633502578342
0.9999633705877891
0.9999633503156611
0.9999633907644279
0.9999635152493623
0.999963644213849
0.9999636600507189
0.999963551425511
0.9999633572788392
0.999963135149708
0.999963010643994
0.9999629935419003
0.9999629440480267
0.9999628362796871
0.9999626707287578
0.9999624608094135
0.9999622885918031
0.9999622362287742
0.9999622212054119
0.9999621825127079
0.9999620774390076
0.9999620104056554
0.9999620390771073
0.999962151442657
0.9999622568921271
0.9999622552772366
0.99996213468269
0.9999619291573834
0.9999617353728746
0.9999615632652878
0.99996145031601
0.9999613430051078
0.9999611828789923
0.9999610480202104
0.9999610790666835
0.9999612452736845
0.9999614299800391
0.999961500031908
0.9999613883623891
0.9999612227439298
0.9999611087895055
0.9999610415347919
0.99996100435226
0.9999609625527952
0.9999609438641117
0.9999609256741917
0.9999608760639463
0.9999608378628053
0.9999608483438011
0.9999608691294422
0.9999608366304034
0.9999607065353674
0.9999604294620514
0.9999601178833271
0.9999598413723748
0.9999597055075429
0.9999596673711617
0.9999597458397734
0.9999599016429022
0.9999600217696456
0.9999600312540489
0.9999600203126864
0.9999599660831607
0.9999598391346146
0.9999595760554022
0.9999592119954629
0.9999589007301621
0.9999587135430098
0.9999586710930918
0.9999587374073484
0.999958849584318
0.9999588949960886
0.9999589328980574
0.9999589864894298
0.9999590721611111
0.9999591360368422
0.999959049957408
0.99995873385641
0.9999582594553857
0.9999578116624124
0.9999575549660952
0.9999575034134957
0.9999575040124744
0.9999574786610149
