0.9999995288119475
0.9999990483823518
0.9999980574397662
0.9999975981371533
0.9999981198021145
0.9999990100963918
0.9999993761311784
0.9999988568523845
0.9999979185435269
0.9999975565532991
0.9999981276014477
0.9999989525662778
0.9999992149421089
0.9999986600239671
0.9999978019145273
0.9999975695177244
0.999998163069222
0.999998890408617
0.9999990470058538
0.9999984450731
0.9999976716156489
0.9999975723309945
0.9999981761966235
0.9999988136962784
0.9999988845117249
0.9999982375101307
0.9999975304963077
0.9999975614114688
0.9999981827519772
0.9999987308468955
0.999998732267637
0.999998066517134
0.9999974123789674
0.9999975431879384
0.9999981800714673
0.9999986482183801
0.9999985371894404
0.9999978887535439
0.9999973755608017
0.9999975566120024
0.99999816506768
0.9999985662917485
0.9999983677782895
0.9999977295102302
0.9999972825630902
0.9999975035410145
0.9999981125676372
0.9999984515696458
0.9999982016352447
0.9999975741886483
0.9999972193574902
0.9999974921676915
0.9999980625320113
0.9999983508809571
0.9999980295396036
0.9999974404736514
0.9999972011526042
0.9999975070238292
0.9999980378491709
0.9999982176697334
0.9999978469770157
0.9999973122249961
0.9999971345018853
0.9999974659437998
0.9999979423065071
0.999998081561501
0.9999976714765477
0.9999971703329423
0.9999970988531623
0.9999974331524162
0.999997855674446
0.99999792726134
0.9999975088307247
0.9999970433526627
0.9999970343621994
0.9999974027840751
0.9999977662284856
0.9999977691721292
0.9999973317946179
0.999996925212965
0.9999969801000045
0.9999973271787151
0.9999976438424805
0.9999975874694584
0.9999971478737343
0.999996835106793
0.999996951472484
0.9999973300186918
0.9999976039422601
0.9999974577568687
0.9999969749619909
0.9999967050439548
0.999996888397419
0.9999972620145061
0.9999975071132006
0.999997336133907
0.9999968654111442
0.9999966495238408
0.9999968633789489
0.999997233201757
0.9999973985263149
0.9999971397701567
0.9999967171010131
0.9999965738127574
0.9999968240206913
0.9999971944921375
0.9999972874550842
0.9999970148153948
0.9999966062968497
0.9999964773900252
0.9999967648721009
0.9999971009871392
0.9999971534626189
0.9999968979583364
0.9999965306921045
0.9999964436200489
0.9999967094133699
0.9999970004649751
0.9999970120211619
0.9999967351039295
0.9999963928005537
0.9999963441037697
0.9999966367107985
0.9999968894102422
0.9999968599861104
0.9999965706691172
0.9999962526351467
0.999996268143661
0.9999965578201093
0.9999967997552957
0.9999967577287636
0.9999964415218837
0.9999961931200622
0.9999962376847504
0.9999964690206592
0.9999966714244984
0.9999966221923131
0.9999963303497198
0.9999961027619263
0.9999961414349338
0.9999963730795306
0.9999965622855789
0.9999965059103911
0.9999962250419357
0.9999960135549406
0.9999961249229588
0.999996343526188
0.9999964383610757
0.999996360715631
0.9999960924509901
0.9999959325669148
0.999996072596348
0.9999962835777915
0.9999963684580365
0.9999962918798176
0.999996011026561
0.9999958587808866
0.9999960275664298
0.999996189130128
0.9999962304323345
0.9999961384913707
0.9999958526833399
0.9999957355112167
0.999995885335969
0.9999960358291329
0.9999961131112952
0.9999960134657776
0.9999957571649227
0.999995665933835
0.999995771685553
0.9999958967604857
0.999995972890909
0.99999587952639
0.9999956308584466
0.9999955649271071
0.9999957131401164
0.9999958027115312
0.9999958434299768
0.9999957390742266
0.9999955227203444
0.9999954973547701
0.9999956195295706
0.9999957174529682
0.9999957717227107
0.9999956659730832
0.999995454968078
0.9999954064347718
0.9999955123612778
0.9999956555121774
0.9999956942600565
0.9999955570431713
0.9999953798827073
0.999995343728608
0.9999954156306354
0.9999955245968151
0.9999955302413834
0.9999953366805895
0.9999952254269854
0.9999952811027529
0.9999953555700759
0.9999954186803999
0.9999953764123078
0.999995204054984
0.9999951463158006
0.9999952131901068
0.9999952620506283
0.9999952995566456
0.9999952350464378
0.9999951125042881
0.9999951082796799
0.9999951611924376
0.9999951803594938
0.9999952058529774
0.999995157653958
0.9999950610284402
0.9999950653772602
0.9999950786094398
0.9999950708639541
0.9999950659289609
0.9999950169737898
0.9999950083379345
0.9999950420942723
0.999995011515232
0.9999949756880964
0.9999949952430334
0.9999949445653847
0.9999949241288962
0.9999949962171008
0.9999949502737242
0.9999948941127396
0.9999948875238281
0.9999948212409672
0.9999948141278461
0.99999489492629
0.9999948503073108
0.9999948020142844
0.9999947990408545
0.9999947276978782
0.9999947457180735
0.9999947770288906
0.9999946931197734
0.999994650036157
0.99999462296121
0.9999945394423586
0.999994588439845
0.9999946865657018
0.9999946592848479
0.9999946162387439
0.9999945337268382
0.9999944539500649
0.9999945091127359
0.9999945929226429
0.9999946000773271
0.9999945716874
0.9999944798298986
0.9999944119570509
0.9999944912158722
0.9999945144290616
0.9999944754631994
0.9999944965083972
0.999994424097372
0.9999943625728905
0.9999944226053537
0.9999943932007087
0.9999943373101285
0.999994356305076
0.999994310983791
0.9999942931887961
0.9999943274262786
0.9999942521204823
0.9999942231353358
0.9999942451470363
0.9999941882900126
0.9999941731834655
0.9999941650953655
0.9999940979201563
0.9999940913183101
0.9999940746123938
0.9999940285608011
0.9999940145379541
0.9999939984426973
0.9999939401146537
0.9999939445421621
0.999993967184511
0.9999939343402114
0.9999938998904703
0.9999938471143677
0.9999938122235168
0.9999938629815015
0.9999938890600034
0.9999938295801235
0.9999937682325176
0.9999937521389751
0.9999937774930309
0.9999938233565842
0.9999937956222545
0.999993697741865
0.9999936463759799
0.9999936403506063
0.9999936820521421
0.9999937046889343
0.9999936334416695
0.9999935359686283
0.99999351245349
0.9999935159642965
0.9999935395829498
0.9999935528146796
0.999993501727661
0.999993457967409
0.9999934373397176
0.9999934062749677
0.9999934226969422
0.9999934782299215
0.9999934310124222
0.99999343465139
0.9999933900842953
0.9999932380842775
0.9999932671278584
0.9999933980981501
0.999993409499165
0.9999933717380043
0.9999932737231931
0.9999931608650617
0.9999932164834902
0.9999933308097043
0.9999933486614663
0.9999933013880677
0.9999931626580518
0.9999930332694057
0.9999930725058741
0.999993180123982
0.9999932063926091
0.9999931492727168
0.9999929329243702
0.9999928278737197
0.999992951038256
0.9999931002952961
0.9999931747299408
0.9999930582573038
0.9999928332073383
0.999992766862263
0.9999928228401175
0.999992971527889
0.9999930876803371
0.9999929483458305
0.9999927460290137
0.9999926753511077
0.9999927363173179
0.9999928740253059
0.9999929316999014
0.9999927707439304
0.9999925464751194
0.9999924823681406
0.9999925815826242
0.9999927502346304
0.9999928646280104
0.9999927230433778
0.9999924988973906
0.9999924377968868
0.9999924800829441
0.9999926202859004
0.9999926970996641
0.9999925713619967
0.9999924021998007
0.9999923335557169
0.999992387287095
0.9999925632160351
0.9999926277715496
0.9999924672100904
0.9999922882198158
0.9999921952686505
0.9999922355320352
0.9999923797607034
0.9999924195629353
0.9999922569715783
0.9999920892118757
0.9999920464997051
0.9999921837688265
0.9999923622908555
0.999992319709713
0.9999921219107349
0.9999919349026631
0.9999919134327742
0.9999920937958812
0.9999922824190757
0.9999922673014278
0.9999920747890426
0.9999918317997505
0.9999918005539186
0.9999919901878651
0.9999921807429459
0.9999921852024253
0.9999919832494342
0.9999917116811811
0.9999916308711044
0.9999918130041855
0.9999919817290251
0.9999920057381396
0.9999918690904663
0.9999916429696718
0.9999915812667836
0.9999917140400523
0.9999918401777907
0.9999918666019518
0.999991781521607
0.9999915844427445
0.9999915594866102
0.9999916898759896
0.9999917340364575
0.9999917500533341
0.9999916952678747
0.9999915631791252
0.9999915485998475
0.9999916104906558
0.9999916317115584
0.9999916582895103
0.999991590754501
0.9999914471872784
0.99999144787721
0.9999915018144448
0.9999914946201468
0.9999914965060888
0.9999914802332927
0.9999913943068356
0.999991395897783
0.9999914386004239
0.9999913920831369
0.9999913637423539
0.9999913434017313
0.9999913038682803
0.9999913376893285
0.9999913663474134
0.9999912910529046
0.999991221273016
0.99999114766051
0.9999910984324643
0.9999911801768204
0.9999912271472129
0.999991181453551
0.9999911345109279
0.9999910715919815
0.999991040095783
0.999991119299079
0.9999911264402177
0.9999910813231097
0.9999910871829372
0.9999910431222426
0.9999909784676139
0.9999909777167676
0.9999909841324205
0.9999909943449997
0.9999909882225311
0.9999909489940384
0.9999909220248168
0.9999909432164621
0.9999909476818639
0.9999909244097648
0.9999908945445757
0.9999908549061807
0.9999908207713076
0.999990800449892
0.9999907735774259
0.9999907633342637
0.999990746158661
0.999990741948112
0.999990726942432
0.9999907246233766
0.9999907351210798
0.9999907137956606
0.9999906374327421
0.9999905320655347
0.9999905092535214
0.9999906008264638
0.9999906640340482
0.9999906255365985
0.9999905445450596
0.9999904386768751
0.9999903642772348
0.9999904310355968
0.9999905024470804
0.9999904605636359
0.9999904494754144
0.9999903972133535
0.9999903032085331
0.9999903420892985
0.9999904259725017
0.9999904126882607
0.9999903939737284
0.9999903086191645
0.9999902285571383
0.9999902837124744
0.9999903414411974
0.9999903096655884
0.9999902401923746
0.9999901791395946
0.9999901795953127
0.999990274694568
0.9999903246688733
0.9999902331876619
0.9999901173955683
