0.9999992987048548
0.999998778458743
0.9999977151154748
0.9999967283399543
0.9999964815265902
0.9999972441762224
0.9999984288199019
0.9999990496575109
0.9999986769914331
0.9999976768020976
0.9999966944663784
0.9999963502057226
0.9999969576329408
0.9999980595068609
0.9999987400051187
0.9999985382176948
0.9999976757548316
0.9999966890704683
0.9999962509846528
0.9999967494617931
0.9999977492916855
0.9999984542796753
0.999998388537129
0.9999976358431227
0.9999966773117647
0.999996177439626
0.9999965307027715
0.9999974461967498
0.9999981546431583
0.9999982101382178
0.999997554351199
0.9999965955034309
0.9999960699255139
0.9999963464264986
0.9999971227090713
0.9999978419510526
0.9999979910837893
0.999997453539975
0.9999965932625088
0.9999960049973892
0.9999961342242164
0.9999968314492415
0.9999975525729102
0.9999977861290084
0.9999973706133383
0.9999965776158038
0.9999959567238192
0.999995961767151
0.9999965583223167
0.9999972714376267
0.9999975633871651
0.9999971921816168
0.9999964241531163
0.999995809622557
0.9999957563636517
0.9999962728808915
0.9999969996455638
0.9999973655049469
0.9999970428974145
0.9999962807902738
0.9999956746411748
0.9999956458994936
0.9999961344885244
0.9999967741865763
0.9999971332439591
0.9999969041850709
0.9999961948168534
0.9999955795183343
0.9999954701302158
0.9999959063360496
0.9999965484172934
0.999996933834014
0.9999967599758022
0.9999961362577033
0.9999955364954279
0.9999953607809782
0.9999956952749043
0.9999962767266043
0.999996683107353
0.9999966235297384
0.9999961033624007
0.9999954681266447
0.9999952102395603
0.9999954536267813
0.9999959705343343
0.9999964433856432
0.9999965206295902
0.9999960584139751
0.999995411956883
0.9999950860878011
0.9999952500004781
0.9999957433299468
0.9999962144875687
0.9999963202113036
0.999995915852765
0.9999952563004245
0.9999948511798175
0.9999949657023157
0.9999954849659158
0.999995977300851
0.9999961139256593
0.9999958005043298
0.9999951738291021
0.9999947151563027
0.9999947621599587
0.9999952167600296
0.999995719884393
0.9999959189093169
0.9999956834761938
0.9999951335769489
0.9999946234725458
0.9999945531980169
0.9999949395851231
0.9999954425782585
0.9999956967656409
0.9999955209085839
0.9999949895969881
0.9999944647524995
0.9999943121873228
0.9999946393776601
0.9999951692469554
0.999995520192788
0.9999954107858703
0.9999948513970648
0.9999942861834313
0.9999941468857042
0.9999944173062544
0.9999949181471477
0.9999953577371317
0.9999953677606739
0.9999948606713106
0.9999942719849834
0.9999940330249159
0.9999942337796391
0.9999946930535302
0.9999951309286389
0.9999951764440416
0.9999947532085386
0.9999941837994533
0.9999939204716524
0.9999940591592118
0.9999944862169688
0.9999949309277915
0.9999950353611697
0.9999946561068913
0.9999941193562759
0.9999938366156931
0.9999939144909352
0.9999942592351545
0.9999946487830631
0.999994752723166
0.9999944119710386
0.9999939062147372
0.9999936654982534
0.9999937559987133
0.9999940744733419
0.9999944387022944
0.9999945612167754
0.9999942360196495
0.9999937031840606
0.9999934298548198
0.9999935208819312
0.999993820727667
0.9999941940094107
0.9999943989176558
0.9999941490374923
0.9999936058689646
0.9999932617770031
0.999993282056609
0.9999935502821975
0.9999939501525563
0.9999942239825996
0.9999940568014604
0.999993596409452
0.9999932564899862
0.999993185538625
0.9999933882124649
0.9999937630546509
0.9999940024510936
0.9999938727943477
0.9999934922667635
0.9999931332566062
0.9999930365048715
0.9999932340824261
0.999993557947528
0.9999937458712104
0.9999936801937708
0.9999933810410654
0.9999930244333419
0.9999928929999183
0.999993092959945
0.9999933860338612
0.9999935416527186
0.9999934833821708
0.9999932045710703
0.9999928548742817
0.999992690458828
0.9999928489231052
0.9999931388125897
0.9999933225369182
0.9999933201410396
0.9999930867766214
0.999992710301243
0.9999925029775014
0.9999926236994042
0.9999929092416202
0.9999930990493495
0.9999930942314623
0.9999928828859926
0.999992578887833
0.9999924078373374
0.9999924983333536
0.9999927178789554
0.9999928981796269
0.999992944806922
0.9999927442095093
0.9999923739840181
0.9999922033296282
0.9999923644908222
0.9999926359115531
0.9999928214018342
0.999992829902604
0.9999926379581616
0.9999923007205125
0.9999921041514539
0.9999922621909263
0.9999925374173327
0.9999926998592551
0.9999926684981278
0.9999924432043357
0.9999921261118033
0.9999919710224732
0.9999921255464861
0.9999923750038763
0.9999925047666766
0.9999924216960753
0.9999921962072515
0.9999919461888669
0.9999918205578076
0.9999919447424175
0.9999922195913573
0.9999923813201886
0.9999922773961212
0.9999920461227474
0.9999918487157002
0.9999917370954948
0.9999918298573137
0.9999920779482011
0.9999922429209557
0.9999921194292014
0.9999918684172991
0.9999916878729073
0.9999916160828496
0.9999917190649724
0.9999919428877804
0.9999920836885232
0.9999919996771071
0.9999917803287033
0.9999915741075623
0.9999914431876059
0.9999914925897884
0.9999917263255267
0.9999918956426305
0.9999918351315383
0.9999916282436793
0.9999914075510726
0.9999912888505329
0.9999913503992254
0.9999915488607606
0.9999917196840319
0.9999917048938208
0.9999915151678058
0.9999913119252263
0.999991144241279
0.9999910873689917
0.9999912250494115
0.999991431912845
0.9999914937841939
0.9999913899891163
0.9999911872239429
0.999990998182464
0.9999909541732676
0.9999911065560774
0.9999913189620775
0.9999913631500424
0.9999912283520971
0.9999910427715529
0.9999908889756989
0.9999908624396134
0.9999909739168565
0.9999911443057874
0.9999911837726458
0.9999910293967342
0.9999908000458592
0.9999906447460322
0.9999906631845334
0.9999908581244649
0.9999910234987046
0.9999909848385944
0.9999908145938868
0.9999905916811642
0.9999904458316462
0.9999904725219356
0.9999906586732112
0.9999908369410716
0.9999908398833646
0.9999906503447822
0.9999904221255164
0.999990268273635
0.9999902503507635
0.9999904440770163
0.9999906626624443
0.9999906719952798
0.9999905169985746
0.9999903401364638
0.9999901677334245
0.9999900661936737
0.999990155672701
0.9999903796516532
0.999990497597312
0.9999903530263352
0.9999901185209844
0.9999899948733603
0.9999899769205384
0.999990077128214
0.99999026007963
0.9999903391092305
0.9999902699633588
0.9999901373108031
0.9999900023854543
0.9999898813003976
0.99998987651646
0.999990017970612
0.9999901284394608
0.9999901202327837
0.9999900505189254
0.9999898838600678
0.9999897141129395
0.9999897098082503
0.9999898277177608
0.9999898716469897
0.9999898432639196
0.9999898033539175
0.9999897261481978
0.9999896039837635
0.9999895596430105
0.9999896641690547
0.9999897740170322
0.9999897725827328
0.9999896744877679
0.9999895405582329
0.9999893634443199
0.9999892503880858
0.9999893327773746
0.9999895069793806
0.999989553055761
0.9999894731967743
0.9999893675693581
0.999989263195534
0.9999891624326696
0.9999891864978911
0.9999893053185547
0.9999893481986502
0.9999892573008411
0.9999891391960061
0.9999890817599293
0.9999890281142174
0.9999890307925394
0.9999891418403077
0.999989254503659
0.9999891330693268
0.9999889240580022
0.9999888308528015
0.9999888005396552
0.9999888199381066
0.9999889511410002
0.9999890863001565
0.9999890155758134
0.999988802668531
0.9999886619682369
0.9999886494224252
0.9999886981003041
0.9999888300645614
0.999988961059645
0.9999889015692572
0.9999887151649601
0.9999885729737769
0.9999884754345918
0.9999884684613101
0.9999885924607427
0.9999886966913374
0.9999886551543571
0.9999885547367805
0.9999884786532843
0.9999884258585874
0.9999884089578276
0.9999884793479569
0.9999885279156996
0.9999884834608411
0.9999883906182232
0.999988335425676
0.9999883022166387
0.9999882642569633
0.9999882753078302
0.9999883045016646
0.9999882844682435
0.9999882554311371
0.9999882220438215
0.9999881516394602
0.9999880992049098
0.9999880759553146
0.9999880933597444
0.9999881341643188
0.9999881617780961
0.9999881118195451
0.999988009016951
0.9999879484893958
0.9999879548446917
0.9999879915798506
0.9999880320409296
0.9999879966546121
0.999987901819473
0.9999878520875747
0.9999878858257291
0.9999879284140374
0.9999880012168241
0.9999880580602458
0.9999880125187867
0.9999878622347373
0.9999877562465043
0.9999877603323959
0.9999877624477754
0.9999878080366862
0.9999878989924676
0.9999879045937389
0.9999877345531105
0.9999875463258756
0.9999874432794937
0.9999874456195317
0.9999875456711376
0.9999876757616004
0.9999877181998417
0.9999875850766726
0.9999873707080518
0.9999872348416904
0.9999872297460564
0.9999872844533804
0.9999873840607788
0.9999874684970793
0.9999873841860922
0.9999871501930653
0.9999870317328345
0.9999870896099581
0.9999871358898738
0.9999871756108893
0.9999872143213184
0.9999871683861344
0.9999869724829402
0.9999868160065515
0.9999868120898207
0.9999868718648046
0.9999869240122893
0.9999869176945322
0.9999868827983323
0.999986781163922
0.9999866851527686
0.9999866950746251
0.9999867689825622
0.9999868204058646
0.9999867921189703
0.9999867050804071
0.9999866023470863
0.9999865261034201
0.999986516535928
0.9999865431502903
0.9999865641058158
0.9999865576005009
0.9999865138494327
0.999986432390843
0.9999862982108402
0.999986207269657
0.9999862234011341
0.999986257586417
0.9999863084137102
0.9999863440488018
0.9999862861307122
0.9999861830090403
0.9999861355181349
0.9999861318308162
0.9999861120738119
0.9999861079570078
0.999986133792894
0.9999860685618119
0.9999859657701742
0.9999858945950393
0.9999858370945346
0.9999858342896857
0.9999858999532397
0.9999859954674136
0.999985988348931
