0.9999997814328061
0.9999993360538714
0.9999988986794711
0.9999993274761197
0.9999997359420054
0.9999993066882553
0.9999988899986822
0.9999993038976381
0.9999996943704531
0.9999992847237381
0.9999988699394585
0.9999992752185329
0.9999996458477389
0.9999992438035146
0.9999988759436372
0.9999992397668925
0.999999600702697
0.9999992103917947
0.9999988609231591
0.9999992066403836
0.9999995578570035
0.9999991781991288
0.9999988445735919
0.9999991767272756
0.9999995268012934
0.9999991561779772
0.9999988291267782
0.9999991454121095
0.9999994800247164
0.9999991395109766
0.9999988133911473
0.9999991088444187
0.9999994400735353
0.9999991104892576
0.9999987990819192
0.9999990897120773
0.999999411647119
0.9999990937250947
0.9999987772821757
0.9999990412295401
0.9999993677484247
0.9999990706830072
0.9999987651137262
0.9999990133293285
0.9999993329731676
0.9999990330757756
0.999998737348299
0.9999989899360983
0.9999992983139738
0.999999016211335
0.9999987027485688
0.999998963535092
0.9999992577425628
0.999998988697655
0.9999986867136398
0.9999989391550431
0.9999992246636165
0.9999989539570676
0.9999986630707307
0.9999989080963082
0.999999184398903
0.9999989111266331
0.9999986301873045
0.9999988712626212
0.9999991416867356
0.9999988976162896
0.9999986102510396
0.9999988292739943
0.9999991127523931
0.9999988730265404
0.9999985745678729
0.9999988028241011
0.9999990781570213
0.9999988410603117
0.9999985636150885
0.9999987809456636
0.9999990391665747
0.9999988144724838
0.9999985646997266
0.9999987780839124
0.9999989876622415
0.999998772072212
0.9999985476696605
0.9999987603486084
0.9999989407072594
0.9999987351850771
0.9999985317482547
0.9999987406188706
0.9999989045166503
0.9999986906605173
0.9999985044596302
0.9999987180645056
0.9999988685493646
0.9999986716000641
0.9999984755319615
0.9999986880055971
0.9999988567548181
0.9999986457454123
0.9999984299039126
0.9999986389079577
0.9999988143098693
0.9999986021783372
0.999998399399026
0.9999986188200282
0.9999987815366733
0.9999985827472657
0.9999983751642407
0.9999985911139248
0.9999987323117476
0.9999985469162465
0.999998340932445
0.9999985547622744
0.9999987121147859
0.9999985342258771
0.9999983254847126
0.9999985252445986
0.999998677549855
0.999998511274064
0.9999983196204436
0.9999984912755365
0.9999986393526329
0.9999984726223622
0.9999982902410129
0.9999984525783209
0.9999986053158346
0.9999984645266052
0.9999982562758231
0.9999984188603959
0.9999985667916427
0.9999984291213933
0.9999982136379137
0.9999983894395367
0.9999985158984087
0.9999983879101972
0.9999982050527845
0.9999983670656447
0.9999984797831039
0.999998341528227
0.9999981815465431
0.9999983259602377
0.9999984454578928
0.99999831485911
0.999998163079417
0.9999982996945778
0.9999984126306422
0.9999982901513818
0.9999981231702015
0.9999982619313169
0.999998364973496
0.9999982437463165
0.9999980985089306
0.9999982255085469
0.9999983450547073
0.9999982105396461
0.9999980507308406
0.9999981838721836
0.9999983099434345
0.9999981775264385
0.999998022348423
0.9999981302083454
0.9999982485611479
0.9999981439213136
0.9999980110726991
0.9999981008572167
0.9999982271075355
0.9999981296467048
0.9999980069656795
0.9999980806284434
0.9999981768232147
0.9999981038550569
0.9999979912816188
0.9999980608081791
0.9999981362209942
0.9999980697974292
0.9999979757214016
0.9999980337171138
0.9999980991885369
0.9999980397894751
0.9999979457599579
0.9999980038014782
0.9999980565517709
0.9999979963033858
0.9999979079776514
0.9999979752674754
0.9999980125280793
0.9999979843932603
0.9999978996581336
0.9999979341251825
0.9999979683068531
0.9999979548727562
0.9999978866760841
0.999997906763041
0.9999979292964605
0.9999979164964339
0.9999978601985321
0.999997879859071
0.9999978962272504
0.9999978999350644
0.999997833860343
0.9999978626950837
0.9999978740954755
0.9999978704447443
0.999997803587535
0.9999978208535493
0.9999978550790544
0.9999978573250783
0.9999977825461621
0.9999977949234928
0.9999978280518103
0.9999978288726703
0.9999977595585852
0.9999977513129592
0.9999977998554633
0.9999978049839325
0.9999977368452789
0.9999977324443777
0.9999977663418207
0.9999977769068304
0.9999977155947873
0.999997687033009
0.9999977290692985
0.9999977372397952
0.9999976595990169
0.9999976428730138
0.9999976942486459
0.9999977034900617
0.9999976441148867
0.9999976324118209
0.999997671645611
0.9999976657420595
0.9999976276551407
0.9999975902340468
0.9999976417364214
0.9999976235955571
0.9999975914690702
0.9999975502213044
0.99999761582036
0.9999976084028325
0.9999975669449294
0.9999975146014527
0.9999975813038455
0.9999975746195825
0.9999975460781723
0.9999974803603506
0.9999975230404805
0.9999975386590078
0.9999975393781706
0.9999974687299892
0.9999974931116037
0.9999974841704263
0.9999974934355411
0.9999974345226073
0.999997474158537
0.9999974422516518
0.99999746197298
0.9999974325567007
0.9999974545685477
0.9999974141495162
0.999997428042467
0.9999973933737692
0.9999974101429244
0.9999973732151982
0.9999973828128604
0.9999973687216447
0.9999973809160628
0.9999973322608321
0.9999973387393657
0.9999973336228355
0.999997335347116
0.9999973006423488
0.999997323526783
0.9999973039372964
0.9999972961172563
0.9999972742354228
0.9999972904578547
0.9999972737003543
0.9999972486931256
0.9999972248580247
0.9999972426923259
0.9999972564882934
0.9999972523410326
0.9999972318275518
0.9999972367165599
0.9999972608968798
0.9999972314451772
0.9999972085468689
0.9999972220820831
0.9999972430197799
0.9999972209643311
0.9999971730293155
0.999997194036625
0.9999972188608971
0.9999971983313362
0.9999971542905869
0.9999971530618782
0.9999971665465468
0.9999971659603444
0.999997116879536
0.9999971124285766
0.9999971557933921
0.9999971495952097
0.9999970931903726
0.9999970910642718
0.9999971342586097
0.999997136477228
0.9999970755904766
0.9999970720906234
0.9999971060055004
0.9999971093190068
0.9999970365343697
0.9999970205460792
0.9999970736170746
0.9999970906689903
0.9999970130293919
0.9999969701184096
0.9999970433442248
0.9999970883226499
0.9999970040845971
0.9999969431929755
0.9999970208303869
0.99999705615092
0.999996953057898
0.9999968949740838
0.9999969986588462
0.9999970335920539
0.9999969251595089
0.9999968625090621
0.9999969707647629
0.9999969918322356
0.9999968785856157
0.9999968382473272
0.9999969492718338
0.9999969643560993
0.9999968510949714
0.9999968106760134
0.9999969026650783
0.9999969190606695
0.999996800686068
0.9999968024014535
0.9999968973032437
0.9999968799445784
0.9999967556705118
0.999996759121979
0.9999968629623152
0.999996831383661
0.99999671499917
0.9999967269948952
0.9999968147550491
0.9999967830620536
0.9999966713012292
0.9999966812676531
0.9999967782248804
0.9999967696273693
0.9999966782481865
0.9999966682074408
0.999996736679907
0.9999967389896984
0.9999966731039819
0.9999966594179098
0.9999967133063253
0.9999966956135371
0.9999966486391701
0.9999966323748649
0.9999966836956005
0.9999966965678623
0.9999966277452005
0.9999965769083451
0.9999966274414417
0.9999966511110362
0.9999966127580359
0.9999965715220105
0.9999966262848881
0.9999966338641852
0.9999965695694323
0.999996522853409
0.9999966014351166
0.9999966264444662
0.9999965629725682
0.9999965087485492
0.9999965777408442
0.9999965715378211
0.9999965038224322
0.999996458798861
0.9999965330211936
0.999996544450475
0.999996486261997
0.9999964240777615
0.9999965079528392
0.9999965176481675
0.9999964521545438
0.9999964039301877
0.99999649063469
0.999996489719237
0.999996415852826
0.9999963657479015
0.9999964749649587
0.999996462495581
0.9999963757610573
0.9999963321771467
0.9999964486589437
0.9999964098526165
0.9999963295299433
0.9999963060225722
0.9999964122499
0.999996380992152
0.9999963168253027
0.9999962912293522
0.9999963834859475
0.9999963429086206
0.9999962897550462
0.999996267351155
0.999996336956374
0.9999962967874493
0.999996233341217
0.9999961970120793
0.9999962827846569
0.9999962810946281
0.9999962140775531
0.9999961608332075
0.9999962310904115
0.9999962485635254
0.9999961614147915
0.9999961474430801
0.9999962061229172
0.9999962115959999
0.9999961236477342
0.9999961436219466
0.9999961923736757
0.9999961980320698
0.999996128423117
0.9999961120974005
0.9999961605796346
0.9999961810983505
0.9999961102453202
0.999996073555967
0.9999961212811148
0.9999961571962404
0.9999960633680169
0.9999960290266519
0.999996098331269
0.9999961215941723
0.9999960323680076
0.9999960056206615
0.9999960453193684
0.999996063934979
0.9999959872392848
0.9999959820652975
0.9999960209389616
0.9999960659084762
0.999995957819895
0.99999592672973
0.9999959953858111
0.9999960472369198
0.9999959396701114
0.9999958973889232
0.9999959719011332
0.9999960123757514
0.9999959194774029
0.999995863961243
0.9999959419336208
0.999995971560083
0.9999958913432844
0.9999958263487465
0.9999958938434329
0.9999959484842483
0.9999958563257686
0.9999957800854669
0.9999958597135454
0.9999959311238074
0.9999958311235672
0.9999957506074884
0.9999958209177058
0.9999959031364841
0.9999957873934344
0.9999957007013874
0.9999957794218303
0.9999958730339307
0.9999957749889428
0.99999566863606
0.9999957776010684
0.9999958987860951
0.999995776472384
0.9999956532505648
0.9999957531197408
0.9999958763104959
0.9999957345566052
0.9999956073238233
0.9999957159140106
0.999995845571896
0.9999957250718864
0.999995618899308
0.9999957197023888
0.9999958163280508
0.9999956699768924
0.9999955739171135
0.9999956789672106
0.9999957773948737
0.9999956056737282
0.9999955407173873
0.9999956513051196
