0.9999999114194346
0.9999996056378286
0.9999997560580645
0.9999998102223688
0.999999566465816
0.9999998802179614
0.9999996355412786
0.999999690026963
0.9999998317830029
0.9999995573202679
0.9999998346791897
0.9999996687573285
0.9999996323880787
0.9999998391096001
0.9999995572735304
0.9999997755197412
0.9999997003469303
0.999999591263677
0.9999998266487049
0.9999995595244598
0.9999997226079319
0.9999997241185309
0.9999995588853602
0.9999998022724089
0.9999995737470007
0.9999996664158463
0.9999997486511352
0.9999995283165763
0.9999997720610065
0.9999995991208818
0.9999996178258338
0.9999997569977608
0.9999995095396411
0.99999972971497
0.9999996235467684
0.9999995741090818
0.9999997478413324
0.9999995069876575
0.9999996876932971
0.9999996415840564
0.9999995295008678
0.9999997340932695
0.9999995198036343
0.9999996309640444
0.9999996624575175
0.9999995049194371
0.9999997066985256
0.9999995411830125
0.9999995817650559
0.9999996782627452
0.9999994868324428
0.9999996688853927
0.9999995610693105
0.9999995343042838
0.9999996774764665
0.9999994817389739
0.9999996188326746
0.9999995816899514
0.9999995001009261
0.9999996617825838
0.9999994825857813
0.999999581362316
0.9999995944487173
0.9999994768908432
0.9999996353206196
0.9999994894055165
0.9999995464319975
0.9999996061803482
0.9999994590545214
0.9999996104882772
0.9999995069796628
0.9999995072953279
0.9999996065750227
0.9999994427365019
0.9999995752989144
0.9999995257591007
0.9999994697545854
0.9999995996110461
0.9999994383000995
0.999999536418078
0.9999995382261186
0.9999994302364821
0.9999995791834746
0.9999994385514402
0.999999493281358
0.999999543365167
0.9999994073097062
0.9999995537050929
0.9999994521935626
0.9999994448132445
0.9999995450803353
0.9999993938024485
0.999999517251947
0.999999466668153
0.9999994097638492
0.9999995386456008
0.9999993793288489
0.999999477962421
0.9999994743346561
0.9999993725960661
0.9999995121714707
0.9999993896312223
0.9999994391020556
0.9999994714493828
0.9999993523150658
0.9999994937672563
0.9999993948566827
0.9999993962456077
0.9999994734100095
0.9999993396895931
0.9999994625954216
0.9999993972485077
0.999999357119912
0.9999994699805208
0.9999993252402275
0.9999994286152388
0.9999994060666572
0.9999993252912176
0.9999994606129293
0.9999993304196525
0.9999993899639786
0.9999994133880804
0.999999305337709
0.9999994350484567
0.9999993357037731
0.9999993445512513
0.9999994118970055
0.9999992910909782
0.9999994005081152
0.9999993382044164
0.9999993044898807
0.999999398300056
0.9999992800084033
0.9999993644720361
0.9999993400463849
0.9999992813881161
0.999999381246227
0.9999992754859818
0.9999993293157523
0.9999993387918928
0.9999992591984137
0.9999993608322557
0.9999992708708187
0.9999992990890461
0.9999993359386509
0.9999992405036047
0.999999344189719
0.9999992725808267
0.9999992694103814
0.999999330861182
0.9999992238412415
0.9999993180342376
0.9999992713651309
0.9999992466735091
0.9999993236233086
0.9999992133343468
0.9999992831902481
0.9999992709492571
0.9999992192630838
0.9999993130010812
0.9999992055986849
0.9999992553605865
0.9999992721143386
0.9999991991150311
0.9999992890417533
0.9999992052014917
0.999999231222093
0.9999992719736763
0.9999991835595795
0.9999992604209679
0.9999992133563215
0.9999992055887718
0.9999992673570252
0.999999165942277
0.9999992292442488
0.9999992250575533
0.9999991709382308
0.9999992418415932
0.9999991673933993
0.9999991890782202
0.9999992226695524
0.9999991347456267
0.9999992193881391
0.9999991613415488
0.9999991552541861
0.9999992126161291
0.9999991194160526
0.9999991960873151
0.9999991538521429
0.9999991303739876
0.9999991939394113
0.9999991050907324
0.9999991717609378
0.9999991507364175
0.9999991008999277
0.9999991904248955
0.9999990958190521
0.9999991463068203
0.9999991402051215
0.9999990762517483
0.9999991688896809
0.9999990825888383
0.9999991154658434
0.9999991388757747
0.9999990540668905
0.9999991475919141
0.9999990798729712
0.9999990783492639
0.9999991295773374
0.9999990317486809
0.9999991195527957
0.9999990765723585
0.999999045846268
0.9999991274484324
0.9999990267634016
0.9999990835923798
0.9999990812570902
0.9999990373400691
0.9999991081787245
0.9999990302833077
0.9999990624302216
0.9999990715162542
0.9999990222214232
0.9999990788592977
0.9999990165635455
0.9999990370305174
0.999999045500425
0.9999990051528406
0.9999990573835138
0.9999990064915978
0.9999990181054178
0.9999990398164741
0.9999989873045787
0.9999990407516348
0.9999989961626906
0.99999900596549
0.9999990349383557
0.9999989696976338
0.9999990272820577
0.9999989910502615
0.9999989752019622
0.9999990268292336
0.9999989542807889
0.9999990020757663
0.9999989914236813
0.9999989558975301
0.9999990151560504
0.9999989470304289
0.9999989805839627
0.9999989831810696
0.9999989423371991
0.9999990032533066
0.9999989468972277
0.9999989586247989
0.9999989862916646
0.9999989402674284
0.9999989767838809
0.999998940550327
0.9999989442201241
0.9999989667615847
0.9999989212311826
0.999998947026559
0.9999989311081188
0.9999989140789015
0.9999989523980092
0.9999989090761878
0.9999989157870764
0.9999989302277721
0.9999988961957145
0.9999989440680351
0.9999989032846274
0.9999988896724774
0.9999989206818694
0.9999988861098783
0.9999989143020493
0.9999988920202579
0.9999988706433749
0.9999989030856684
0.9999988731548308
0.9999988887215534
0.9999988812497188
0.999998849342562
0.9999988980396897
0.999998854561139
0.9999988696454075
0.9999988765324956
0.9999988369008168
0.9999988866661135
0.9999988414838991
0.9999988464703129
0.999998862793806
0.9999988273566978
0.9999988655098034
0.9999988236526534
0.999998835014037
0.9999988449027308
0.9999988095807765
0.9999988410813894
0.9999988276603256
0.9999988129526668
0.9999988426824826
0.9999988094278073
0.9999988188416311
0.9999988287186369
0.9999988003548497
0.999998826146302
0.9999987977963092
0.9999987964956996
0.9999988179497538
0.9999987876816988
0.999998806390361
0.9999987881072121
0.999998781496838
0.9999987962600164
0.9999987658160421
0.9999987882813419
0.9999987799688437
0.9999987501287172
0.9999987837827481
0.9999987643087229
0.9999987440142521
0.9999987726585894
0.9999987262560195
0.9999987524211209
0.999998759296592
0.9999987246109088
0.999998758067351
0.9999987243553007
0.9999987281389643
0.9999987450474445
0.9999986890219648
0.9999987349171369
0.9999987050210142
0.9999987000977195
0.9999987174114664
0.9999986772680702
0.9999987140846536
0.9999986922501497
0.9999986915295782
0.9999987045630948
0.9999986553165852
0.999998699857189
0.999998674706459
0.9999986617812978
0.9999986878472511
0.9999986337807079
0.999998682156144
0.9999986648182024
0.9999986364577934
0.9999986761964829
0.9999986308422709
0.999998660552057
0.9999986581147317
0.9999986205162233
0.9999986737781899
0.9999986168976424
0.9999986423801032
0.9999986599000519
0.999998604023173
0.9999986584597137
0.9999986218566022
0.9999986152132119
0.9999986509467759
0.9999985899581668
0.9999986348431115
0.9999986028193631
0.9999985930966413
0.9999986456513308
0.999998574800538
0.9999986189134634
0.9999985988064308
0.9999985669924378
0.9999986297355451
0.9999985501337945
0.9999985887018762
0.9999985897012625
0.9999985457148833
0.9999985977375871
0.9999985462783426
0.9999985651608829
0.9999985808088521
0.9999985381869554
0.9999985852632985
0.9999985355403216
0.9999985488711353
0.9999985779431185
0.9999985295422276
0.999998559162378
0.9999985345870188
0.999998521107418
0.9999985623575639
0.9999985004426215
0.9999985332930221
0.9999985212508038
0.9999984945406979
0.9999985511344198
0.9999984808225406
0.9999985204630502
0.999998532268026
0.9999984795805732
0.9999985566873922
0.9999984822132646
0.9999984936894122
0.9999985352825103
0.99999845717386
0.999998528394428
0.9999984715751321
0.9999984747902838
0.9999985137161045
0.9999984437668862
0.9999985063922684
0.9999984703449228
0.9999984370628537
0.9999984969998793
0.9999984375580455
0.9999984683833751
0.9999984640954602
0.9999984217686116
0.9999984917116401
0.9999984155842027
0.9999984491283747
0.999998452296446
0.9999983967806483
0.9999984922473728
0.9999984016645665
0.9999984288912521
0.9999984533572668
0.9999983838344632
0.9999984675551011
0.99999840375695
0.9999984026636493
0.9999984558222694
0.999998378428709
0.9999984458895473
0.9999984075336984
0.9999983732344704
0.9999984506528008
0.9999983611975021
0.9999983991114404
0.9999984077418507
0.9999983411986043
0.999998425172269
0.9999983580027582
0.9999983714334637
0.9999983974485309
0.9999983256069929
0.9999984000050645
0.9999983449926896
0.9999983410430959
0.9999983770811676
0.999998305165124
0.9999983866956152
0.999998328928259
0.9999983238790029
0.9999983758028871
0.9999982880459253
0.9999983695400639
0.9999983214301684
0.9999982930609955
0.9999983586564418
0.9999982776396869
0.9999983397348905
0.9999983164568935
0.999998266578748
0.9999983403680146
0.9999982586010341
0.9999982887892745
0.999998302083333
0.9999982359662011
0.9999983130093267
0.9999982574033289
0.9999982646569064
0.9999982977927443
0.9999982199990795
0.9999982988812216
0.9999982408365417
0.9999982266467015
0.9999982987267749
0.9999981941654172
0.9999982714311894
0.9999982443657851
0.9999981899133142
0.9999982827268594
0.9999981838536837
0.9999982316515574
0.9999982398545639
0.9999981638083272
0.999998254943373
0.999998178948259
0.9999981869547376
0.9999982431810478
0.9999981516939557
0.9999982400781641
0.9999981865198861
0.99999816257944
0.9999982298474915
0.999998141707281
0.9999982082928796
0.9999981787843645
0.999998139597727
