0.9999997663384433
0.9999993222253746
0.9999988373610854
0.9999991746859016
0.999999697518117
0.999999397799778
0.9999988592129588
0.9999990385526034
0.9999996137205202
0.9999994509316248
0.9999988919532915
0.9999989244552364
0.9999995044664539
0.9999994796860249
0.9999989353907098
0.999998825662685
0.9999993756353022
0.9999995064518071
0.9999990082669423
0.9999987676035872
0.99999923887841
0.9999995072540139
0.9999990696933907
0.9999987407636665
0.9999991103492506
0.9999994725262784
0.9999991134274288
0.9999987200529384
0.99999898270345
0.9999994141047627
0.9999991540072187
0.9999987266217095
0.9999988723250035
0.9999993422448609
0.9999991938497149
0.9999987419066536
0.9999987720939729
0.9999992532189856
0.9999992274703965
0.9999987529908865
0.9999986975716652
0.9999991504941306
0.9999992379920618
0.9999988019314499
0.9999986366289183
0.9999990441284254
0.9999992306633897
0.9999988305388583
0.9999985913401941
0.9999989301332487
0.999999208522001
0.9999988706586238
0.9999985631383406
0.999998817418767
0.9999991679546854
0.9999989327656454
0.9999985755981698
0.9999987136863812
0.9999991103675947
0.9999989624970274
0.9999985609572551
0.9999986121369577
0.9999990333308421
0.9999989706237755
0.999998599126082
0.9999985348459624
0.9999989311615255
0.9999989706660701
0.999998619403973
0.9999984830661701
0.9999988359016019
0.9999989565965863
0.9999986380938526
0.9999984407459472
0.9999987447412719
0.9999989312123119
0.999998647362164
0.9999984058292708
0.999998669085565
0.9999989043150423
0.9999986681369307
0.9999983785163533
0.9999985679020361
0.999998858582107
0.9999986780771064
0.999998361827825
0.9999984556679705
0.9999987921299769
0.9999987031235302
0.9999983919785668
0.9999983709052699
0.9999986944953988
0.9999986807546656
0.9999984181713986
0.9999983317815376
0.9999986062299435
0.9999986663513593
0.9999984302500247
0.9999982950284576
0.9999985012091883
0.9999986371906504
0.9999984219840424
0.9999982733275632
0.9999984273107871
0.9999986261953492
0.9999984385827035
0.9999982383139449
0.999998336632121
0.9999985574936646
0.9999984499275032
0.9999982445737056
0.9999982670768307
0.9999985166818933
0.9999984636034077
0.9999982339823547
0.9999982232373027
0.9999984490001302
0.9999984444585298
0.9999982164845396
0.9999981680349571
0.9999983694244298
0.9999984390553921
0.9999982244197015
0.9999981232692094
0.9999982925098502
0.999998407200585
0.9999982301318254
0.9999980922054773
0.9999982138836467
0.9999983890394235
0.9999982335955749
0.9999980594044429
0.9999981454175935
0.9999983378501885
0.9999982286690375
0.9999980435608424
0.9999980916373227
0.9999983057965385
0.9999982471703629
0.9999980372144118
0.9999980414251047
0.9999982459092308
0.9999982362332835
0.9999980340308677
0.9999980161602371
0.9999981932381052
0.9999982592941169
0.9999980412701226
0.9999979724516479
0.9999981223799345
0.9999982486481463
0.9999980684318504
0.9999979215738843
0.9999980273253254
0.9999982055746195
0.9999980434970518
0.999997879409677
0.9999979564708189
0.9999981645026037
0.9999980638759913
0.9999978622854471
0.9999978963538374
0.9999981171064279
0.9999980645300868
0.9999978619662109
0.9999978389900537
0.9999980586010119
0.9999980622043674
0.9999978585090681
0.9999977920265102
0.9999980136356363
0.9999980626601117
0.9999978584783941
0.9999977525350671
0.9999979414331703
0.9999980498814
0.9999978598282641
0.9999977080194055
0.9999978845604691
0.9999980255499495
0.9999978497439963
0.9999976776570977
0.9999978081720285
0.9999979725005371
0.999997856510442
0.9999976445371102
0.9999977216049607
0.9999979179986476
0.9999978649553233
0.9999976452961061
0.9999976350701526
0.9999978434512086
0.9999978490980412
0.9999976274903447
0.999997548552424
0.99999778370256
0.9999978174054391
0.9999976033280017
0.9999974968410954
0.9999977074211513
0.9999977832473592
0.999997606976496
0.9999974591098176
0.9999976181595857
0.9999977548182842
0.9999976304153839
0.9999974380149242
0.9999975497946701
0.9999977166254623
0.9999976336490219
0.9999974119979667
0.9999974636620848
0.9999976833730122
0.9999976201620531
0.9999974074143835
0.9999974055763033
0.9999976325408849
0.9999976247511105
0.9999974325610163
0.9999973544511487
0.9999975543437337
0.9999976080466964
0.9999974452398684
0.9999973097535922
0.9999974700789311
0.9999975728773487
0.9999974547203194
0.9999972945702783
0.999997402929322
0.9999975310631735
0.9999974571646748
0.9999972648780323
0.9999973125478152
0.9999974997939124
0.9999974357263705
0.9999972592526593
0.9999972662218742
0.9999974527135347
0.9999974159018077
0.9999972401333407
0.999997214259215
0.9999973981316105
0.9999973882061348
0.9999972050996235
0.999997136987339
0.9999973362989142
0.9999973780059747
0.9999971986563596
0.9999970655372228
0.9999972792946696
0.9999973459340448
0.9999971731731314
0.9999969979983724
0.9999972023401872
0.9999973229819286
0.9999971737066107
0.9999969651789937
0.9999971361015781
0.9999973114483676
0.9999971917038608
0.999996926155785
0.999997038213262
0.9999972424365005
0.9999972259927333
0.9999969566655581
0.9999969835995565
0.999997208994321
0.9999972253716097
0.9999969395803583
0.9999968829599589
0.9999971500678124
0.9999971945312875
0.9999969567396999
0.9999968208449264
0.9999970522834973
0.9999971656095165
0.9999969782036495
0.9999967711226908
0.9999969685060242
0.9999971500629175
0.9999970235886998
0.9999967721117483
0.9999969101865629
0.9999971083033242
0.9999970312436897
0.9999967583186289
0.999996818984855
0.9999970541627851
0.9999970416193207
0.999996772585667
0.9999967810963136
0.9999970067700947
0.9999970317711647
0.9999967770929028
0.9999966911079711
0.9999969217708614
0.9999970060051644
0.9999967542164795
0.9999966084742903
0.9999968327123795
0.999996953694393
0.9999967544730073
0.999996569843657
0.9999967465358763
0.9999969097617998
0.9999967626913964
0.9999965609620243
0.9999966739298947
0.9999968646313402
0.9999967715942721
0.9999965587979216
0.9999966160489704
0.9999968079116427
0.999996782069096
0.9999965749932024
0.999996537957101
0.9999967439748609
0.9999967653989849
0.9999965718421675
0.9999965096055029
0.9999966835486382
0.9999967403880138
0.999996547019017
0.999996460374022
0.9999966111638366
0.9999967074733132
0.9999965288045919
0.9999964211564979
0.9999965525603229
0.9999966785854519
0.9999965297437939
0.9999963995571194
0.9999964991204187
0.9999966679699167
0.9999965469752804
0.9999963831162304
0.9999964613923021
0.9999966357430043
0.9999965562253977
0.9999963765939687
0.9999963857427109
0.99999656726264
0.9999965093450103
0.9999963597755154
0.9999963061150229
0.999996483190066
0.9999964775895711
0.9999963437424375
0.9999962585652679
0.9999963946381906
0.9999964559410145
0.9999963149860963
0.9999961968387275
0.9999963086243024
0.9999964491328405
0.9999962946308187
0.9999961340182938
0.9999962383864537
0.9999964314407497
0.9999962773767435
0.9999960830461578
0.9999961561192011
0.999996379268208
0.9999962819414074
0.9999960981572702
0.9999960808410854
0.9999963077952114
0.9999962689920108
0.9999961082524805
0.9999960266697411
0.9999962350137245
0.9999962602563366
0.9999961026672213
0.9999959741604575
0.9999961530319307
0.9999962553874522
0.9999960929933567
0.9999959645996385
0.9999961017694151
0.9999962485775071
0.9999960928902278
0.9999959309839218
0.9999960133572274
0.9999961869875084
0.9999960969691121
0.9999959263933081
0.9999959201554054
0.9999961169395037
0.9999961185530696
0.9999959397347994
0.9999958772193746
0.9999960436399236
0.9999960767820034
0.9999959345725391
0.9999958335550885
0.9999959529493067
0.9999960654148509
0.9999959212460863
0.9999958126673142
0.9999958932654329
0.9999960057583543
0.9999958797640266
0.9999957610666347
0.999995837594021
0.9999959490929444
0.9999958450991026
0.9999957150414629
0.9999957732738203
0.9999959106365652
0.9999958588555766
0.9999957000162741
0.9999957128409521
0.999995873257325
0.999995854788152
0.9999957192407081
0.9999957140240588
0.9999958327936629
0.9999958455864609
0.9999957160714721
0.9999956778718786
0.9999957641590311
0.9999958090753366
0.9999956924012308
0.9999956355134372
0.999995698400464
0.9999957549691819
0.9999956464059672
0.9999955903068811
0.9999956351529835
0.9999956777031731
0.9999956063792604
0.9999955563915525
0.9999956021689206
0.999995630218432
0.999995579724762
0.9999955207757774
0.999995574455469
0.9999955935650489
0.9999955290599498
0.9999954543737312
0.999995520110116
0.9999955428015979
0.9999954972257283
0.9999954099661892
0.999995474146064
0.9999954953643022
0.9999954650166898
0.999995379239124
0.9999954194577086
0.9999954471802539
0.9999954189788696
0.9999953427515275
0.9999953748064484
0.9999954060049409
0.9999953604219143
0.999995291030559
0.9999952931336759
0.9999953271651607
0.9999952864939037
0.9999952634430619
0.9999952638041908
0.9999952871033563
0.9999952871833324
0.9999952619506118
0.9999952168491847
0.9999952324996186
0.9999952255882857
0.9999952655886881
0.9999952213162927
0.9999952249361574
0.999995196479506
0.9999952395135161
0.9999952025671641
0.999995208679975
0.9999951590491147
0.9999951979726774
0.999995163125054
0.9999951782714293
0.9999951445452503
0.9999951613980067
0.9999951357094962
0.9999951535614071
0.9999951382021041
0.9999950968062926
0.9999950538614577
0.9999950837350415
0.9999951267332883
0.9999950725683687
0.9999950248565841
0.9999950282179718
0.9999950955299381
0.9999950475140073
0.999994991026125
0.9999949612387272
0.9999950324741207
0.9999950218703766
0.9999949390994638
0.9999948972600518
0.9999949662019101
0.9999949968817684
