0.9999999060407542
0.9999995843953979
0.9999997205596353
0.9999998250282327
0.9999995302157667
0.9999998461447196
0.9999996702144994
0.9999996013798115
0.9999998621444446
0.9999995443761911
0.9999997397118522
0.999999756981155
0.9999995300218644
0.9999998331352596
0.9999995990696331
0.9999996258709406
0.9999998034370596
0.9999995088222928
0.9999997505572641
0.9999996805447101
0.9999995362258555
0.999999803934694
0.9999995462170649
0.9999996437377755
0.9999997390610994
0.9999994977595107
0.9999997461626681
0.9999996098579053
0.9999995451004092
0.9999997668725568
0.9999995042218986
0.9999996628154951
0.9999996805091109
0.9999994920068529
0.9999997354899074
0.999999547517752
0.9999995699106582
0.9999997103539104
0.9999994722462472
0.9999996630920913
0.9999996120031596
0.9999994871173393
0.9999997097121054
0.9999994984174937
0.9999995737907862
0.9999996594078584
0.9999994437255705
0.9999996566806213
0.9999995567755326
0.9999994785709508
0.9999996732902542
0.9999994595586815
0.9999995702181128
0.9999996050457458
0.9999994232403728
0.999999642451537
0.999999502356137
0.9999994777636864
0.9999996277282851
0.9999994260138538
0.9999995688433363
0.9999995530311918
0.9999994170460496
0.9999996159944853
0.999999460887092
0.9999994778759944
0.9999995857548301
0.9999993925009065
0.9999995668736353
0.9999995074253111
0.9999994024019633
0.9999995935311783
0.9999994145020449
0.9999994804837368
0.9999995425490512
0.9999993654631631
0.9999995528727852
0.9999994603950959
0.9999993935847794
0.999999560284012
0.9999993703761458
0.9999994752307753
0.9999995014095342
0.9999993395266689
0.999999531037955
0.9999994140950941
0.9999993889523332
0.9999995261281768
0.9999993374606995
0.9999994692182195
0.9999994633676244
0.9999993293664479
0.9999995031170782
0.9999993758765642
0.9999993851027291
0.9999994868768032
0.9999993144926185
0.999999445095171
0.9999994165334293
0.9999993131170838
0.9999994756703942
0.9999993295403716
0.9999993777262403
0.9999994504489682
0.9999992806010175
0.9999994447473346
0.9999993653640696
0.9999992972253849
0.999999455889613
0.9999992865886457
0.9999993758865523
0.9999993999398181
0.9999992608541203
0.9999994259128491
0.9999993143658449
0.9999993050023658
0.9999994135465455
0.9999992525844185
0.9999993685463027
0.999999346184908
0.9999992462439229
0.9999994085768488
0.9999992710712029
0.9999992956482119
0.9999993684494908
0.9999992185707445
0.9999993445935028
0.9999992902272112
0.9999992201056859
0.9999993583257928
0.9999992272987099
0.9999992799433834
0.9999993160396177
0.9999992043402477
0.9999993326111785
0.9999992506083848
0.9999992279691985
0.999999322612208
0.999999201799098
0.999999288393509
0.9999992754893576
0.9999991861919333
0.9999993132048799
0.9999992089188351
0.9999992249168437
0.9999992871365108
0.9999991651938404
0.9999992839753175
0.9999992374675224
0.9999991807371066
0.9999992946414835
0.9999991753656676
0.9999992267762517
0.999999256116726
0.9999991491885302
0.9999992621340592
0.9999991967615168
0.9999991726599115
0.9999992552384496
0.9999991387604404
0.9999992168275295
0.9999992065016402
0.9999991283743829
0.9999992358883318
0.9999991471869395
0.9999991579810289
0.9999992115150433
0.9999991043016804
0.9999991978552648
0.9999991557694041
0.9999991192473602
0.9999992001905893
0.9999991050796899
0.9999991415996767
0.9999991664695256
0.9999990874939146
0.9999991725710692
0.9999991186766602
0.9999990958250182
0.999999170669494
0.9999990780373263
0.9999991267646258
0.9999991320099187
0.9999990577711116
0.9999991475179708
0.9999990857521923
0.9999990657145509
0.9999991317368714
0.9999990423091106
0.9999991000232401
0.9999990901361203
0.9999990252761631
0.9999991194495182
0.9999990373800036
0.999999051877486
0.999999098523958
0.9999989997286268
0.9999990894824
0.999999056018225
0.9999990007866932
0.9999990946424444
0.9999990114054541
0.9999990374444949
0.9999990667799251
0.9999989748210067
0.9999990625742192
0.9999990289139393
0.9999989698568106
0.9999990579341048
0.9999989732013237
0.9999990111640105
0.999999037823356
0.9999989336710238
0.9999990381305348
0.9999989862360061
0.9999989529886947
0.9999990358973665
0.9999989287828036
0.9999989891873265
0.9999990087056628
0.9999989195643262
0.9999990089113321
0.9999989374473544
0.9999989451415839
0.9999989847389713
0.9999988966882994
0.9999989648353254
0.9999989434919491
0.999998892407949
0.9999989727887988
0.9999989080630175
0.9999989162997479
0.999998952007499
0.999998875014154
0.9999989428374528
0.9999989189707726
0.9999988787636828
0.9999989462832501
0.9999988690343347
0.9999988935439603
0.9999989253634662
0.9999988429525242
0.9999989110867711
0.9999988822776088
0.999998856279258
0.9999989159494386
0.9999988377605998
0.9999988865033484
0.9999988921794319
0.9999988326189013
0.9999988961545084
0.9999988482515962
0.9999988387957083
0.9999988880220564
0.9999988117721201
0.999998868980792
0.9999988551167808
0.9999988092554695
0.9999988757811563
0.9999988164358543
0.9999988308752807
0.9999988566243059
0.9999987895784088
0.9999988509484666
0.9999988259912406
0.999998804008212
0.999998852937912
0.9999987914985182
0.9999988271717362
0.9999988353199475
0.9999987750352605
0.9999988380335456
0.9999987990580039
0.9999987894230372
0.9999988299714313
0.9999987503543682
0.9999988064633251
0.9999988061555427
0.9999987526450075
0.9999988131651524
0.9999987572294595
0.9999987683407737
0.9999988011796896
0.9999987415674044
0.9999987935027065
0.9999987804145646
0.999998745424537
0.9999987925800656
0.99999873855715
0.9999987621124761
0.9999987748754202
0.9999987213682474
0.9999987670372157
0.9999987376141297
0.9999987240052168
0.9999987516705744
0.9999987188254112
0.9999987389424004
0.999998732189664
0.9999986975224454
0.9999987364986281
0.9999987126685923
0.9999987018257277
0.9999987235175916
0.9999986903948385
0.9999987188072709
0.9999987098602727
0.9999986769536754
0.9999987092083177
0.9999986818433417
0.999998684783112
0.9999986915277314
0.9999986587497628
0.9999986984891057
0.9999986900321091
0.999998653633211
0.9999986992288743
0.9999986604591284
0.9999986629414099
0.99999869007022
0.9999986403077262
0.99999867607558
0.9999986666413744
0.9999986390922213
0.9999986655873842
0.9999986405825232
0.9999986437796407
0.9999986560236607
0.9999986174637059
0.9999986481942347
0.9999986368653667
0.9999986199143595
0.9999986332799558
0.9999986047577282
0.9999986289618903
0.9999986084636557
0.999998596153532
0.9999986295310833
0.9999985927010767
0.9999985997812397
0.9999986088486211
0.9999985855180543
0.9999985990879963
0.9999985841266884
0.9999985759135995
0.9999986018283558
0.9999985686482077
0.9999985766655978
0.9999985806138771
0.9999985581477806
0.9999985870961056
0.9999985621041263
0.9999985594244811
0.9999985832034052
0.9999985569600178
0.9999985627691502
0.999998561838043
0.9999985513971443
0.9999985546003448
0.9999985441142375
0.9999985249836205
0.9999985429947054
0.9999985255662849
0.9999985068952019
0.9999985216209178
0.9999985069478635
0.9999985057217471
0.9999985130960085
0.9999984914445764
0.9999985030788433
0.9999984966817888
0.9999984798300466
0.999998496717825
0.9999984812475043
0.9999984720205288
0.9999984835290066
0.9999984611946913
0.9999984680899294
0.9999984644771179
0.9999984462557692
0.9999984626020293
0.999998452447963
0.9999984433060118
0.9999984574344035
0.9999984284366719
0.9999984386917657
0.9999984548310583
0.9999984209741107
0.9999984475712853
0.9999984324797329
0.9999984331330553
0.9999984445734591
0.9999984075982052
0.9999984372228986
0.9999984244943876
0.9999984158848293
0.9999984181008811
0.9999983849182784
0.9999984074078907
0.999998409130364
0.9999983775967674
0.999998397372613
0.9999983765165572
0.9999983717980973
0.9999983882345244
0.9999983534520448
0.999998366026304
0.9999983790222927
0.9999983378515468
0.9999983655054665
0.999998344500064
0.9999983304773257
0.9999983624472027
0.9999983110047714
0.9999983398881095
0.9999983515521448
0.9999983069171829
0.9999983492112319
0.9999983060988236
0.9999983229852152
0.9999983367770948
0.9999982922075378
0.9999983304638033
0.999998319693557
0.9999982981308175
0.9999983256885947
0.9999982888349946
0.9999982985609484
0.9999983196058364
0.9999982584447724
0.9999982998038754
0.9999982907187658
0.9999982603940689
0.9999982996119248
0.9999982684590117
0.9999982746125042
0.9999982937011305
0.9999982454443859
0.9999982772266658
0.9999982524719171
0.9999982441672698
0.9999982743641413
0.9999982144649003
0.9999982691139616
0.9999982399900018
0.9999982111807625
0.9999982679131347
0.9999982106374611
0.9999982327806853
0.9999982487285465
0.9999981944235464
0.9999982505290561
0.9999982029032126
0.9999981936550855
0.9999982458229063
0.9999981704181986
0.9999982062153889
0.9999982043946218
0.9999981635406534
0.9999982216346199
0.9999981640897463
0.9999981838539236
0.9999982074986415
0.9999981456412682
0.9999982034356767
0.9999981687880243
0.9999981511284453
0.999998204238087
0.9999981327345052
0.9999981729612024
0.9999981739941491
0.9999981193721069
0.9999981751421652
0.9999981341255604
0.9999981322835809
0.9999981671098095
0.9999980920446377
0.99999814513062
0.999998130257276
0.9999980873941126
0.9999981542258155
0.9999980927604434
0.999998091123807
0.9999981384757654
0.9999980531443295
0.9999981039049276
0.9999981091179826
0.9999980469533811
0.999998100438439
0.9999980591919736
0.9999980567245933
0.9999981027784027
0.9999980273878769
0.9999980802087597
0.9999980706696217
0.9999980336678371
0.9999980835492304
0.9999980349451156
0.9999980533219687
0.9999980707849015
