0.9999999420322929
0.9999997028375187
0.9999999320450251
0.999999707518365
0.99999991562765
0.9999997213479271
0.9999998935128883
0.9999997388421309
0.9999998694012233
0.9999997634174723
0.9999998398608402
0.9999997888862108
0.9999998118565042
0.999999812785251
0.9999997810734111
0.9999998330460472
0.9999997522470149
0.9999998509485447
0.9999997273045672
0.9999998634045247
0.9999997082147831
0.9999998717273292
0.9999996942704962
0.9999998744344043
0.9999996863915893
0.999999871540992
0.9999996817043555
0.9999998605443119
0.999999684968238
0.9999998446031442
0.9999996921315886
0.9999998279165521
0.9999997010549024
0.9999998076283964
0.9999997168048915
0.9999997826723169
0.9999997371669221
0.9999997557824878
0.9999997564666512
0.9999997308533092
0.9999997721683375
0.9999997106332575
0.9999997907081082
0.9999996917545619
0.9999998015830667
0.9999996732746949
0.9999998074562988
0.9999996583727303
0.9999998091299562
0.9999996501135856
0.9999998015792212
0.9999996480019359
0.9999997911369752
0.9999996511760355
0.9999997799666377
0.9999996514590246
0.9999997640748418
0.9999996586725496
0.999999744542597
0.9999996697453154
0.9999997269868862
0.9999996828343766
0.9999997100761804
0.9999996955338772
0.9999996907860306
0.9999997124391947
0.9999996715865525
0.9999997238066586
0.9999996546223313
0.9999997323169564
0.9999996405240001
0.9999997337064159
0.9999996296463739
0.9999997346471482
0.9999996207724592
0.9999997331270263
0.9999996160871708
0.999999725512121
0.9999996163187614
0.9999997166350024
0.9999996185879779
0.999999703680269
0.999999625218899
0.9999996930364753
0.9999996336968742
0.9999996797593194
0.9999996453935837
0.9999996632775717
0.999999656142509
0.9999996454095703
0.9999996631024411
0.9999996262434131
0.999999669532147
0.9999996099624869
0.9999996734065528
0.9999995979198537
0.999999677203812
0.9999995884214652
0.9999996776007339
0.9999995806633085
0.9999996746443696
0.9999995777165005
0.9999996704847225
0.99999957922112
0.9999996616635318
0.9999995797954185
0.9999996523025293
0.9999995826526863
0.9999996382064317
0.9999995852090019
0.9999996244365396
0.9999995887074579
0.9999996081266909
0.9999995965927612
0.9999995943645369
0.9999996053972268
0.9999995809356454
0.999999613160704
0.999999572096854
0.9999996171326486
0.9999995616411668
0.9999996182761883
0.9999995554372587
0.9999996176650641
0.9999995442316372
0.9999996137735772
0.9999995387564863
0.9999996090759197
0.9999995357022978
0.9999996052628736
0.9999995344034128
0.9999995967711929
0.9999995372743595
0.9999995874534013
0.9999995391104373
0.9999995720806142
0.9999995400135746
0.9999995570300121
0.9999995463663528
0.9999995407955742
0.9999995486323442
0.999999525989532
0.9999995529550062
0.9999995151196255
0.9999995566036353
0.9999995048459204
0.999999562448963
0.9999994977340473
0.9999995631500407
0.9999994882660553
0.9999995655997036
0.9999994843713186
0.999999554322462
0.9999994821993541
0.9999995465713882
0.9999994850536809
0.9999995394518247
0.9999994863403727
0.9999995266202434
0.9999994915265319
0.9999995145172074
0.9999994903265076
0.9999995047680204
0.9999994902893744
0.9999994882592395
0.9999994949655061
0.9999994720165386
0.9999994980956947
0.9999994670317229
0.9999994992272024
0.9999994564067884
0.9999994987362301
0.9999994491706153
0.9999995013544646
0.9999994453851756
0.9999995022799951
0.9999994437274051
0.9999995011219563
0.9999994448923256
0.9999994930512895
0.9999994470907804
0.9999994802257983
0.9999994444902311
0.999999466649363
0.999999446521976
0.9999994520954997
0.9999994452907532
0.9999994429716194
0.9999994462124623
0.9999994321245999
0.9999994504462861
0.9999994241458069
0.999999454776923
0.9999994134664141
0.9999994532854287
0.9999994107956839
0.9999994535507793
0.9999994051007637
0.9999994517557734
0.9999993995881017
0.9999994501871288
0.9999993951745282
0.9999994456799454
0.9999993899883828
0.9999994364829365
0.9999993884538834
0.9999994214678011
0.9999993875897286
0.9999994088929952
0.9999993884729715
0.9999993958627493
0.9999993896766514
0.9999993873225407
0.9999993926679146
0.9999993789831247
0.999999396430905
0.9999993687812889
0.9999994046773887
0.9999993611374842
0.9999994016255161
0.9999993570348984
0.9999994012333844
0.9999993481697381
0.9999993945280659
0.9999993421663268
0.999999387231819
0.9999993396563917
0.9999993810181763
0.9999993358415341
0.9999993703640658
0.9999993328978434
0.9999993594267655
0.9999993296745291
0.9999993466310079
0.999999330221733
0.9999993387243153
0.999999326282073
0.9999993309764195
0.9999993290878058
0.9999993205435994
0.9999993346696304
0.9999993148096288
0.9999993407831163
0.9999993049842955
0.9999993482753559
0.999999295793631
0.9999993458436882
0.9999992907193623
0.9999993381216516
0.9999992799002768
0.9999993313370044
0.9999992696601333
0.9999993252911918
0.9999992679627814
0.9999993220213268
0.9999992694876711
0.9999993128664403
0.9999992728224775
0.9999993025208211
0.9999992791800709
0.9999992927936614
0.9999992847541121
0.9999992818756797
0.999999292031449
0.9999992721547345
0.9999992943427548
0.9999992633023874
0.9999992933850126
0.999999250657262
0.9999992928572524
0.9999992446557211
0.9999992906904906
0.9999992358795861
0.9999992892903631
0.9999992268653186
0.999999280984429
0.9999992223007181
0.9999992689155245
0.9999992270833339
0.9999992580466682
0.9999992253925648
0.9999992448478802
0.9999992307434812
0.9999992355126659
0.9999992359823483
0.9999992292457994
0.9999992361155248
0.9999992239430617
0.9999992404168715
0.9999992214198219
0.9999992425927456
0.9999992157589651
0.9999992407977581
0.999999210433253
0.9999992451364768
0.9999992034639642
0.9999992412531902
0.9999992004914398
0.9999992398744194
0.9999991938053591
0.9999992282587041
0.9999991909626917
0.9999992227678918
0.9999991867124532
0.9999992107214882
0.9999991855364937
0.9999991968446347
0.9999991853676939
0.9999991855579691
0.9999991872802317
0.999999179100496
0.999999186758393
0.9999991678739593
0.9999991889809248
0.9999991604065275
0.9999991841830048
0.9999991541751785
0.9999991875387574
0.999999150528926
0.9999991864040094
0.9999991442230367
0.9999991790028294
0.9999991436925253
0.9999991711706354
0.9999991367565555
0.99999916875198
0.999999133263315
0.999999164214974
0.9999991328466964
0.9999991531950845
0.9999991305195348
0.9999991386286881
0.9999991365133427
0.9999991355055984
0.9999991389940488
0.9999991264018555
0.9999991384440433
0.9999991186084041
0.9999991423333177
0.9999991078054584
0.9999991418308702
0.9999991040927556
0.9999991395726008
0.9999990979463377
0.9999991386937002
0.9999990936205168
0.9999991310265115
0.9999990875658786
0.9999991275152341
0.9999990796806069
0.9999991243503847
0.9999990778738593
0.9999991234789248
0.9999990831948713
0.9999991184033296
0.9999990854134279
0.9999991081078022
0.9999990887428368
0.9999990955213152
0.9999990956292117
0.9999990827811946
0.9999990992982728
0.9999990751885693
0.9999991003318673
0.9999990614901534
0.999999101663238
0.9999990486687399
0.9999991016553826
0.9999990447835656
0.9999990987559819
0.9999990382978523
0.9999990949208262
0.9999990389970259
0.999999091808045
0.9999990453340336
0.9999990783036826
0.9999990474647046
0.99999906279984
0.999999055972758
0.9999990546714561
0.9999990597824562
0.99999904156412
0.999999066064598
0.9999990326289864
0.9999990631746745
0.9999990246555338
0.9999990649424528
0.9999990196015631
0.9999990610789412
0.9999990082287824
0.999999056161092
0.9999990026260789
0.9999990463910539
0.9999989989411334
0.9999990422729182
0.9999989980553242
0.9999990312050357
0.9999989965985612
0.9999990203405097
0.9999989983857889
0.9999990100932681
0.9999989991314605
0.9999990045517728
0.9999990048845601
0.999999001402856
0.9999990067075128
0.9999989876189884
0.9999990131205527
0.999998980184242
0.9999990175019028
0.9999989704423475
0.9999990180408205
0.999998959413779
0.9999990089813795
0.9999989499992274
0.9999989976257823
0.9999989451371146
0.9999989870863364
0.999998946023648
0.999998977103858
0.9999989401539012
0.9999989645451377
0.9999989419625315
0.9999989526523464
0.9999989458947366
0.9999989455007082
0.9999989422038863
0.999998941802158
0.9999989427466633
0.999998928941688
0.9999989457476268
0.9999989195714154
0.9999989443360052
0.9999989070779216
0.9999989448964649
0.9999988980211271
0.9999989460765902
0.9999988918802016
0.9999989466991719
0.9999988810846934
0.9999989411349045
0.9999988717320615
0.9999989306324385
0.9999988694351346
0.9999989188847678
0.9999988733424177
0.9999989090960055
0.9999988741610338
0.9999989001917616
0.9999988784931352
0.999998889985644
0.9999988805952119
0.9999988802693371
0.9999988863573573
0.9999988655736861
0.9999988959424959
0.9999988506751245
0.999998894190669
0.9999988404961516
0.9999988947336889
0.999998832652668
0.9999988898706463
0.9999988228807903
0.9999988835605136
0.9999988164219665
0.9999988832356143
0.9999988143261626
0.9999988786968425
0.9999988082723847
0.9999988705783242
0.9999988102415223
0.9999988622062342
0.9999988096750353
0.9999988554599792
0.999998813659294
0.9999988442262535
0.9999988196919186
0.9999988329813367
0.9999988238930658
0.9999988231621028
0.9999988293807829
0.999998816413799
0.999998829674047
0.999998805596726
0.999998836211214
0.999998793225897
0.9999988329447936
0.9999987859923247
0.9999988396792281
0.9999987814564637
0.9999988421294473
0.9999987798008189
0.999998836116247
0.9999987747443777
0.9999988334476139
0.9999987691147597
0.9999988270199662
0.9999987690373865
0.999998820153556
0.9999987693367114
