0.9999999267463254
0.9999996387182648
0.9999998710269554
0.9999997438949327
0.9999997471085071
0.9999998543915942
0.9999996399211408
0.9999999009310375
0.9999996277751453
0.9999998542918875
0.9999997158349837
0.9999997400819013
0.9999998243569523
0.9999996335665313
0.9999998750598296
0.9999996145162997
0.9999998406364317
0.9999996938337088
0.9999997338922663
0.9999997965574167
0.9999996236017632
0.9999998486278664
0.999999602470776
0.9999998209642332
0.9999996697562203
0.9999997245029028
0.9999997691436461
0.999999625217488
0.9999998258523357
0.9999995942253445
0.9999998076916894
0.9999996498038697
0.9999997178752033
0.9999997422499182
0.9999996225448992
0.9999997996691702
0.9999995886212986
0.9999997851847652
0.9999996266444912
0.9999997029584673
0.9999997102392337
0.9999996133663903
0.9999997739999971
0.9999995769015203
0.9999997634102767
0.9999996054324817
0.9999996883001715
0.9999996761594672
0.9999996036893003
0.9999997432389143
0.9999995588210769
0.9999997457681684
0.9999995859734531
0.9999996793400392
0.9999996572877478
0.9999995993755407
0.9999997212609135
0.9999995541848822
0.9999997326364499
0.9999995685739775
0.9999996700446254
0.9999996403744196
0.9999995871245633
0.999999706535519
0.9999995382030898
0.9999997106959578
0.9999995513474098
0.9999996549361201
0.9999996235630508
0.9999995759751472
0.9999996824947619
0.9999995292805933
0.9999996904559958
0.9999995348409904
0.9999996400315879
0.9999995954553551
0.9999995576287106
0.9999996563876158
0.9999995055977572
0.9999996674142482
0.9999995213959377
0.9999996200656414
0.9999995764677134
0.9999995446816665
0.999999631303545
0.9999994983751906
0.9999996481718874
0.999999500755998
0.999999608111868
0.999999551260528
0.9999995376867189
0.9999996079732716
0.9999994864165486
0.9999996263995897
0.9999994877359881
0.9999995953199706
0.9999995320733314
0.9999995271115327
0.9999995776711195
0.9999994766554795
0.9999996054502674
0.9999994665423743
0.9999995858869741
0.9999995036123319
0.9999995181505191
0.9999995520684986
0.9999994602402434
0.9999995823035884
0.999999449454194
0.9999995676164539
0.999999479000874
0.9999995108328117
0.9999995291360422
0.9999994529708505
0.9999995644393889
0.9999994385652033
0.9999995554531451
0.9999994646193876
0.9999994991767587
0.999999509771042
0.9999994464468662
0.9999995388487769
0.9999994309924197
0.9999995259935636
0.9999994490906019
0.9999994831694149
0.9999994911451263
0.9999994314117024
0.999999519510157
0.9999994141004778
0.9999995078637628
0.9999994296305956
0.999999467780187
0.9999994680443896
0.9999994149348289
0.9999994919327698
0.9999993992125625
0.9999994852716694
0.9999994137413872
0.9999994456057258
0.999999444311841
0.9999994034143076
0.9999994645619403
0.9999993913567496
0.9999994609980388
0.9999993992161921
0.9999994249747792
0.9999994258003104
0.9999993888580719
0.9999994433827916
0.9999993700578396
0.9999994379486726
0.9999993806042233
0.9999994063396752
0.9999994063100585
0.9999993680170044
0.9999994277946329
0.9999993634819928
0.9999994200397478
0.9999993639595429
0.9999993849291077
0.9999993753583731
0.9999993578741853
0.99999940585456
0.9999993426636926
0.9999994004446311
0.9999993344033145
0.999999378495105
0.9999993556948046
0.9999993465455785
0.9999993846417251
0.9999993200325253
0.9999993944618469
0.9999993124695153
0.9999993662771267
0.9999993342358984
0.9999993327949174
0.99999936645111
0.9999993050943774
0.9999993709705426
0.9999992913331303
0.9999993530829228
0.9999993130579904
0.9999993163412751
0.9999993428761842
0.9999992804674127
0.9999993554360886
0.9999992631485377
0.9999993304199104
0.9999992839521331
0.999999289545703
0.999999315762772
0.9999992596552194
0.9999993289848862
0.9999992464661375
0.9999993169328235
0.9999992602067916
0.999999282013649
0.9999992907541925
0.9999992468921889
0.9999993005266493
0.9999992260779671
0.9999992931307746
0.9999992433227748
0.9999992683673761
0.9999992711741988
0.9999992382692648
0.9999992872895661
0.9999992181413805
0.9999992794931545
0.9999992172554176
0.9999992606943546
0.9999992457038512
0.9999992318952683
0.9999992686469154
0.9999992054009175
0.9999992668176093
0.9999992102755585
0.9999992374256558
0.9999992351853153
0.9999992052699467
0.9999992521069753
0.9999991911761904
0.9999992427161433
0.9999992008910595
0.9999992121604094
0.9999992197000541
0.9999991853717115
0.999999230502444
0.9999991779626244
0.9999992231282077
0.9999991826904984
0.999999187734939
0.9999992015716003
0.9999991667459596
0.9999992162903244
0.9999991673256126
0.9999992044927956
0.9999991723474261
0.9999991743424771
0.9999991811665633
0.9999991529411227
0.9999991903342347
0.9999991435651256
0.9999991846840813
0.9999991524563714
0.9999991588514767
0.9999991564514192
0.999999134367821
0.9999991628851088
0.9999991249766337
0.9999991552704405
0.9999991234413799
0.999999139180884
0.9999991169241921
0.9999991156023684
0.9999991312876527
0.9999991022648403
0.9999991346942001
0.9999990938758336
0.9999991231713096
0.9999991040046143
0.9999990953251562
0.9999991232056532
0.9999990765294674
0.9999991247900668
0.9999990723589963
0.9999991128173978
0.9999990891242326
0.9999990811578997
0.9999991063023869
0.9999990581353537
0.9999991086390255
0.9999990577364086
0.9999990898928887
0.9999990680223528
0.9999990549530674
0.9999990851273342
0.9999990235134126
0.9999990903902843
0.9999990288858303
0.9999990716461129
0.9999990474836568
0.9999990273091041
0.9999990569081318
0.9999990063739921
0.99999906785337
0.9999990166988861
0.9999990490877357
0.9999990332052254
0.999999019476945
0.9999990375835799
0.9999990029438117
0.9999990420228672
0.9999990004630693
0.9999990346358435
0.9999990141782208
0.999999012018783
0.9999990203075204
0.9999989871796281
0.9999990171884391
0.9999989827425987
0.9999990134609307
0.9999989912797669
0.999998988544506
0.9999990038456543
0.9999989686097285
0.9999990058164485
0.9999989645733535
0.9999989919178592
0.9999989742526675
0.9999989781983649
0.9999989772712204
0.9999989472657846
0.99999898137894
0.999998939189899
0.9999989716488871
0.9999989537382407
0.9999989540790835
0.9999989633751196
0.9999989284876903
0.9999989517499832
0.9999989248120497
0.9999989345197667
0.9999989389755836
0.9999989245130105
0.999998938476185
0.9999989168337432
0.999998925117721
0.9999989014936144
0.9999989202487188
0.9999989096984641
0.9999989118371422
0.9999989224156149
0.9999988895567307
0.999998916327086
0.9999988820781559
0.9999989028430161
0.9999988956947526
0.9999988879312424
0.9999989114712979
0.9999988714634396
0.9999988934885572
0.9999988680806892
0.999998881973341
0.9999988842016808
0.9999988727930605
0.9999988906115508
0.9999988570638281
0.9999988776659123
0.9999988439979443
0.9999988568970445
0.9999988556889223
0.9999988519149278
0.9999988608594615
0.9999988399636854
0.9999988589156062
0.9999988253589046
0.9999988544489415
0.9999988298520479
0.999998839399115
0.9999988484333379
0.9999988239913129
0.9999988509983816
0.9999988101406251
0.9999988438749229
0.9999988054446626
0.9999988243334784
0.9999988186542563
0.9999987995265003
0.9999988377535892
0.9999987848711035
0.9999988364677574
0.9999987867692457
0.999998812330695
0.9999987946735834
0.9999987906150264
0.9999988179939768
0.9999987696955249
0.9999988295473049
0.9999987666594189
0.9999988113613448
0.9999987798887521
0.999998774749196
0.9999988024066846
0.999998770713476
0.9999988067507919
0.9999987650645344
0.9999987871933667
0.9999987682485414
0.9999987626662419
0.9999987756091979
0.9999987541255156
0.9999987831272731
0.999998741878611
0.9999987678447174
0.9999987416280479
0.9999987547712963
0.9999987463001243
0.9999987384963417
0.9999987643877535
0.9999987240647698
0.9999987485769322
0.9999987157580114
0.9999987295984647
0.9999987252246187
0.9999987240780946
0.9999987332083647
0.9999987175777494
0.9999987295745394
0.9999987055959465
0.9999987185495318
0.9999987024979908
0.9999987114408467
0.9999987149022422
0.9999986993178839
0.9999987117179101
0.9999986857145492
0.9999987038854917
0.9999986898553245
0.9999986899191401
0.9999986971454071
0.9999986743662833
0.9999986947330525
0.9999986570577544
0.9999986789636105
0.9999986598784805
0.9999986750085196
0.999998682118639
0.9999986546956762
0.9999986813451316
0.9999986395637457
0.9999986698657641
0.9999986509058137
0.9999986567451588
0.9999986627634495
0.9999986428162813
0.999998671348262
0.9999986261918332
0.9999986548109937
0.999998636168972
0.9999986301930957
0.9999986589657502
0.9999986247144137
0.9999986444325698
0.9999986219347622
0.9999986289509353
0.9999986284190477
0.9999986190866245
0.999998639234355
0.9999986083532871
0.9999986303997692
0.9999986126119506
0.9999986161677396
0.9999986141625999
0.9999986020228673
0.9999986270364275
0.9999985907404592
0.9999986238808912
0.9999985870653193
0.9999986031954702
0.9999986014783687
0.9999985814460072
0.999998604720122
0.9999985714161039
0.9999985888878616
0.9999985690408597
0.9999985760562112
0.9999985848667732
0.9999985700907131
0.9999985657252843
0.9999985633850698
0.9999985565026884
0.9999985578504849
0.9999985609138752
0.9999985574808378
0.9999985647753289
0.9999985480437836
0.9999985618610567
0.999998536598038
0.9999985529591143
0.9999985293584309
0.9999985375858391
0.999998530155896
0.9999985250230592
0.9999985277469852
0.9999985071563158
0.9999985219729584
0.999998500124726
0.9999985258640179
0.9999985098900569
0.9999985144918141
0.9999985039203174
0.9999984870541626
0.9999985075479718
0.9999984789927345
0.9999985080358118
0.9999984761431303
0.9999984954356687
0.999998484365754
