0.999999952767805
0.9999997696094941
0.9999999365326795
0.999999790607317
0.999999898739145
0.9999998274803499
0.9999998530752251
0.9999998647886605
0.9999998079847885
0.9999998998926082
0.9999997745688567
0.999999920573261
0.9999997570296371
0.9999999218341095
0.9999997621383296
0.9999999016927178
0.9999997826002556
0.9999998658194535
0.9999998150706374
0.9999998237062645
0.9999998492285879
0.9999997850874289
0.9999998799460598
0.9999997566146114
0.9999998954470881
0.9999997476967465
0.9999998916386481
0.9999997531113001
0.9999998670268656
0.9999997733175074
0.9999998329968676
0.9999998040588685
0.9999997950057865
0.9999998334492484
0.9999997624402263
0.9999998577671351
0.9999997423578951
0.999999865740349
0.999999734515044
0.9999998574334751
0.9999997427689158
0.9999998348010015
0.9999997646678848
0.9999998061586206
0.9999997905353172
0.9999997742261574
0.9999998147610181
0.9999997449208329
0.999999833126808
0.9999997249838702
0.9999998391915934
0.9999997196146366
0.9999998288937643
0.9999997272336024
0.999999806785494
0.9999997448230954
0.9999997767187073
0.9999997693866214
0.9999997441634931
0.9999997931312875
0.999999719284818
0.9999998094922196
0.9999997067041665
0.9999998124944989
0.9999997058789889
0.9999997996862625
0.999999715547661
0.9999997765780826
0.9999997302181349
0.9999997467339896
0.9999997515513235
0.9999997215208112
0.9999997698444502
0.9999996991251863
0.9999997838107691
0.9999996864894646
0.9999997854613484
0.9999996862302153
0.9999997731742888
0.9999996945781914
0.9999997483869242
0.9999997115362289
0.9999997190448857
0.9999997329422387
0.9999996905127841
0.9999997491382235
0.9999996736346215
0.9999997597326126
0.9999996658707735
0.9999997579413282
0.9999996694265904
0.9999997424667538
0.9999996789055293
0.9999997178265019
0.9999996941078401
0.9999996937342045
0.9999997111492124
0.9999996720748939
0.999999727520602
0.999999659354058
0.999999732500769
0.999999655170152
0.9999997274674549
0.9999996576579865
0.9999997130299609
0.9999996680015781
0.9999996919351662
0.9999996796918257
0.9999996693398248
0.9999996957215271
0.9999996529968519
0.9999997109776619
0.9999996431468953
0.9999997129083694
0.9999996377348735
0.9999997036007683
0.9999996414424828
0.9999996861069623
0.9999996534320438
0.999999666092457
0.9999996660567125
0.9999996487014177
0.999999676350703
0.9999996348972469
0.9999996839567616
0.9999996255181905
0.9999996843294267
0.9999996231433127
0.9999996767204204
0.9999996239429851
0.9999996603203295
0.9999996316965715
0.9999996441637569
0.9999996433356523
0.9999996287949173
0.9999996541984086
0.999999613084128
0.9999996592752414
0.9999996047689258
0.9999996547795065
0.9999996033958923
0.9999996454568366
0.9999996041957557
0.9999996344274774
0.9999996078305632
0.9999996202177857
0.9999996170008622
0.999999605141428
0.9999996275323447
0.9999995903470327
0.9999996338750897
0.9999995837046856
0.9999996298091287
0.9999995804948199
0.9999996211183837
0.9999995813844743
0.9999996039129376
0.9999995896660726
0.9999995890039853
0.9999995975459867
0.9999995743728762
0.9999996040063118
0.9999995677725471
0.9999996103889154
0.9999995654730321
0.9999996047967801
0.9999995634841414
0.9999995962680077
0.9999995655942949
0.999999582353907
0.9999995724614784
0.9999995645583705
0.9999995793836889
0.9999995557262479
0.9999995842241052
0.9999995454076622
0.9999995863435758
0.9999995464292527
0.9999995814719701
0.9999995477514652
0.9999995717339587
0.9999995496912321
0.9999995586200392
0.9999995564992711
0.9999995457681463
0.9999995646998779
0.999999539571122
0.999999566518742
0.9999995364590356
0.9999995619670731
0.9999995329300295
0.9999995507068702
0.9999995294936668
0.9999995426569265
0.9999995293049702
0.9999995321732649
0.9999995316496583
0.9999995228818304
0.999999534717244
0.9999995134944362
0.9999995413468413
0.9999995090414953
0.9999995415512604
0.9999995001905767
0.9999995323014765
0.9999995005622465
0.9999995193539365
0.9999995032039075
0.9999995103460476
0.9999995110758575
0.9999995019658585
0.9999995152506026
0.9999994935458433
0.9999995163934896
0.9999994884562249
0.9999995085017537
0.9999994895154503
0.9999994997660149
0.9999994935258403
0.9999994876727227
0.9999994959625782
0.9999994744633424
0.9999994964351531
0.9999994648577134
0.9999994973524132
0.9999994619615852
0.999999491556364
0.9999994592047089
0.9999994816043242
0.9999994614692275
0.9999994668426306
0.9999994680410536
0.9999994512477061
0.9999994744772549
0.9999994457064108
0.999999474446627
0.9999994406124947
0.999999470986999
0.9999994430474193
0.999999465465199
0.99999944353674
0.999999451837073
0.9999994484802308
0.9999994392614058
0.9999994517965903
0.9999994303361665
0.9999994597113872
0.9999994251816301
0.9999994617386713
0.9999994212136217
0.9999994601389207
0.9999994186179854
0.9999994492054319
0.9999994212905553
0.9999994377894214
0.9999994243999274
0.999999421595504
0.9999994311433001
0.9999994131339306
0.9999994369101333
0.9999994067781258
0.9999994410680139
0.9999994031865154
0.9999994329651153
0.9999993988527943
0.9999994250893162
0.9999993945725127
0.9999994152468428
0.9999993973375233
0.9999994039534779
0.999999404896712
0.9999993977858458
0.999999412529398
0.999999385936912
0.9999994116215621
0.9999993775443401
0.999999405338164
0.9999993732548249
0.9999993974181194
0.9999993727935971
0.999999393287606
0.9999993772562671
0.9999993878622679
0.9999993810604214
0.99999937636557
0.9999993857173287
0.9999993643098968
0.9999993861805669
0.9999993545799195
0.9999993845962564
0.9999993529000301
0.9999993834569558
0.9999993549136411
0.999999375640909
0.9999993607050826
0.9999993685154638
0.999999363247086
0.999999357608563
0.9999993680072286
0.9999993489421277
0.9999993674076384
0.9999993434079484
0.9999993676943761
0.999999334557129
0.9999993595828687
0.9999993333408141
0.9999993518450774
0.9999993417824612
0.9999993422052651
0.9999993455384417
0.9999993371705254
0.9999993499955548
0.99999932465969
0.9999993498146056
0.9999993198176009
0.9999993454888506
0.9999993196709416
0.9999993432573456
0.9999993188312236
0.9999993354801336
0.9999993235010852
0.9999993291298036
0.9999993270855152
0.9999993250150083
0.9999993279275475
0.9999993202518128
0.9999993240298818
0.9999993071989621
0.999999324437083
0.9999993048315065
0.9999993180495907
0.9999993067067227
0.9999993145776603
0.9999993020452593
0.9999993097952408
0.9999993013823464
0.9999993024871293
0.9999993027345817
0.9999992908333218
0.9999993019281097
0.9999992788595883
0.9999992990056291
0.9999992803059932
0.9999992915037281
0.9999992826629394
0.9999992825473961
0.999999286200586
0.9999992736569742
0.9999992848592972
0.999999265665266
0.9999992801424177
0.9999992609104391
0.9999992730077976
0.9999992619843808
0.999999263629349
0.9999992610374963
0.9999992563987965
0.9999992630591993
0.9999992527519223
0.999999262604672
0.9999992469644713
0.9999992593941658
0.9999992410836166
0.9999992494901752
0.9999992396743158
0.9999992457393203
0.9999992360620847
0.9999992401926435
0.9999992403436911
0.9999992363394206
0.9999992380482179
0.9999992243697173
0.9999992338205762
0.9999992195532073
0.999999233403806
0.9999992148634371
0.9999992289072928
0.9999992120944908
0.9999992214485154
0.9999992097567315
0.9999992131154936
0.9999992129957948
0.9999992073047477
0.9999992161883642
0.9999991942406937
0.9999992170533083
0.9999991879828332
0.9999992137972851
0.9999991884404225
0.9999992039677648
0.999999190753796
0.9999991889443569
0.9999991879029911
0.999999175693991
0.9999991931549845
0.9999991685940388
0.9999991936600671
0.9999991670682997
0.9999991939431014
0.9999991667339301
0.999999188263633
0.9999991662655611
0.9999991785364474
0.9999991682826452
0.9999991701657237
0.9999991743727153
0.9999991611762815
0.9999991767922554
0.9999991568352703
0.9999991767795179
0.9999991476591191
0.9999991765838607
0.9999991462523048
0.9999991750270724
0.9999991448095895
0.999999165593748
0.9999991441005655
0.9999991488887341
0.9999991466374544
0.9999991349483578
0.9999991492166836
0.9999991270236716
0.9999991488734591
0.9999991238787019
0.9999991452581942
0.9999991200065259
0.9999991420349231
0.9999991216671568
0.9999991289005606
0.9999991222491942
0.999999118302955
0.9999991227724616
0.9999991086969381
0.9999991296104228
0.999999101168739
0.9999991325390191
0.9999990924699605
0.9999991358397483
0.9999990926463219
0.9999991325219337
0.9999990941337726
0.9999991212198912
0.9999990948627412
0.9999991045908239
0.9999990994038335
0.9999990970492105
0.999999108039455
0.9999990822129682
0.9999991094615232
0.9999990739493834
0.9999991125232632
0.9999990682694839
0.9999991086104237
0.9999990682291153
0.9999990937590385
0.9999990728791949
0.9999990820741301
0.9999990811136493
0.9999990635909523
0.9999990880743505
0.999999056204634
0.9999990837725831
0.9999990548161669
0.999999075578235
0.9999990548250445
0.9999990676468625
0.9999990596305608
0.99999905890637
0.999999067975302
0.9999990473459314
0.9999990672503993
0.9999990339166259
0.9999990613060898
0.9999990342453311
0.999999054967679
0.999999038859331
0.9999990471486415
0.9999990392686525
0.9999990373138425
0.9999990449348711
0.9999990296553577
0.9999990480190262
0.9999990232338216
0.9999990545181204
0.9999990150939859
0.9999990524419227
0.9999990131179908
0.9999990394095541
0.9999990140189672
0.9999990272127527
0.9999990185530379
0.9999990146124184
0.9999990260786031
0.9999990067366649
0.9999990263119257
0.9999990024352708
0.9999990313935389
0.999998999954681
0.9999990318823272
0.9999990016769806
