0.9999915982200421
0.9999911480130306
0.9999896145259317
0.999987084215953
0.9999837197472489
0.9999797176348827
0.999975345156157
0.9999708437390015
0.9999665277237386
0.9999626562578242
0.9999594965445991
0.999957325579982
0.9999561759165019
0.9999560371341558
0.9999568562715736
0.9999585009036998
0.9999608422940439
0.9999636883044153
0.9999668192895984
0.9999700151174106
0.9999731235719607
0.9999759603208207
0.9999783168766431
0.9999800606627711
0.9999810901138396
0.999981321742806
0.999980728062035
0.9999793187725271
0.9999771714888929
0.999974432653639
0.9999712493811191
0.9999678437935903
0.9999643943148969
0.999961087858959
0.9999581135225626
0.9999556506931204
0.9999538840280087
0.9999529524246165
0.9999528737475329
0.9999535645214265
0.9999548364281229
0.9999566557760016
0.9999588678143106
0.9999612826917217
0.9999638095840437
0.9999662562551365
0.9999684684999905
0.9999702569235345
0.9999715339609091
0.9999722173589396
0.9999722208229246
0.9999715831185191
0.9999703115227313
0.9999683853911436
0.9999659938694404
0.9999632922129383
0.999960460816387
0.9999576197899926
0.9999549322398884
0.9999525950349952
0.9999507376406872
0.9999494195048036
0.9999487625165276
0.9999487062243223
0.9999492443315064
0.9999502679584071
0.9999517490457087
0.9999535216590757
0.9999554012267459
0.999957295196279
0.999959111867412
0.9999607185683003
0.9999620267558137
0.9999629615976026
0.999963390272046
0.9999632937258847
0.999962699001123
0.9999615856774
0.9999600346333095
0.9999581435529823
0.9999558974170507
0.999953482362475
0.9999510424651653
0.9999486810409794
0.9999465399242119
0.9999447415780187
0.9999433761098162
0.999942543976999
0.999942267991017
0.9999425960662318
0.9999434196340541
0.9999446169326777
0.9999461229417116
0.9999477871146952
0.9999494899179827
0.9999511298292985
0.9999524978606923
0.9999536142798733
0.9999544035091479
0.9999548572719497
0.9999549444937319
0.9999546781040751
0.9999540153340518
0.9999529471751695
0.9999515136666117
0.9999497424063767
0.9999477114730284
0.9999456418537248
0.9999436075836179
0.9999417167965947
0.9999400605241923
0.9999387275182783
0.9999378257064991
0.99993739341649
0.9999373555723211
0.9999377348187669
0.999938519036003
0.999939564759739
0.9999407548005812
0.9999420236663232
0.9999432165323494
0.9999443111462938
0.9999451787211251
0.9999458468085979
0.9999462896786685
0.9999463934803848
0.9999460930652575
0.9999454274257585
0.999944422580637
0.9999430242384098
0.9999413020577073
0.9999393131811406
0.9999372461155076
0.9999351999264158
0.9999332975672935
0.9999317145734977
0.9999305499999549
0.9999297662546357
0.9999293948106782
0.9999294355510537
0.9999297691649834
0.9999304236964079
0.9999313310906315
0.9999323499089905
0.9999334422101851
0.9999344603617458
0.9999353000788349
0.9999359678107494
0.9999364362213574
0.9999366264947187
0.9999365781391701
0.9999362321482385
0.9999356273730575
0.99993472134188
0.9999335330298504
0.9999321478576454
0.9999305831584516
0.9999289146424848
0.9999272240019023
0.9999256636221706
0.9999242968992773
0.9999231570509391
0.9999223436073629
0.9999218970009497
0.9999217155216699
0.9999218748847433
0.9999223394517994
0.9999230319932434
0.9999238518235335
0.9999247553104469
0.9999257468252543
0.9999267030290894
0.9999274211020749
0.9999278713660285
0.9999281235051517
0.9999281575561367
0.9999279221211022
0.9999274006016822
0.999926631474372
0.9999255930585631
0.999924312453802
0.9999228763346614
0.999921360878537
0.9999198792835694
0.9999184634054846
0.9999171848950154
0.9999160224593647
0.9999151248176266
0.9999144945096732
0.9999141476130559
0.9999140795902361
0.9999143593589301
0.99991498485005
0.9999158178103988
0.9999167212412119
0.9999176890878319
0.9999186121654211
0.9999194133733708
0.9999199765045511
0.999920248432197
0.999920129863356
0.9999196740727085
0.9999190128367543
0.999918223177057
0.9999173065451712
0.9999162962942524
0.999915180425023
0.9999139708006721
0.9999127290429152
0.9999115696193259
0.9999104803797452
0.9999094717167295
0.9999085383697428
0.9999077332852638
0.9999070847401116
0.999906591418632
0.9999062879197541
0.999906162716467
0.9999062705448648
0.9999066462558277
0.9999072852840482
0.9999080351967361
0.9999088094197942
0.9999095880511223
0.9999102602725936
0.999910750022571
0.9999109564356163
0.999910874355073
0.9999105310807022
0.999909913599304
0.9999090626484716
0.999907989185294
0.9999068024588698
0.9999055067710345
0.999904200233949
0.999902940744527
0.9999017377496624
0.999900624817563
0.9998997781419385
0.9998991955666154
0.9998988613245473
0.9998987148512605
0.9998987811651676
0.999899086409646
0.9998996051624628
0.9999002738036884
0.9999010715339612
0.9999018685407618
0.9999027110693329
0.9999034844145712
0.9999040397590537
0.9999043395747796
0.9999044048978124
0.9999041500306892
0.9999034999462564
0.999902433043608
0.9999009714075613
0.9998992291514424
0.9998973440868172
0.9998954776498828
0.9998936626622987
0.9998920127177556
0.999890574821456
0.9998894707234137
0.9998886499137314
0.9998882607849703
0.9998883386145759
0.9998888447399105
0.9998897254024782
0.9998908907430262
0.9998923121129195
0.9998937697236858
0.9998951980436113
0.9998964574572367
0.9998974519757085
0.9998981692111312
0.9998984103518846
0.9998981378424654
0.9998974738910635
0.9998964803582217
0.9998952186151439
0.9998937386125296
0.9998921207216793
0.9998904808904651
0.9998888712860785
0.9998873272047187
0.9998859483374403
0.9998847759747473
0.9998838965460353
0.9998833039226706
0.999883029615318
0.9998830663563955
0.9998835302037611
0.9998842457746628
0.9998851064770788
0.9998860927961833
0.9998870994276995
0.9998880913626408
0.9998890248953174
0.9998897538429333
0.9998902860242499
0.9998905418987889
0.9998905252856132
0.9998902249470821
0.999889663508558
0.9998887999565389
0.9998876833845872
0.9998863267069232
0.9998848286985721
0.999883236105176
0.999881717729179
0.9998803204923742
0.9998790471045307
0.9998779802121752
0.9998771731676785
0.999876590862378
0.9998762997700716
0.99987634169347
0.9998765788494658
0.9998770080954952
0.9998774910385007
0.999877989592855
0.9998783216697942
0.9998785346692156
0.9998786039749796
0.9998785768437162
0.9998784706642647
0.9998783371428404
0.9998780284418879
0.999877654917245
0.9998771807194802
0.9998766005979967
0.9998759149343479
0.9998749793143068
0.9998738553183071
0.9998726171195524
0.999871366223535
0.9998701399026484
0.9998690600401512
0.9998682400296325
0.9998676422419894
0.99986723968379
0.9998670408024958
0.9998671680202981
0.9998674737697356
0.9998678759706702
0.9998683129980106
0.9998687245327877
0.9998691545034897
0.9998695348011123
0.999869899520216
0.999870176850138
0.9998703314829427
0.9998703210984041
0.9998701378212487
0.999869857178665
0.9998694124249488
0.9998688142383196
0.9998680431134572
0.9998672240000331
0.9998662816329948
0.9998652619489229
0.999864294111575
0.9998633190158368
0.9998624333438421
0.999861665630259
0.9998610585911613
0.999860698559187
0.9998606220523296
0.999860801335874
0.99986117405839
0.9998616348891503
0.9998621244221217
0.9998627138327095
0.9998633469299691
0.9998639672075289
0.9998644369012297
0.9998647028075988
0.9998647545088529
0.9998644976340542
0.999863989761452
0.9998632712084672
0.9998623375884357
0.9998612619328818
0.9998600962419998
0.9998588102996013
0.9998574750745043
0.999856039470554
0.9998546185259685
0.9998534335823033
0.9998525217284261
0.9998519772872203
0.9998517589900874
0.9998518311254279
0.9998522320900813
0.9998528952628166
0.9998537745975941
0.9998547723551832
0.9998557282136543
0.9998566134132723
0.999857408666112
0.9998580130613995
0.9998583367782502
0.9998583686385859
0.9998581017636062
0.9998574970637569
0.9998565787191935
0.9998555427832281
0.9998543854929975
0.9998531719987208
0.999851821273754
0.9998504688112122
0.9998492664229692
0.9998482125593313
0.9998473425077158
0.9998467348103907
0.9998462833674125
0.9998460770428859
0.9998461689858992
0.999846485713208
0.9998470032048684
0.9998477054305899
0.9998485495684251
0.9998495590757197
0.9998506008526405
0.9998514803230152
0.9998521213934234
0.99985240810921
0.9998523167831029
0.9998518655012799
0.9998509278218591
0.9998496276440276
0.9998481819837695
0.9998466948966109
0.9998451822004736
0.9998438035791617
0.9998426363192414
0.9998416664402777
0.9998410172064038
0.9998406057115636
0.9998403470981386
0.9998401947756754
0.999840137915475
0.9998401935655488
0.999840487193216
0.9998408425893253
0.9998412190605153
0.9998416588861145
0.9998421963896307
0.9998427538382328
0.9998432236703193
0.9998436145062646
0.9998438644979097
0.999843916063109
0.9998436704630008
0.9998430397595183
0.9998420249770396
0.9998406953926304
0.9998392346055995
0.9998377265960102
0.999836318568226
0.9998350658472479
0.9998341287427666
0.999833414035952
0.9998327997135391
0.9998323253394658
0.9998319248265193
0.9998315880502731
0.999831341594887
0.9998313031559414
0.9998314858292586
0.9998319001391394
0.9998324653359438
0.9998331249754472
0.9998338157877084
0.9998344581267192
0.9998349143297398
0.9998350702578322
0.9998348713151015
0.9998343258612082
0.9998333714683946
0.999831966715752
0.9998303300601601
0.9998286486424195
0.9998270781810946
0.9998257294928126
0.9998246340833697
0.9998237922718389
0.999823190877755
0.9998227895120507
0.9998225204388679
0.9998223629353928
0.9998224029846148
0.9998226490805391
0.9998230590221422
0.9998235802435459
0.9998241887021915
0.9998248816534495
0.9998256932870889
0.9998264658587421
