0.9999999499966815
0.9999997497716223
0.9999999414555618
0.9999997530902239
0.9999999290101567
0.9999997609395267
0.9999999100382995
0.999999775745343
0.9999998889268888
0.9999997933728636
0.9999998651120728
0.9999998134208181
0.999999839283105
0.999999831996992
0.9999998147984106
0.9999998515761593
0.9999997897227069
0.9999998659853234
0.9999997688721771
0.999999878220548
0.9999997480887279
0.9999998861425325
0.9999997342674024
0.9999998888948486
0.9999997293482672
0.9999998864277203
0.9999997273497765
0.9999998809542372
0.9999997315682758
0.999999866786989
0.9999997409858813
0.9999998520019386
0.9999997510404368
0.9999998354720826
0.9999997649505528
0.9999998170935108
0.9999997797239172
0.9999997954016614
0.9999997913649044
0.9999997729673957
0.9999998055651406
0.9999997497022167
0.9999998183633727
0.9999997311185355
0.9999998259944128
0.9999997151425829
0.9999998305422818
0.9999997003741246
0.9999998333930613
0.999999692890683
0.9999998307161807
0.9999996910113429
0.9999998226930203
0.9999996944534647
0.9999998127911335
0.999999697942917
0.9999997992527021
0.9999997092181722
0.9999997834967507
0.9999997225896088
0.9999997661984682
0.9999997362711223
0.9999997444656987
0.9999997483546075
0.9999997252930426
0.9999997581455018
0.9999997079909467
0.999999768790276
0.9999996937989563
0.9999997756991988
0.9999996788506411
0.9999997782527165
0.9999996641625283
0.9999997778911964
0.99999965879382
0.9999997754516828
0.9999996585363016
0.9999997697840856
0.9999996590228877
0.9999997610470492
0.9999996682546627
0.999999750890651
0.9999996763674296
0.9999997388610662
0.9999996863277965
0.9999997253228492
0.9999996939447897
0.9999997080199545
0.999999701534855
0.999999689153658
0.9999997070581009
0.9999996723091336
0.9999997102669472
0.9999996566206714
0.9999997134024741
0.9999996461070796
0.999999719057307
0.9999996380819077
0.9999997176804816
0.9999996317675056
0.9999997182530397
0.9999996267616597
0.9999997148374767
0.9999996261570279
0.999999710084216
0.9999996243318797
0.9999997026763472
0.9999996232643277
0.999999695287759
0.9999996282157851
0.9999996847224026
0.9999996342697025
0.9999996669169624
0.9999996422802576
0.9999996498295572
0.9999996489449696
0.9999996328700855
0.9999996564282257
0.9999996177717655
0.9999996626099862
0.9999996043202385
0.9999996632552886
0.9999995973184161
0.999999663222037
0.9999995911976829
0.9999996599692994
0.9999995873787256
0.9999996564542042
0.9999995849664322
0.9999996528506819
0.9999995882189021
0.9999996467917511
0.9999995890940632
0.9999996373471213
0.999999588560811
0.9999996272078883
0.999999592905171
0.9999996183384392
0.9999995990081186
0.9999996067108343
0.9999996047228847
0.9999995969947423
0.9999996098160271
0.9999995899654108
0.9999996110599114
0.9999995836777693
0.9999996086486623
0.9999995792764467
0.9999996117606208
0.9999995684468969
0.9999996048904249
0.9999995608553275
0.9999995997319622
0.9999995549475865
0.9999995967162646
0.9999995505307337
0.9999995946025207
0.9999995499955455
0.9999995891738224
0.9999995501542827
0.9999995823155183
0.9999995532820769
0.9999995728205692
0.9999995550892387
0.9999995647310023
0.9999995594429639
0.9999995588939574
0.9999995626582923
0.999999549066338
0.9999995657899851
0.999999541246097
0.9999995629473022
0.9999995341037232
0.999999565638066
0.9999995309265979
0.9999995636824467
0.9999995257837161
0.9999995603137596
0.9999995235809096
0.9999995543952169
0.9999995250562993
0.9999995531491201
0.9999995213534748
0.9999995508614572
0.9999995222090363
0.9999995418911085
0.9999995171885104
0.9999995344582542
0.9999995167946563
0.9999995254096936
0.9999995230333892
0.999999516610741
0.9999995229699788
0.9999995080779761
0.9999995223882834
0.9999995059070963
0.9999995181726553
0.9999995000039079
0.9999995145838202
0.9999994925076612
0.9999995077385109
0.9999994881023975
0.9999995022893025
0.999999484984033
0.9999994988562869
0.9999994790084625
0.9999994925523864
0.9999994763319023
0.9999994822340752
0.9999994750530153
0.9999994794573093
0.9999994714669223
0.999999473262451
0.9999994676409605
0.9999994732180837
0.9999994616154596
0.9999994689446277
0.9999994606529357
0.9999994592248316
0.9999994582466931
0.9999994561085083
0.9999994555297658
0.9999994519237602
0.999999449065002
0.9999994472959148
0.9999994458396306
0.9999994426095121
0.9999994426467037
0.9999994381158694
0.9999994422206281
0.9999994355711825
0.9999994392894561
0.9999994284298884
0.9999994374069663
0.9999994274134081
0.9999994322418723
0.9999994246658912
0.9999994287038637
0.9999994241287019
0.9999994304370046
0.9999994213331191
0.9999994263284457
0.9999994184589563
0.9999994219461302
0.9999994149590431
0.999999420726366
0.9999994105021259
0.9999994170830153
0.9999994072277333
0.9999994076379001
0.9999994036903929
0.999999401539432
0.9999994045265455
0.9999993930250541
0.9999994014799903
0.999999389608076
0.9999993980284405
0.9999993891657804
0.9999993962580448
0.9999993854860854
0.9999993944525207
0.9999993827482373
0.9999993896941894
0.9999993807790344
0.9999993861963816
0.999999377799271
0.9999993845524805
0.999999376580532
0.9999993821380118
0.9999993724212428
0.9999993774403083
0.9999993751345376
0.999999368481506
0.9999993692011856
0.9999993608261548
0.9999993689102603
0.9999993558742203
0.9999993634909202
0.9999993532097141
0.9999993587722187
0.9999993492169883
0.9999993608024439
0.9999993411127764
0.9999993583725696
0.9999993340727495
0.9999993567399699
0.9999993297884858
0.9999993531176942
0.9999993285769577
0.9999993494787885
0.9999993252665691
0.9999993465104752
0.9999993238573818
0.9999993408943717
0.9999993182424477
0.9999993334967124
0.9999993159330743
0.9999993259852132
0.9999993110530243
0.9999993158317866
0.999999305863501
0.9999993087128487
0.999999305711624
0.9999992986065324
0.9999993027977029
0.9999992887964291
0.9999992994576232
0.9999992834344842
0.9999993008524574
0.9999992785834059
0.9999993008679031
0.9999992795159978
0.9999993011242498
0.9999992746936637
0.9999993002511035
0.999999271515885
0.9999992961704993
0.9999992672179475
0.999999287484293
0.9999992687492644
0.9999992852987041
0.9999992623935212
0.9999992751687828
0.9999992662980591
0.9999992667176358
0.9999992675693323
0.9999992583451051
0.9999992707854308
0.9999992502854183
0.9999992691794011
0.9999992435470467
0.9999992702122693
0.9999992396398214
0.9999992619587419
0.9999992343895155
0.9999992605764721
0.9999992316373846
0.9999992579745245
0.9999992300109756
0.9999992520798073
0.9999992253500825
0.9999992442820121
0.9999992281835888
0.9999992408638771
0.9999992282235325
0.9999992295044534
0.9999992288954422
0.9999992238446229
0.999999228066668
0.9999992194791063
0.9999992283303559
0.9999992128971521
0.999999227345354
0.9999992113493197
0.9999992267113865
0.9999992081595376
0.9999992241185314
0.9999992035632289
0.9999992191964608
0.9999992034397923
0.9999992153248275
0.9999992024880421
0.9999992094931001
0.9999992009805171
0.9999992080752372
0.9999991961778705
0.9999992089632208
0.9999991971444445
0.9999992047211546
0.9999991978291035
0.9999992049825657
0.9999991934266168
0.9999991981493551
0.9999991879084914
0.9999991908610775
0.9999991897254067
0.9999991882109033
0.9999991965301914
0.9999991810316542
0.9999991930928958
0.9999991823357326
0.99999919298381
0.999999170826313
0.9999991868963817
0.9999991633176644
0.9999991813496805
0.9999991567603184
0.9999991740316672
0.9999991528933977
0.9999991653029278
0.9999991508131407
0.9999991583090401
0.9999991479851853
0.9999991540427762
0.9999991456357054
0.9999991477484043
0.9999991466609306
0.9999991431811822
0.9999991409652734
0.9999991435700752
0.9999991393835409
0.9999991435554408
0.9999991322697015
0.999999136325592
0.9999991320241145
0.9999991299863119
0.9999991287291351
0.9999991251617497
0.999999125953658
0.9999991170001925
0.9999991248178804
0.9999991098855873
0.9999991184568849
0.9999991054257227
0.9999991151421692
0.9999991034856859
0.999999112727817
0.999999106030698
0.9999991066805161
0.9999991045157358
0.9999991052194936
0.9999991039057797
0.9999991020568711
0.9999991030739691
0.9999990999314187
0.9999991006976392
0.9999990958081024
0.999999096623743
0.999999095910841
0.9999990943888597
0.9999990885564621
0.999999087748267
0.9999990853282612
0.9999990869644066
0.9999990772507487
0.9999990802675199
0.9999990743556343
0.9999990797649815
0.9999990729479485
0.9999990773361328
0.9999990660205202
0.9999990775039551
0.9999990661336502
0.9999990685676992
0.9999990639569196
0.9999990649204064
0.999999058310878
0.9999990627975126
0.9999990526048191
0.999999058302484
0.9999990501094729
0.9999990562034469
0.9999990508173554
0.999999050569754
0.9999990496807417
0.9999990428398322
0.9999990459365068
0.9999990392706118
0.999999040524559
0.9999990396248651
0.9999990352998817
0.9999990339622609
0.9999990341147773
0.9999990289360691
0.9999990365443346
0.9999990246077598
0.9999990314510135
0.9999990160331417
0.9999990290141317
0.9999990052976873
0.9999990214827449
0.9999990035782237
0.999999014698522
0.9999990008764441
0.9999990062731845
0.9999989940339402
0.9999989986739324
0.9999989949431107
0.9999989898863537
0.9999989925516133
0.9999989908557446
0.9999989860472601
0.9999989869890628
0.9999989778589025
0.9999989815448453
0.999998971329275
0.999998973358258
0.9999989687451512
0.9999989675016344
0.9999989627606545
0.9999989639280272
0.9999989551833528
0.9999989589934504
0.9999989518102304
0.999998953653509
0.999998944214045
0.9999989540503459
0.9999989401850201
0.9999989492910707
0.9999989411367728
