0.9999998685262819
0.999999483521784
0.9999994315074642
0.9999998423408208
0.9999995364141767
0.9999993719973319
0.9999997994654777
0.9999995915232716
0.9999993317346801
0.9999997429644824
0.999999638552324
0.9999992949074142
0.9999996756932967
0.999999683020493
0.9999992934632956
0.9999996087058465
0.9999997153453802
0.999999294935233
0.999999535038503
0.9999997275466326
0.9999993120081015
0.9999994642497345
0.999999726570985
0.9999993541864596
0.9999993896855401
0.9999997131807653
0.999999392159022
0.999999329128381
0.9999996860185577
0.999999435033886
0.9999992764187884
0.9999996438627679
0.9999994796063107
0.9999992372035594
0.9999995922728265
0.9999995203632324
0.9999992159303722
0.9999995352907316
0.9999995474818856
0.999999208422355
0.9999994733805627
0.9999995640385693
0.9999992130134128
0.9999994132702277
0.9999995757960635
0.9999992271390095
0.9999993531924639
0.999999573674976
0.9999992512200242
0.9999992976491399
0.9999995588243146
0.9999992885679447
0.9999992393091658
0.9999995283225909
0.9999993225978567
0.9999991972223928
0.9999994875079015
0.9999993576913522
0.9999991624947101
0.999999442415599
0.9999993905666051
0.9999991435825518
0.9999993951465123
0.999999414587238
0.9999991396521675
0.9999993390706435
0.9999994303943733
0.9999991425045717
0.9999992810546292
0.9999994273754121
0.999999164939689
0.9999992375277373
0.9999994146752714
0.9999991822975568
0.9999992065218648
0.9999993943654836
0.9999991896113439
0.9999991660360052
0.9999993718978555
0.9999992176906214
0.9999991305755127
0.9999993438882897
0.9999992368007175
0.9999991019572982
0.999999298452435
0.9999992617936924
0.9999990807860516
0.9999992689579373
0.9999992818105066
0.9999990692515199
0.9999992298562008
0.9999992884396538
0.9999990654837663
0.9999991844458593
0.999999283415328
0.999999076814726
0.9999991411382373
0.9999992679668036
0.9999990793194006
0.9999990990159782
0.9999992476688945
0.9999990895940248
0.9999990761181069
0.9999992226069023
0.99999910414871
0.9999990603797007
0.9999992015312891
0.999999119061345
0.9999990275171382
0.9999991688205491
0.9999991375880714
0.9999990044556217
0.9999991388233583
0.9999991521284077
0.999998992595976
0.9999990981091573
0.9999991575060595
0.999998980781607
0.9999990791354536
0.9999991543725008
0.9999989901458866
0.9999990419047667
0.9999991427675812
0.9999990007731634
0.9999990103618241
0.9999991292501618
0.9999990132167632
0.9999989829070364
0.9999991006206074
0.999999021720312
0.9999989543856022
0.9999990715585806
0.9999990289668299
0.9999989359759904
0.9999990421232583
0.9999990223349919
0.9999989178742789
0.9999990110600921
0.999999018542293
0.9999989132650515
0.9999989909699561
0.9999990179991601
0.9999989068969346
0.9999989701812917
0.9999990186193567
0.9999988953928676
0.9999989447260993
0.9999990048663779
0.9999988866518793
0.9999989120575052
0.9999989929414503
0.9999988934608818
0.9999988844556487
0.9999989767729129
0.9999989022714396
0.9999988552225912
0.9999989595066231
0.999998909944595
0.9999988269743197
0.9999989402701057
0.9999989155417615
0.9999988170599645
0.9999989159069474
0.9999989174364007
0.9999987972435828
0.9999988826526853
0.999998898638682
0.9999987998223747
0.999998854654114
0.9999988877476343
0.9999987986525248
0.9999988324579417
0.9999988758967296
0.9999987944650235
0.9999988008969259
0.9999988615272409
0.9999987926461499
0.9999987630088868
0.9999988416714013
0.999998795111964
0.9999987456639426
0.9999988252712603
0.9999988044876378
0.9999987306903154
0.9999988039961017
0.9999988014198146
0.9999987209332095
0.9999987867605432
0.9999988001175836
0.9999987065755535
0.9999987570257527
0.9999987826623365
0.9999986947860522
0.9999987356685729
0.9999987660826334
0.9999986971646982
0.9999987106452555
0.9999987515573768
0.9999986993204434
0.9999986931098134
0.9999987245015778
0.9999987036841694
0.999998676106162
0.9999987064550595
0.9999986942418396
0.999998646682445
0.9999986904714464
0.999998696688529
0.9999986149255508
0.9999986802546589
0.9999986996505037
0.999998598765564
0.9999986642220454
0.9999986843012773
0.9999985995644766
0.9999986444788148
0.9999986677295414
0.9999985916925135
0.9999986358974277
0.9999986505063244
0.9999985738843387
0.999998614901496
0.9999986398195073
0.9999985886885129
0.9999985949456425
0.9999986295405421
0.9999985925325461
0.9999985638670645
0.999998601541623
0.9999985809035862
0.9999985455718877
0.9999985777344108
0.9999985688515708
0.9999985345934524
0.999998565539003
0.9999985706982395
0.9999985221665182
0.9999985523854721
0.9999985542673453
0.9999985098741453
0.999998530568864
0.9999985313070714
0.9999984955973978
0.9999985040405533
0.9999985145356352
0.9999984905477013
0.9999984800580609
0.9999985087315426
0.9999984897334008
0.9999984658617278
0.9999984950110974
0.9999984880206357
0.9999984549055885
0.9999984831170184
0.9999984673824805
0.9999984450114802
0.9999984754232183
0.9999984586307195
0.9999984319573063
0.9999984592802387
0.9999984402570108
0.9999984299582259
0.999998444528534
0.999998428814235
0.9999984164068106
0.9999984304980578
0.9999984057728271
0.9999983881200653
0.9999984126849326
0.9999984045483497
0.9999983766478512
0.999998405799013
0.9999984101163575
0.9999983692161447
0.999998389522042
0.9999983888166379
0.9999983394633009
0.9999983628802797
0.9999983756377925
0.9999983236637394
0.9999983325150397
0.9999983658804017
0.9999982997086945
0.999998327728055
0.9999983593946299
0.9999982958248204
0.9999983106900692
0.9999983497979955
0.9999982939482098
0.9999982802782039
0.999998319221932
0.9999982715765453
0.9999982690122694
0.9999983078907428
0.9999982706940534
0.9999982674792212
0.999998279331071
0.9999982705850439
0.9999982512672956
0.9999982637276613
0.9999982570868959
0.9999982300659098
0.9999982316248158
0.9999982493486665
0.9999982159794021
0.9999982212356867
0.9999982481455983
0.999998187599698
0.9999981912503361
0.9999982380755797
0.9999981899621476
0.9999981860292542
0.9999982329206786
0.9999981863871595
0.9999981553006015
0.9999982085509147
0.9999981875016694
0.9999981520650276
0.9999981837422434
0.9999981919080747
0.999998136138698
0.9999981620482491
0.9999981883833081
0.9999981430548779
0.9999981460702273
0.9999981820833834
0.999998135715464
0.9999981276470313
0.9999981621338752
0.9999981152878927
0.9999980912934165
0.9999981339082965
0.9999981041402812
0.9999980709579714
0.9999981151342862
0.999998102411665
0.9999980753324156
0.9999980978688356
0.9999981068247807
0.9999980659814375
0.9999980630298128
0.999998099467714
0.9999980650152533
0.9999980331719528
0.9999980664807118
0.9999980464797188
0.9999980044272186
0.9999980414090655
0.9999980298570119
0.9999979962896892
0.9999980187156907
0.999998014691207
0.999997978237069
0.9999980021836498
0.9999979968101784
0.9999979758265891
0.999997984880292
0.9999979867184873
0.9999979762106775
0.9999979801621526
0.999997966167628
0.9999979609207551
0.9999979704095944
0.9999979685204622
0.999997949774306
0.9999979469581309
0.9999979483065687
0.9999979280031394
0.999997936473769
0.9999979459628686
0.9999979123215504
0.9999979086520796
0.9999979440843786
0.9999979045933252
0.9999978823010366
0.9999979320922283
0.999997895261189
0.9999978535698927
0.9999979078448932
0.999997897823411
0.9999978516988792
0.9999978780996679
0.9999978785697906
0.999997848290281
0.9999978670516899
0.999997855401454
0.9999978302604218
0.999997836836919
0.9999978444213881
0.9999978302435628
0.9999978162618419
0.9999978225111251
0.9999978141550131
0.9999978080953009
0.999997809531045
0.9999978075804894
0.9999978048046734
0.99999781667616
0.9999977958739358
0.9999977946513772
0.9999977921141173
0.9999977794236785
0.9999977969014591
0.9999977705128038
0.9999977536974253
0.9999977805149775
0.9999977803398294
0.9999977299534578
0.9999977628917043
0.9999977773648114
0.9999977168241182
0.9999977319315612
0.9999977887099395
0.999997718264082
0.9999977114755906
0.9999977759998914
0.9999977065068365
0.9999976814412135
0.9999977522527274
0.9999977035569377
0.9999976735511795
0.9999977417205613
0.9999977069664951
0.9999976576597286
0.9999977192104652
0.999997701817904
0.9999976487957277
0.9999977039218574
0.9999976898612288
0.9999976303673076
0.999997683166904
0.9999976814211875
0.9999976239766504
0.9999976658352232
0.9999976742927468
0.9999976144711233
0.9999976477490936
0.9999976710943396
0.9999975938603136
0.9999976167089905
0.9999976666384304
0.9999975958674071
0.9999975974179859
0.9999976643609738
0.9999975718121257
0.9999975730328612
0.9999976557491927
0.999997572073734
0.9999975588017398
0.9999976349506384
0.9999975592632528
0.9999975382479388
0.9999976224438759
0.9999975547395624
0.9999975272728673
0.9999976136709637
0.9999975564214587
0.9999975001749037
0.9999975793606305
0.9999975559640055
0.9999974864017958
0.9999975687717602
0.9999975649741057
0.9999974737562064
0.9999975570824423
0.9999975869215058
0.9999974654094261
0.9999975325739971
0.9999975830257004
0.9999974564336757
0.9999974840470366
0.9999975638696387
0.9999974471048212
0.9999974542426993
0.9999975439225585
0.99999744667136
0.9999974224523203
0.9999975190421465
0.9999974560286022
0.9999974055530313
0.9999974931927933
0.9999974642514692
0.9999973790898091
0.9999974798099874
0.9999974598451327
0.9999973735724467
0.9999974626346539
0.9999974689373459
0.9999973667341618
0.9999974494684761
0.9999974700409388
0.9999973552168993
0.9999974204951855
0.9999974641891701
0.9999973624615064
0.9999973874105923
0.9999974416829893
0.9999973600327874
0.9999973628164965
0.999997424135457
