0.9999998154183891
0.9999993940873225
0.999999089185774
0.9999995592874819
0.9999997335088204
0.9999992137826406
0.9999991642589856
0.9999996660084405
0.9999995785867974
0.9999990869024432
0.9999992797750047
0.9999997016152009
0.9999993867159662
0.9999990295768397
0.9999994182812323
0.999999653116761
0.9999991991580006
0.999999070472967
0.9999995451161338
0.9999995296124611
0.9999990661925546
0.9999991632838403
0.9999995878873117
0.9999993662450349
0.9999989950940719
0.9999992819986897
0.9999995675754331
0.9999991998862214
0.9999989852400991
0.9999993952897429
0.999999481795094
0.9999990583275444
0.9999990531961626
0.9999994666671279
0.9999993501866616
0.999998963390715
0.9999991546837349
0.9999994810614383
0.9999991955649234
0.9999989328799176
0.9999992689268515
0.9999994230077727
0.9999990596750201
0.9999989742848083
0.9999993543843455
0.999999313443826
0.9999989505345286
0.9999990550909773
0.9999993743856792
0.9999991719569592
0.999998900139246
0.9999991408218227
0.999999342707745
0.9999990326044134
0.9999988834122632
0.9999992095240977
0.9999992626156807
0.9999989331423964
0.9999989306862805
0.9999992544973297
0.9999991473764107
0.9999988646698034
0.9999989983119877
0.9999992432061552
0.9999990225721203
0.9999988399836733
0.9999990629387029
0.9999991777312307
0.9999989116438898
0.9999988534181941
0.9999991161090148
0.9999990899479126
0.999998835967154
0.9999988991320484
0.9999991253685414
0.9999989827892685
0.9999987890009295
0.9999989494791679
0.9999990996598576
0.9999988869600641
0.9999987842895021
0.9999989933618748
0.9999990296341332
0.9999988064975841
0.9999988099900385
0.9999990069498498
0.9999989450178549
0.9999987536074793
0.9999988439751802
0.9999990036420722
0.9999988515703857
0.9999987299929483
0.9999988828775438
0.9999989661793753
0.9999987649367267
0.9999987274010091
0.9999989079281153
0.9999988922837841
0.9999987022209738
0.999998759757726
0.9999989126410588
0.999998809875822
0.9999986767211958
0.9999987847428063
0.999998889329269
0.9999987165746307
0.9999986510362646
0.9999987980956017
0.999998842291106
0.9999986389860055
0.999998656998941
0.9999988189899476
0.9999987681623379
0.9999985966365886
0.9999986857818258
0.9999988112038177
0.9999986742746539
0.9999985807888739
0.9999987177761522
0.9999987790193523
0.9999986023353072
0.9999985985161048
0.9999987402340457
0.9999987177127658
0.9999985521566068
0.9999986273567125
0.9999987633263905
0.9999986505114778
0.9999985377973314
0.9999986457930382
0.9999987319061706
0.9999985642854559
0.9999985040184282
0.9999986720720339
0.9999986688246139
0.9999985089603269
0.9999985232254602
0.9999986726353672
0.9999985780937395
0.999998460310998
0.999998549988841
0.9999986356780398
0.9999985008571088
0.9999984414021369
0.9999985810113947
0.9999985864339456
0.9999984517869317
0.9999984597606156
0.9999986059824865
0.9999985238896499
0.9999984310459369
0.9999984846093747
0.9999985876623981
0.9999984417922866
0.9999983749071722
0.9999985004801732
0.9999985321318163
0.9999983705813764
0.9999983671552198
0.9999985023866655
0.9999984606509078
0.9999983266939896
0.9999983753284165
0.9999984838476081
0.999998376256882
0.9999982940076152
0.9999983965958129
0.9999984539536626
0.9999982970483526
0.9999982851010387
0.9999983935436761
0.9999983903294102
0.9999982405591459
0.9999983014027299
0.9999983894477531
0.9999983266851924
0.9999982138805564
0.9999983056039382
0.9999983739081391
0.9999982532147321
0.9999981932282883
0.999998308463186
0.9999983372125735
0.9999981799090303
0.9999982009351167
0.9999983073430835
0.9999982647897891
0.9999981295580782
0.9999982180006167
0.9999982910516417
0.9999981944705244
0.9999981103226525
0.9999982196954191
0.9999982485341957
0.999998131112114
0.9999980998494125
0.9999982023771116
0.999998198207003
0.9999980742332943
0.9999981133297985
0.9999981906056032
0.9999981486388576
0.9999980475565761
0.9999981293731167
0.9999981744867664
0.9999980899966725
0.9999980361929789
0.9999981448597701
0.9999981378530212
0.9999980150324334
0.9999980475217053
0.9999981520863468
0.9999980887981434
0.9999979622937087
0.999998055888073
0.9999981196300366
0.9999980212803902
0.999997937164635
0.9999980616862045
0.9999980817231284
0.999997950312955
0.9999979098419185
0.9999980502323829
0.9999980219105502
0.9999978908611398
0.9999979132574083
0.9999980225327795
0.9999979656300104
0.9999978653632655
0.9999979394845657
0.9999980132011274
0.9999978999232018
0.9999978578003358
0.9999979476387848
0.9999979839324399
0.9999978573269724
0.999997861202136
0.9999979410179352
0.999997900389484
0.9999978130925704
0.9999978478825372
0.9999979513336044
0.999997821728899
0.9999977660538908
0.9999978572291922
0.9999979053460846
0.9999977659756566
0.9999977726116838
0.9999978871254729
0.9999978681487081
0.9999977468367495
0.9999977842329154
0.9999978701884342
0.9999977762086937
0.9999977201774937
0.9999977922067895
0.9999978255139383
0.9999977140267556
0.9999977159058859
0.9999978113558459
0.9999977688415934
0.9999976596145268
0.9999977168713042
0.9999978024104592
0.9999977095259842
0.9999976348006391
0.9999977415837217
0.9999977726693551
0.9999976461498491
0.9999976405117478
0.9999977414488116
0.9999977169852071
0.9999976022812624
0.9999976633323145
0.9999977095624689
0.9999976415545264
0.9999975933570359
0.9999976597253551
0.9999976568586834
0.999997560847695
0.9999975749780301
0.9999976270477273
0.9999976018225535
0.9999974942767086
0.9999975717326636
0.9999976075862429
0.9999975238700402
0.9999974741385607
0.9999975668919633
0.9999975663916693
0.9999974534325492
0.9999974620191246
0.9999975589956351
0.999997507136172
0.9999974302119079
0.9999974785260523
0.9999975279203076
0.9999974576994568
0.9999974200638221
0.999997482735743
0.9999974836242705
0.9999974227011896
0.9999974300695686
0.9999974548178673
0.9999974230581217
0.9999974045879836
0.9999974418349066
0.9999974405853432
0.9999973775990608
0.999997361192985
0.9999974215015766
0.999997401157028
0.9999973254781895
0.9999973505127171
0.999997405340181
0.9999973605008025
0.9999972934368994
0.9999973525051178
0.999997391439642
0.9999972986369061
0.9999972605347546
0.9999973301317089
0.9999973377025008
0.9999972606965436
0.9999972602382053
0.9999972971027155
0.9999972597387969
0.9999972116218263
0.9999972465658515
0.999997265356315
0.9999972074988136
0.9999972045997121
0.9999972379517152
0.9999972320056414
0.9999971654049485
0.9999971771790176
0.9999972247318781
0.9999971853411307
0.9999971226851571
0.9999971672278402
0.9999972014587969
0.9999971388208715
0.9999971138320586
0.9999971455592136
0.999997168025821
0.9999971020304608
0.9999970989858621
0.999997131737157
0.9999971410938652
0.9999970538486129
0.9999970703410412
0.9999971086883632
0.9999970878771594
0.9999970327108744
0.999997049913144
0.9999970721863808
0.9999970093057117
0.9999969952482638
0.999997013967446
0.9999970253713786
0.9999969662400287
0.9999969792058107
0.9999969917880559
0.9999969962957901
0.9999969522895019
0.9999969663394735
0.9999970021645157
0.9999969327266971
0.999996932058741
0.9999969574773008
0.9999969807774649
0.9999969010334083
0.9999969124284405
0.9999969579518763
0.9999969397970486
0.9999968845962283
0.9999968722032002
0.9999969299885717
0.9999968976596024
0.9999968652839174
0.9999968499665213
0.9999969038976545
0.9999968655932755
0.999996828148495
0.9999968361337337
0.9999968846490235
0.9999968346969406
0.9999967934475471
0.999996820331059
0.9999968435497136
0.999996799937635
0.9999967571252938
0.9999968127925519
0.999996789987179
0.9999967442295576
0.9999967296550615
0.9999967882100325
0.9999967406055755
0.9999967150855344
0.9999967260224568
0.9999967486781917
0.9999967234651971
0.9999966808897128
0.999996708385237
0.9999966957647226
0.9999966883416467
0.9999966499579989
0.9999966845163876
0.9999966630105358
0.9999966593142731
0.9999966402144314
0.9999966737691798
0.9999966257086503
0.9999966277559201
0.9999966409699635
0.999996610126564
0.9999965878096188
0.9999965911337856
0.9999966374210653
0.9999965814756626
0.9999966009015483
0.9999965712810336
0.9999966049405487
0.9999965516006957
0.9999965560665119
0.9999965438995105
0.9999965442778236
0.999996516455657
0.9999965252274757
0.9999965463257942
0.9999965045120462
0.9999964989914302
0.9999964734215934
0.9999965031410551
0.999996467452148
0.9999964757649366
0.9999964481693131
0.9999964667530836
0.9999964413203695
0.9999964428592224
0.9999964465035521
0.9999964142450103
0.9999964154810222
0.9999964280771699
0.9999964110423125
0.999996360338813
0.9999963872420863
0.9999963736379355
0.9999963615695059
0.9999963132185653
0.999996333544314
0.9999963392187817
0.9999963243708914
0.9999962913786906
0.9999962861364249
0.9999963239675477
0.9999962812587707
0.9999962484235349
0.9999962644373954
0.9999962971046801
0.9999962279155555
0.9999962255978977
0.9999962415881363
0.9999962505128076
0.9999961781751677
0.9999962085442965
0.9999962258342585
0.9999962147929591
0.999996162782735
0.9999961709890876
0.999996188145946
0.9999961676473345
0.9999961474562836
0.9999961579293941
0.9999961758367347
0.9999961217828162
0.9999961030988662
0.9999961242643709
0.9999961342918994
0.9999960661388559
0.9999960780809558
0.9999961101540015
0.9999960976083446
0.9999960368346581
0.9999960680381493
0.9999960849934955
0.99999601982574
0.9999960383233867
0.999996062269966
0.9999960424511086
0.9999959729462105
0.999996027238218
0.9999960354178173
0.9999959972365308
0.999995982502416
0.9999960242926786
0.9999960143292597
0.9999959674142278
0.9999959758955753
0.9999959882448758
