0.9999961608829834
0.9999956563811904
0.9999941556930284
0.9999918356474294
0.9999889729433942
0.9999859554942796
0.9999832267744787
0.9999811684226845
0.9999800684438268
0.9999800299097392
0.9999810591614205
0.9999829765962515
0.9999854317731647
0.9999879522958179
0.9999902120785541
0.9999919386370896
0.9999928811985465
0.9999929204243895
0.9999920696598052
0.9999904261285196
0.9999881762841775
0.9999856099323529
0.9999830409990369
0.9999808218222158
0.9999793329377423
0.9999787734847625
0.999979166944767
0.9999804116828687
0.9999822667159177
0.9999843542181953
0.9999863425579939
0.9999880217499859
0.999989198700634
0.9999897448405247
0.9999895960529689
0.9999887555519611
0.9999872521099673
0.9999852391467672
0.999982977783482
0.9999808148512859
0.9999791234171073
0.9999780935445735
0.9999778135842445
0.9999782729275349
0.9999793223820637
0.9999808084519773
0.9999825409376193
0.9999842856663315
0.9999858022137923
0.999986836958163
0.9999872176830574
0.9999868623286851
0.999985829571312
0.9999842354915777
0.9999822576258448
0.9999801598478216
0.999978209945976
0.9999767322145277
0.9999759314490478
0.9999758687535979
0.9999764867003659
0.9999776843878347
0.9999792712613558
0.9999809733552124
0.9999825473204876
0.9999837599664343
0.9999844962760576
0.9999845975417797
0.9999839971663549
0.9999827660386584
0.9999811080356567
0.9999792614435331
0.9999774983064568
0.999976066966441
0.9999751449538418
0.9999747972049357
0.9999750418049033
0.9999757305968086
0.9999767546884787
0.9999779607629244
0.9999791734842385
0.9999802659611792
0.9999810724318523
0.9999814657314241
0.9999813283334277
0.9999806031137201
0.999979348926072
0.9999777413621626
0.9999761070384703
0.9999746675735062
0.9999735892083497
0.9999729896244994
0.9999729109052657
0.9999732564964392
0.99997383770716
0.9999746512550862
0.9999756363799178
0.9999766996421408
0.999977689931373
0.9999784157054719
0.9999787029753143
0.9999784119744543
0.999977551576585
0.9999762809560494
0.9999747917286734
0.9999733132811076
0.9999721091319659
0.9999713464156262
0.9999710599160326
0.9999712141972232
0.9999716452129227
0.9999723205860381
0.9999731040321252
0.9999739635446975
0.9999748168145031
0.9999755371922524
0.9999759705682866
0.999975989481232
0.9999755836568079
0.9999747518818378
0.9999735888783103
0.9999722506537914
0.9999709664021755
0.9999699571382389
0.9999693101101013
0.9999690312632683
0.999969099487007
0.9999695304660391
0.9999702118847068
0.9999710515918767
0.999971943022051
0.9999727868388218
0.9999733944404663
0.9999736582058595
0.9999735288109178
0.9999730172199769
0.999972184958615
0.9999711111506303
0.9999699140067637
0.999968770634485
0.9999678348004728
0.9999671629589686
0.9999668583461966
0.9999670122516434
0.9999675383186647
0.9999682681383367
0.9999690941917848
0.9999699049924089
0.9999705348216541
0.9999708464391505
0.9999708664138551
0.999970565185802
0.9999699580103102
0.9999691376038454
0.9999682266046468
0.9999672815177397
0.9999664089514246
0.9999656897199934
0.9999652167215978
0.9999650205292129
0.9999651028794398
0.999965404727718
0.9999659009469254
0.9999665005163071
0.999967058470698
0.9999674299453796
0.9999675836286751
0.9999674773014584
0.999967125501005
0.999966554670743
0.9999659051241844
0.9999652758580365
0.9999646838638602
0.9999641876415668
0.999963848239503
0.9999636088899443
0.9999634989402716
0.999963541961465
0.9999637848472234
0.9999641894406651
0.9999646968334692
0.9999652269513546
0.9999656647394931
0.9999659165801782
0.999965933720464
0.9999656706702756
0.999965149771813
0.9999644690806804
0.999963727906105
0.9999630189110068
0.9999624074994052
0.9999619743944318
0.9999617109565583
0.9999616045081774
0.9999617331429457
0.9999620620862033
0.9999624502571061
0.9999628200908571
0.9999630604062876
0.9999631119629752
0.9999629331024473
0.9999626028313668
0.9999621914506993
0.9999617653723317
0.9999612943388465
0.9999608231497987
0.999960381860276
0.9999600274656746
0.9999597121367728
0.9999595207252036
0.9999594695317136
0.9999596280524721
0.9999599360273248
0.9999602868355345
0.9999606329280544
0.9999608637138517
0.9999609199518817
0.9999608022303211
0.9999605224655411
0.999960101131043
0.999959666128216
0.9999592158162781
0.9999586836524883
0.9999580679779415
0.9999574672090608
0.9999570293134695
0.9999568329766466
0.9999569177142121
0.9999572703112685
0.9999577968683838
0.9999582452756047
0.9999585117118849
0.9999585750648546
0.9999584284774135
0.9999581587033775
0.9999578607650189
0.9999575442393451
0.999957280403584
0.9999569542280263
0.99995652515511
0.9999560239586731
0.9999555076362192
0.9999551259985547
0.9999549749793863
0.9999550890316363
0.9999554860089274
0.9999560271248321
0.9999565580593255
0.9999569049983513
0.9999569493581629
0.9999567218832547
0.9999564077567914
0.9999560595802653
0.9999556902575942
0.9999553344381434
0.9999549407707914
0.9999545439540871
0.9999541631653427
0.9999537886003442
0.999953449500426
0.9999532562471872
0.9999532987067865
0.9999535372988556
0.9999538959302867
0.9999542347239763
0.9999544086891253
0.9999543745130162
0.9999541356136464
0.9999537236700802
0.9999532185269406
0.9999527140338587
0.9999522347250662
0.9999518596114491
0.9999516187190752
0.9999515077518598
0.9999515176932422
0.9999516063680499
0.9999517312855334
0.9999518552233656
0.9999519736862224
0.9999521093829207
0.9999522129935141
0.9999522049213818
0.999952074126175
0.9999518681599879
0.9999515634714861
0.9999511773784474
0.9999507923416903
0.9999504297780596
0.9999501703273478
0.9999499995996126
0.9999498912397381
0.9999498785306506
0.9999499171037396
0.9999499942521144
0.999950086822367
0.9999501406314849
0.9999501250341967
0.999950025848174
0.9999498268620052
0.9999495280474309
0.9999492029055213
0.9999488502781763
0.9999485288602558
0.9999482693965882
0.999948084288871
0.9999480052337938
0.9999479954603313
0.9999479978684004
0.9999480210737254
0.9999480547161402
0.999948017467935
0.9999479137944369
0.9999477327632321
0.9999475586357359
0.9999473843917341
0.9999472237396687
0.9999470626543505
0.9999468382565737
0.9999465631080533
0.9999462521886161
0.9999459051970199
0.9999455681998078
0.9999452884235741
0.9999449895685981
0.9999446624565539
0.9999444559683975
0.9999443930430955
0.9999444117734793
0.9999444739113992
0.9999446286840122
0.9999448063421139
0.9999448682388398
0.9999448315727835
0.9999447111561772
0.9999444972987006
0.9999442256794369
0.999943984066358
0.9999438036826237
0.9999436093059791
0.9999434089329676
0.999943204961252
0.9999430352165464
0.9999429040398949
0.9999428962154544
0.9999429556502117
0.9999430886889364
0.9999432678087833
0.9999434066834899
0.9999434714658321
0.999943440710508
0.9999432644907806
0.9999429401498118
0.9999425231747092
0.9999420683791121
0.9999416923296357
0.9999413959711216
0.9999411653904408
0.9999409298803025
0.9999406746497247
0.9999404549379337
0.9999403048719333
0.9999402825846367
0.9999405061311983
0.9999408536878308
0.9999411500777099
0.9999413200901043
0.9999413019106586
0.9999410815586147
0.9999406729015643
0.9999401454727606
0.9999395701956106
0.9999390397521403
0.9999386442049405
0.9999383462823123
0.9999380751166451
0.9999377556023373
0.9999374199906272
0.9999371505183513
0.9999370165045616
0.9999371849087909
0.9999375951317296
0.9999381154744407
0.9999385450203089
0.9999387017850941
0.9999385127919419
0.9999381216708655
0.9999375548803692
0.9999370228971868
0.999936632344689
0.999936355551188
0.9999360747823032
0.9999358288059635
0.9999355392554418
0.9999352490551887
0.9999350884555588
0.9999351590699782
0.9999354216043084
0.9999358464633188
0.9999362032411053
0.9999363472084268
0.9999362761427649
0.9999359926706463
0.9999356345820574
0.9999352721535076
0.9999349644229121
0.9999346853411081
0.9999343643828418
0.999933984658853
0.9999334897853162
0.9999330667059062
0.9999328152807121
0.9999327552516248
0.9999328331330404
0.9999331158642977
0.9999335528964457
0.9999339930385346
0.9999343350011927
0.9999343781984633
0.9999341340486431
0.9999336659646276
0.9999330465972115
0.9999323755739894
0.9999317934040456
0.9999313032832231
0.9999309166600606
0.9999307047919084
0.9999306711112957
0.9999308006714683
0.9999310863363199
0.9999313935628601
0.999931718226831
0.9999319860852813
0.9999321203340605
0.9999320864448329
0.9999318997202165
0.9999315973137481
0.9999312148400051
0.9999307368840217
0.9999301560811231
0.9999295595903375
0.9999290302395
0.9999285613462947
0.9999282337305966
0.9999280401708773
0.999928051016586
0.9999283107841489
0.9999287439658799
0.9999292041454813
0.9999295869351082
0.9999298122486977
0.9999298608161594
0.9999297798202195
0.9999295183388456
0.9999290849148935
0.9999284581931404
0.9999276851834186
0.9999269015759029
0.9999262499687458
0.9999257921083242
0.9999256303916895
0.9999258121986873
0.9999262094904983
0.999926731748367
0.9999272893116748
0.9999277713913503
0.9999279934500745
0.9999279650607018
0.9999277604846147
0.9999274271270991
0.9999270121137991
0.999926477946779
0.9999258523195798
0.999925175560295
0.9999245379085095
0.999923936911922
0.9999234291247994
0.9999230800802731
0.9999230118948848
0.9999232610738398
0.9999237212730351
0.9999242616773916
0.999924753335076
0.9999250941896126
0.9999252528590615
0.9999251752524515
0.9999248647864183
0.999924288880203
0.9999235068540914
0.999922705406119
0.9999218808864536
0.9999210524221644
0.9999202976909477
0.9999197738535417
0.9999195127871467
0.9999196145779837
0.9999200551090084
0.9999207503870988
0.999921578009913
0.9999224138558959
