0.9999998997989442
0.999999555251638
0.9999996830887147
0.9999998413005581
0.9999994882538321
0.999999794917985
0.9999997197636721
0.9999995191442164
0.9999998552612553
0.9999995772874654
0.9999996157880705
0.9999998291021229
0.999999493315278
0.9999997265955448
0.9999997243268542
0.9999994872096681
0.9999998064564641
0.9999995951455418
0.9999995520372434
0.9999998085696044
0.9999994925206505
0.99999965576745
0.99999972959535
0.9999994620517512
0.9999997487689892
0.9999996067460785
0.9999995002179239
0.9999997759366731
0.9999994949305694
0.9999995850659669
0.9999997254167069
0.9999994450095023
0.9999996811552415
0.9999996240872736
0.9999994526700794
0.9999997363934028
0.9999995074269833
0.9999995255123065
0.9999997198833781
0.9999994228543325
0.9999996128243072
0.9999996346397088
0.9999994157496813
0.9999996800355615
0.9999995214610102
0.9999994627288642
0.9999996929903896
0.9999994261121381
0.9999995478192822
0.9999996377408045
0.9999993821768306
0.9999996218087635
0.9999995327449848
0.9999994085183578
0.999999657816743
0.9999994273542522
0.9999994773215591
0.9999996303478025
0.9999993727503614
0.9999995577136321
0.9999995394520639
0.9999993771136115
0.9999996093955599
0.9999994415839707
0.9999994259755002
0.9999995983593971
0.9999993691317817
0.9999994974685884
0.9999995306864695
0.999999349646865
0.9999995522318503
0.9999994413937526
0.9999993841916359
0.9999995661865004
0.9999993733681982
0.9999994415460097
0.999999530986796
0.9999993393765451
0.999999494693631
0.9999994479614687
0.9999993476870771
0.9999995269301531
0.9999993693462111
0.9999993880965655
0.9999995027927164
0.9999993288644132
0.9999994408932003
0.9999994362900737
0.9999993155651464
0.9999994764882282
0.9999993648879832
0.9999993422968596
0.9999994694069699
0.9999993079819652
0.9999993941058778
0.9999994228073549
0.9999992836634637
0.9999994359380342
0.9999993477309065
0.9999993105179487
0.99999944495227
0.9999992802804043
0.9999993552841999
0.9999994080509652
0.9999992542993096
0.9999993963420429
0.9999993417754162
0.9999992678426712
0.9999994063319233
0.9999992760604475
0.999999310261478
0.9999993810091847
0.9999992415448656
0.9999993551080253
0.9999993307570941
0.9999992415190764
0.9999993803627262
0.9999992652087415
0.9999992633903926
0.9999993649173591
0.9999992224463227
0.9999993078202908
0.999999319173711
0.999999207284328
0.9999993390492729
0.9999992527000906
0.9999992189687332
0.9999993297379183
0.9999991995472314
0.9999992491306798
0.9999992938973457
0.999999167688978
0.9999992761640811
0.9999992363815662
0.9999991662620767
0.9999992842622117
0.9999991813779634
0.9999991913481713
0.9999992624424244
0.999999145854258
0.9999992291452742
0.9999992209398502
0.9999991383144183
0.9999992454202095
0.9999991729055091
0.9999991517937433
0.9999992400171277
0.9999991338687019
0.9999991874656745
0.9999992090743609
0.9999991126768839
0.9999992101096118
0.9999991686900588
0.9999991148195115
0.9999992072664009
0.9999991287058763
0.9999991427223167
0.9999991902118286
0.9999990946112598
0.9999991701773642
0.9999991554471603
0.9999990932735602
0.9999991715133392
0.9999991172835508
0.9999991008093323
0.9999991554036515
0.9999990797535872
0.9999991160460546
0.9999991269252148
0.9999990638462322
0.9999991270281866
0.9999990960374572
0.9999990640388426
0.9999991216902465
0.9999990610743824
0.9999990732024957
0.9999991007832504
0.9999990276867036
0.9999990885885589
0.9999990699263701
0.9999990264380229
0.9999990987664159
0.9999990328279513
0.9999990316328061
0.9999990866951118
0.9999989970704163
0.9999990506560279
0.9999990518633249
0.9999989833051847
0.9999990670950585
0.9999990178192779
0.9999989953966559
0.9999990661836091
0.9999989809115295
0.9999990188999887
0.9999990387020276
0.9999989560431701
0.999999040800583
0.9999989959221071
0.999998960227123
0.9999990425713786
0.999998954378072
0.9999989711045721
0.9999990240014943
0.9999989316103683
0.9999989813492768
0.9999989872323155
0.9999989200378454
0.9999989993676534
0.9999989352467378
0.9999989220642641
0.9999990008080801
0.9999988937658835
0.9999989405384887
0.9999989786632609
0.9999988701192266
0.9999989630488965
0.9999989277649463
0.9999988753688955
0.9999989741372828
0.9999988764574603
0.9999988951241526
0.9999989511636797
0.9999988428914248
0.9999989126617955
0.9999989044634146
0.9999988414518354
0.999998919061148
0.9999988575545542
0.999998856705639
0.9999989088688046
0.9999988242612289
0.9999988807442217
0.9999988729177348
0.9999988121412685
0.9999988954954763
0.9999988301975496
0.9999988199895001
0.9999988952746861
0.9999987923413656
0.9999988513077692
0.9999988659334484
0.9999987692311868
0.9999988645743016
0.9999988222799922
0.9999987762461778
0.9999988661718819
0.9999987767247583
0.9999987971010866
0.9999988434399194
0.9999987470470453
0.9999988207464933
0.9999988026979868
0.9999987551499947
0.9999988275444583
0.9999987645385033
0.9999987680429094
0.9999988227894381
0.9999987250318981
0.9999987833680893
0.9999987865411168
0.9999987171208835
0.9999987914228836
0.9999987507362711
0.9999987427624897
0.9999987913679758
0.9999987149746749
0.9999987458253738
0.9999987715576003
0.999998708352451
0.9999987559035155
0.9999987383433476
0.9999987125888578
0.9999987667371154
0.9999987176709975
0.9999987213763094
0.9999987668417563
0.9999986962330956
0.9999987207407054
0.9999987393786284
0.9999986825920166
0.999998726782783
0.999998705668097
0.9999986685153388
0.9999987349468892
0.9999986699734841
0.9999986666726554
0.9999987285884793
0.9999986501237731
0.9999986879552669
0.9999987105157198
0.999998635307422
0.9999987022804053
0.99999866884797
0.9999986287261794
0.9999987061205604
0.9999986318739423
0.9999986419987007
0.9999986788078018
0.9999985969120941
0.99999865813126
0.9999986474073893
0.9999985842482099
0.9999986717631788
0.9999986062484603
0.9999985932971402
0.9999986647331798
0.9999985691399619
0.9999986171565204
0.9999986267627228
0.9999985360284636
0.999998637686008
0.999998579807423
0.9999985418755863
0.999998640083211
0.9999985305678472
0.9999985737612059
0.9999986134109076
0.9999985057021337
0.9999986071262142
0.999998568715714
0.999998510313969
0.9999986155508279
0.9999985165961767
0.9999985437422877
0.9999986003338359
0.9999984881926217
0.9999985695435843
0.9999985524931433
0.9999984837736731
0.9999985891092446
0.999998508791483
0.9999984996881237
0.9999985741192792
0.9999984745779099
0.9999985278634258
0.9999985316072925
0.9999984591685527
0.9999985511947008
0.9999984911780941
0.9999984764903878
0.9999985458472106
0.9999984468696127
0.9999984987653546
0.9999985080744211
0.9999984216816983
0.9999985230896963
0.9999984570139068
0.999998415325823
0.999998519378304
0.9999984185120182
0.9999984467550872
0.9999984895872378
0.9999984045656185
0.9999984906221399
0.9999984465657058
0.9999984024869425
0.9999984987506676
0.999998409299497
0.9999984201773479
0.9999984763469577
0.9999983781291798
0.9999984412837563
0.9999984350562866
0.9999983632860978
0.9999984587505795
0.9999983871062201
0.999998370530861
0.9999984448596293
0.9999983595208669
0.9999983931048878
0.9999984036624068
0.9999983465444051
0.9999984158903439
0.9999983668461225
0.9999983416648963
0.9999984051384359
0.9999983347815427
0.9999983523977853
0.9999983899835071
0.9999983192793797
0.9999983675614141
0.9999983445863982
0.9999983049092315
0.9999983761007655
0.9999982963502084
0.9999983048401255
0.99999836700314
0.9999982718055913
0.9999983199939783
0.9999983270529862
0.9999982709768155
0.9999983353845292
0.9999982711551256
0.9999982673691412
0.9999983371029335
0.9999982523222493
0.9999982845144535
0.9999983088118073
0.9999982387302759
0.9999983070606262
0.9999982758157422
0.9999982283088472
0.9999983247177466
0.9999982427192977
0.9999982363830544
0.9999983060030356
0.9999982105711522
0.9999982651083328
0.9999982707898947
0.9999981903572155
0.9999982820101203
0.9999982254314325
0.9999981978513445
0.9999982798007272
0.9999981900576663
0.9999982334749744
0.999998260519621
0.9999981585986921
0.9999982616154709
0.9999982204253972
0.9999981665239417
0.9999982697277812
0.9999981752406505
0.9999981849647277
0.9999982461373516
0.999998136729055
0.9999982064363171
0.9999982010794606
0.9999981140169601
0.9999982241715129
0.9999981599846667
0.9999981169624418
0.9999982038695026
0.9999981104861924
0.9999981411583003
0.9999981683210942
0.9999980781501299
0.9999981537933302
0.9999981315087254
0.9999980673664235
0.9999981514913039
0.9999980951376315
0.9999980878869157
0.9999981473434504
0.9999980653046672
0.9999981118856757
0.9999981039677975
0.9999980495223859
0.9999981237246185
0.9999980623867611
0.9999980564221421
0.9999981069483689
0.9999980323904024
0.9999980734394825
0.9999980827407009
0.999998027528895
0.999998084564311
0.9999980488410772
0.9999980326502258
0.9999980825784889
0.9999980167748437
0.9999980398957495
0.9999980529655247
0.9999979909725075
0.9999980600326058
0.9999980236509937
0.9999979890926692
0.9999980641682804
0.9999979971914367
0.9999980098204252
0.99999805486064
0.999997981152866
0.9999980401851176
0.9999980148545743
0.9999979719858321
0.9999980570059085
0.9999979824172003
0.9999979869730621
0.9999980390095271
0.9999979563818218
0.9999980151926938
0.9999979931136281
0.999997951549542
0.9999980330109773
0.9999979588340884
0.9999979633356043
0.999998019835317
0.9999979417708912
0.9999979811659526
0.9999979907834033
0.9999979252024411
0.9999979925127402
0.999997948036998
0.9999979228760506
0.9999979996871954
0.9999979160153282
0.999997944724887
0.9999979716891269
0.9999979035125813
